# RBD_F1v3.0 river basin __ __ unknown (Andorra)
# data from <a href="http://www.eea.europa.eu/data-and-maps/data/wise-Basin-basin-districts-rbds">EEA</a>
1.786111979187663 42.573637997097876
1.785115004173541 42.572716989318508
1.784565010167424 42.572209004454287
1.784560184855136 42.572204450973253
1.784548018782989 42.572192974998835
1.782858498602987 42.571192034691485
1.779644970450307 42.569287998840458
1.779644092981193 42.569287129146041
1.779643016899867 42.569286015598749
1.779641946673815 42.569285985584976
1.779641019866795 42.569286023490456
1.778805702828412 42.568965404649738
1.778687550558367 42.568920047485008
1.778465981044888 42.568834977627219
1.771210962537798 42.56605299053448
1.771207012302299 42.566051015754127
1.771206320430738 42.566051016493731
1.77120601706938 42.566050991761124
1.770746032370207 42.565616993626747
1.770235827015123 42.565135184090053
1.769971966031763 42.564885984234756
1.769581982325023 42.564517985598123
1.769581830044184 42.564517973180166
1.76958097944258 42.564518017203582
1.769580676089455 42.5645179924662
1.769391008608472 42.56452298602786
1.768673005275152 42.564540972257682
1.767554005496609 42.564568991447381
1.758234988399255 42.56480199418565
1.756038996562747 42.564857002844803
1.755274176299689 42.564875743833753
1.755209920184919 42.564877277269169
1.754814022922526 42.564886996747305
1.754782096046996 42.564887978870608
1.75478201990731 42.564887972650482
1.753918966508672 42.564712994601926
1.753668995162064 42.564662022235161
1.750466006202471 42.564011003939399
1.748396019252351 42.563010988685775
1.748254249044396 42.562942289939649
1.748240798771672 42.56293571849799
1.748099027696777 42.562867019436538
1.747588805200409 42.562620863733954
1.747557490909078 42.562605765030952
1.747501989579777 42.562578998732519
1.746888017907577 42.562282979146403
1.746888035362445 42.562282296605744
1.746887998202091 42.562282008731458
1.745733013307498 42.561284995547098
1.74546819645067 42.561056790215183
1.745350946105625 42.560955781307648
1.745212027487201 42.56083601585938
1.741193729534573 42.55736738532206
1.740415973525718 42.556696000240294
1.740279557222989 42.556578255397007
1.74005103482199 42.556380987060351
1.739173975214077 42.555624005777254
1.739172833001146 42.555622829160761
1.739172023259085 42.555622022656003
1.739170755360534 42.555620094624352
1.739168021029691 42.555615995526153
1.738810965959926 42.555044005633647
1.738740397989448 42.554930394159925
1.738728221602859 42.554910760302334
1.738718981300633 42.554895983203188
1.738692521795053 42.55485363564906
1.73865035303834 42.554786121764394
1.738466026961577 42.554491015931603
1.738355042841753 42.554312769407474
1.738314270317198 42.554247364400815
1.738159006634305 42.553998010708462
1.735571969378111 42.549851005259086
1.735314975306153 42.549439995366612
1.735101003204061 42.549096970601113
1.735093257428451 42.549084709345522
1.734977985106296 42.54890097596401
1.734978426989102 42.548900555866744
1.734978968350184 42.548899973375285
1.735475995427564 42.544403972852351
1.735591016927682 42.543363995396248
1.735633024613277 42.542981976338098
1.735633888199396 42.542972415020621
1.735635009431508 42.542960993390373
1.734906015551834 42.533770970696743
1.734894508875642 42.533621268818038
1.734883003039774 42.533470996387798
1.734882386062832 42.533467697331616
1.734882004784418 42.533466013264729
1.734880980036129 42.533463991634193
1.734660225881452 42.53303228605386
1.732968962401803 42.529725007077658
1.73296697057826 42.529721651564195
1.73296597520836 42.529719974305436
1.73296591476656 42.52971985505053
1.732965017635929 42.529718015297306
1.730533964367935 42.526845512760772
1.729176997658649 42.525241976663416
1.729172518057508 42.525238303661602
1.72917101298619 42.525236982799782
1.728553032165128 42.524766985520976
1.727663003984566 42.524090973363464
1.727100003996985 42.523662978336702
1.726393475976622 42.52312665345076
1.72627946495892 42.5230400709533
1.725899993969997 42.522752002318065
1.724501388162764 42.521688948519213
1.724287279115172 42.521526210053977
1.724286999365146 42.52152601655331
1.724283993587611 42.521522235603449
1.724279023669466 42.521516014690043
1.723131428454129 42.520132802743376
1.722672031416016 42.519578992889905
1.722670004977204 42.519577003171506
1.72266747215625 42.519568701517599
1.722665972885573 42.519564019028053
1.721846014258659 42.517281978381767
1.721845674125091 42.517281665611776
1.721845000484074 42.517280983463586
1.721845336002384 42.517280783300741
1.723604005314502 42.516327971577823
1.725103006404639 42.515515984974179
1.72511122786537 42.515511473201542
1.725140981726363 42.515494990743605
1.725141698368341 42.515494252135596
1.725143023297645 42.515492992822857
1.725691743412084 42.514664413699663
1.725941017160854 42.514287992104911
1.725941980511029 42.514286019111005
1.725941963505804 42.514259001185295
1.725865011991429 42.508894988525043
1.725835990401192 42.506867996664468
1.725833038031332 42.506669973130862
1.725821863065956 42.505873312291598
1.725801968361605 42.504455002397421
1.725801027223299 42.504401973961713
1.725800884135421 42.50440190506874
1.724531988428329 42.503323004825589
1.723182954952186 42.502176167826796
1.722033943465541 42.501835824767035
1.720353856671547 42.501671120159571
1.719914114214194 42.501527217488068
1.719428023612022 42.500223813916129
1.718361457768346 42.498381664778471
1.718009500656058 42.498211624116223
1.717421095135548 42.497961306267747
1.715946748697637 42.496892227874362
1.715825770879808 42.496780176323426
1.715644488641368 42.496675113115252
1.715156311827735 42.496321614128192
1.71350151108357 42.495480523695015
1.713089881618234 42.495375949840124
1.713004472673691 42.495352460844927
1.711020787451885 42.494767977441732
1.709787418808937 42.494292103558855
1.708452582996758 42.493851906420218
1.706995107135808 42.493115134288523
1.706019897719976 42.492137914336382
1.705193137213402 42.491496699573126
1.704539584782047 42.491460570794246
1.703810471518072 42.491116936253661
1.702295608292638 42.491224265454044
1.700388768969448 42.492166983231812
1.699850673689664 42.492342158517133
1.699127450061425 42.492705004304788
1.69688177129518 42.493571557889005
1.692137621346661 42.494693683681504
1.690549525138188 42.49492202814281
1.690187465875461 42.494974082593686
1.689215641788892 42.495091599688578
1.688722445343816 42.495094881406821
1.686576788348012 42.494669667894875
1.685527851250501 42.494613623056374
1.684682583809345 42.494850833235738
1.684377849282843 42.494863318568456
1.683757952289318 42.494830192979038
1.683271286768272 42.494786043247224
1.682869134560435 42.494749558617841
1.681605806111913 42.494531196472941
1.679951898815741 42.495170612353476
1.679722706000656 42.495207003065438
1.678492436072865 42.495521566982873
1.678150630459414 42.495608959063787
1.677030992285633 42.496275989113805
1.675693785393404 42.497532616125923
1.675060634282481 42.49792313812312
1.674142458880986 42.498865505205195
1.67396568152704 42.499003278915836
1.673957995441453 42.499053111901638
1.672828518056866 42.500211180513816
1.672456133634332 42.50093765578923
1.672038746031998 42.50169297910859
1.671277964136032 42.503074553193933
1.670313025805451 42.503978057976489
1.670037561170092 42.503598499515569
1.669347014620331 42.502646987887729
1.668956245333258 42.502108017912491
1.668606012681717 42.501625007701122
1.668510970526699 42.501493974403232
1.666884407112275 42.499251847152912
1.666206474194287 42.498317299811916
1.665752375699888 42.497691296749316
1.663719027381916 42.494888022005412
1.663135974854652 42.494084991105609
1.662980712598336 42.493870832959686
1.662424030317551 42.493102969708296
1.662378087955015 42.49227550188504
1.662175786514594 42.488631818994797
1.662130801965079 42.487821167634237
1.661947115368632 42.48451098387693
1.661958434076984 42.484129419581883
1.661997358418396 42.48394574138522
1.663385033167403 42.481495022997883
1.663256015234016 42.479619967761295
1.663147986958512 42.478046992776683
1.662942972914417 42.475060018628845
1.662689427469115 42.474257421503232
1.662620847796249 42.47404033191841
1.661954633124979 42.473305061418635
1.661595916409662 42.47294236794496
1.661055221437279 42.472395667777143
1.659230016679785 42.470549991944843
1.657955539603577 42.4692608166242
1.657414985271767 42.468714008385376
1.657122032495778 42.468418023193074
1.653682016389303 42.467277975488066
1.651002999273463 42.46708298464587
1.650132259744848 42.467088258647784
1.649315797103997 42.467093204785016
1.643097294649179 42.467130655695179
1.638343636548082 42.46715902598887
1.635139976249069 42.467178019464541
1.634500606536661 42.466947265955092
1.633662983555819 42.466644982745969
1.633384303845305 42.466544236605053
1.632966014005127 42.466393018532095
1.63059743695035 42.466276209826617
1.62607499258523 42.466052968198412
1.615455043261596 42.465531106394444
1.609946965593057 42.465260015063514
1.605452491088309 42.465448732718322
1.603874020467504 42.46551499384401
1.600043198401015 42.467109256384838
1.598822997103184 42.467617013620938
1.597703026062645 42.467590001152878
1.595212302275109 42.466286065173833
1.595152962305718 42.466254998570754
1.593637018264592 42.465460997891093
1.591180014900484 42.464173982397469
1.588205969833395 42.462615982864342
1.587951966429472 42.462425979172671
1.587056065481328 42.461757187541039
1.586641445358895 42.461128660004213
1.585377920604726 42.459189585639372
1.584544142682092 42.457296292856533
1.583484942843893 42.455249967343121
1.582305438280254 42.452731272443636
1.581572741908423 42.450856413793552
1.581056360981056 42.45045273623635
1.580444196880856 42.44997417057175
1.577705967911543 42.450061217855861
1.576800324638292 42.450691875376478
1.575959669962839 42.451229705346123
1.574555717307523 42.452285249712197
1.573199700717938 42.453581951688456
1.572047270055405 42.454753454528927
1.570996311987965 42.455889378416366
1.570486844524146 42.456379133391749
1.569281273301259 42.457538011776897
1.567322793096711 42.4585165854092
1.566882135098023 42.458570197998192
1.565306248559019 42.458756222483295
1.564841070851876 42.458736457275137
1.562878007638477 42.458392402872647
1.560855280908351 42.458468588641153
1.55981078120894 42.457614909156128
1.558634655729646 42.456270330242184
1.557492004816414 42.454963982619702
1.557436018742701 42.454811976415236
1.55721122952658 42.45420017619071
1.55709800708118 42.453892011343505
1.558139568485936 42.452651112673806
1.558843012911036 42.451812991483656
1.559975925991758 42.449786601249777
1.560253005517871 42.449291017258105
1.560214981094211 42.449127974825238
1.560138189094384 42.448800630722253
1.560094031129834 42.448612046897367
1.560093964329434 42.448611984136299
1.55845266246574 42.447550514250857
1.557753466469066 42.44695985130388
1.5570533695918 42.446411531742875
1.556051516595434 42.445767188721085
1.555175671493811 42.445162834162666
1.553762191306795 42.444335272526232
1.553645025867694 42.444171991205423
1.553530979541189 42.444013231406849
1.553129964598881 42.44345499208633
1.553333312040915 42.442807976875493
1.553382981959518 42.442650002000839
1.553385957845669 42.442640330978399
1.553413008412954 42.442552977565093
1.553785401857698 42.441368209865828
1.554168028821888 42.440151003622709
1.554056095641287 42.43963127654682
1.553577831720998 42.437410518172044
1.553370985464235 42.436784993542609
1.552679668857118 42.435601555106629
1.551724516663695 42.434707717940093
1.551532840011542 42.434526275074838
1.550733059935356 42.433941366520095
1.54980327051405 42.433595713126152
1.548368376905905 42.43322962502134
1.548107057502591 42.433240017462303
1.548008584636153 42.433212421502652
1.547784058534981 42.433248359617494
1.546498775061653 42.433290457038062
1.544904144653815 42.433560914940493
1.544613609175414 42.433608473510816
1.543221278215532 42.43342069838129
1.540977560141232 42.432888568533826
1.539338111238158 42.433169731505345
1.538157123840086 42.433635258485367
1.537453116937669 42.433595665197508
1.536651515292018 42.433267326172569
1.53585858885022 42.432722555801917
1.535034277688328 42.432513652275802
1.533708223000608 42.432177575908803
1.531214307214542 42.43187125262795
1.528774886587123 42.431940861397059
1.526461206485472 42.431942417401395
1.52409726807024 42.431225638492826
1.521979607025013 42.430679142506897
1.520105302412073 42.430231030701066
1.517991686853632 42.429423199315472
1.517286481507901 42.42923947212936
1.516608369223267 42.428946629828665
1.51586341072491 42.428816647053736
1.515772196817079 42.428800731198919
1.513694822431004 42.428854958448596
1.513645051923087 42.428870037158404
1.513486623653248 42.42891680443563
1.511295958356665 42.429381377896114
1.509561495309718 42.429746892061083
1.507861444747895 42.429840918642547
1.506273544051812 42.430433522622771
1.505406866059695 42.430756951143273
1.503169636961094 42.431421279964631
1.501434979350676 42.432053744457228
1.498899335235894 42.43256228257102
1.496565345757176 42.433030309658427
1.496153025012831 42.433112984778454
1.485286996796625 42.433276979956759
1.48364759746441 42.433551685171331
1.479317992467454 42.434276971451794
1.476348017939131 42.435409980346968
1.47240450064463 42.435788951201744
1.469250017925238 42.436092002323342
1.466957012976823 42.436185023459984
1.462182979520027 42.436378008252639
1.458460960177921 42.436028006581111
1.457115571839376 42.435901818488752
1.456627015370441 42.435855990699956
1.455458216265659 42.436235337179177
1.450127974319559 42.437964982292954
1.447604736374417 42.439498428442761
1.444476963665049 42.4413989862934
1.443219106944607 42.443680058915916
1.44282161320495 42.444400873151992
1.442666026835043 42.444683005951923
1.442666261597887 42.444682968722169
1.443320923927311 42.444537249339177
1.44369497703381 42.444454016772092
1.446790814553517 42.443764658630535
1.446751472541671 42.443879135186343
1.445973784785099 42.445448971229524
1.445953807678172 42.445638821659564
1.445662306304897 42.446167856181887
1.445780592950825 42.447140140717934
1.445540853031236 42.448238887021098
1.445561637642041 42.448607223887777
1.445475679262821 42.448811023094144
1.443442371552998 42.450388265203564
1.443225481269609 42.450556499555532
1.441856971079925 42.451618012550817
1.441595031466341 42.454569673099712
1.441842257504163 42.455578461882489
1.44185050157757 42.455612100665292
1.442522130844061 42.456607915602042
1.444001053448511 42.457756933075352
1.445684503982023 42.458627875695392
1.447363251840045 42.460021180179417
1.445984950075969 42.461070538045341
1.444946321700851 42.461709524761318
1.444106834738215 42.462155546955678
1.442812993029833 42.462633481740653
1.441619527123514 42.463390050816336
1.441057921573948 42.463746054458177
1.440204947554716 42.464355260344689
1.440558030703391 42.468672996601896
1.440839327436669 42.472117568698472
1.440957980951625 42.473570002820956
1.441112015060811 42.475451981417862
1.440896827893708 42.475629242013596
1.439308907957103 42.476937238792132
1.438210500855504 42.477577956979005
1.437038521781439 42.478429247057683
1.435740834919855 42.479244885225434
1.434111602110042 42.480338968067372
1.432762395753676 42.481287120649725
1.430981618212757 42.482400538737501
1.429949872999729 42.482745578151004
1.428684686187324 42.482784225006242
1.424257482832762 42.482919411017114
1.422532683271579 42.48297202555954
1.420988264426062 42.483219454745395
1.420756291855895 42.483245305186855
1.419211974485318 42.483802970996699
1.419219069010587 42.483969953273935
1.419230982203116 42.484252977537594
1.419350631281393 42.484603977143735
1.41944789113268 42.484791583659508
1.419647094176786 42.485427638738813
1.420162832595758 42.485916406348174
1.420299917462105 42.486113687888327
1.421174154762328 42.487092791550651
1.422171755680563 42.488332722181553
1.423121272453502 42.489407938660918
1.4241938538373 42.490739488793416
1.424762869908246 42.491905939678546
1.42517294917365 42.49265065958236
1.425586648399273 42.49313114228292
1.425880972800748 42.49347297418057
1.42620599098196 42.493475019388825
1.432052023590608 42.493510995962716
1.439297578231613 42.494578440179957
1.440832965976978 42.494804587099829
1.443422975041851 42.49518601295987
1.446051789632353 42.496675091184727
1.455720999949211 42.502150976945934
1.46356574717608 42.507123858876426
1.467058999334637 42.5093378260515
1.468291872735377 42.510119150184323
1.467830387454279 42.511434671602508
1.467469518712305 42.512160985899904
1.467278391408131 42.512545656300155
1.466622162362998 42.513219540636165
1.466221780781602 42.51427057811317
1.465593326263683 42.515398046684972
1.464762909322496 42.516690958764798
1.464387038817578 42.517574468526142
1.463846893739908 42.51811844601923
1.46368019310775 42.518286326072399
1.462973754017027 42.518908128607841
1.462092235245442 42.520072466054785
1.46115953833773 42.521234291156659
1.460606743741391 42.522304760741939
1.459926743166088 42.523245136445837
1.459245686830835 42.52386142508351
1.45867738485898 42.524626377953936
1.458615393019018 42.524709819876108
1.45730331882739 42.525908914834872
1.45629389293254 42.526925135025671
1.455437138027925 42.528034435112517
1.454984889657936 42.528916388886088
1.454458131115522 42.530098357624468
1.453954017325052 42.530829269104984
1.453022064250677 42.532198080443109
1.452772381221768 42.533040624066864
1.452880936993444 42.534747055998679
1.4531658948381 42.536248541201026
1.453143374997137 42.537374851690331
1.452617557060347 42.538421723445452
1.452062159064113 42.539096101405875
1.451304459033781 42.539697320663961
1.45054586348248 42.539965441719438
1.44945792208886 42.540417439303177
1.448016412809684 42.541076756227199
1.446421941310741 42.541714993021166
1.444618696358456 42.542478367895292
1.444476942227751 42.542528895264255
1.442600583231476 42.543056488293452
1.442070629853585 42.543180617559358
1.441616798244546 42.543238725759785
1.441364017215784 42.543271090422742
1.439259343579323 42.543316806896783
1.437285084888993 42.542916253996829
1.436074269326363 42.542206942170012
1.434888066186162 42.541082503354637
1.433314454581062 42.540396235445847
1.432425607744691 42.539944505906014
1.431156807373884 42.539575019321362
1.429422000046312 42.539268544552812
1.421175640406016 42.537052819694111
1.417794021564158 42.536143970265066
1.416694259743127 42.536007396074709
1.413887705178143 42.535658733445366
1.413857940458297 42.535945754830735
1.415017541671637 42.540254614399529
1.41513196958133 42.54067999781288
1.416302960792946 42.542132004408934
1.417365416881372 42.543450074114212
1.41741033138297 42.54348321027669
1.417505052856167 42.543586064713779
1.418894977525968 42.544295966442306
1.419305436737299 42.545314108599293
1.419331981154077 42.545379995638839
1.420695000626121 42.548757013084796
1.420935355666674 42.549352335367168
1.422191982810122 42.552465008253421
1.422466221274924 42.553144848236926
1.423278002844924 42.555156974824207
1.42412903380628 42.556166977985534
1.426243022506557 42.558678016233912
1.43274074663807 42.561118776369057
1.434290859469947 42.56170096731956
1.439402593400188 42.56362058905011
1.440505988448952 42.564219475264125
1.440960949570112 42.564579950202614
1.441421548496291 42.564944706553199
1.442820443628945 42.566011288394336
1.44373758906971 42.567132590926725
1.443972507722841 42.568744082517505
1.443624945238481 42.570675327451674
1.442843828319042 42.571745582048962
1.441528252335086 42.572462951676947
1.440564531781532 42.572518391548492
1.438688867272894 42.572672255573558
1.437270746290668 42.572997405134494
1.435751988048845 42.573749604265963
1.433955064510986 42.574670131185265
1.432970206698133 42.5755546459255
1.431908312679888 42.576437637280883
1.431075090011265 42.577356772859254
1.430064727191531 42.578408815845656
1.429131096851551 42.579480385661753
1.428171053371246 42.580566476771899
1.427288088368429 42.581730606036523
1.426961824699855 42.582670596239268
1.427068538402424 42.584057499928441
1.42712209468206 42.584694671996452
1.42748027144271 42.585536130589055
1.427823231997321 42.586204879998697
1.427896254879604 42.586599955780621
1.428033602895036 42.58734303876922
1.430862263738973 42.587759517030989
1.431331522936047 42.587955023361637
1.432335221034798 42.588373180611249
1.433559686348179 42.590076876367476
1.435060276727806 42.591067577102187
1.436939111915562 42.591678939582337
1.438896744921722 42.592840923786468
1.440221682793462 42.594261537259172
1.441141602263903 42.595886940894218
1.441602278547007 42.59703048877612
1.442192636491042 42.598583153806466
1.44224902508968 42.598735160074909
1.442679934895774 42.599896726893476
1.4428857901821 42.600627009644739
1.443093791539453 42.601879407144772
1.443323341318592 42.603493454485459
1.444196002188357 42.60355497683625
1.445040759893701 42.603614477328733
1.447790992569621 42.603807981672048
1.447805997386024 42.6038089669117
1.447806993073177 42.603808994998801
1.449289014306779 42.603126000833043
1.450380976150163 42.602623004605881
1.450390010382838 42.60261898049697
1.450391773490185 42.602619015477067
1.450396008152796 42.602618974844269
1.452538439846716 42.602426453871288
1.455269031880709 42.602180995163813
1.455880173361085 42.602126623565006
1.456426990541231 42.602077978304784
1.456427442944809 42.602077503012872
1.456427979485079 42.602076978583597
1.456427974868131 42.602077548027715
1.456427986329748 42.602078005409957
1.45853182775216 42.603689542575708
1.459662993948434 42.604556012575877
1.460040266681126 42.604845325428656
1.460524976228714 42.605216981604073
1.460548037633219 42.605226115860361
1.460572993780027 42.605235980201854
1.464391024944833 42.606777022163733
1.464395024481507 42.606777018212668
1.464728723567317 42.606763954697726
1.466336985844628 42.606700995555322
1.467428747300492 42.60665786962776
1.469146027340562 42.606589998011266
1.469148027035408 42.606589996389687
1.469148298258574 42.606590247054974
1.474213984361894 42.610905003742893
1.476299318327361 42.612806430072439
1.476550005258923 42.61303498886565
1.476550677121875 42.613035672560116
1.476552026516564 42.613036983264337
1.477253025498761 42.614979998230929
1.477253981706525 42.614982986996381
1.476675539094155 42.616064924796262
1.473819033194898 42.621407009302104
1.473597110393883 42.621821307333853
1.473578003819165 42.621856978019224
1.473563972991473 42.621882986626105
1.470590992156539 42.625548008075747
1.470590003026995 42.62554900791195
1.468324987177649 42.630836990036691
1.46832401881016 42.630839986868381
1.468646759377633 42.631833824526773
1.468725962923671 42.632078010239198
1.469890986039848 42.63566097199606
1.469893035599965 42.635665991209358
1.470251431968227 42.63590827063102
1.471566035200296 42.636796979134026
1.474667252812718 42.638895451160771
1.475673030474991 42.639576006084738
1.475684755100019 42.639583836837261
1.475684966463295 42.639583968091159
1.475704027111136 42.639605016277777
1.476751725067944 42.640768356905255
1.47719000769481 42.641255010608958
1.477190814881067 42.641255820004567
1.477192963959355 42.641257996553513
1.477317335442085 42.64162963100204
1.477949023396395 42.643517017541576
1.478167878553259 42.64573281855629
1.478346963785548 42.647545982233844
1.478447465364968 42.648566960103771
1.478600019473282 42.650117017265302
1.478752994715391 42.651668989167625
1.478767951673631 42.651669851496621
1.478771008444344 42.651669994998258
1.483803986352862 42.652113986540819
1.483808170437686 42.652114851871559
1.483808999639086 42.652114978929845
1.485365022922684 42.651892977106527
1.486848963995372 42.651681011114924
1.486855955819618 42.651680004311409
1.487108001436408 42.651736985328405
1.487591442266153 42.65184527222489
1.488153022669924 42.651970970701946
1.492258786951986 42.652893873131291
1.493732028696387 42.653225025140195
1.493732127955734 42.653224862016152
1.494082012281397 42.652782996214839
1.499617915567615 42.645790089757355
1.49961800780544 42.645789984105321
1.49961841998945 42.64578979014702
1.499621986799439 42.645787981693374
1.500210396920685 42.645417758804896
1.500601004799994 42.645171979712913
1.501405967000023 42.64517796556057
1.505782020697058 42.645209967940687
1.509288005804126 42.645700001524155
1.51228941985805 42.646119700483155
1.51260596727392 42.646163966931844
1.512619026927779 42.646163011834119
1.516332007816298 42.645765977354309
1.518891036437368 42.645493002257844
1.51890197468685 42.645500988322325
1.52089996824573 42.647041995854224
1.521417978959305 42.647441976035701
1.521425016355801 42.647458983948006
1.521726239164713 42.648195219744004
1.522129995741015 42.649181982943141
1.522136965168029 42.649200011188576
1.524564011858797 42.649577967790599
1.5263510029686 42.65084200338616
1.526371011520182 42.650855994189811
1.528615027197598 42.65145597291469
1.528616938890508 42.651456589566443
1.528624985582231 42.651458973574719
1.528638902139925 42.651457405028452
1.528660014508781 42.651455013603112
1.529217013086994 42.65140201610545
1.530801996556679 42.65124998974283
1.530815894290308 42.651249102501708
1.530817986549343 42.651248993006355
1.531918027966541 42.650625009733005
1.532635614105734 42.650217781685861
1.533407003945034 42.649780001990671
1.534010481021469 42.649761314194109
1.534602978980999 42.649743013877966
1.534617003415839 42.649742308231325
1.534622969598594 42.649742009746682
1.534655007174051 42.64975797661365
1.535668015732791 42.650258974804522
1.536227377926039 42.650535673502354
1.540913023119868 42.65285296857482
1.540917968102411 42.652854978462216
1.542437998460661 42.653390996920699
1.544590004464543 42.65414974687716
1.549236970570258 42.655788013214057
1.550380034797574 42.655201922552656
1.551118976391271 42.654822976031987
1.552784021452474 42.653968023288812
1.552786382058147 42.653966567641746
1.552788987418336 42.653965018144071
1.553402746462575 42.653823150285632
1.555609975440842 42.653312967490415
1.558493669800324 42.653390855499943
1.561764014600713 42.653479008852074
1.562133353433894 42.653489333044661
1.562370967841639 42.653496008834836
1.56237197238802 42.653495979319644
1.56237294443251 42.653495091564331
1.562373036698059 42.653494984957376
1.564695992438984 42.652233705840672
1.566059970358369 42.651493009951906
1.566060002275135 42.651492784899894
1.56606003794108 42.651491989509317
1.566388373493006 42.650918547230717
1.566486023257336 42.650747999981292
1.567057021825542 42.649749973335894
1.568776999380693 42.648452987670581
1.573638398529622 42.648127468519711
1.574869985278065 42.648044984525704
1.574870981847824 42.648045010475904
1.574875987365097 42.648044971557944
1.574876983807844 42.648044998404721
1.574877115923576 42.648044610241001
1.574932222459608 42.647809802234633
1.575166998443593 42.646809976773199
1.575970971143364 42.643384002995468
1.575973015369296 42.643374996805527
1.576024477718836 42.643299999608296
1.576176982903696 42.64307798636009
1.579484007881583 42.638279014467834
1.580111241185585 42.637369006343363
1.580448988050898 42.636879019460785
1.580456002226757 42.636874017352142
1.581566859864688 42.636066727628659
1.58400899663228 42.634292008917377
1.58462300717218 42.633846003389976
1.587344027720421 42.633659972256936
1.587745515360085 42.633632874281936
1.587773003425633 42.633631002946245
1.589575072439348 42.633507744830538
1.592377979967854 42.633315973109859
1.592379963491871 42.63331499782857
1.594025013947496 42.632645981843275
1.594025729230008 42.632645813655614
1.594028996696857 42.632645002347708
1.595255028663015 42.631802016613854
1.596758972656929 42.629916976081653
1.599712028280664 42.626215009104996
1.599716938865211 42.626209090563179
1.59971703101631 42.626208983917621
1.60099901722569 42.6256260106301
1.600999328802838 42.625625979385205
1.60100002139831 42.625625979824775
1.601001017598895 42.625626005511336
1.603585974610043 42.625888011735249
1.611466014570234 42.626686016613789
1.611468091177718 42.626686017617345
1.611469019027411 42.62668598127587
1.611501986800465 42.626685014263238
1.61709100612005 42.626532986275784
1.620538990874547 42.626438969414352
1.6273159707817 42.626254971297094
1.627319963461064 42.62625501740871
1.627320114664765 42.62625502994262
1.627759087121174 42.626436307614703
1.629915984220494 42.627326977401225
1.634990148548781 42.629423409356455
1.637146011584324 42.630313993940334
1.637146103548652 42.630313888156714
1.639115969393361 42.62826197205743
1.653706966509955 42.626327967128184
1.653708958948406 42.626328017462583
1.654300990435309 42.625092968176133
1.654988763980901 42.623658471451016
1.65551396572095 42.62256300842953
1.655515986480839 42.622559015110546
1.655516277116384 42.622558582816978
1.655518024306929 42.622555991148928
1.656215783223237 42.621839048647907
1.656860995309099 42.621176011476138
1.656869828451549 42.621166197142308
1.65687001240377 42.621165984638914
1.657305628934355 42.62103023595833
1.657745987763852 42.62089299666264
1.661851985632152 42.61961198476223
1.663777028276866 42.619011014908097
1.664478982378229 42.6191420211101
1.673263029087212 42.620776993095042
1.673264412927357 42.620776992881339
1.673265028039101 42.620776986442209
1.673309551165505 42.620792284892396
1.673480993509444 42.620850988937171
1.678363985777936 42.622512968210977
1.678371605260912 42.622520606392257
1.678374972626788 42.622524018920437
1.679286018173179 42.623492022094666
1.680356940592511 42.624630377238176
1.680540001886081 42.624824990366704
1.680661990601079 42.624829508915148
1.680674989812207 42.62483000989895
1.68102440047904 42.624844311099878
1.68297104089853 42.624923970131626
1.682985757236097 42.624921534285008
1.682994964456989 42.624920012776293
1.683404924778689 42.624861892536629
1.683842007921817 42.624800019391309
1.698169966677967 42.622760979304992
1.698183025522658 42.622754985225612
1.699607026673032 42.622106014696094
1.701673824549345 42.621163942390069
1.707026025126219 42.618723973406453
1.70704173862698 42.618717114056679
1.707041981768751 42.618717019723611
1.707074002747631 42.618692975972841
1.708751490734684 42.617426540064457
1.71017998958782 42.616348013440337
1.710181978397206 42.616346979285694
1.712131990946231 42.615485006013955
1.714089971190132 42.61462000442517
1.7144014880262 42.614624416763718
1.715007029569318 42.614633001007306
1.73029403245862 42.614838006019347
1.730316962406938 42.61484501318683
1.731184446983969 42.615106394154054
1.73129599531639 42.615139976662697
1.733515028682994 42.615809024131977
1.733517966577769 42.615810005688665
1.733519985830114 42.615810969203544
1.735786008056935 42.617335158850345
1.736546998832459 42.617846976139944
1.736547303652699 42.617847001078864
1.736547767515393 42.617846981883133
1.736547994920965 42.617847000488354
1.73612950035561 42.616986260275311
1.736001001299628 42.616722017278676
1.736200025449497 42.615052016513125
1.736200567458213 42.615051434059893
1.73620100986494 42.615051013990531
1.736982445074268 42.614456575201558
1.737253799779815 42.614250180128337
1.737253983418425 42.614249967471949
1.737946970103961 42.61135799532007
1.73795397261189 42.611328019979972
1.736306001556853 42.610267973791522
1.731904988976596 42.607437975893944
1.73189822396642 42.607434115630916
1.731891034144577 42.607429993810904
1.73188899435472 42.607426977596823
1.726302003218023 42.600332005044592
1.726301762231989 42.60033152992812
1.726300977827269 42.600329983433426
1.726300586362471 42.600323397466042
1.726299989520445 42.600314970466194
1.726204009816116 42.597883967842421
1.72618499023289 42.597413978785063
1.726127804102732 42.595957892212105
1.726104993355323 42.595377992963584
1.726037006958129 42.593654971993246
1.725956655970225 42.591634794275123
1.725907007195987 42.590385009491442
1.725906966102606 42.590381985413003
1.725907065809948 42.590381822138525
1.72654002570878 42.589126993488868
1.730622008728626 42.588074019686275
1.730647885756038 42.588073005132536
1.730674993633095 42.588071976184317
1.735292022567751 42.587947983749117
1.73625929766811 42.587922008553832
1.741951030508467 42.587769009694888
1.74195896357989 42.587764985172008
1.742813010405922 42.587364019037224
1.745316980083334 42.586188982383405
1.748215015696321 42.584829013353989
1.748495012743068 42.584696992177378
1.75274803936993 42.582700982474144
1.752840124131906 42.582658351648007
1.752843000851223 42.582656991067367
1.752845623974994 42.582656349962839
1.752846977527194 42.582656004267228
1.753519785449969 42.582509497054183
1.760715978876545 42.580942020996403
1.760720246017838 42.580940602247232
1.760722019214521 42.580940005873856
1.773143003955793 42.580691990086926
1.773150025437314 42.580693987309687
1.779060021735185 42.582156989265499
1.779123724411778 42.582172948183143
1.77918802634089 42.582189012094403
1.780916006678083 42.582616999127566
1.780925026223463 42.582618987008232
1.780927036937493 42.582614990873417
1.783512821647929 42.578140083695203
1.784227022806399 42.576904004134029
1.785377975676049 42.574911971492455
1.786113006208146 42.573640018176476
1.786113988903159 42.573639016001103
1.786113131854917 42.573638547149756
1.786111979187663 42.573637997097876
1.442285131764824 42.603420233700483
1.441780610551237 42.603366483049939
1.440055340337826 42.60316339831973
1.438627843698838 42.603074767588275
1.438552979511199 42.60315697451999
1.439064986260722 42.603192981589117
1.442285131764824 42.603420233700483

