# RBD_F1v3.0 river basin __ __ Monaco (Monaco)
# data from <a href="http://www.eea.europa.eu/data-and-maps/data/wise-Basin-basin-districts-rbds">EEA</a>
7.43924699160234 43.749016010003572
7.439247130882324 43.749015803157313
7.439383029590949 43.746223444394353
7.436250209837951 43.747440332940172
7.432772159177186 43.745254511401974
7.430266857722216 43.737789148583545
7.422441959933256 43.736423487510898
7.423296928698745 43.732646936980274
7.428408145770641 43.73286818917083
7.427533149954102 43.730567926610142
7.422863959701488 43.729053491876321
7.418705939937262 43.730598444514449
7.41892194688083 43.728733057830354
7.421580791248256 43.728576654711382
7.422625064544168 43.726951594317335
7.418430805306738 43.72447966995739
7.415622233936408 43.725727076427425
7.415621297235142 43.725727662190181
7.415620964722925 43.725727978792186
7.412456039606965 43.727706955209698
7.412456039545473 43.727707012074688
7.412456087378955 43.727707411343339
7.412456978999493 43.727711970449022
7.412655755320639 43.729857789251582
7.412827578111369 43.731708129155301
7.412827737875399 43.73170943477971
7.412828012628466 43.731711994355059
7.412828884201462 43.731716893233298
7.412829119670524 43.731718279290426
7.413343425125794 43.734372854069818
7.413382971421575 43.734576990401315
7.414837369412517 43.735658681550774
7.417311969853381 43.737499014744223
7.428606030292486 43.745897001645943
7.430544160246494 43.747337945494792
7.433477993457481 43.749518977173366
7.433664791958962 43.749621120605205
7.433679498761103 43.749629167622096
7.437357902074406 43.751632684890126
7.43924699160234 43.749016010003572

