# RBD_F1v3.0 river basin __ __ Pregola (Pregola)
# data from <a href="http://www.eea.europa.eu/data-and-maps/data/wise-Basin-basin-districts-rbds">EEA</a>
22.691839139020395 54.544283706130685
22.691143838472264 54.54330324961019
22.691143781558729 54.543303168033241
22.69113302675526 54.543288023078468
22.688307068867825 54.540621082242332
22.688307034730258 54.540620972809663
22.68830183779556 54.54062053240871
22.680576346102708 54.533325851470813
22.68045499493828 54.533211241798035
22.68044543371256 54.533202117524482
22.680382035316033 54.533141980852974
22.680908929331906 54.53150359239195
22.680993786087583 54.531239688836067
22.685081152157771 54.518530681346761
22.685083182282359 54.518524368793017
22.685084282577492 54.518521059798346
22.685096989986089 54.518481974190607
22.687607062541822 54.515654492869487
22.687792189802114 54.515445902945899
22.696729660733556 54.505374906650374
22.704084396945234 54.467800138186419
22.703075409311342 54.452964780258014
22.703668594987377 54.452365872804229
22.70367513659907 54.452359255767156
22.703675185546484 54.452359241593122
22.70367599294017 54.452358986794977
22.71136270555122 54.444586657020174
22.767585753731257 54.387645719202162
22.767953872721673 54.387271879209258
22.77331735826041 54.378979459371152
22.775527953937317 54.375560758774292
22.791995500237856 54.363335026232775
22.791995616486105 54.363334942121696
22.791996002324904 54.363334653117086
22.791995710791291 54.363334592444957
22.791962640072853 54.363327679640427
22.791962339575363 54.363327615348666
22.791955031099032 54.363326014093509
22.783344479086214 54.361525801601879
22.769033431420606 54.358531949626631
22.757295609105451 54.357917783783691
22.745983552792239 54.357618563163491
22.735984998223525 54.35735299036044
22.730431842591724 54.357616781269911
22.722312927064369 54.358001706704421
22.704124450660455 54.357070920655907
22.695508796422107 54.356221157879254
22.695211447790857 54.356191816474656
22.676724980559978 54.354366008924217
22.667734019336699 54.354183010385512
22.658940998859826 54.354342985766131
22.630835373468031 54.352160222767871
22.611991882016795 54.350692746776211
22.567628860039267 54.349975584085769
22.51259282682976 54.346631377748992
22.500761008903002 54.345908996015304
22.474676026203554 54.346519008587137
22.43018200690209 54.344608016298942
22.386452026556757 54.341876983018288
22.386451720770388 54.34187698024347
22.3860771169328 54.341872199360431
22.346899032716966 54.341365812455038
22.326332092506551 54.340770719412291
22.313166440072717 54.339616563695358
22.300630967404373 54.338515982137551
22.298256825200269 54.338401158988177
22.296539307221071 54.338317868978372
22.292791367322305 54.338134763677324
22.277182833966169 54.337770095005013
22.275059808991251 54.337720310675728
22.258129021630381 54.33732199961959
22.255729976970031 54.337321994072688
22.233274039487299 54.337321975900892
22.231683825381637 54.338330746942454
22.229808958145981 54.339520022371808
22.224176022513198 54.341164016234409
22.216660580660996 54.339186739414629
22.216403158458494 54.339118999338822
22.214127003806347 54.338520006291844
22.21097964608126 54.337917404383973
22.210559667688287 54.337836990975241
22.203311920025843 54.336448667607193
22.172552109445466 54.335010526551933
22.149936234489299 54.332111365277541
22.149193032318603 54.332015994538502
22.149192932139311 54.332016004468059
22.149192810444575 54.332015989235266
22.137228011322097 54.332511899359041
22.136942649586175 54.332523936603771
22.136891312750983 54.332526081949098
22.135509013899863 54.332584000723827
22.115754960521397 54.332977005232095
22.079142005227038 54.332015981132621
22.079141607787189 54.332015962983711
22.078919604020314 54.332009311814581
22.052122115677559 54.331199644236086
22.032945633074025 54.331115720592372
22.020880684780341 54.331561167679091
22.01965227631382 54.331606427877141
21.998142043510057 54.332397020578497
21.988530990469123 54.331210981252397
21.984242460328414 54.330864862101826
21.965211867629147 54.329326627814673
21.951734542836824 54.330558774289933
21.942562103921681 54.330104825368522
21.933519363777314 54.329654691572273
21.906513214232618 54.329261777603563
21.888505935741563 54.32880782873869
21.842119217548944 54.327838895714763
21.827176412506756 54.327449709119541
21.825516659588498 54.327406353166722
21.806497966017133 54.326908026580348
21.784877290076572 54.326714474789313
21.759342193662437 54.326480863085898
21.722158421377856 54.325531010338374
21.720014568452584 54.325397490293355
21.703558016114588 54.324370995800763
21.672066021381738 54.32474898354323
21.672065735565536 54.324748998928889
21.659353256222992 54.324920651908769
21.643692016389515 54.324798582091795
21.637414139432249 54.324748165860107
21.631378023162647 54.324698993982544
21.621199043252759 54.324287010270965
21.618637034650554 54.324210989679244
21.611023002544055 54.323986017854658
21.586367010637179 54.323058979422918
21.567429035866887 54.321242982770322
21.566317028210268 54.321136022746671
21.565925992198054 54.321098557710833
21.565914386132423 54.321097451142052
21.565805434810841 54.321086880934033
21.563116932239101 54.321330589749934
21.563109869538618 54.321331229245445
21.552711020283773 54.322272971621835
21.539025955154127 54.323119992053151
21.531787994330045 54.323032023643563
21.522778948563474 54.321925979980534
21.500277040941207 54.320858020508965
21.500276565747214 54.320857999639131
21.473890304660934 54.317848203088161
21.465632395615351 54.317657239980555
21.452167987492373 54.3173450241312
21.450607452834664 54.318141596166456
21.443399429280785 54.321823117518761
21.440453975745381 54.322270988861575
21.439780669737782 54.322373359380762
21.43499374465695 54.323101041267854
21.424911253675333 54.323587947037744
21.409761002962117 54.324318004083658
21.400762994125827 54.324912988084215
21.395768216032447 54.325790367035346
21.390637553902909 54.326691413692664
21.390207292331269 54.326766967188291
21.386526719843111 54.326977898160386
21.377686014477767 54.327483979445951
21.363788977531591 54.327174981231231
21.360166732429246 54.327331375511456
21.352638244466551 54.32765578962956
21.330131531399449 54.32759094022299
21.318593979300751 54.329669950546908
21.315297376766335 54.330204514869649
21.312759399713684 54.330615994645257
21.30862045248162 54.331287381540982
21.303930164000196 54.330420627944882
21.298238754503455 54.329368589341499
21.28683427279617 54.328050630278909
21.28634165356976 54.327993657552732
21.271022985936135 54.326220990015571
21.260262005794566 54.326693997570125
21.255572735859069 54.327443347538662
21.255512478624503 54.327452973037907
21.250873960061565 54.328193991586055
21.225443004383333 54.332221969481566
21.22544288971368 54.332221989050993
21.225139111410805 54.332284181094835
21.219629287245663 54.333412168031785
21.217029571085359 54.333946225622206
21.215045840755057 54.33411385210843
21.208810806141653 54.334640500730714
21.195308685143328 54.335681913409843
21.192614727400251 54.335684229887612
21.192366733158725 54.335684435471009
21.1812152867424 54.335693357173142
21.172407149844538 54.336502072926777
21.161054611260017 54.337196347956073
21.136785507224129 54.341091154240971
21.131980915603879 54.34202741218288
21.12914996327682 54.342579003618887
21.121631320475352 54.342825906900991
21.120468293750907 54.342864057982105
21.118579965712339 54.342925996187482
21.091170958444156 54.344646013513042
21.085512463372392 54.344719227685658
21.08529410324612 54.34472205070275
21.0819683082408 54.344764707274081
21.070415497448344 54.345218656568932
21.047236779143308 54.346620593929295
21.043983459289425 54.346817014137535
21.028903961699882 54.349094388722619
21.015204119064283 54.350069776274104
20.998548969723558 54.351254004188505
20.991888013070039 54.35204701428146
20.982880050181144 54.352612018964201
20.965058978942444 54.352485975006573
20.953112006773484 54.35361501491483
20.935093023911506 54.354167971116063
20.927090387404121 54.354755545666883
20.922161517736885 54.355117171541302
20.909039022390669 54.356078969020167
20.901012043744377 54.355499012248927
20.896667064552613 54.355606791389299
20.887889862307915 54.35582351457257
20.854200363198995 54.356910703251167
20.841555256400166 54.35715592111314
20.841553492273796 54.357155955173965
20.827169418453238 54.357433316601558
20.80776596008991 54.35967635925379
20.779659270849706 54.362503049614176
20.771112441544567 54.363361356136082
20.757798474018493 54.364815439597194
20.757017625383988 54.364900696255447
20.742488983157383 54.366486019334722
20.728267453339328 54.36699220178928
20.728066482516073 54.366999346015355
20.718581972405147 54.367335984177188
20.696823033402687 54.368754997580581
20.690851269762199 54.368986363497086
20.683105468470444 54.369285580931532
20.676642227385109 54.36926638018268
20.670373989743592 54.369246975064861
20.667745845530828 54.369103327230938
20.665782928543365 54.368995664515701
20.661561982997146 54.368762977174825
20.661218998712169 54.368706274534922
20.66049648683607 54.368586811184542
20.643963032097609 54.365852006353762
20.635551018553752 54.364909987389716
20.632834352326483 54.365724039778478
20.632553154073641 54.365808295538748
20.626508978249696 54.367618999178099
20.617670032921549 54.369754974490085
20.617225672292495 54.369841537673821
20.616556166914854 54.369972227134397
20.593713760416694 54.374458310997483
20.58351326021619 54.375446317219485
20.573112488419675 54.376663205385952
20.538202285203088 54.379257199976777
20.534567080249577 54.379441428964753
20.527809142845356 54.379783628433685
20.519351601811636 54.379547890579481
20.519112016217342 54.379541198881448
20.51331520116775 54.379379270313407
20.504995783823947 54.380693555216197
20.499960035182156 54.381488987829627
20.448802953777729 54.386222980237115
20.432796343163623 54.387871300516558
20.40326118467998 54.390907285172752
20.342206362719747 54.39756956421256
20.331671022817794 54.398715992440806
20.328822992878578 54.399024991203227
20.328668132415419 54.399041632383508
20.326978683472785 54.399223325215004
20.311559676562648 54.400112149913021
20.300164181378495 54.401285312762042
20.300150874238749 54.401286682254742
20.265398036734183 54.404857987562444
20.223797905507553 54.407456267874906
20.224030203062231 54.408386745860966
20.220206071547292 54.408703937961015
20.221315139799358 54.413144934384135
20.217491017896734 54.413461913073625
20.218599067786847 54.417901950403014
20.222424052571593 54.417584797228031
20.224088284601006 54.424244878476038
20.231738173722192 54.423608941086606
20.234515160874555 54.434708799685339
20.242167319774413 54.434072828977783
20.242723074146408 54.436292909013844
20.246549075502678 54.435974936614123
20.248775115050755 54.444853862230687
20.256428899781888 54.444216799678294
20.258099957169836 54.450876940501601
20.261927191497247 54.450557801917711
20.263042223164401 54.4549978853696
20.259214215768662 54.455316901130956
20.259770965872082 54.457536916813048
20.232972968159924 54.4597648476553
20.233529201444973 54.461984929713154
20.225872220832443 54.462620776651953
20.225316111161526 54.46040087062034
20.213830309836847 54.461353933050617
20.214940076545567 54.465793871994343
20.211111201515326 54.466111857588004
20.21166616626067 54.468331875963564
20.192518167859117 54.469916903246961
20.191410103145067 54.465475818093509
20.187581216579289 54.465792873259076
20.187027155978793 54.463572961125472
20.175540255425027 54.464521955705386
20.176093227260388 54.466741966580869
20.172263078176087 54.467059021031822
20.173369298672927 54.471498938072017
20.169539132864365 54.471815009668504
20.170092106380231 54.474035806034266
20.162431097084674 54.47466783627204
20.164088216054203 54.481328865411413
20.167919129347958 54.481012965701517
20.169025082138663 54.48545294916147
20.176688083118218 54.484820866385746
20.177794244801596 54.489261893634179
20.185457087264201 54.488628935600289
20.186565104699902 54.493068940750788
20.190397277066584 54.492752981742328
20.190951233988972 54.494972844852583
20.187119141532303 54.495289957779164
20.189336050563625 54.504170809305649
20.193169177487668 54.503853888371786
20.194277953500773 54.508293865325378
20.198111964346403 54.507976935843821
20.1997770046328 54.514637769805944
20.203610098024274 54.514320784664669
20.20416622357272 54.516540780914106
20.211834160100501 54.515905809515942
20.215170191968735 54.529226833662122
20.219005019865008 54.528909991572739
20.219560927733578 54.531129919895889
20.215726248491514 54.531446849602702
20.216839138683625 54.535887789353829
20.213003233480947 54.536204895817349
20.213560120002736 54.538424854542349
20.209724196647095 54.538742808108701
20.210836153265461 54.543182889367806
20.214671900932863 54.542865909963119
20.216342099606091 54.549525760574127
20.212504933558524 54.549842867056263
20.215289250707396 54.560943954919999
20.219127236530174 54.560625994407047
20.220241279005741 54.565066919813361
20.216402979791138 54.565383946644225
20.219189180206204 54.576484979777177
20.223028063197678 54.576166828343418
20.224143258576479 54.580606926096692
20.220304226224759 54.580924806582928
20.220861217525748 54.58314481588036
20.209341184224275 54.584097778140766
20.209897969353907 54.586317817052446
20.206058220740879 54.586634884614632
20.206613947085412 54.588855884361884
20.198933088304592 54.589489865852585
20.187411043581427 54.590440894209813
20.186855184919533 54.58821989082842
20.171492007787087 54.589485781454158
20.172047058754682 54.591706863976427
20.168206233927503 54.592022793492596
20.167651317548774 54.58980275846956
20.15996909441802 54.590434965222315
20.159414068807774 54.588213875584984
20.151733265652901 54.588845853999771
20.150071191734341 54.58218387965988
20.146231152395217 54.582499983586395
20.14346423169987 54.571396890878646
20.139625170111664 54.571712873100374
20.139071997339133 54.569491934226086
20.135232195583857 54.569806886927779
20.134680371342661 54.567586898734206
20.130841088667363 54.567901876109673
20.130288114818274 54.565680823731135
20.11877103756547 54.566624946546646
20.119323010772575 54.56884579965044
20.115484164803267 54.569160924960144
20.116034933784768 54.571380821921565
20.112196158079435 54.571695821500789
20.11274700780908 54.573915910610609
20.108907158845469 54.57423087715221
20.109459020244074 54.576450889173188
20.105618101395546 54.576765824156993
20.106170157620319 54.578985825975536
20.102328981166284 54.579299986735187
20.102879977161543 54.581520948404169
20.099040012872116 54.581834890011898
20.099591203586943 54.584055841472789
20.095750167495215 54.584369750682413
20.09630092485272 54.586590840252818
20.08861800482023 54.587217882691633
20.089169060830017 54.589438859500717
20.085328063647033 54.589752884707202
20.085878077714629 54.591972891834907
20.082035985211672 54.59228679029728
20.082587105396772 54.594507773317062
20.078745105370732 54.594820965022087
20.079295070194195 54.597041855846982
20.075452277862183 54.597354799020842
20.076002157001302 54.599575894673137
20.072160297486384 54.599888834773928
20.072710047734137 54.602109947531332
19.918958039208878 54.614542786286812
19.919500319356949 54.616764908567667
19.992546315057098 54.610882916684645
19.99309218990005 54.613104022933122
19.996935955698682 54.612792826549402
19.997482105855834 54.615013911356364
20.001326952360849 54.614702983846556
20.001873233250709 54.61692482919937
20.005718044490724 54.616613007446958
20.006264272321612 54.618834857019074
20.010109207218719 54.618522802404662
20.010656106835096 54.620744886627065
20.014501074059329 54.620432896523063
20.015047990752866 54.622653918970727
20.018893222525637 54.622342938829476
20.019440064359635 54.624563870302666
20.023285070024691 54.624251915293129
20.023833281120883 54.626473893039815
20.027678156302667 54.626162014821574
20.028774009478578 54.630603801423604
20.032620100394041 54.630291888861308
20.033168184190345 54.632512819227394
20.037014096707363 54.632200795178377
20.041404204183735 54.649968933630511
20.04195432458506 54.652189913293562
20.045801237720092 54.651877852054959
20.04635114278258 54.654098849110071
20.050198016470464 54.653785893801818
20.050748033277248 54.65600688170732
20.054595989747508 54.655694869796974
20.055146116866066 54.65791584867344
20.058994199640242 54.657602929158124
20.059544274283201 54.659823912239979
20.06339201391004 54.659510893662727
20.063943228646036 54.661731977037839
20.06779111701865 54.661418821202268
20.068342116592824 54.663639922007839
20.072190035724805 54.663326829757203
20.072741052962915 54.665546868635062
20.076590148902849 54.665233747571726
20.077140879460149 54.66745487017841
20.080989936788455 54.667140854834308
20.08154225106539 54.66936184842266
20.085390943959641 54.669048990132296
20.088703003209076 54.682373890253245
20.084853115243408 54.68268696026508
20.08761418550014 54.693790844785859
20.091464902077917 54.693476921434687
20.100317250047468 54.729009914377578
20.104172148991374 54.728694805000579
20.10694302505954 54.739798935500033
20.110798047418854 54.739484931617795
20.113017185443798 54.748366824134855
20.120729116717882 54.747737980447731
20.122395081285283 54.754399931496188
20.126252090679539 54.754084989296146
20.129031208578645 54.765187790856928
20.132889230334232 54.764872820867254
20.133445217950211 54.767092852758473
20.137303107991112 54.766777960095268
20.138973244683271 54.773439815865864
20.13125590403364 54.774069816645444
20.131812214465221 54.776290801260927
20.135670929067008 54.77597576006233
20.137341137634792 54.782636882464018
20.125764256215998 54.783582879375061
20.126320073758322 54.785803728690581
20.122460166646139 54.786118991191479
20.123016294721477 54.788338952622333
20.119157252042459 54.788653926895783
20.119713132862447 54.790874782726192
20.115853034753346 54.79118981934608
20.116408244822356 54.793409867324378
20.108688036235804 54.794039864653293
20.109243237023318 54.796259923033155
20.105382986676393 54.796574991230408
20.106493035643563 54.801015826590564
20.098771174851404 54.801644847794513
20.10154816241652 54.812748936330188
20.097685117518047 54.813063013832306
20.098241114943367 54.81528390991928
20.094378138513523 54.815597861019519
20.094933182423102 54.817818841404566
20.091071141806168 54.818132788664578
20.092736214180217 54.824794890780268
20.081144916929116 54.825736919026838
20.081700253702916 54.82795789809817
20.077836142220484 54.828272012410089
20.078391251456363 54.830491955318898
20.074527019978284 54.83080586242896
20.0767450933639 54.839690013534977
20.069015129917801 54.840316829077381
20.069569331656851 54.842536868070518
20.077299259920782 54.841910917901643
20.077854271594759 54.844130889217325
20.08171898460014 54.843817890008445
20.083385120552386 54.850479941428276
20.091116030761501 54.849851794804039
20.091672231562836 54.852072830045564
20.080074066951155 54.853014874000792
20.081739194197041 54.859677919610881
20.085606304833735 54.85936393411999
20.086717249708897 54.863804906578515
20.087829074177108 54.868246880849945
20.09169633907316 54.867932940332771
20.092252237903651 54.870153929613487
20.103855045406252 54.869210888345521
20.1049690213361 54.873652970442045
20.108837220604808 54.873337967290709
20.109394160322225 54.875558870109074
20.113262204287029 54.875243848791342
20.11437593779139 54.879685860635412
20.118245042535783 54.879370817195706
20.118803220524459 54.881590753006208
20.114934263218139 54.881905885299425
20.117165011326382 54.890788918166685
20.113295152339724 54.891103914522915
20.113853027749567 54.893324861084473
20.121591976055416 54.892694897216828
20.122150054423127 54.894916017464993
20.129890200334419 54.894284875820873
20.132684358182306 54.905387965867583
20.136555082636825 54.905072960683377
20.137113958467275 54.907292963615276
20.140984998583658 54.906977806611074
20.141544201022892 54.909197976070104
20.145414945760017 54.908882908327961
20.146535321941979 54.913323861050728
20.150406232568848 54.913007878358101
20.152087064504403 54.919669975102977
20.148215159558784 54.919985854647564
20.149335119576374 54.924426871358335
20.153208258596042 54.924110885246378
20.15264704628369 54.921889803054277
20.16039098429005 54.921257848366906
20.160952017420598 54.923477877705665
20.168696967447296 54.922846013284754
20.167574170937161 54.91840477533799
20.171446194255793 54.918087879285551
20.170324010354886 54.913646898422407
20.174194982520529 54.913330935565931
20.173071975802145 54.908889846850073
20.176943111762451 54.908572980009723
20.175820293559298 54.904131797743666
20.179691291157553 54.903814824001898
20.179128954901643 54.901594944029114
20.182999034493616 54.901277924306129
20.180753075884187 54.892396911756201
20.188491116398996 54.891762794266874
20.187930101756148 54.889541864485089
20.191799079782292 54.889224963773032
20.192360160049734 54.891445981348589
20.196230175615579 54.891127806963162
20.19679240464821 54.893348924439323
20.204530243285909 54.892713824287213
20.2050930218013 54.89493383215467
20.21283095343485 54.894297836945988
20.213394150559637 54.896518868286165
20.217264224933309 54.896200928275178
20.218954138469222 54.902861015075921
20.238302968524948 54.901268860395419
20.237739399755096 54.899048929889865
20.241608190261623 54.898730827372603
20.24104329131579 54.896510818378992
20.237174215176864 54.896828941432034
20.234352099043491 54.885729023248579
20.230484157489606 54.886046913978277
20.228229133786915 54.877166763810017
20.232095990882719 54.87684791252989
20.23096935704665 54.8724078858273
20.234836011040077 54.872089994885755
20.233708106244219 54.867648739954426
20.237573965213414 54.867330796472203
20.237011094667189 54.865110859856678
20.240877134430534 54.864791911893057
20.241441078922691 54.86701195018059
20.256906252972751 54.865735885640028
20.256341159580003 54.863515954011262
20.252475300638295 54.863835865290739
20.251346075843628 54.859395924872111
20.259076969853606 54.858756926856699
20.258512174160483 54.856536789602622
20.266242161526119 54.855898919802137
20.270107933901244 54.855578914965299
20.270673296645604 54.857798804226434
20.274539288107125 54.857478943536506
20.275104272679144 54.859698864140157
20.278970087318182 54.859378891115121
20.279535890948541 54.861598936267413
20.275670036404346 54.86191891557047
20.27623615483013 54.864138747578131
20.303296127784964 54.861897896395817
20.302160954560978 54.857457941124871
20.309891059715657 54.856816841094513
20.309324017836115 54.854596924491119
20.320918100913239 54.853633960832539
20.319781024582429 54.849194982696901
20.323645971830363 54.84887398909153
20.321941198433144 54.842214809763767
20.341257948330433 54.840606857043383
20.340689211799916 54.838387899165738
20.344552249683197 54.838065947312373
20.343982273020305 54.835845940803296
20.347845023702472 54.835523794043525
20.355571230200503 54.834879940501374
20.354430984117993 54.83044084708169
20.358293303133248 54.830118950959253
20.357722973997774 54.827899960024233
20.369309194396433 54.826931859428036
20.368739172648333 54.824712951998251
20.372600169600865 54.824389904066265
20.372030016408697 54.822171012793547
20.387473920019609 54.820878855656218
20.385761212405217 54.814220785713871
20.389621278757435 54.813897883996262
20.389050002346959 54.81167882476867
20.400630087960419 54.810708815633177
20.400058335302372 54.808488747385518
20.407778313300163 54.807841950507111
20.407206118896816 54.805622796346277
20.411065135896692 54.805298863198026
20.410493187465743 54.803079887686899
20.41821118424755 54.802431850465275
20.416493922049934 54.79577382616511
20.420352164562988 54.795449790982538
20.419206851447758 54.791011812531025
20.434639174173679 54.789714801808614
20.435212222535341 54.791933840547841
20.439070233822328 54.79160891950869
20.439644217148206 54.79382788052974
20.443502070080559 54.793502942097597
20.442928210921377 54.791283973674936
20.454502111830323 54.790308975408045
20.453927176635997 54.788089917616283
20.496356880845305 54.78450590044632
20.497510272208267 54.788942786255667
20.501367057671423 54.788615888546616
20.501944146001925 54.790834927054725
20.505801945751447 54.790508008863064
20.506378937829464 54.792726862380746
20.510236228182283 54.792399860439851
20.511391027333531 54.796836923883298
20.515248880097779 54.796509937521321
20.515827046339858 54.798728888003176
20.519685096249045 54.798401951203005
20.520263271868348 54.800619838745327
20.524121164663367 54.800292884488528
20.526435068235045 54.809166767479759
20.530294308569662 54.808839949144712
20.531451994827691 54.813276985730717
20.539171260433189 54.81262087093139
20.542649125117602 54.825931804619039
20.550370033108628 54.825275982668138
20.550950302413749 54.827493909041593
20.554810148207071 54.827165908366318
20.554230003366904 54.824947975399859
20.577390999781795 54.822975007742457
20.576808978429973 54.820756965983236
20.603826026172282 54.818450947025354
20.603243260979948 54.816232801327956
20.622538216023553 54.814581847529908
20.621954179987718 54.812363828358293
20.648962973303249 54.810047952436655
20.646622092361891 54.80117592032348
20.650479084732858 54.800844773523629
20.649894128516092 54.798626875093092
20.653750935430356 54.798295912858379
20.652580141263222 54.793860013423348
20.656437275923 54.79352880918951
20.655266380806928 54.789092937507021
20.670691078945438 54.787765980817909
20.671863020031498 54.79220202699922
20.675719085965998 54.791869812408898
20.676306092040843 54.794087989861865
20.695588121771866 54.792425860572621
20.694413234237953 54.78799000226315
20.698269298561964 54.787657916723191
20.697681250872844 54.785439951471375
20.693825965339556 54.785772932130804
20.693238197702588 54.783554942792712
20.689383058961329 54.783887784667044
20.6887959471598 54.781669931211923
20.684940098788363 54.782001935070298
20.683767040309736 54.777566904180588
20.687622104916681 54.777234781790611
20.687035224873824 54.775016918914318
20.69088999185654 54.774683928374557
20.690303184504735 54.772466837749512
20.694157251120451 54.772133981073502
20.692983045015968 54.767698901321396
20.708398974258682 54.766367832940666
20.70781113073868 54.764149890761274
20.723224096469352 54.762816820206318
20.722636173201909 54.760598901598982
20.730342102005569 54.759931822311252
20.730931161211753 54.762149925771389
20.750196166642759 54.760478870974964
20.749606344450719 54.758261814042605
20.757311242159908 54.757592897295133
20.757902072906724 54.759810922099987
20.761753940585805 54.75947584297252
20.762345266026752 54.761692762224669
20.76619819613218 54.761357849484924
20.766789284340344 54.763575948277683
20.778347121305174 54.762570927861262
20.777165224760054 54.758135789924559
20.781016999018952 54.757800872095416
20.779833948148571 54.753366819523556
20.78368617790235 54.753030875182176
20.782503168322673 54.748596742181029
20.786355235433565 54.748261853388797
20.785171085510438 54.743826969635485
20.789023016235049 54.743491975244758
20.786065173331604 54.73240582513759
20.789915052681188 54.732070902407592
20.788732103231315 54.727635778991015
20.784883144713923 54.727971968273195
20.781928077027604 54.71688597948836
20.785777117304683 54.716550861618984
20.785186275806286 54.714332831567624
20.781337009254035 54.714668835372223
20.780156239121801 54.710233760920147
20.784004182659828 54.709898748092122
20.782822962549567 54.705464890974895
20.786670380552046 54.705128937209096
20.786079999075287 54.702911948189517
20.78992724451146 54.702576854553215
20.789336082506267 54.700359940882358
20.793183308104101 54.700023762897352
20.792000949898277 54.695589856577222
20.795847109209994 54.695253847608555
20.795255938292851 54.693036949856108
20.799103004575972 54.692700838384056
20.798511006098408 54.690483825966623
20.802357321501045 54.690148914688514
20.801766341686037 54.687931819752848
20.797920277139372 54.688266900182683
20.796739000887715 54.683832847328553
20.792893257141515 54.684168927821034
20.789350161490066 54.670865994094882
20.797039092984384 54.670194936226657
20.796447989361372 54.667977881132124
20.800292279214702 54.667641992092392
20.799701213715903 54.665424940977985
20.807389025995327 54.664752769420723
20.806796980503446 54.662535812626359
20.810641069034183 54.662199770175057
20.810050256274327 54.659982906235889
20.817736134322153 54.659310947588146
20.818327075215795 54.661527987310571
20.82601329912891 54.660854919000592
20.826605047019477 54.663071885898681
20.83044894466628 54.662734852590418
20.831040969638508 54.664951795284374
20.838728000793793 54.664277998508972
20.839320180535726 54.666494923636286
20.843164079798882 54.666157899761593
20.843757242376107 54.668374933008117
20.851444175856564 54.667700776470966
20.852037214839573 54.669916754636816
20.855881140848517 54.669579834184482
20.856475062681223 54.671796797739908
20.879537191032263 54.669769888990629
20.880132170529635 54.671985873246307
20.883976013674065 54.671647799054249
20.88695331714063 54.682730924486592
20.890798208975038 54.682391749722129
20.891394034826988 54.684608831805825
20.895239195688291 54.684269988470938
20.896431153487253 54.688702874706451
20.907967104597045 54.687685928891817
20.909160986097941 54.69211892905939
20.913006116536703 54.691779774263324
20.917190198032827 54.707294871814149
20.913343180116264 54.707634891871741
20.913941309366468 54.709850831798747
20.917787286726416 54.709511769921697
20.918385934803652 54.711727954623747
20.922233276567503 54.711388934983887
20.922831147006296 54.713604897914706
20.942066129215405 54.711904795631526
20.941467249468715 54.709688937929194
20.945313996079093 54.709348938804951
20.948911998704386 54.722646983892247
20.96815095755278 54.720942930153477
20.968751921169261 54.723158893587168
20.976446929590036 54.722476913500024
20.977049192681452 54.724692759475793
20.980897013118994 54.724350779393127
20.981499098476643 54.726567992994255
20.985346898602199 54.726225887642876
20.985949120936667 54.728441930779709
20.989797114585169 54.728099874545528
21.016732096593252 54.725705963982293
21.016128044972255 54.72348991704019
21.019976176753378 54.723146861033506
21.019372327225476 54.72093080182556
21.023219035497053 54.72058891139033
21.021408035315002 54.713940813860056
21.025254122103274 54.713597801592897
21.023443204814189 54.706950895226484
21.027288979666189 54.706607893891103
21.023666910135837 54.693312957662719
21.021254007450906 54.684448831465176
21.02509812756216 54.684106852458392
21.024493966128958 54.681890794990515
21.028338246808541 54.681547811452866
21.027733989872775 54.679331866282403
21.039264339224051 54.678302792350891
21.044703060167191 54.698244944803584
21.048548214548152 54.697901942397046
21.049153213749896 54.700116776155426
21.060688126702974 54.699085905299071
21.060081930844287 54.696870801556976
21.071616026949886 54.69583889974259
21.068587299472266 54.684760867004499
21.072430153539308 54.684415770458081
21.071824164830364 54.682200875001513
21.079511197841946 54.681511842134618
21.080117244338805 54.683727885368342
21.08780326242255 54.683038925069837
21.088410348814651 54.685253904878429
21.111469155065695 54.683183967491566
21.110862021310393 54.680967852048397
21.126231979332648 54.67958595383039
21.125624027177011 54.677370798383372
21.137151264253493 54.676332889044239
21.136541196712351 54.674116873090945
21.140383231202964 54.673770886643389
21.139774004147917 54.671555962229746
21.147458289567592 54.67086292870124
21.148067289688335 54.673077963247941
21.163434086792478 54.67169094518237
21.164045001850134 54.673905990549528
21.167887253679623 54.673558921617165
21.168497066576883 54.675773776965649
21.183865264273351 54.674384806884582
21.185087708038274 54.678814827091678
21.196613916580834 54.677770929307549
21.197226920582352 54.679985773735886
21.201068678089264 54.67963774626228
21.202908018492472 54.686281872652621
21.210592902991515 54.685585978934995
21.211819675659363 54.690014931998732
21.200290641004909 54.69105997000824
21.200903798111852 54.693274820344655
21.197059957747982 54.693622932641823
21.197672831094071 54.695837816365959
21.193829922219752 54.696185916372642
21.195054852052369 54.700615773861578
21.19889891926308 54.700267948333618
21.199512846701118 54.702482746971704
21.203356930855335 54.702133729196532
21.203970075915649 54.704348888533232
21.234722672111182 54.701558939008542
21.234107890841223 54.699343857512844
21.241794744413898 54.698646005006466
21.24117994180137 54.696430840212109
21.248865967531788 54.695731897604702
21.248251031325228 54.693516851361608
21.252093828188354 54.693167796779356
21.253324898652238 54.697596810659341
21.257169021472361 54.697246925381506
21.258400814734109 54.701675880739579
21.254558136877844 54.702025834673655
21.255174110496622 54.704240894327057
21.25132979384431 54.70459000673047
21.252561825806325 54.709019844821853
21.256405956592477 54.708669776210776
21.257022914020467 54.710883885734603
21.260866938259252 54.710533989324553
21.261484060141736 54.712748858799948
21.269172909068299 54.712047744531738
21.268555998191921 54.709833926208226
21.272401040947695 54.709483179266392
21.273017734982925 54.711697883281524
21.280706831936538 54.710997066593713
21.281324968388162 54.713210959179506
21.296702972806571 54.711806876015523
21.297940156774771 54.716235915095012
21.30563006227127 54.715532937632581
21.306248793292117 54.717747830015071
21.313937654355488 54.717044831599395
21.314558126504416 54.71925878760451
21.318402614057945 54.718906901298439
21.319643035230278 54.723334769587915
21.323487917922414 54.722982909000748
21.328453902010938 54.740696905706791
21.32076004002413 54.741400931836438
21.321380911491048 54.743614891131898
21.317533821166233 54.743966929588922
21.319394894307763 54.750609752023621
21.315547907205712 54.750960894051595
21.316788855133073 54.75538989645213
21.351420917459649 54.752217971966893
21.350797960620124 54.750003822668504
21.354645908297524 54.74965089304883
21.354023101408949 54.747437124894809
21.361717866499635 54.746730810337063
21.360472236817809 54.742302911860918
21.36431792625881 54.74194982745594
21.363072923758452 54.737522085963242
21.366918801518498 54.737168867020699
21.366295868577279 54.734954947455449
21.370142026139845 54.734601775680837
21.368272893534783 54.727959887553119
21.372117847166074 54.727605938522416
21.371495082328426 54.72539173474982
21.367649755367474 54.725746004509091
21.364536925940062 54.714675801979041
21.368380774712985 54.714322942429881
21.367757869295026 54.71210887016219
21.375446023144949 54.711401776463553
21.376069002359873 54.713615835141916
21.3799128348587 54.713262024651769
21.380535718257281 54.715475899707492
21.384379826277236 54.715121839285267
21.385003723240935 54.717335911051521
21.388847725086372 54.716982023739348
21.389471877721704 54.719195974911095
21.393316019076611 54.718841947358079
21.395187970864839 54.725482796611139
21.39903305862963 54.725128837497195
21.39965799318022 54.727342917641877
21.407348011457429 54.726633861777444
21.407972973836348 54.728846873074076
21.415663006387888 54.728137989817036
21.418166051754721 54.736991971166525
21.414319756246474 54.737346848201049
21.415570882368772 54.741774822468727
21.419417253517285 54.741419931636898
21.421295946399137 54.748059839562771
21.425142803007223 54.747705155704587
21.425768933236867 54.749918955425009
21.441156124487144 54.748496861608992
21.440529076578866 54.746283934492133
21.444374757209619 54.745927966435751
21.442492995432104 54.739286856295223
21.454031085118483 54.738219783389688
21.454657902834441 54.740432804513702
21.493113970408771 54.736865897256237
21.492483700708405 54.73465274715538
21.500174176017985 54.733937894514874
21.499543748978478 54.731724769598259
21.514921841219319 54.730293853736633
21.515553037956959 54.73250795556114
21.519396981006931 54.732150063462988
21.520028929391607 54.734362839559196
21.523872768491209 54.734003959888994
21.525136932866232 54.738429877394367
21.528981897016241 54.738071824246113
21.529614058213518 54.740284778107231
21.533458723634883 54.739926818791922
21.534090923211007 54.742140059182908
21.549472033669684 54.740704903526172
21.550105122692536 54.742916890160544
21.553950914074704 54.742557811883032
21.55458395676721 54.744770963640136
21.558429070172132 54.744411821046725
21.559696946804461 54.748837960450494
21.563543027952221 54.74847791920908
21.564810793593331 54.752903980437033
21.568656887235356 54.752543806871444
21.56802293982085 54.750330832544748
21.579559881521273 54.749251927244202
21.587250991484314 54.748531924313724
21.586615739049218 54.746318899579961
21.594307118832937 54.745598767837286
21.593670732201709 54.743385860056044
21.589825927525915 54.743745901135775
21.588555867990756 54.739320802502569
21.592400108226993 54.738960821275001
21.591129733188264 54.734536063903874
21.587284834885029 54.73489580985482
21.586015764241196 54.730470067362162
21.593703010985852 54.729749930680612
21.590527923788429 54.718686868178999
21.594370967983647 54.718325911455409
21.592465969966408 54.711688800013931
21.596308024606262 54.711327822457115
21.595674040484464 54.709115819652901
21.611040113835568 54.707673011696279
21.610405002784319 54.705460841381985
21.614245660929921 54.705099866053139
21.613609945076959 54.702887178918196
21.617451074566038 54.702525747899259
21.616816137231325 54.700313866461542
21.620655996523734 54.69995291783377
21.620019910300986 54.697739796323461
21.631542047129116 54.696655783461168
21.632814855013361 54.70108078687489
21.636656024321461 54.700718829053294
21.637292725581442 54.702931788867446
21.64113408631902 54.702569878147308
21.641771125424857 54.70478183919537
21.645611780860222 54.704419770065165
21.646249945652833 54.706632883326236
21.653931795561213 54.705908896823587
21.655207925020182 54.710333009476116
21.670573804411713 54.708882830197084
21.669295935172602 54.70445900618617
21.673137111995381 54.704095823095209
21.672498034082679 54.70188398236737
21.680178791654271 54.701157885333828
21.679540022065499 54.698945928969884
21.687219936304324 54.698219906021741
21.685940920348052 54.693795771797063
21.689780953935092 54.693431994054627
21.689141125953501 54.691219965878801
21.692980678933896 54.690857080323546
21.693619999599253 54.693068958434331
21.69745985370438 54.692705916814454
21.698099838436182 54.694917925925488
21.705778803844257 54.694189889224411
21.706420088872274 54.696401771859939
21.710259827002766 54.696037781939125
21.710901121970331 54.698249857465278
21.718579939620938 54.697521946233948
21.719221990195344 54.699733753130829
21.730742136182197 54.698640762986081
21.729457948925603 54.694216795142161
21.733297062486709 54.693852990089631
21.732654947795769 54.691640920066909
21.740332938942714 54.690910741661803
21.739690834794313 54.688699842483935
21.758885132559961 54.686873904960351
21.759528047610313 54.68908577305529
21.771044247587017 54.687988901379768
21.77555292876362 54.703469869167549
21.779392899882808 54.703104112480403
21.783909177728148 54.718583838645131
21.787749834732065 54.718217867451209
21.78839476242921 54.720429873849461
21.807602133733777 54.718595908040562
21.808247685049228 54.720807937415834
21.812089772743054 54.72044088366161
21.8127370186033 54.722651977585343
21.816577830183913 54.722285110728926
21.81722508813823 54.724495817270146
21.821066905257254 54.724128920189962
21.821713905674653 54.726340038059206
21.837080815409283 54.72486881032863
21.83772900192524 54.727080868179065
21.841570954401952 54.726712943272446
21.842218770373989 54.728923876534161
21.846060695039071 54.728555826458219
21.846709856135959 54.730766920295736
21.850552001173799 54.730399011323513
21.851200711361322 54.732609859444985
21.855043069593624 54.732240930981462
21.855693126968436 54.73445194029722
21.859534973857752 54.734084094260183
21.86018493417906 54.736294919424232
21.86402685926296 54.735926164123946
21.865327001298489 54.740347990365834
21.869169893204788 54.739980075728795
21.871121966084146 54.746612848459215
21.874965004970917 54.746242848408954
21.875615859245521 54.748453987544643
21.879459011483284 54.748084913613688
21.880110095275079 54.750295836356415
21.883954120023091 54.749926840769604
21.885256996795793 54.754348817159261
21.881412923913121 54.754717920988703
21.882064807003349 54.75692897320161
21.878220851520993 54.757298138717083
21.878872181205633 54.759508863238487
21.863493940568187 54.7609851092664
21.864144717371666 54.763195906062613
21.860299987219769 54.7635649177397
21.861600793485845 54.767986794598151
21.862252167166627 54.770197743099757
21.866096900340271 54.769828913114253
21.866748071345661 54.772039881303606
21.870593812728728 54.771671020328817
21.871244940473431 54.773881992028272
21.878935872040984 54.773144136202966
21.881544202273826 54.781987861976646
21.877696769133763 54.782357152232763
21.880304782614729 54.791200791396093
21.876457843439916 54.791570116999836
21.877110062276422 54.793781019916338
21.884804961108657 54.793042814766324
21.885457964249532 54.795252961510286
21.88930501495441 54.794883948306328
21.889957679391102 54.797094805400832
21.893805846054548 54.796724976657522
21.894458959272423 54.798935790932099
21.890610975534614 54.79930579853886
21.89126389318098 54.801516929247335
21.895112051552726 54.801146803935858
21.896418843445371 54.805568880641339
21.900267067519422 54.805198810948809
21.902882038774589 54.81404189582581
21.906732065676309 54.813671803908683
21.907386154817214 54.815882741283694
21.911234951488712 54.815511865426906
21.911889874244881 54.817722916660856
21.919588881575446 54.816982002153225
21.918933998845816 54.814771922077433
21.922782984096816 54.814400848031418
21.922128088834754 54.812190001805348
21.937522917441026 54.810706902515953
21.938178835115419 54.81291782853171
21.953573833143317 54.811431834365855
21.952917199272225 54.809221862487689
21.960613893019701 54.80847815414463
21.961270798237543 54.810688770176021
21.976663836121816 54.809200845323033
21.976006888734339 54.806990055065533
21.9798549222755 54.806617980665834
21.980512664319463 54.808827916306797
21.984360725555955 54.808455905640962
21.985019135682496 54.810665970689783
22.008107983864566 54.80842889621379
22.01074689659281 54.81726888568101
22.006897875169695 54.81764282073199
22.007557939458163 54.819852920812863
22.011405961265236 54.81947888527101
22.012726837248103 54.82389988813717
22.016575906080575 54.823525812800561
22.017896948801788 54.827945936603172
22.021746036129066 54.827572889159811
22.022407133346729 54.829782897038058
22.030106948811461 54.829035003281795
22.030767986620805 54.831244820704761
22.034617958672378 54.830870821926347
22.035279012308539 54.833080831015081
22.039129176207748 54.83270687897901
22.040452982694017 54.837126931406196
22.048154019190353 54.836377794349687
22.048815991318321 54.838587909879301
22.056516846548423 54.837838865426548
22.057179989636911 54.840048959211835
22.061030160858092 54.839673883996376
22.061692938585011 54.841884014597653
22.065543984359714 54.841509016011962
22.066207039088866 54.843717958164831
22.070057784579525 54.84334305322789
22.070721927077464 54.845552955150644
22.093826028270534 54.843299083945013
22.095156031915405 54.847718783374908
22.099007029017027 54.847342776341428
22.101669089688453 54.856181040460633
22.097817942999686 54.856557076946793
22.100480046152065 54.865395804346207
22.10433303645393 54.865019765896328
22.104998881190074 54.867228939003112
22.10885206373985 54.866852947878506
22.109517782490819 54.869061842491782
22.113370638339607 54.868685852044493
22.114037849014643 54.870894795040996
22.110184967116393 54.871271954628497
22.110850873170243 54.873482001038646
22.099290800824736 54.874610847169322
22.099957051413117 54.876819907917266
22.092250042681702 54.877572077404061
22.09291604012305 54.87978194775696
22.089062018358106 54.880157996219651
22.091725029260722 54.888996857090447
22.087869807746667 54.889372912425955
22.088535745662263 54.891581945631231
22.084680911825565 54.891957841025203
22.085347019420134 54.894167834489714
22.077636087656373 54.894918801435445
22.07830092490067 54.897129025665258
22.074445781926844 54.897503906805461
22.075110910832361 54.899713821069582
22.071254913449234 54.900090018882246
22.072584715864316 54.904508845015478
22.068728904948802 54.904884908008825
22.070723894014371 54.911513984465373
22.078437874975915 54.910762837342226
22.082434031847828 54.92402190577107
22.086292842760322 54.923645848679065
22.08895893951836 54.93248487491892
22.092817759615617 54.932108967229645
22.094818842986825 54.93873795284248
22.098678694638309 54.938361808374459
22.100013935801254 54.942780900157082
22.1038740187646 54.94240479343506
22.103205957405891 54.940194905018792
22.110924914393205 54.939442055653195
22.11025710568131 54.937231863883682
22.121833921560039 54.936102014317491
22.121164703151834 54.933892846260662
22.140457946727242 54.932006904585243
22.141797671550265 54.936425081458104
22.145655897230593 54.93604797713521
22.146996783541717 54.940465758196844
22.150856143909618 54.940088895221116
22.151525979036251 54.942297993326527
22.16696303075355 54.940785825832997
22.166291746319477 54.938575819920828
22.170150004360618 54.93819805150234
22.168807699353369 54.933779969378222
22.191956906277376 54.931507033457699
22.191284997281127 54.929297804579321
22.19514220588697 54.928918790298077
22.194469806277414 54.926710006138656
22.198327086677526 54.926329797731277
22.194292924222843 54.913075820744389
22.198148972414309 54.912696889555235
22.197477217980495 54.910487884711365
22.216755946391071 54.908589877330336
22.216082945770797 54.906381018045927
22.219937855155145 54.906000875355794
22.220610786679757 54.908209931545791
22.232178249151218 54.907069829233954
22.232851796102906 54.909279108911051
22.248273849285642 54.907756003029469
22.248948858155497 54.909964836285795
22.252803896583512 54.909583863663634
22.252129076999061 54.907375790049905
22.267549117314122 54.905850865157497
22.268224769612043 54.908058938730541
22.275934656366239 54.907295828240869
22.276611962428383 54.909504896208624
22.284321896332287 54.908740982626924
22.284998819367384 54.910949892148778
22.292710177809631 54.910185813584455
22.293386976619995 54.91239376262952
22.297241995529184 54.912011791178998
22.297919987655014 54.914219913624656
22.313342096658005 54.912689783918175
22.314020165407964 54.914897886862953
22.317875925859976 54.914514724181934
22.318554927875127 54.916723800850448
22.33012086043448 54.915573974724673
22.38408904752982 54.910195869976363
22.384771687734837 54.912403845309179
22.431022096668851 54.907774784966655
22.431707063623236 54.909981904631636
22.435560844022099 54.909596043760885
22.436246834065102 54.911802770792207
22.443954939075876 54.91103012759789
22.444641091096116 54.913236833991668
22.448494837304683 54.912849818312189
22.451239000173445 54.921679915847712
22.447384775821181 54.92206699497391
22.448070878987728 54.924274794069007
22.444216059305923 54.924661811579909
22.444901816429461 54.92686887868463
22.456468160889802 54.925707831371369
22.457154997181025 54.927914976811124
22.46100996874053 54.927527948437785
22.46169703035282 54.92973594312695
22.465552854299446 54.929347827619452
22.466239946076243 54.93155494829314
22.470095731432785 54.931167772887285
22.470782786344785 54.933374897731056
22.505483889287543 54.929880774807394
22.506172738461164 54.93208788252538
22.510029052210669 54.93169881187
22.508648913869557 54.92728485552648
22.516358790239632 54.926506825284577
22.514289009588929 54.91988609728854
22.518142803791438 54.919496924381114
22.515383752379737 54.910667973799193
22.519237223851054 54.910278917764188
22.518548015155627 54.908071905766256
22.522400726939878 54.90768280508042
22.521710753551993 54.905475877639859
22.525564160783965 54.905087069856336
22.522113674749114 54.894052098150354
22.5259660904829 54.89366192787606
22.525276034279511 54.891454849618555
22.529127743716057 54.89106588891471
22.526369200692873 54.882237851956241
22.530219163457456 54.881848764279532
22.528839785453297 54.877434790857905
22.532689921176434 54.877044987324808
22.531310993307248 54.872630992610176
22.535159749698575 54.872241987213066
22.534470844020444 54.870034847226854
22.5383197225974 54.869644834881377
22.53694020563438 54.865230942293451
22.533090910076091 54.86562098811676
22.532401917246553 54.863413772509816
22.528552817625663 54.86380279704705
22.527863875674118 54.861595868165452
22.524014902874676 54.861985817308231
22.520571732825797 54.850949994350628
22.524418765064119 54.850560939401049
22.523731178193717 54.848353898484334
22.527578002373467 54.847964937418595
22.526888940048963 54.845757860895525
22.530736044250588 54.845368943462049
22.530048015455264 54.843161770556151
22.533894914113656 54.842771881229687
22.532516987369238 54.838357938418596
22.528669893206605 54.83874803370832
22.527292725213243 54.834334023563166
22.523446843835814 54.834722991778236
22.522758867401727 54.832516024338439
22.526604876080114 54.83212704803136
22.524539925267224 54.825505803016156
22.532229816248407 54.824726939111393
22.53154186698189 54.822519803821962
22.535387151998314 54.822130929402746
22.534009981123049 54.81771680929679
22.537853690143365 54.817327008401087
22.537166071947659 54.815119763708303
22.54100983467287 54.814730901872004
22.538255847707923 54.805902823227008
22.534412149700916 54.806293019869997
22.533723865365477 54.804085960730049
22.529880956600451 54.804474883107723
22.529193019801166 54.802267983141398
22.525350109306935 54.802656873481475
22.524661912576974 54.800449807167752
22.520819221335667 54.800838837057384
22.520132085053394 54.798632050814582
22.516289140489516 54.799020783640231
22.515601906796913 54.796813814592852
22.519445082698002 54.796424868269611
22.518757902669773 54.79421790105576
22.522599995397421 54.793828943410865
22.519851800844666 54.785000887579805
22.523693028168523 54.784611908292604
22.52094487244841 54.775784127447515
22.524785992013644 54.775394855864619
22.524098912193921 54.77318812266946
22.520259017181736 54.773576878397122
22.518885897819292 54.769162924648761
22.511204813631842 54.769940953233764
22.510518954858092 54.767734194991526
22.502839292087309 54.768510991071402
22.500096752331451 54.759681842926057
22.492418895285375 54.760458992865352
22.491734028542794 54.758251848672401
22.487894170598242 54.758639890487132
22.48584110382653 54.752018028147191
22.482001774353776 54.752405880250905
22.475849084819306 54.732540118146517
22.47201195179694 54.732928073418229
22.471329221268711 54.730720950837799
22.455981005416074 54.732268862655772
22.455298755986888 54.730061971701723
22.44762486056478 54.730835877131987
22.445579853767981 54.724212898417136
22.44174291689291 54.72459994253299
22.440380771984625 54.720184968417513
22.439700117590331 54.717976767684299
22.424355938337236 54.719521840156709
22.42367507766113 54.717314908175766
22.419838784271096 54.717700765042167
22.417799768112541 54.711077976964333
22.413963964620567 54.711462970277722
22.41328502366461 54.709255950768473
22.41260566134299 54.707047816076624
22.408770917970273 54.707433926328264
22.406733746447458 54.70080982978628
22.41056908252315 54.700424930559493
22.407853055992476 54.691593888165265
22.404018898395428 54.691978848452955
22.403340736361251 54.689772172134035
22.395673844179505 54.69054185837166
22.39431783114803 54.686125952562492
22.39048385828012 54.686510896500856
22.389129131717208 54.682096130439845
22.385295815086746 54.682480876458385
22.383264938969894 54.675857122574897
22.379433079989884 54.676241974350937
22.378755752971159 54.674033969127166
22.371090918374858 54.674802821420393
22.370414947197261 54.67259487062671
22.36275012899015 54.673362829450866
22.362074154383141 54.671154875508478
22.361399079314801 54.668946834655479
22.365231015033302 54.66856287549389
22.360501839234228 54.653107100742311
22.368163977712577 54.65233884262117
22.367487869206851 54.650130949687359
22.378978875776845 54.648977959605986
22.379655089524888 54.651185830523687
22.394974902356363 54.649646973748901
22.394298785351683 54.647438817913006
22.409617010316055 54.645897954901777
22.408939807111039 54.643689733707184
22.412769170725216 54.643304811586574
22.412091130680636 54.641096973900382
22.415920201185433 54.640711864372292
22.415243187728233 54.63850393037184
22.422900074555361 54.637732890778771
22.422221940336705 54.635525082335221
22.426049861013045 54.635138947916168
22.425372017937292 54.632930827663429
22.429199886363282 54.632545837262867
22.42852196191717 54.630337829669408
22.436177778522229 54.629565927183066
22.435499193694081 54.627357901461671
22.477599057571322 54.623102864008004
22.476917839248355 54.620894956913212
22.534311842030696 54.615070120020277
22.534994950279334 54.617276906035059
22.542646750885041 54.616497783374655
22.543330945478438 54.618704842338254
22.550982837582904 54.617926174624515
22.551667944582501 54.620132943145983
22.559320160922731 54.619352768680272
22.56000492276452 54.621560054212665
22.56765698508951 54.620779002720901
22.568341817969895 54.62298598698662
22.575994860180753 54.6222050092098
22.576681045585925 54.624412045031775
22.584332976978214 54.623629804154277
22.585019809454408 54.625836770355349
22.592671861201111 54.625055077882259
22.593358822814473 54.627261929884916
22.616316066721193 54.62491286336347
22.617004777022089 54.627118936218615
22.63995972111945 54.624766963118866
22.638581000080219 54.620353935362232
22.642405857537582 54.619960949897184
22.641027037000487 54.615548828915045
22.64485181626204 54.615155929046324
22.643473047528762 54.610744118188968
22.647296952095029 54.610350901112881
22.645917894998288 54.605938854171889
22.649741912484298 54.60554579966125
22.648362818125339 54.601133781424572
22.652186107276492 54.600740878421185
22.650807005182823 54.59632898331413
22.65462980529297 54.595935917629198
22.653250019365931 54.591523051946851
22.657073032579213 54.591131010277827
22.655694096746174 54.586717791527022
22.659516060527061 54.586324869655606
22.658825768660179 54.584118790697595
22.662647851650458 54.583725930345508
22.661268010849607 54.579313911589487
22.665088762846938 54.578920877820082
22.663710112320867 54.574507986316625
22.667530949810903 54.574115020543353
22.666150977118033 54.569702871087422
22.669970866245514 54.569309887571293
22.668592139341449 54.564898119328987
22.672412057140061 54.56450395083742
22.67172190803457 54.562297915155881
22.675541074170564 54.56190476965471
22.674160960329647 54.557493185426729
22.677981022924921 54.557098958698006
22.676601051033529 54.552686900109649
22.680419059787162 54.552293931997482
22.679038727114587 54.547881935441929
22.68285776610124 54.547487775744692
22.68216680656738 54.545281870006342
22.691839139020395 54.544283706130685

