# RBD_F1v3.0 river basin __ __ Vatican City (Vatican City)
# data from <a href="http://www.eea.europa.eu/data-and-maps/data/wise-Basin-basin-districts-rbds">EEA</a>
12.454511965207635 41.900222987470038
12.45451188959489 41.900222989320305
12.451503254166857 41.900405789105946
12.450873980726403 41.900444000060908
12.450615556284443 41.900459742819983
12.447987034534634 41.900619971630768
12.445907202444268 41.901836826232071
12.445764997523286 41.901919980245026
12.445764999800213 41.901920037141423
12.450524032047362 41.906527985530509
12.453008652025662 41.906661961930865
12.453009031213092 41.906662009610301
12.453252021741681 41.906672992933508
12.457405964665201 41.905838002957793
12.45742273571204 41.905834581793435
12.457666007469212 41.905785001274126
12.45766599377602 41.905784660802077
12.457529008480414 41.90348401079617
12.457521018301302 41.903351014696696
12.455944437771223 41.901711816131495
12.454905011254041 41.900631005187506
12.454511965207635 41.900222987470038
12.658327015061044 41.732460030555316
12.658327012597969 41.732459973656013
12.656641996173315 41.732516992019221
12.656641930618036 41.732517221618409
12.656056990401026 41.735385998309781
12.65377897075504 41.73852901631345
12.651878993629269 41.741154013822879
12.651917023933327 41.743408020723606
12.651917467890572 41.743407838972352
12.653538420977192 41.742842508307803
12.65362298229026 41.742812997678485
12.654030249039238 41.742342491809431
12.654944020641471 41.741286983786928
12.657764035828412 41.738032978644419
12.659978989363001 41.736636985486356
12.661222019920656 41.735488976511341
12.662466656903934 41.734344315111528
12.662467020428204 41.734344021520428
12.658901975538164 41.732723013706071
12.658404971372303 41.732495682071878
12.658327015061044 41.732460030555316

