# RBD_F1v3.0 river basin __ __ Jarft (Jarft)
# data from <a href="http://www.eea.europa.eu/data-and-maps/data/wise-Basin-basin-districts-rbds">EEA</a>
20.223797905507553 54.407456267874906
20.220622963282089 54.40765398452244
20.219253808641735 54.407775697329477
20.208714034479346 54.408712020826641
20.176940223021013 54.411534837056955
20.175236001073813 54.41168602422637
20.129256957916251 54.4153519997801
20.093101994025403 54.417800997213632
20.041819014722364 54.420726989320798
20.022908979444466 54.422101263382352
20.021302675541659 54.422217861179945
19.986387252973493 54.424747465006334
19.949415206866124 54.428062436894372
19.923480613251563 54.430763847337275
19.903966964513408 54.432793027314183
19.891515016945799 54.434463177892773
19.890972136782235 54.434535978350404
19.876661301449587 54.435665128658322
19.875532029850827 54.435737850487456
19.874647139883248 54.435794827767531
19.848493575282099 54.437324521460788
19.8468459524092 54.437447626527813
19.845697977175821 54.437532975422528
19.840490823468865 54.437921835839262
19.810564991109782 54.440152014369225
19.810564800057364 54.440152029578968
19.808274016551145 54.44032299416147
19.808180596633086 54.440330094349711
19.807970047130851 54.440345762097451
19.805368948836605 54.440423977704093
19.805288434604368 54.440426397994727
19.805211399875358 54.440428688138901
19.804972292226694 54.440435873471934
19.802058980366724 54.440523005913974
19.802058884074082 54.440523013573092
19.801920434994006 54.440527593837061
19.801877975296822 54.440528867523888
19.757223129902616 54.443500516854961
19.72976097878961 54.4460688007117
19.729761010825175 54.446068935863345
19.718330014084238 54.447135988927911
19.710673095317752 54.447852622035128
19.709974014807457 54.44791799242023
19.703887200520249 54.448459564017121
19.653463364089472 54.45293426331947
19.653429358416801 54.452964384392786
19.648811240335192 54.457054730267529
19.650380375901573 54.456931926613869
19.65142933530657 54.461377944469874
19.655261110343535 54.461076814883803
19.655786054737419 54.463299788047266
19.659617987428646 54.462999965655925
19.660143365189718 54.465222905582763
19.663976077127447 54.46492280109058
19.664501035552654 54.467144905114999
19.668334103997783 54.466844840523081
19.668860249957561 54.469068008754547
19.67269326888357 54.468766955266837
19.67321815182072 54.470989932530578
19.677052201202585 54.470688962042757
19.677578167942613 54.472911855018189
19.685243952031971 54.472309915991225
19.68629694372672 54.476755807609337
19.690131166706863 54.476453966221548
19.690657942807405 54.478676795107781
19.698325114236411 54.478073996396247
19.69990719759619 54.48474292101362
19.703742138031085 54.484440933893758
19.704269186738248 54.486663935437996
19.708104276985587 54.486361812238989
19.709160085533426 54.490806816128192
19.712994105347946 54.490504841256168
19.713523110239848 54.49272788401759
19.717358138816763 54.492425897455668
19.719473139391205 54.501315754120895
19.730979193546105 54.500408950290058
19.732568293529159 54.507076771821971
19.736403947083694 54.506773840934628
19.737463986402719 54.511219012008937
19.74130131840456 54.510915917559878
19.741831058459578 54.513138815715514
19.745668117547591 54.512835906441872
19.746198066818557 54.515057823233583
19.742361177187735 54.515360914825251
19.743422126257279 54.519805836450701
19.747259138439954 54.519502922598825
19.748321138397273 54.523947959092922
19.752158013489723 54.523644927980996
19.75269026977481 54.525867926513534
19.75652711417505 54.52556400161852
19.757589987296896 54.530008877707836
19.761428292745205 54.529705962019705
19.763023157214999 54.536372905301938
19.766862139636658 54.536068938250068
19.768459211640312 54.542735722256602
19.772297898370045 54.542432900433717
19.772830218183678 54.544654942564826
19.776669947459183 54.544350852048829
19.777202189458713 54.546572803274515
19.781042158859687 54.546268954200229
19.782108177918996 54.550713895200424
19.785947964996637 54.550409739370465
19.786481213613591 54.5526319031367
19.790321031420834 54.552327811464863
19.791389073675958 54.55677182596559
19.795229288834829 54.55646776838627
19.795763149848288 54.558689885086594
19.803443976968829 54.558079918031204
19.802909060170055 54.555857890668946
19.818269917319459 54.554637908255316
19.822110067533039 54.554332899939673
19.822644994677361 54.556554816488415
19.834165278976826 54.555637808069122
19.833629069738905 54.553415904971864
19.837469221535329 54.553109923677148
19.852827246043883 54.551885941929598
19.853364184665118 54.55410796495093
19.8648831297022 54.553187828868332
19.86542107083239 54.555409766118473
19.876940213101634 54.554488789338009
19.877478061061371 54.556710922191648
19.881317955770843 54.556403795862316
19.881857215858389 54.558625814740545
19.885697123972534 54.558317983695595
19.88623595758834 54.560539843580131
19.890076241851268 54.560232820887833
19.890614906099309 54.562454887209846
19.898295330083172 54.561838839517563
19.898835307159636 54.564060894705122
19.902675186899312 54.563752855468714
19.903215109857872 54.565974914873848
19.907056022639374 54.565666956258667
19.918415942721072 54.612321808206886
19.918958039208878 54.614542786286812
20.072710047734137 54.602109947531332
20.072160297486384 54.599888834773928
20.076002157001302 54.599575894673137
20.075452277862183 54.597354799020842
20.079295070194195 54.597041855846982
20.078745105370732 54.594820965022087
20.082587105396772 54.594507773317062
20.082035985211672 54.59228679029728
20.085878077714629 54.591972891834907
20.085328063647033 54.589752884707202
20.089169060830017 54.589438859500717
20.08861800482023 54.587217882691633
20.09630092485272 54.586590840252818
20.095750167495215 54.584369750682413
20.099591203586943 54.584055841472789
20.099040012872116 54.581834890011898
20.102879977161543 54.581520948404169
20.102328981166284 54.579299986735187
20.106170157620319 54.578985825975536
20.105618101395546 54.576765824156993
20.109459020244074 54.576450889173188
20.108907158845469 54.57423087715221
20.11274700780908 54.573915910610609
20.112196158079435 54.571695821500789
20.116034933784768 54.571380821921565
20.115484164803267 54.569160924960144
20.119323010772575 54.56884579965044
20.11877103756547 54.566624946546646
20.130288114818274 54.565680823731135
20.130841088667363 54.567901876109673
20.134680371342661 54.567586898734206
20.135232195583857 54.569806886927779
20.139071997339133 54.569491934226086
20.139625170111664 54.571712873100374
20.14346423169987 54.571396890878646
20.146231152395217 54.582499983586395
20.150071191734341 54.58218387965988
20.151733265652901 54.588845853999771
20.159414068807774 54.588213875584984
20.15996909441802 54.590434965222315
20.167651317548774 54.58980275846956
20.168206233927503 54.592022793492596
20.172047058754682 54.591706863976427
20.171492007787087 54.589485781454158
20.186855184919533 54.58821989082842
20.187411043581427 54.590440894209813
20.198933088304592 54.589489865852585
20.206613947085412 54.588855884361884
20.206058220740879 54.586634884614632
20.209897969353907 54.586317817052446
20.209341184224275 54.584097778140766
20.220861217525748 54.58314481588036
20.220304226224759 54.580924806582928
20.224143258576479 54.580606926096692
20.223028063197678 54.576166828343418
20.219189180206204 54.576484979777177
20.216402979791138 54.565383946644225
20.220241279005741 54.565066919813361
20.219127236530174 54.560625994407047
20.215289250707396 54.560943954919999
20.212504933558524 54.549842867056263
20.216342099606091 54.549525760574127
20.214671900932863 54.542865909963119
20.210836153265461 54.543182889367806
20.209724196647095 54.538742808108701
20.213560120002736 54.538424854542349
20.213003233480947 54.536204895817349
20.216839138683625 54.535887789353829
20.215726248491514 54.531446849602702
20.219560927733578 54.531129919895889
20.219005019865008 54.528909991572739
20.215170191968735 54.529226833662122
20.211834160100501 54.515905809515942
20.20416622357272 54.516540780914106
20.203610098024274 54.514320784664669
20.1997770046328 54.514637769805944
20.198111964346403 54.507976935843821
20.194277953500773 54.508293865325378
20.193169177487668 54.503853888371786
20.189336050563625 54.504170809305649
20.187119141532303 54.495289957779164
20.190951233988972 54.494972844852583
20.190397277066584 54.492752981742328
20.186565104699902 54.493068940750788
20.185457087264201 54.488628935600289
20.177794244801596 54.489261893634179
20.176688083118218 54.484820866385746
20.169025082138663 54.48545294916147
20.167919129347958 54.481012965701517
20.164088216054203 54.481328865411413
20.162431097084674 54.47466783627204
20.170092106380231 54.474035806034266
20.169539132864365 54.471815009668504
20.173369298672927 54.471498938072017
20.172263078176087 54.467059021031822
20.176093227260388 54.466741966580869
20.175540255425027 54.464521955705386
20.187027155978793 54.463572961125472
20.187581216579289 54.465792873259076
20.191410103145067 54.465475818093509
20.192518167859117 54.469916903246961
20.21166616626067 54.468331875963564
20.211111201515326 54.466111857588004
20.214940076545567 54.465793871994343
20.213830309836847 54.461353933050617
20.225316111161526 54.46040087062034
20.225872220832443 54.462620776651953
20.233529201444973 54.461984929713154
20.232972968159924 54.4597648476553
20.259770965872082 54.457536916813048
20.259214215768662 54.455316901130956
20.263042223164401 54.4549978853696
20.261927191497247 54.450557801917711
20.258099957169836 54.450876940501601
20.256428899781888 54.444216799678294
20.248775115050755 54.444853862230687
20.246549075502678 54.435974936614123
20.242723074146408 54.436292909013844
20.242167319774413 54.434072828977783
20.234515160874555 54.434708799685339
20.231738173722192 54.423608941086606
20.224088284601006 54.424244878476038
20.222424052571593 54.417584797228031
20.218599067786847 54.417901950403014
20.217491017896734 54.413461913073625
20.221315139799358 54.413144934384135
20.220206071547292 54.408703937961015
20.224030203062231 54.408386745860966
20.223797905507553 54.407456267874906

