# RBD_F1v3.0 river basin __ __ unknown (Lichtenstein)
# data from <a href="http://www.eea.europa.eu/data-and-maps/data/wise-Basin-basin-districts-rbds">EEA</a>
9.607038970104465 47.060772016563504
9.602806036300105 47.061897011150819
9.599749032813742 47.058970986203015
9.597579997557173 47.059284004354403
9.596004213783134 47.05909702272119
9.596003966533534 47.05909702179909
9.595630323786493 47.058750646897899
9.594266986577292 47.057487009657912
9.592767735267307 47.057295572284694
9.591674961884353 47.05715598846583
9.589858435121505 47.056255533485107
9.587694964452474 47.05518301775394
9.584201826169807 47.053920738380974
9.581120042131786 47.05280700259835
9.581119959286884 47.052807002277959
9.579002299371346 47.053685598486005
9.578242014935991 47.054000981952392
9.572541071000455 47.0525360303387
9.572540988156 47.052536030011758
9.569195980632047 47.052527981848641
9.564559979068253 47.050837980964829
9.561331050501664 47.049310565656214
9.559772037901318 47.048572980437434
9.556842021612656 47.049327982700952
9.554369996546262 47.050506983741393
9.553257999675024 47.056983998170779
9.552169580924248 47.058205975520337
9.551603159560139 47.058841784310296
9.551602993236138 47.058842009590222
9.550996959664216 47.059276906555873
9.54852599755036 47.061049976267647
9.547294410735438 47.061516068320287
9.54553997309506 47.06218001965339
9.544476710304643 47.063450610444015
9.543841967422475 47.064209003105887
9.539739015717247 47.065147007237606
9.530528010365627 47.06303397382522
9.528609506263859 47.062695990167825
9.517262021061411 47.060695982869248
9.517261611213403 47.060695641639683
9.514948609860754 47.058649747980027
9.51401416419 47.057823177367709
9.514014000052214 47.057823007379568
9.511901013766145 47.057219981407783
9.504146015234602 47.056644008771116
9.501768890258079 47.057264807039161
9.500317006344249 47.057643998437847
9.500316926418577 47.057643828817234
9.499616078924918 47.056288205325778
9.498962080026104 47.055023070032711
9.498961997719521 47.055023012934519
9.497479976052199 47.054550003506193
9.495432969929217 47.055660002588837
9.492359007238061 47.057284978301993
9.489318238027931 47.054247619896664
9.486601017943602 47.051532988739119
9.486600936756501 47.051532819101652
9.486008028801114 47.049686013817968
9.484441965635078 47.049713018003459
9.48444188168159 47.049713131039233
9.483867345049363 47.050662935942206
9.482475974691443 47.052962984658869
9.482297238516995 47.056441557740136
9.482296015975294 47.056464969027239
9.476283031327137 47.055000014818887
9.476036023784792 47.051800003511815
9.47221501697703 47.061295022679623
9.47219996951228 47.062018798400537
9.472177973628146 47.063079999275672
9.472960972440347 47.064423017444376
9.474482801055395 47.065573225869159
9.474898005921444 47.065887019344451
9.476315463773307 47.066688488036966
9.479918963893642 47.068726019964934
9.486752538467538 47.071355953431578
9.49074202291458 47.072891020304766
9.502183969032474 47.079544009655265
9.512238020831077 47.085360982412674
9.514379978978081 47.086680997649339
9.515132031918439 47.087769582936971
9.515597981713206 47.088443973140883
9.517621892291151 47.093010610687834
9.519478040377313 47.09719799410329
9.519712787655294 47.098788670912356
9.519924032566827 47.10022001821045
9.519630972156413 47.103438994580813
9.516634010633091 47.115134978824443
9.51631833038736 47.116193771775173
9.514599011845318 47.121959997696585
9.5126767853437 47.12948416955296
9.512142984023093 47.131572969253568
9.508704985912516 47.140063969457962
9.506644016650579 47.143669000689684
9.504590116781648 47.145718754088051
9.503219031344075 47.147086979480314
9.499818102275587 47.150392003570566
9.498575041016645 47.151600010874944
9.495115028658148 47.156952004960729
9.491949967237048 47.161716006952872
9.491119036936526 47.163732466032918
9.490307035951703 47.165703022262576
9.488246672888382 47.17183015742841
9.486184027675266 47.177962993480037
9.486045890934351 47.178846718009851
9.485679984791675 47.181186978269999
9.485875491754555 47.18262380102486
9.486115968936769 47.184390976304215
9.487599964014452 47.190292009336531
9.489286030623356 47.196048989667453
9.489801650703473 47.19727514275273
9.490210005043668 47.198245987130861
9.496110000998822 47.206703009465606
9.497002464945407 47.207883811291211
9.499092021751096 47.210647970873801
9.499621008392428 47.212645993744047
9.500138998308591 47.21605698042768
9.501337973684405 47.219962981327932
9.501338055710782 47.219963095129678
9.502705994409189 47.222796980766056
9.503626757700934 47.224053578021092
9.50425499899878 47.22491099705087
9.510373040330043 47.231781008287555
9.512176145598765 47.233923079169173
9.518858021241964 47.24185902355206
9.5203080301313 47.244048983593132
9.528275026171587 47.260043982881115
9.529424026158384 47.26259598764242
9.529584562621194 47.263265534232588
9.529798987305002 47.264160017438904
9.529796562718005 47.267290585325981
9.52979502515397 47.269375008305566
9.52995993729655 47.270942478054565
9.529960015902818 47.270942986992601
9.536404008914802 47.266682017603848
9.540989991925889 47.26324100347037
9.540989827066042 47.26324083264074
9.54076874062681 47.262959090379418
9.539553006203047 47.261409977137056
9.540708658346823 47.260841880753738
9.541509960905655 47.260448002272405
9.543205980777648 47.259285020806097
9.545299969843182 47.258162985494707
9.548614970565026 47.257102999030074
9.549151452523253 47.256807562063436
9.550359992879796 47.2561420194791
9.552920667390238 47.254304272709838
9.553012968992938 47.254237970681793
9.55567798797267 47.252688976910207
9.556640981695407 47.251890918528865
9.556997972523957 47.251594992520545
9.558171262261082 47.251148493439445
9.559375980940814 47.250690006165165
9.561647972115889 47.248504970976747
9.561648054427557 47.248504914597326
9.561989821599973 47.248129446825452
9.567527983321506 47.242043015406239
9.567648944589191 47.241365138077725
9.567783991495771 47.240608020880032
9.56735660125514 47.239759982181027
9.567214983768096 47.239479002068734
9.565493498046587 47.238305163134726
9.559669020380653 47.234332973990234
9.557600025547577 47.231471983538071
9.557432991566809 47.231244446139108
9.55235309961534 47.224323190416406
9.552353017957202 47.224323019943185
9.553902358442619 47.223619694833211
9.555957013282894 47.222686976354694
9.558126016913945 47.22450298802449
9.560970738946907 47.223268421621874
9.562231984852904 47.222720989502477
9.564389039809093 47.22117599139802
9.566802597676165 47.22044896683294
9.568947029991964 47.219802999591565
9.571705515921806 47.21743849729895
9.577459999722219 47.212505002253828
9.578251302389511 47.210276936877491
9.57868597580763 47.209052988280959
9.579835158367816 47.208411534984471
9.585963764142107 47.204990113382486
9.585964012980153 47.204990000905987
9.584142974172384 47.204024985107715
9.583049966770529 47.202900014763422
9.583031062949773 47.202434289027956
9.582994982295018 47.201545999570392
9.582577127669845 47.201141464783611
9.582087994069362 47.200667991826357
9.581307537040498 47.199306427918962
9.580772003179339 47.198371979153492
9.581022929723002 47.197642765583694
9.581242039319678 47.197006015471892
9.579950256426732 47.195177546835161
9.579797974942153 47.194961974776341
9.573235020129768 47.19065899498586
9.573235021048445 47.190658882463396
9.573982531753172 47.188702985222193
9.574087997088172 47.188426991516039
9.573595039505271 47.18393697811706
9.574225039579778 47.17818102366909
9.572745992257133 47.175812016993717
9.566619023083517 47.1726990277553
9.564544978540722 47.170292003172726
9.572922002024873 47.169612973774363
9.579449983405304 47.171158016399247
9.585826938905482 47.167728461836248
9.590954990569397 47.164970007729558
9.596648961153294 47.163364022914308
9.600703980365367 47.159045979373879
9.600370989662558 47.157008969328864
9.601313740252712 47.156111709426874
9.602591009277441 47.154895986549988
9.603968965024904 47.150158013331044
9.60888799733125 47.147750983905759
9.61171299586729 47.147511020420488
9.614117970093046 47.14758702176097
9.614312518454849 47.147694783901194
9.617766967989283 47.149608980608924
9.620469973312041 47.151703015680233
9.623394991231297 47.147098982548449
9.625399349727806 47.146237600725073
9.626405530636966 47.145805156438556
9.626406028480995 47.145804988910449
9.624263325762934 47.143320220913488
9.622567974792652 47.141353988616544
9.62256822578609 47.141353706817902
9.625358023314398 47.138111005816455
9.624910066686066 47.136688642631697
9.624396034502421 47.135055979369284
9.62488781303893 47.132864293929366
9.625103982611831 47.131901011035602
9.6297749946779 47.130955006955055
9.633385255696679 47.129010419611049
9.635016039089274 47.12813197973307
9.633442768977911 47.126302173180576
9.631699981849938 47.124274987826382
9.624371030278828 47.119056986608037
9.624427966166522 47.117911980260288
9.624506858738958 47.116727059634655
9.624623007458821 47.114982983982237
9.62151111388061 47.111434788415501
9.62082896272949 47.110656997818388
9.621008726972006 47.109818529441114
9.621143033836592 47.10919201003454
9.622638965621713 47.108192007615834
9.628392960290153 47.107410004704747
9.628323225128527 47.106735320717405
9.628195057741973 47.105495323732299
9.628194977221352 47.105494984063348
9.63199297164085 47.103343992380104
9.633843385958325 47.101209438576724
9.634890003010003 47.10000197214881
9.636062966908918 47.095477995012523
9.635567830784984 47.092014601044745
9.635330026038448 47.090350977886921
9.633967999359136 47.08773398978429
9.633249997020352 47.082962031276729
9.633249997416971 47.082961974561911
9.632677080885696 47.082939897173361
9.623373032080046 47.082580971948694
9.618675962506963 47.078170971276101
9.611520040721301 47.079403002156241
9.611519958667708 47.07940288932965
9.610486980119674 47.075038969267453
9.611123551567324 47.074211023620038
9.61332898692881 47.071342062035392
9.613328987346828 47.071342005320304
9.613337151068611 47.071064139399908
9.613383008862293 47.069495977110577
9.611202002058803 47.066704016993697
9.611803035173953 47.064621023059374
9.607039052962088 47.060772016864085
9.607038970104465 47.060772016563504

