# RBD_F1v3.0 river basin AT de Elbe (Elbe)
# data from <a href="http://www.eea.europa.eu/data-and-maps/data/wise-Basin-basin-districts-rbds">EEA</a>
15.21738999977185 48.958531994875671
15.218791977238649 48.95867100360924
15.215212965108211 48.95483800637102
15.215212855420916 48.954837784365715
15.21170001343998 48.950957994839612
15.210320346152505 48.949461888341915
15.208146981026442 48.947105015783308
15.205200685588855 48.944117300673319
15.204445983631443 48.94335199480205
15.201161967507138 48.940337974092806
15.201024746517488 48.940248213801063
15.200375008125709 48.939822973519611
15.195678977176806 48.938342974330666
15.195320295409052 48.938137973485361
15.194325026733788 48.937568982627212
15.193855988136619 48.936816988514771
15.193574988244285 48.935821969793146
15.193574976461555 48.935821857679002
15.193584722713252 48.934240001561342
15.193592021934915 48.933047974890741
15.193773027590794 48.930144990659088
15.193388031950484 48.928406013910468
15.1927360329972 48.927524982260373
15.191823001408375 48.926963983899498
15.190344024779519 48.926532994986836
15.188207999400433 48.926228017992237
15.182918958551509 48.925788981471463
15.182730391594291 48.925754760993229
15.180581969833405 48.925364991498078
15.179542963227618 48.924918983696365
15.179069776530639 48.924424221437661
15.178974012354933 48.924324018536922
15.178666961327918 48.923339978639994
15.178676160557272 48.923185750314573
15.178738972995081 48.922122986538717
15.179185675546798 48.92072426537058
15.179325018601061 48.920287990184569
15.179632909580061 48.919636857021707
15.180691966339545 48.917397023030119
15.181529959563942 48.915470233511996
15.181894997880086 48.914630978631031
15.182307984544169 48.912647020286542
15.182247739955562 48.912081950691622
15.182192014492184 48.911559992041127
15.181758990275068 48.910651972125308
15.18129628051889 48.910195354320798
15.180923959622545 48.909827973238265
15.180210937962633 48.90937363422762
15.179630965129897 48.90900400141625
15.178894468695001 48.908664964699923
15.177095967706082 48.907836971195984
15.172760034870436 48.906234997891161
15.17113332863299 48.905574721141683
15.169384995452365 48.904865016723676
15.168195471820676 48.904000168605727
15.167927038737798 48.903805009892878
15.167927027024747 48.903804897774073
15.16790797946995 48.903388999238722
15.168647752428436 48.903057081814097
15.168648002365936 48.903057013449484
15.169775337954762 48.902878878481438
15.173691966067953 48.902259974554426
15.174391971494231 48.902100312337936
15.175633962712043 48.901817017650423
15.176702802023572 48.901331542285249
15.176792033335463 48.901290987807243
15.176792027516282 48.901290932196794
15.178041975298354 48.899109002232649
15.178446012368777 48.89795252112102
15.178843016707249 48.896816013255304
15.179398041715073 48.894366991421506
15.179573826998649 48.892747292308705
15.179672966635016 48.891834025415676
15.179643414219672 48.890544719905108
15.17961900947112 48.889481009393641
15.179182059580031 48.887245167148386
15.179182053666825 48.887245110640798
15.179182041840408 48.887244997625643
15.179139710590626 48.887153187622076
15.178371039373882 48.885483010691686
15.177692022693238 48.885029011901594
15.176486003625481 48.884784994519762
15.171631973822524 48.88482298703925
15.16921396555958 48.884803970308489
15.167588994630238 48.884556007800661
15.166647033783228 48.884125006265933
15.165713968829866 48.883151993734607
15.163969005423001 48.88096685882482
15.162661974475972 48.879330023209974
15.159956987055873 48.875103000460911
15.159382563803291 48.873972677405384
15.157691022364826 48.87064399060457
15.155955997184225 48.866115987767571
15.154844023735388 48.861687011913311
15.154660508885161 48.859670254057527
15.154644002209331 48.859489354758843
15.15464396702148 48.859489016597287
15.155333961847957 48.857455975212808
15.156452964621971 48.855750999013388
15.158484971036918 48.853291022803425
15.160363992702592 48.850914023164712
15.161396024266423 48.849078969550369
15.161767968805973 48.84706116344055
15.161768036879334 48.847060990841371
15.161056012716363 48.844649995275333
15.159052961272021 48.840126000313582
15.158932963094392 48.839039019330741
15.159043866896512 48.838494495563907
15.15912799140853 48.838081004391071
15.159610911351656 48.837260174488527
15.15967098281806 48.837158065437102
15.159670976936173 48.837158008927133
15.160591969180633 48.836215969888976
15.162271005727776 48.83499098803042
15.163675926751498 48.834138278461879
15.165644987887436 48.832943002894574
15.166765860126466 48.832142495035839
15.168251993456757 48.831081012729086
15.169686020999913 48.829303979107856
15.17044897729917 48.826934981065719
15.170412037383077 48.825813110878855
15.170412025692476 48.825812998756675
15.170387115351305 48.82573368445864
15.170094992865648 48.82480198552777
15.169838068176198 48.824403631035452
15.168941001126278 48.823012995602134
15.166685016065401 48.820522008878996
15.164591988329072 48.818172021681157
15.163687013203303 48.816566015261792
15.163603055191306 48.815723243110085
15.163603031754736 48.815723017966114
15.163756019392471 48.81559434091961
15.164119003857701 48.815288981799284
15.16531301817108 48.814971977942946
15.166027950732783 48.814864176083681
15.168528964086278 48.814487005912369
15.169346046056608 48.814275679635145
15.169971040869816 48.81411398242048
15.170748995019901 48.813621992675401
15.171085902782364 48.812925488482414
15.171312031594018 48.812457985586889
15.171536012576599 48.810921014343293
15.171350427490605 48.806961976971898
15.171301032958448 48.805908010929123
15.171324954948039 48.805703938371181
15.171453979436953 48.804606970391681
15.17181384724134 48.803641872413053
15.171835015815967 48.803584996006613
15.17245898751084 48.802787992990645
15.172925508903063 48.802467142393979
15.173374982905008 48.802158011222069
15.17581498497519 48.801249970347769
15.179423007224937 48.800594024199633
15.18686203397866 48.799773977933597
15.19056699600527 48.799113993466001
15.191376421441957 48.798827641975237
15.193141996014974 48.798202997961525
15.194397139079632 48.797271133711078
15.195301015422475 48.796600009859588
15.19725699409312 48.794117002362604
15.197256988176264 48.794116945853936
15.198038983658954 48.792430989361691
15.198014032759671 48.791740006693232
15.197976203507675 48.790706607701807
15.197960032775121 48.790263996178687
15.197888088107446 48.789880619995117
15.19768401416275 48.788792010719277
15.196194983434555 48.787784970375682
15.194413425894853 48.787365805928708
15.19236596641807 48.786883982429373
15.192182999864402 48.786776990206036
15.192162914525992 48.786775095116916
15.192150972705825 48.786774009924372
15.188031972789592 48.786667007178707
15.180291015677927 48.786979978705169
15.1789040180253 48.787117009396383
15.177585014897964 48.787444989515187
15.17718560554763 48.787613808751395
15.173903027020692 48.789000981584145
15.171983018894679 48.789809981224693
15.1717003108201 48.789888127773828
15.170517978882561 48.790214992574086
15.169209031448977 48.790294983149167
15.168078025367471 48.790042999026824
15.166449972639482 48.789120018092596
15.166449876790473 48.789119909875389
15.163113982948561 48.786414996357934
15.162631672307599 48.786142155720754
15.161819972020572 48.785682987838385
15.161274275784599 48.785537384041156
15.16060199078432 48.78535800672659
15.159133043625339 48.785404018234154
15.157389007200656 48.785816013421154
15.150908009528193 48.788261017944407
15.149590505497097 48.788546455986449
15.149444973155163 48.788577992878068
15.149444632359065 48.788578008643853
15.148153995913836 48.788634989710445
15.147641806161296 48.788561897675656
15.146529022734549 48.78840297561873
15.145060749708865 48.787987296665968
15.144749024654336 48.787898979590743
15.143420628556267 48.787318253257389
15.141834959239006 48.786624982702392
15.139045986051746 48.784900999666711
15.137508986195414 48.783656974587707
15.137393887068262 48.783465671981126
15.137230978914898 48.783194973177807
15.137236974008612 48.783011842367692
15.137259957426359 48.782306997363868
15.137784324546899 48.780810440937387
15.137843994079008 48.780640008345159
15.137844056309953 48.780639779243359
15.138024014856919 48.779590970934507
15.137637965352845 48.778964977854407
15.136193999086812 48.778411992215965
15.133869967038729 48.778019019401661
15.128465024158242 48.777507976714915
15.126235041144337 48.7770810111993
15.125436858492263 48.776716221488918
15.125315984325431 48.776660969178508
15.124933819909916 48.776152999659544
15.124900041854811 48.776108006436615
15.124900036116035 48.776107950820077
15.124843977614166 48.775166025713112
15.125231965260211 48.7740140019568
15.126314042614867 48.772282008659552
15.12841996063295 48.769642007604993
15.130443999697071 48.767039991564197
15.1308246050998 48.766370755928421
15.131496013186798 48.765189999669694
15.131635019509858 48.764603142320681
15.131740991111874 48.764155981998762
15.131061986186266 48.763340013053991
15.129197009026452 48.762447001314086
15.12826901136277 48.762259977973976
15.1279027898692 48.762280028763946
15.127555990507982 48.762299012923343
15.126695049631914 48.762667982007244
15.126338005172174 48.762821021785918
15.125523012953392 48.763370662816669
15.123543017361397 48.764705987017109
15.122201958715829 48.76515201191895
15.122048076890636 48.765141087614516
15.120103028176693 48.765003017216188
15.119417427636016 48.764777244118306
15.118204988215373 48.764378011507794
15.117602034850789 48.763775018358082
15.11772728715008 48.76286342937285
15.117754034985621 48.762668982289071
15.1186209886762 48.760880017732617
15.120656010192802 48.757850974676927
15.122141015884633 48.755271980006064
15.122373978473588 48.754375013276757
15.122327717417591 48.75395191758431
15.122296042272305 48.753662020749793
15.12201820106676 48.753308141190445
15.121814005349542 48.753047990013137
15.121582940910212 48.752943501238711
15.120860996126165 48.752616973559086
15.119374005132718 48.752330973997495
15.118548816568786 48.752269165249238
15.117277980377438 48.752173998231413
15.108788965783239 48.752151009645118
15.107690385058044 48.752084800883452
15.106714019637652 48.752025995813845
15.105721567956111 48.751843904663403
15.10529696866187 48.751765990861365
15.104642162017731 48.75144970265093
15.104412988870761 48.751338977754834
15.104224013758468 48.750824008505539
15.104795264577659 48.750029918088352
15.105157026772687 48.749526993872863
15.108479994907038 48.746777014322554
15.108480465807581 48.746776596123667
15.109918030062035 48.745426007041353
15.110131542375919 48.745118728524226
15.110663014359405 48.744354006811093
15.110728342088361 48.743909019221938
15.110784008082495 48.743529995735095
15.110499852898133 48.743021615877296
15.110295989734922 48.742657007927136
15.108590033381274 48.741157988350935
15.10560421484972 48.739437111560029
15.105604032329715 48.739437006374544
15.105455768478354 48.739361531567063
15.099524991429369 48.736340009642298
15.09786315943018 48.735156447812436
15.097044003542669 48.734573009494234
15.096615557541613 48.73407914156698
15.096322961106051 48.733742022213363
15.095925961470655 48.73291402043327
15.095857357742592 48.732129127090495
15.095850975866595 48.73205597277336
15.096080999465723 48.731094022884065
15.097497025837384 48.728759973885587
15.098436991248677 48.72766818129351
15.101319967880626 48.724319010138579
15.10276500626736 48.722018989947884
15.102987976299072 48.721049977300609
15.10284001237919 48.720405991649173
15.102286971038589 48.719970981289983
15.101295986545288 48.719577978125976
15.096316034981889 48.718398967642464
15.094938265820339 48.717842089206997
15.0949379979838 48.717841987916749
15.094759250698603 48.717659397740398
15.094333030174864 48.717223976341437
15.094266004873997 48.716376998325337
15.094284912386929 48.716284960783156
15.094693962801449 48.714294019397769
15.094531068263521 48.713638308234636
15.094531033641104 48.713637970030028
15.094203724990621 48.713492086897524
15.093950039491498 48.713379015863296
15.090401960639591 48.713878979964505
15.089872956475412 48.71383694517111
15.089144030300103 48.713778973940123
15.087994336456219 48.713188131093069
15.087060007995701 48.712707983900756
15.085523311562525 48.711540287253051
15.084057011559324 48.710425979753175
15.082547008234327 48.709353972583592
15.08175463913831 48.708932813090634
15.081264034757076 48.708671985579556
15.080675596798839 48.708486299879048
15.080041003829376 48.708286014952016
15.078792013618203 48.708182998103972
15.077520034193261 48.708352831237406
15.075930957689193 48.708564989762387
15.074100536831684 48.709121111444396
15.072116020062188 48.709723985405184
15.065715999101373 48.711952007093672
15.064837231367935 48.712121212508485
15.064287979906471 48.712226984640161
15.063874974406094 48.712146982901473
15.063875206378489 48.712146746113312
15.064161911474068 48.711768497454592
15.065479990396538 48.710030016234164
15.065480058549664 48.710029842785978
15.065666035742057 48.709286006814921
15.063535040862657 48.708439002999697
15.061916868810158 48.708082727974883
15.059688041454002 48.707591990176084
15.058643996689037 48.707413280537139
15.052404962728467 48.706344998671099
15.048988984378129 48.705501990357831
15.0468389891378 48.704548010874255
15.046770208287695 48.704405490577386
15.046618006980159 48.704089968318364
15.046772116859131 48.703646154039809
15.046841992285888 48.703445014965055
15.049416956879169 48.700183987258498
15.049530982037091 48.69956208427773
15.049530970663723 48.699561972134831
15.049474928834163 48.699491922065427
15.049237964564233 48.699195996084271
15.04665819004687 48.698472593214866
15.045836202445329 48.698242068113004
15.04583602593638 48.698242019345813
15.045300987972894 48.697933002794421
15.045125866917699 48.6976873216312
15.044961015996593 48.697456009946727
15.043889927268317 48.695493244346324
15.042631980870594 48.693187976160559
15.041762018704356 48.690823021987569
15.041510797522683 48.689532741432444
15.04134299738238 48.688671021010379
15.041446022708929 48.68637800567442
15.042374975791368 48.684253973464145
15.044569759721918 48.681400080287055
15.045883969150466 48.679690975469072
15.046585374594919 48.678752746888378
15.047645987457699 48.677334022053458
15.048037683255068 48.676463307907788
15.048390984052871 48.675677973547018
15.048387962786911 48.675190720770061
15.04838496637416 48.674712978932519
15.047974009058501 48.674193976196037
15.046887968935579 48.673843017894974
15.045020956926745 48.673663987056038
15.044039051225978 48.673640277571664
15.039525960762443 48.673530972772078
15.038174942799028 48.673327288848952
15.037091981579561 48.673163986790094
15.036727847534088 48.672983377091356
15.036208970232465 48.672725973968994
15.035880485058534 48.672167857511425
15.035786965467627 48.672009011431768
15.03575370725588 48.671377827202178
15.035733008850784 48.670986002476866
15.035861149993844 48.670170883261768
15.036034040528206 48.669070996921938
15.036068721593631 48.668488546669323
15.03610102224691 48.667946012718026
15.035475286689472 48.668261928400518
15.03060096772071 48.670723022933778
15.027521040176019 48.672188012465128
15.025529792199963 48.672884854345696
15.024894995567069 48.673107002665994
15.023791036460844 48.673317462817103
15.021951974613142 48.673667994909295
15.01828997750089 48.67388198913811
15.014877791773269 48.673803495202307
15.011122973841081 48.673717021362641
15.007275037083625 48.673705966914547
15.006983652153744 48.673729121725685
15.004337977254032 48.673938977187625
15.001184037817277 48.674682974288267
15.000153757647842 48.67526915363382
14.998892021184574 48.67598697058115
14.998587423286311 48.676268964850181
14.997103026038507 48.677642981499666
14.995361266489295 48.679719198595023
14.994920970420711 48.680243972878273
14.992855032866631 48.682701019669572
14.992234045503499 48.683246073314258
14.991250979920729 48.684108969515229
14.989982011065154 48.684769011651667
14.989072034192439 48.684891012856262
14.988311420919111 48.684670970971567
14.987830980013293 48.684532005816465
14.986372999161418 48.68366998569865
14.985635494643267 48.683010560246522
14.983784025096186 48.68135501841941
14.983380857442803 48.680769823775933
14.982406970597465 48.679355984183481
14.982052027095511 48.678069992177171
14.982056527413915 48.677613001268696
14.98206401735553 48.676848971982096
14.982419034443808 48.675849995565592
14.982497995762614 48.675754610287662
14.983174009306788 48.674938005625208
14.984192059299748 48.674163695944877
14.984974015933709 48.673568993960096
14.988471023280429 48.671513011629386
14.991198018952423 48.669654979337153
14.99191598698251 48.668865022137695
14.992260973857503 48.668114017513673
14.992269040311287 48.667212977695925
14.991975988127709 48.666152988063395
14.991635952260864 48.665579820461879
14.990563984213946 48.663773003175983
14.988365966703334 48.661530001567868
14.986426022757453 48.660278092268484
14.985864959526218 48.659916019648001
14.985570593546489 48.659802618669822
14.984637011376826 48.659442990136405
14.983366974237082 48.659184009180848
14.980897104705925 48.659157814850857
14.980068024262151 48.659149009409894
14.977227963298374 48.659514976712956
14.973121002642994 48.66030101358416
14.969023982965577 48.661078974207136
14.967239923496779 48.661302081239917
14.966120981888086 48.661441973830087
14.965119901679849 48.661467585509847
14.964048991874671 48.661495005507433
14.963328383374447 48.661312091502261
14.963328032141995 48.661311993640638
14.962546960197011 48.660744015351796
14.961020995039949 48.659057968915597
14.960570196173311 48.658767633216435
14.960385988952712 48.65864902120267
14.959769033631932 48.658545996048005
14.956588974962109 48.659843011628304
14.95622432451262 48.659852431208698
14.955971962800522 48.65985899098974
14.955735801811217 48.659756789236056
14.955230000477526 48.659538024347292
14.953753674090766 48.658672017962985
14.953007038504735 48.658233978458988
14.950380984298963 48.656258013410088
14.946770071805656 48.653387948934018
14.94565801062153 48.652503979625514
14.944223981933936 48.651626178447728
14.943028006064901 48.650893990732278
14.940585027600838 48.649971015733776
14.940511507581792 48.64995780831287
14.939285959904939 48.649737979488002
14.937979111173213 48.649706740045644
14.937865094510435 48.649703995753875
14.9378650091958 48.649703999546986
14.934527014411779 48.650211007038571
14.931561962108381 48.651103997944865
14.93000844940215 48.651707202747552
14.927946014332417 48.6525079863328
14.926031598418907 48.653337892776221
14.924128015264763 48.654162980150275
14.923836182384697 48.654372737705934
14.922247997041966 48.655513972934834
14.920932282648909 48.656805674540387
14.918969028907764 48.658732966876194
14.918397095246666 48.659181373491819
14.917659014794397 48.659760001168422
14.917109792717081 48.659989115642823
14.916819987648767 48.660109978621769
14.916381847798213 48.660108251278167
14.916067008398622 48.660107010748924
14.914992020175683 48.659626013530186
14.914099233435799 48.658951169504434
14.913926995945767 48.658820971213977
14.912508997400222 48.657261019897895
14.912330747548749 48.657005497822034
14.910823978941476 48.654845977525753
14.907623999073088 48.650126993050449
14.905572999627811 48.647891973489351
14.903456985086986 48.64640000855497
14.901128974664577 48.64527102211202
14.898001610045386 48.644035467981311
14.897392958133819 48.643795000426678
14.893973316715559 48.642372127443068
14.893972960299925 48.642371973726057
14.893517567607802 48.642115163204245
14.89178099253151 48.641136023369732
14.891145365695767 48.640523859694213
14.890208986080632 48.639622013270305
14.889257960798803 48.637416984294894
14.888854979004348 48.635375973509063
14.888745037261838 48.633007017763191
14.888942879570866 48.630575247021973
14.889128024480222 48.628299967475968
14.88965803553943 48.623558005748336
14.889653477668981 48.623269095786
14.889587000786438 48.619034000012533
14.888892024563029 48.616398006849892
14.888421908784792 48.615715071753897
14.88794901329074 48.615028010926423
14.886349159755676 48.613999421868684
14.885730962957608 48.613601970834942
14.882258015523988 48.612301023730652
14.880169291814308 48.611778421932705
14.877529980738316 48.611117984222403
14.876648882935321 48.611016675547937
14.875512007142907 48.610885997034842
14.874126955730912 48.610900002619502
14.87293801299953 48.610912005968764
14.867806974307978 48.611263022966675
14.865738003325681 48.611300970457911
14.864205981514594 48.611164002104182
14.863062018000797 48.610839978073201
14.862264998402818 48.610309989802325
14.862264801815217 48.610309715443094
14.861729033423984 48.609589016609924
14.86157757624421 48.609175184530862
14.861383983939884 48.608645992787594
14.861308744297835 48.607293331796001
14.861234977449474 48.60596801067063
14.861600012607491 48.600741986052839
14.861375007908729 48.599315990405849
14.861374900667643 48.599315768005113
14.861330369463898 48.599236241733351
14.86082398894809 48.598330970791601
14.860217042116508 48.598022018811129
14.859337827438683 48.598065279244523
14.859119999732277 48.598076006283407
14.853358984957838 48.599766000196126
14.851827001177552 48.599967973814969
14.851826910451036 48.599967921007327
14.851654837491129 48.599867978419368
14.85141400081138 48.599728009561872
14.851413978848749 48.599727783425017
14.851477979597851 48.599136017506318
14.853528979906446 48.595527975989242
14.853539297968389 48.595320518830469
14.853567015597408 48.594764988852759
14.852981035775821 48.594395008452182
14.852425146409358 48.594305737573187
14.851480029299058 48.594153986444702
14.850396591076622 48.594161715899723
14.849225976892075 48.594170017375106
14.845935827265446 48.594355311149499
14.841518028511262 48.594603981286497
14.839738744503951 48.594437849109653
14.839643998718275 48.59442901535575
14.83835300523185 48.594020971358098
14.837759760899162 48.593437094356624
14.837589183492947 48.59326917838694
14.837588997974157 48.593269016153499
14.837412196180287 48.592865774390667
14.837022032403302 48.591976010641538
14.836224973195257 48.589335336122879
14.83602609255953 48.588676338788375
14.836025974600785 48.588676004187789
14.835458021299816 48.588005008565744
14.834990777234117 48.587843733183085
14.834695970406894 48.587741980340645
14.832186962187937 48.587967011762046
14.82897903790869 48.588848000748655
14.82246702945066 48.591304966870112
14.818832020776933 48.592540980828872
14.815934028008831 48.593219967190045
14.814045987395733 48.593406978717717
14.813622156221982 48.593368236538559
14.812952995647583 48.593307011982581
14.811604983095691 48.592856976014019
14.810070958006776 48.592017974614699
14.808723867424579 48.591125444270659
14.806571019607977 48.589699011240036
14.805209582060018 48.589104992496075
14.80456802047444 48.588824994556667
14.803842332882953 48.588728909869587
14.803389977735506 48.588669000451901
14.802890272551062 48.588724660433556
14.802025027010917 48.588820994337567
14.801052109692485 48.589116634963524
14.800553998339767 48.589268013666867
14.799262796316125 48.58985042433288
14.798795963938053 48.59006102410703
14.795062987589564 48.591971975048274
14.793265335933915 48.592639380989425
14.792822037536689 48.592803981694644
14.791477007882877 48.593052023170166
14.790022010632082 48.593079001377042
14.78634646322516 48.592472069058203
14.786346377998518 48.592472072734381
14.786346027613023 48.592471974304495
14.786030118150356 48.592396710254789
14.782183019171683 48.591479981431505
14.779655970651374 48.591167001644365
14.778598943846349 48.59120856459144
14.77828299093717 48.591220982119282
14.776934986346488 48.591487997611118
14.773930356568515 48.592694966699817
14.773506977961892 48.592864972293796
14.770021300351473 48.594329861269891
14.770020970138129 48.594329988105223
14.769764586925415 48.594390831897655
14.768672016906928 48.594649991266984
14.768148586513671 48.594689524612292
14.767401021986691 48.594745989348262
14.764386981658498 48.594539978822517
14.760865983865525 48.59394499438941
14.756043665828395 48.592799769719441
14.754213037702403 48.592364983846231
14.752095187629491 48.591905159718529
14.750560959325686 48.591571988082272
14.749778464712923 48.591454487905771
14.7475839911899 48.591125021020119
14.745990370330674 48.591051821479624
14.744448014252606 48.590980992188129
14.742486169341701 48.591139874542748
14.741114014227026 48.591250993917328
14.738049984219009 48.591743021022879
14.734763982121317 48.59246801071783
14.731791639187115 48.593319365863536
14.72847602958581 48.59426899967692
14.725191455306616 48.595320588640625
14.72221002958066 48.596274989254184
14.715927003938035 48.598128977498916
14.715714188690848 48.598185577603367
14.715580972626242 48.598221017433829
14.711879013313869 48.596207011289188
14.715843010627859 48.598363989454541
14.716610008011781 48.598781995824659
14.721496980212653 48.601443969104984
14.721225011986963 48.602084988265901
14.718249015389279 48.609103983678324
14.714828011888892 48.617171970013686
14.723040000085319 48.638514991407654
14.720607012733126 48.639198000494446
14.719107012628475 48.649174014962
14.712995007814646 48.649974977288281
14.723968965211141 48.675227988604838
14.724050034841291 48.675313992435676
14.724131018032496 48.675399999889194
14.727239017435185 48.678710974956125
14.727250994008227 48.67910398971884
14.72726201496244 48.679458999128698
14.727506970096092 48.687072992296578
14.729566004562434 48.689586968295281
14.733716998465074 48.694652991944352
14.736403002645584 48.69792901353992
14.740910987921421 48.700931977307846
14.755176966472591 48.702984015352314
14.755267964575003 48.703129018723779
14.756624992965763 48.705272989807334
14.759168007880231 48.709290007320362
14.774624991870912 48.711257986272322
14.786459021650817 48.717856977435943
14.787151958234549 48.720004977116865
14.787702021379516 48.721706992655598
14.787709997342336 48.721732975700753
14.789499979346724 48.722748012072159
14.790489011140531 48.723308990975291
14.79264503989133 48.724532975682443
14.793213974997002 48.726008996203035
14.794263011998321 48.72872899837526
14.797332984874236 48.730086972516673
14.799204987392759 48.730915007936325
14.79990997969222 48.731757996866655
14.800660037978377 48.732657974248461
14.802020960316991 48.731834007660751
14.802639009513475 48.731461002490242
14.807538985407907 48.73335497899533
14.808675962691423 48.733794992766242
14.80203699643962 48.745803971666533
14.801055980734596 48.747581010012119
14.801447023766496 48.748062010920847
14.811610960044005 48.760508987382487
14.811519011613431 48.762282993654715
14.811317961086861 48.766128973834341
14.811310964117148 48.766276985921216
14.811184972738793 48.766406986837289
14.806851985161176 48.770905021315045
14.80896397114839 48.772112994617153
14.810010968151103 48.772712997608217
14.809328040524337 48.778667008442866
14.819600971854562 48.780608974977653
14.823903013154498 48.782927985107229
14.829899964926689 48.779967996815614
14.839775979914855 48.781343005606423
14.840501996996801 48.781444995871617
14.841027019036069 48.782280978265945
14.84166203193716 48.783294989445899
14.845011000996465 48.778609991421469
14.846902979949371 48.778300986514424
14.848049997618821 48.780230978588051
14.848148008344433 48.780395994466474
14.848673964036017 48.779670980910765
14.850207971590624 48.777546015748378
14.853452963168944 48.776447006344711
14.857528973344218 48.775065970930193
14.857841042832291 48.775814022617396
14.858190975220525 48.776646025939598
14.861690962236054 48.776572979896592
14.862027975968291 48.776564996839525
14.862181030404715 48.776561991275337
14.862611975602078 48.776858977068883
14.867273985289462 48.780039977371196
14.868187006494706 48.780662986164891
14.876039969121575 48.780205011072269
14.884830027808443 48.777091971186195
14.884153017570144 48.772143968369186
14.886915032601918 48.770561005684748
14.887104019496741 48.770596020592578
14.892018996768766 48.771483979910847
14.895685037462465 48.772147996538031
14.896265031938933 48.772251006958079
14.896815035517461 48.771987990704304
14.901357033412575 48.769820996041808
14.907625999383383 48.766944990573954
14.908400992848378 48.766590005206574
14.909870997600557 48.766997987598494
14.91685797283921 48.768928986979439
14.918381023293481 48.768619976400124
14.925766981927858 48.767131969257363
14.930829997592753 48.765891979574668
14.931549968520091 48.765716996080016
14.934752008750925 48.763545990997414
14.937376966632005 48.761765015501176
14.939779040834537 48.761528007386779
14.941246033183981 48.761382981277137
14.94496402324231 48.761016979669172
14.947740969850416 48.761958978274066
14.947832964328319 48.761989992599524
14.947939991270591 48.761944013200399
14.955065009605581 48.758971974041323
14.956446037125776 48.758397019263917
14.956537982935387 48.75835798769986
14.956813959115269 48.758244000865993
14.957416965229875 48.758904013337236
14.960856007374989 48.762672021609788
14.963654027127573 48.76293901093694
14.96546703185558 48.76311501586104
14.974210995893113 48.767345992294359
14.97516296265597 48.767806977688309
14.97730502541625 48.770565012318791
14.980669988511588 48.774890972762819
14.978287972220174 48.776875025645772
14.979895991872565 48.779441968977828
14.979048984733565 48.780158987643404
14.978184008277481 48.780891015310438
14.977324036374386 48.781185009570606
14.96204797273411 48.786387981699548
14.956252968278935 48.788364025451394
14.955380018760005 48.790191996785374
14.956286982753129 48.792892020499529
14.953643042173438 48.795475019089857
14.953430975798078 48.795680984643035
14.953299984906961 48.79580701818152
14.953414033034223 48.795938966913759
14.954284026738192 48.796950969470906
14.956018017843999 48.798973015126407
14.956824986945172 48.799914991328187
14.960122995196622 48.803757009021218
14.958288024718392 48.812900989345941
14.96942598316962 48.822955987901679
14.969387031020853 48.823555019471769
14.969337031912401 48.824321971600881
14.968528968178106 48.83663898910919
14.972450013793404 48.839642008948744
14.972420004418931 48.84119798183761
14.97240802130859 48.841784992787339
14.98360895742549 48.842020983132002
14.984719995009703 48.842045004867629
14.984714963919551 48.8421400140477
14.984462018022571 48.846149005216304
14.978374023524246 48.851138972105765
14.978189977922892 48.852340984006219
14.978005992986002 48.853541972817105
14.975569960944787 48.853390020711842
14.97382600959363 48.853278981893368
14.973157987507872 48.857161980603877
14.972590984763315 48.860455007211669
14.972565017883989 48.860611021377842
14.972733001550459 48.864506018965315
14.973132962582552 48.87369200026464
14.973158012659676 48.874268011039995
14.980961032883885 48.874610989526296
14.983811960157595 48.874740974638051
14.984369027595321 48.874763008813559
14.983792012836789 48.890830972746606
14.984794974568459 48.890865016710961
14.988443021003954 48.890987990214356
14.989566965788176 48.89102597786507
14.989224978641298 48.895575998321696
14.991646034939178 48.897037971112006
14.991758984357034 48.897410969853809
14.99188398034997 48.897830989646359
14.993257979885206 48.902389985690995
14.992928960462617 48.903949995082321
14.992405981507373 48.90644498923055
14.990498961793758 48.915519996086175
14.987164995811439 48.918361975791356
14.985829011719543 48.919497969507212
14.985701023775915 48.919921995091649
14.984568996938757 48.923636992337201
14.984340962988567 48.924384987026436
14.979990027220486 48.926837973965569
14.979924973913523 48.92742501852053
14.979606974904712 48.930301989311772
14.984256989844861 48.931952977022682
14.986463012329537 48.93552002017185
14.986418990637661 48.935692014908909
14.984935962529409 48.941382991520086
14.980869968429154 48.943401010178739
14.976687038555559 48.955708006984764
14.977688957614856 48.959067982151659
14.978208002481033 48.960803976212695
14.97666100832569 48.970801987465556
14.979081037860679 48.979693977131319
14.980464962156084 48.978045998187071
14.984478014224562 48.986125995136405
14.993851039604666 48.989078969390043
14.99446597112448 48.98927302482236
14.997052017882552 48.991703001378411
14.997526042989767 48.992146012030972
14.997699963429897 48.992310012480537
14.995646012810765 48.993392993554778
14.998416003490876 48.999595995350681
15.00038801304175 49.00401697240553
14.997490999293777 49.004493998399425
14.996597972301522 49.004642021825028
14.993760031717782 49.00510798460914
14.990133015802538 49.009280969115565
14.990539028672735 49.009773022142724
14.990718971176873 49.009991004424919
14.994773972969403 49.014900025687929
14.998122018213786 49.013733015898104
14.999953988941463 49.013092013507347
15.002952007202673 49.012047009618584
15.007614022239208 49.013095974503841
15.011120020443185 49.013885024038352
15.015221026250101 49.01786197758306
15.015576961433773 49.018208026439552
15.020950979164404 49.020335999071463
15.028451023775769 49.015156017302395
15.039203998680589 49.011299010600098
15.043776967791096 49.012478018960792
15.04600602413648 49.01305399746812
15.054904021098693 49.015349986906898
15.064909025097736 49.014088018771474
15.066865014334098 49.007205977288692
15.063795990211043 49.004176978444953
15.0639469887088 49.001578972478654
15.064009983031548 49.000473019551016
15.064027029873559 49.00018296826682
15.064274991477923 49.000057013062168
15.065117971957161 48.999629978075959
15.065946034826938 48.999207009175883
15.075938995979834 48.998393981007865
15.076237973123218 48.998370997531467
15.087159001374092 48.99748199336949
15.101666002023524 48.994277992571554
15.101856003965041 48.99423602118479
15.101991040397666 48.994335002450065
15.106034036145454 48.997325988925304
15.107467981186353 48.998387014779595
15.108306977571962 48.999007975136351
15.114040022725979 48.999267970885924
15.121706004239787 48.997139009346192
15.121732972702571 48.99713097760003
15.123166995841505 48.997982982225047
15.124236987325819 48.998619001079113
15.12823696267054 48.997574988730086
15.128857021418549 48.997414021563067
15.129057986505662 48.997508983849158
15.130354970779697 48.998126992847958
15.13291303487425 48.999347008547076
15.132913996750572 48.999347983652285
15.134404033069362 48.997952007075611
15.135039993579962 48.997356020464878
15.154137021099496 48.993800976920639
15.156601996992885 48.991176999358281
15.156680967646352 48.984776013219289
15.152536043172374 48.985245007063028
15.14992903334119 48.982548020776846
15.150457993810056 48.980292978670015
15.151515957600751 48.980010996508021
15.154983968662748 48.979075984912399
15.161401005874433 48.977351980291239
15.162447017861354 48.975341985610328
15.158453979853995 48.972068989351619
15.166032993028823 48.969276014883192
15.168657024202012 48.962863981433635
15.168056964267507 48.960174982794406
15.166989029002238 48.959733009990899
15.16232001673538 48.957802021717264
15.161963971530282 48.957297975613415
15.154600032791542 48.946884016280777
15.155237033282244 48.946292974455375
15.155677989996851 48.945880977708086
15.160232022451337 48.941643000565648
15.16560599400886 48.943419990051126
15.168687978702355 48.942422002880861
15.168690971019691 48.942421015289618
15.177239003067017 48.947269003274883
15.181562019821936 48.945663007302684
15.185048965004432 48.944369983279643
15.189062970716341 48.94288001834984
15.18932200523213 48.942782975473406
15.190114033118402 48.943455013639714
15.192569002319853 48.945537987239646
15.200004019996358 48.951848989687221
15.200581013391222 48.952339010571514
15.206757996119816 48.953898998480163
15.208613035485671 48.955929002295797
15.209109984811239 48.956471023042987
15.209549995101545 48.956950971971857
15.212910972975187 48.957671983162989
15.216489979000208 48.958443017011547
15.21738999977185 48.958531994875671
14.022946036456943 48.649307996181875
14.018478003010268 48.651397983293293
14.016236460807781 48.652387211712927
14.012755977427741 48.653923018605774
14.009780773197081 48.655223406482385
14.007003997878311 48.65643699239665
14.004018766480673 48.657800051411336
14.001373038585827 48.659007972805597
14.00006481661983 48.659668364613665
13.996014029767784 48.661712997665113
13.993353902510707 48.663281354396375
13.991078007092788 48.664623019318284
13.989848248610498 48.665588638063319
13.989075959351561 48.666195018569681
13.988243097890708 48.667614344668358
13.98780897724053 48.668354008304789
13.987119778286509 48.670511380710145
13.986337985898773 48.672958000369093
13.985658989600326 48.674273998356405
13.985658676372683 48.674274349128332
13.985612686779085 48.674328454029485
13.984895990949287 48.675170977732364
13.983826010389977 48.675671019422367
13.981776976664925 48.676224005186654
13.981203549749596 48.676408586962467
13.980285981591134 48.676704006998932
13.979740023979243 48.677218968139648
13.979758664018796 48.677288751230449
13.979998989086967 48.67818802110807
13.980633323552665 48.678976929276317
13.981033017100106 48.679473989445995
13.9827133488638 48.681107834133549
13.983846034830009 48.682208997755929
13.984767982346119 48.683619989205027
13.984782595064818 48.684138477572674
13.984785978676198 48.684260978753301
13.984242018004716 48.684734014619345
13.979811036078496 48.686240996502029
13.979810874249438 48.686241115774394
13.979140191724017 48.686744859592793
13.979140031247876 48.686744978815661
13.978729041438685 48.687626022269434
13.978767025728095 48.6905020154772
13.978544960071551 48.692486006425838
13.976995960982599 48.69477498402393
13.976307573366695 48.695541613382659
13.973464014016759 48.69870800400134
13.971288009035584 48.700557997297786
13.969019006648018 48.702102982815944
13.966556026469826 48.703296988738423
13.963092005134026 48.704452992928537
13.957671449997454 48.70602188236689
13.956516962940167 48.706356011362587
13.955697191436236 48.706688013713688
13.953502000183308 48.707576984352137
13.951893483312434 48.708673046351628
13.951509000074699 48.708935000840299
13.950895036942642 48.709716971903532
13.950696029445904 48.710206256172597
13.950498015326342 48.710693015317332
13.950304050296122 48.713359841021294
13.950303979635009 48.713360013745458
13.950326462464867 48.71400677081585
13.950474976033091 48.718285014149615
13.950099016152681 48.719452011003625
13.949408982727368 48.720275993976045
13.94845100687027 48.720611990045889
13.947663503602415 48.72064485990807
13.946918015046172 48.720676007525853
13.943926733331176 48.720418367811234
13.941612978770248 48.720218975671202
13.940010505936481 48.720348055088024
13.939440013480953 48.720394003624222
13.939407553725902 48.720410601024298
13.938731032016687 48.720756971110454
13.938225017019214 48.721400989064854
13.937779219270695 48.722858589956935
13.937253024831076 48.724578979067751
13.937253185524511 48.724578859905861
13.938942987197368 48.723494987524752
13.94043401938791 48.722541990186855
13.942078960909921 48.721485004311255
13.942548022366413 48.721538999588518
13.942988984593777 48.721587990817071
13.946574989852852 48.721988996448715
13.946796983473583 48.722012016360594
13.94711898279072 48.721889007929384
13.953015987475029 48.719673024886397
13.956130983340723 48.715130003587653
13.956607010185094 48.714435977143978
13.95715298882614 48.713638004009297
13.964933984787177 48.713127002249848
13.965893976247253 48.713061997229609
13.971137959428633 48.712719014190029
13.978357032741743 48.708873968269003
13.986320027427025 48.709979970213695
14.004167995286855 48.707457989324674
14.008205972388401 48.705013022528497
14.009620019940366 48.699306013808233
14.01045496818684 48.69904701176101
14.012459016296281 48.698424976724816
14.011025032389719 48.696659978915953
14.010171026750028 48.695610021522072
14.00963004200146 48.694946013812846
14.010288967412862 48.695010019042599
14.010964975425413 48.695076007111147
14.017785996866692 48.695743986061451
14.016182969874347 48.692641998184172
14.015609999426699 48.691535980077155
14.023825963872541 48.688805009620332
14.026858030671528 48.685528013585497
14.027413994996001 48.684928980957174
14.026323985249473 48.685035970703808
14.025134997374838 48.685149984407822
14.023771022014094 48.682842020970547
14.023874000056551 48.682801002098358
14.033055977556142 48.67913099574951
14.033685001363882 48.675937982721777
14.038979993173331 48.675430009958895
14.04307096482346 48.676922020823284
14.043412999369844 48.677047996046866
14.044362032893098 48.676818976728775
14.055506026696136 48.67411398024413
14.058613028930401 48.672939020182881
14.058265005577672 48.670489980427071
14.059393996080368 48.664375010155979
14.057404964508835 48.658161004060553
14.052542041395006 48.652991993285383
14.052463986174544 48.652911993383476
14.052162024449542 48.652957015396346
14.039598011197258 48.654807986577509
14.039367979107718 48.654841982849412
14.038784989296094 48.65474699645285
14.02899601952114 48.653174998654436
14.023259004243036 48.652256019570835
14.02320702631733 48.651766995435722
14.022946036456943 48.649307996181875
14.662693000264508 48.583495974045483
14.662692703847489 48.583495533266991
14.662495590225976 48.583206256503921
14.660691997697473 48.580558986067054
14.659224237108461 48.578585609276232
14.658805043414878 48.578022020018857
14.65778104008051 48.576305020265217
14.657136973889564 48.573978018463272
14.657145024636229 48.573911499184881
14.657249019825132 48.573047968296564
14.657589603789058 48.572347061263685
14.657697912660288 48.572124268821845
14.657697971607902 48.572123983412624
14.658277893610364 48.57146057973312
14.659357991617259 48.570224975536917
14.661266329483334 48.568607516260293
14.6625540330792 48.567516007140966
14.663446498071645 48.566740699451501
14.665289026338359 48.565140022885863
14.665627505344998 48.564624865648511
14.666232016317517 48.563704992845182
14.666224483532307 48.563654413559867
14.666159995084618 48.563220972227633
14.665746977309928 48.562850993767036
14.664560016003511 48.562365973138313
14.663254999547178 48.562044196212405
14.663015031168037 48.561984990082934
14.662536965831801 48.561919543699432
14.660282976129702 48.561611012622926
14.659303044340501 48.561553108978444
14.656679013819225 48.561398018107127
14.648927033307871 48.561294988446193
14.640951962041289 48.56114600888575
14.639320328632826 48.561028918263005
14.637063961568158 48.560866988963646
14.635866465638687 48.560691388195174
14.633948029236457 48.560409971478968
14.630703042165356 48.559460009234165
14.629903017102389 48.559009992674284
14.62930204298873 48.558407017767067
14.628635965453585 48.556655991772281
14.628657892050551 48.554833054061255
14.628668002224062 48.553993009808572
14.629205033422867 48.548775011731536
14.629018983593395 48.547278970913808
14.628549990486643 48.546206994626537
14.627697035517011 48.545760989236356
14.627332096756522 48.545692205569118
14.625999972745344 48.545441003602683
14.624899767679393 48.545258239006863
14.623929014334863 48.545097012529958
14.623432513547787 48.544866412185129
14.622945014267797 48.54464001902064
14.622924063344289 48.544595942608176
14.622496960732724 48.543697018844938
14.622513128309581 48.542792126949848
14.622524019117289 48.542179009300654
14.622714002488753 48.539261022971317
14.622384284763998 48.538785634291301
14.622277003943671 48.538630969039033
14.621885606063055 48.53851130142003
14.621394036342805 48.538360991204762
14.619714977383408 48.538460008123955
14.617025366590413 48.538937760916781
14.614219965956893 48.539436003231437
14.612745299498227 48.539402028696117
14.612745038846377 48.539401982774116
14.612437143640086 48.539289112792758
14.611725012553126 48.539027973967549
14.610906240969966 48.538290118369744
14.610823973476901 48.538215980216258
14.610823968268123 48.538215923666911
14.610601449630225 48.537905430869884
14.609653961191299 48.536583017798982
14.608709967939257 48.535472975963181
14.607765025427353 48.534892970994171
14.606365040120341 48.534676011548541
14.60452998945064 48.534755977393942
14.602216342546853 48.535125141344949
14.597528040143292 48.535872982523287
14.595993005948731 48.535892017497872
14.595618438286143 48.535806095503794
14.595265028909177 48.53572501421197
14.59326801841687 48.533675994624907
14.59322543923405 48.533658737819714
14.592450972308871 48.53334401810411
14.586533994984665 48.534950019138563
14.585196069292465 48.53545310039577
14.580374025291766 48.537266010053557
14.579263184097517 48.537794732232072
14.577418000000616 48.538672992001956
14.57488998943427 48.540122972884909
14.572733971228006 48.541705983515492
14.570997153159453 48.543628824050366
14.57099699825852 48.54362899982771
14.569715784222836 48.545745945293774
14.568408989060103 48.547905023432463
14.566976956630064 48.550353988027076
14.565691041535182 48.552108983667772
14.564702082698593 48.553042324479009
14.563665975548155 48.554019996683422
14.561073992745362 48.55529398180034
14.558210140736596 48.556192655049564
14.554361997012565 48.557400004479497
14.552709967541471 48.558075024645582
14.551572032612846 48.558773022472025
14.551347001740629 48.559023244578249
14.550913992337094 48.559504983617849
14.550913937937889 48.559505325527944
14.550787057471725 48.560260891835028
14.550786983926951 48.560261008378795
14.550950381389864 48.560633304671498
14.551408000867566 48.561676014050036
14.553732984804459 48.564719987537039
14.554376981492002 48.565894973369801
14.554533934292653 48.566848741274995
14.554533959959667 48.566849023135958
14.554187002396953 48.567805986556102
14.554186852516285 48.567806218860852
14.55338099982831 48.568892972905942
14.551734995353176 48.57041900745137
14.548753035674196 48.572665976071853
14.548752796837933 48.572666156153012
14.546253008889359 48.574715014623628
14.546194689960712 48.574799713862483
14.545287038403561 48.576118021929261
14.545287309465195 48.576118181112172
14.545832998757275 48.576384982580613
14.548256030252501 48.576778006449729
14.548762924474254 48.576940639266091
14.549138024476479 48.577061008432963
14.549536654763285 48.577569316455282
14.549693957956807 48.57776999957813
14.549801686252213 48.578040815430711
14.550145979757861 48.578907025033871
14.55031203159662 48.580096988610386
14.550266771965521 48.580401080901638
14.55015199802571 48.581173011141651
14.549672698401675 48.581874691301081
14.548718965556226 48.583270994637125
14.546870016073814 48.585372977972234
14.5464200863823 48.585801884216046
14.544969043800949 48.587185009332757
14.542588967865598 48.589000991291819
14.540147028900693 48.590381976138005
14.537485001157 48.591389000955381
14.535602177526778 48.591848130637317
14.534154997559307 48.592201007763919
14.527327035742042 48.59322698836133
14.520586026987647 48.594298981736493
14.51675894334274 48.595404959487908
14.516572005054764 48.595458985142756
14.516536459957953 48.595476395039164
14.51574796536906 48.595863012303056
14.51503904103067 48.596457986149275
14.514308059466273 48.597466405879111
14.51415903969991 48.59767200780238
14.513702485260671 48.598538044306558
14.512265007035698 48.601265015212682
14.511884581279249 48.601648879787362
14.511489992300836 48.602047016732591
14.511244708953496 48.602156501093695
14.510584987707961 48.602451007204934
14.509512252312769 48.602519104990876
14.509136006012012 48.60254299424556
14.508202897209253 48.602467456255781
14.507296010162491 48.602394015321465
14.50433003714584 48.601817979773323
14.503220773930794 48.601509082861085
14.500455983366201 48.600739001708298
14.49342402195626 48.598636970435862
14.49145581295744 48.598233497210778
14.490034009428099 48.597941989371172
14.488389725422403 48.597883734087802
14.487465975134084 48.597851007358187
14.486473974150908 48.598075987329842
14.485772110358321 48.598651908094865
14.485772030099913 48.598651967197412
14.485291997479136 48.599625012690616
14.485106664180373 48.60050548271046
14.484978996992751 48.601111968765444
14.484480036293252 48.604473022048573
14.484424189757602 48.604597207874406
14.483686019670367 48.606238997071891
14.482693012517228 48.607175683252713
14.482556961766834 48.60730401194477
14.481019983487917 48.608273004394192
14.479522001777724 48.608878971257546
14.478251002794885 48.609043010126193
14.477384039111318 48.608828971703993
14.476466988899421 48.608294972705501
14.474306675669633 48.606296996372016
14.473604974591666 48.605647991011182
14.472309033093532 48.604728970674884
14.471117978657759 48.604373976454539
14.469876014052335 48.604560979444784
14.469809482551579 48.60459094250195
14.468248994110809 48.605293013176627
14.465943036769335 48.606556011962731
14.464592033056013 48.607086010150944
14.464191977017991 48.607125646659441
14.463431029875041 48.607201019763586
14.462561115262252 48.606927891538554
14.462348007575066 48.606861003310016
14.45978904928743 48.604948186863808
14.458740029014011 48.604164005718623
14.457911958555112 48.603764008809598
14.457158027974307 48.603642016930955
14.456584568064354 48.60373596756736
14.456022970278324 48.603828024527353
14.454768028491223 48.604244006125342
14.451843971490302 48.605789000864867
14.449479712096972 48.607260476014268
14.446767988986361 48.608948004559188
14.446724813045593 48.608906884308652
14.446254030421873 48.608458979931399
14.445800998505687 48.607544902923635
14.445588985886239 48.607116972017437
14.44540212224015 48.606483464689127
14.445401996869021 48.606483017446301
14.445443616888339 48.605800793405614
14.445559037530565 48.603908973065849
14.445724031524342 48.601200002348008
14.44617486235842 48.599987018514838
14.446388985723111 48.599410978615943
14.446581259369411 48.599182064538311
14.447054986691921 48.598617981725916
14.447663896345841 48.598175047210383
14.448031015922078 48.597907991228787
14.449060137204157 48.597444811005623
14.45121701247685 48.596473993562213
14.458372010591642 48.594376009511024
14.460170820711795 48.593813192904356
14.461715018183314 48.593329980125908
14.462970695414711 48.592692663156015
14.463435039780325 48.592457020821719
14.463435029678749 48.592456907709739
14.46353599147572 48.592162970180802
14.46286014235384 48.59189602778163
14.462859966814511 48.591895978081446
14.456955999719163 48.590839010826244
14.456311304178383 48.59046917250501
14.456311033403393 48.590469014002117
14.456418408078674 48.590253280804617
14.456551979223299 48.58998498540489
14.458598546590203 48.588981867909133
14.460428008458157 48.588084968025868
14.461673712366659 48.587055218581192
14.461674031847881 48.587054979600509
14.462278364349823 48.585469382894033
14.462923035943225 48.58377800495856
14.463681005435626 48.581085007196272
14.463947995911855 48.578857015439951
14.463575958424675 48.576545990624354
14.46308502000848 48.575622968570038
14.462387041839973 48.574856013324549
14.460206051605553 48.573512998770966
14.460205966392024 48.573513002196684
14.459972343600985 48.573423843342788
14.456767008608075 48.572201018058401
14.448921962250729 48.570126000320208
14.441823027192619 48.568314020351323
14.43938804039775 48.567364008128187
14.438738971763451 48.56691002466227
14.438738871582764 48.56690985929535
14.438713739151781 48.56687169413663
14.438439962216782 48.566456015038881
14.438484803308587 48.566243479269318
14.438534009437072 48.566009995092507
14.438920810878434 48.565683303461356
14.439067959224055 48.565558996628418
14.440235305225011 48.565110947120694
14.441491034160105 48.564629005109325
14.449005018446572 48.562920006632282
14.451856277782234 48.562287104019354
14.453698990307414 48.561877970495495
14.455295843657872 48.561442905868766
14.456902989262286 48.561004970281765
14.457734616751052 48.560700012571282
14.458839032780631 48.560294985709064
14.459826976554799 48.559607977530725
14.460673975551519 48.558421982057752
14.460731991151958 48.557380981765164
14.459053987596283 48.555591997767095
14.456615175187782 48.553745089016857
14.456614996105243 48.55374498269336
14.456457427458565 48.553661480545266
14.453613994738109 48.55215500758348
14.452157005015961 48.551658992886829
14.450935025185307 48.551425972672099
14.450072121506453 48.551517885533933
14.448642967456067 48.551669978378925
14.448642716952447 48.55167004518654
14.444226009988876 48.552958967995657
14.443124762556572 48.55317534125485
14.442357999808575 48.553326003243029
14.440950005236388 48.553284009084749
14.440016987965429 48.552787970867868
14.440016889083374 48.552787804549055
14.438985011761089 48.551647016088303
14.437940969848013 48.550479987645005
14.437653425181756 48.550307808597715
14.436978955846413 48.549903970481388
14.435801464328383 48.549698215742993
14.435537030271496 48.549652016760639
14.433280026241066 48.549685996540248
14.432037102385738 48.549718126059695
14.431035973298405 48.54974397864644
14.430197405620994 48.549637890665366
14.429644970790941 48.549567973577524
14.428695982617487 48.549132993631993
14.427600990542153 48.548195011863022
14.426487033417539 48.546725970409611
14.424847973706653 48.543872990231414
14.423516186347236 48.542083795511594
14.423136007996497 48.541572985566496
14.422917910725007 48.541392680058053
14.422194006479964 48.540793970405709
14.421133035205809 48.540199016515416
14.418400993929129 48.539164999643397
14.414743971285874 48.53821897712627
14.407397982397788 48.536804013196729
14.406153760877947 48.536550344172738
14.403621018285991 48.536033971405431
14.401852767079822 48.535547932405194
14.400969001888035 48.535304972656419
14.3993389638855 48.534663972471265
14.398159015856434 48.533965983128518
14.398144084395513 48.533947329962487
14.397801993351313 48.53352000788832
14.397851432818332 48.533232024534598
14.397899021274137 48.532954983233502
14.398325359828904 48.53249723554881
14.399164017053906 48.531597008894792
14.400557196350382 48.530565915011017
14.402962027521632 48.528785996284007
14.404259989475539 48.527603025034381
14.404636864923592 48.526838775282357
14.404686889429129 48.526737163301704
14.404686959643433 48.52673699023687
14.404299965487377 48.526176015638875
14.403091662801499 48.525784929261256
14.402993005561289 48.525753016907288
14.397914038268389 48.524899000489114
14.396759992146318 48.52449799676458
14.396674094151589 48.524434723550257
14.396066008053962 48.523986983385981
14.395399126160294 48.522598200242406
14.39539902125536 48.522597978270326
14.395093027271777 48.519463009239928
14.395001977965956 48.519172898375921
14.394746993970511 48.518359976400937
14.394540309300321 48.518086902286953
14.394117994786841 48.51752899472352
14.393023961801271 48.516754026046783
14.392823457758698 48.516657140924778
14.391310026139561 48.51592600362342
14.387747988133398 48.514296988624118
14.387067574778323 48.513801009287747
14.386833009013555 48.513630008261309
14.386588760892092 48.513315331865506
14.386284995578128 48.512923990601536
14.384762013181261 48.508651974762287
14.383671034069474 48.504131000384639
14.383284298605522 48.501183219435816
14.383065963578735 48.499519020422689
14.38300498664503 48.494961021507137
14.38310154650565 48.49399492184827
14.383302009245591 48.491989013840929
14.383472491018299 48.491345578231687
14.383663973025168 48.490622970176837
14.38477168870433 48.489354773921548
14.385112974797114 48.488963995669586
14.388236021428821 48.486710011276564
14.390792007433255 48.48470697617627
14.391134397614458 48.484213959277191
14.391318997829279 48.483948012852935
14.391366650438313 48.483597775156056
14.391411999031517 48.483265005917275
14.390943041492282 48.482464006807824
14.389870986932975 48.481594017789888
14.388881669001902 48.481053297559129
14.388301020565395 48.48073598940217
14.387607323199321 48.480462327735985
14.386443009938736 48.480003009904344
14.385658138608578 48.479791306531837
14.384818965970679 48.479564992604843
14.38333796576217 48.479355014378505
14.382512543014579 48.479404711530698
14.379800020249673 48.479567973816316
14.377911391343055 48.479876690616081
14.376550964260424 48.480099015611543
14.373754063170818 48.480761319778097
14.373105032235141 48.480914982392953
14.369860998237218 48.481898970205009
14.367769631291738 48.482673832312571
14.366791996187805 48.483035980698979
14.363877109913401 48.484443907803175
14.363877034611111 48.484444023384071
14.363787093041564 48.484601982535892
14.363456015378404 48.485184008953098
14.363349996688736 48.486346985154597
14.363336987535199 48.487941979669841
14.3630550851856 48.488812558683094
14.363042001767392 48.488852979960676
14.36233998070168 48.489498004087508
14.361150129390138 48.490137489663368
14.360884972547062 48.490279983283038
14.360884892388452 48.490280043195604
14.358959145091845 48.490929277026872
14.354693986185152 48.492367011469476
14.354249796828977 48.492547316483979
14.351885020352899 48.493506993276391
14.351072167080488 48.494030970430927
14.349333036384117 48.495152017749717
14.346599975123404 48.497196000840027
14.345291795465219 48.498415655623759
14.344680964166457 48.498984977936161
14.344680813511179 48.498985209969135
14.344085820160183 48.49988582988761
14.34327700218563 48.501109990751594
14.343277007086824 48.501110047316182
14.34309303009171 48.502056020165909
14.34313957897022 48.502267928798304
14.343268968766468 48.502857020595918
14.343855197521691 48.503548771161796
14.344591035146134 48.504416971653527
14.346245659054313 48.505581060632551
14.347542001181278 48.506492977821239
14.350576026059068 48.508579008986437
14.351871736813234 48.509986861489708
14.351962964183681 48.510086014625202
14.352124986924711 48.510917945909512
14.352124991837357 48.510918002473403
14.351953366293785 48.511211210052181
14.351556039687447 48.511889973286891
14.351100118350157 48.512270754843371
14.350276013590406 48.512959020303256
14.34858603830615 48.513858985447754
14.34738600470518 48.514252017579196
14.346592086539834 48.514382887222524
14.345838975238221 48.514507000694394
14.341181991858752 48.514709019281391
14.336339000755965 48.514754988437659
14.335482632914282 48.514855504614154
14.333927991227734 48.515037996946965
14.333031018880179 48.51539598071318
14.332702075920558 48.515846319354445
14.332648987791043 48.515918977232069
14.332708129468273 48.516562498755604
14.332716971120227 48.516658830158498
14.332716985795061 48.516658999852744
14.333264969945176 48.517581989345054
14.334340282290636 48.518731656179163
14.334609962523446 48.519019970975506
14.337520968229706 48.521622003793297
14.340032970024543 48.524100969479768
14.340734639168124 48.525172661939187
14.34129199786476 48.526023987261638
14.341459321550861 48.526966545631815
14.341659033660459 48.528091000452754
14.341466962879229 48.53054001036385
14.341466903523504 48.530540295566972
14.340754964805425 48.53295497832017
14.339870689609482 48.534621776706501
14.339591039972156 48.535148990606793
14.338867989883727 48.535977754279017
14.33788096381684 48.537109020423401
14.335778975027541 48.538493982935698
14.333110020066444 48.539577012338896
14.329648999223103 48.540531001062682
14.322793043653318 48.541805015654703
14.32148650611056 48.541976951531012
14.321485996455978 48.541976971391847
14.321141852684597 48.541969892416297
14.320180011565899 48.541949973760211
14.315617982561745 48.541191023566761
14.314128692256348 48.541040113461399
14.31381205706071 48.541007999432075
14.313811971894186 48.541008002745095
14.313634966369708 48.541024793252092
14.312481961644272 48.541133994003047
14.311690971264959 48.541450983142894
14.310155977842118 48.542538019374938
14.30870401606799 48.543866660819141
14.30621302447174 48.546145997053848
14.303827032915144 48.548890695728353
14.302620995742016 48.55027801647217
14.300668480126635 48.552686192022243
14.299153975452057 48.554554021502803
14.295588985176368 48.558605021918432
14.291699221766811 48.562053772917203
14.291698986840194 48.562054008118757
14.29140169004927 48.562235762326033
14.288692989700785 48.563892025121419
14.287797044055484 48.564117171880788
14.287156979085616 48.564277974194127
14.286520873991979 48.564259142590572
14.285975030449258 48.564242989229491
14.284601003361251 48.563995011639371
14.280801035019397 48.562748001240557
14.280612097791161 48.562681090356094
14.276634036293938 48.561271979550838
14.273831013539239 48.560658023675934
14.271738247713715 48.560620791226036
14.270568026443252 48.560600022354627
14.268166705389332 48.560799129466965
14.266974035364507 48.560897987520548
14.266081887013776 48.561064006280326
14.263492024299683 48.561546010693036
14.260563022994432 48.562492014324569
14.258410969943871 48.563731973069878
14.256396018174444 48.565814981830165
14.254524140509073 48.568157568010065
14.254320003963874 48.568413014622735
14.254031549851296 48.568695634054073
14.252871975231439 48.569831983535749
14.2515271298378 48.570692201406665
14.250790958760208 48.571163006052188
14.247657039678844 48.572670019067061
14.24609203313441 48.573294145858206
14.241689038878793 48.575050006650841
14.236108975006522 48.577521983467818
14.23460296228015 48.578406976344809
14.234367209892206 48.57872069404133
14.234270099463709 48.578849876070556
14.234270023731915 48.578849991561512
14.234267041955002 48.579548008506464
14.234703021058399 48.581078067341373
14.234820971143289 48.58149199130267
14.236178995677836 48.580943969342414
14.239240995113105 48.576595008162165
14.257226028965214 48.581088984442282
14.270288976252996 48.580253991544922
14.279729962922644 48.573028994574805
14.312020986649832 48.563099010252472
14.319365039536176 48.562121980852879
14.323687979807055 48.563048974713638
14.32602503320124 48.553860009505286
14.331967010505958 48.55131501876609
14.342609958471431 48.554236972782405
14.345086996064364 48.557770018116678
14.346395036430712 48.55963599304539
14.346667030795535 48.560023982320381
14.347165010961074 48.560181010035016
14.352784020503943 48.561959001191461
14.353794992480973 48.562278976524645
14.352930988205015 48.567897977512267
14.357850030666031 48.573603992752695
14.35827402252778 48.574096983660432
14.358312994161452 48.574141979829903
14.358767997975617 48.57420300899868
14.36553699927309 48.575130003507461
14.368950041266572 48.569221021905896
14.374076015204015 48.568684010565086
14.380967985650932 48.568778968879876
14.387742005285482 48.571169010872119
14.388276993619046 48.571358019316534
14.394082022336216 48.576892973072319
14.393639989071076 48.577759017688784
14.39273998685081 48.579516974288289
14.391661020340615 48.581626999341836
14.388083008079029 48.583553012636813
14.387886993343313 48.583658008124367
14.387690977722212 48.583763002368961
14.387257006263022 48.586937015919176
14.386679984972044 48.591147978081871
14.386653998746183 48.59133500186379
14.391367037110429 48.593329979700535
14.395536958416621 48.591514990137874
14.403695014581281 48.59265897229799
14.406964982215968 48.591515013507049
14.415350990166623 48.591946021687015
14.4244589704343 48.587711005000145
14.431071985215768 48.588046990894796
14.435430022639107 48.596826992832675
14.435580041895092 48.597130000783018
14.442099005211393 48.599510010797736
14.444190031973415 48.605346980840011
14.445825001590137 48.607992023710132
14.446232217920908 48.6086502140367
14.446513028970582 48.609103973636515
14.447884261320048 48.611324377067362
14.448834013107955 48.612862023623478
14.448537038628007 48.614833968417372
14.44825900852082 48.616669018375191
14.447833019309209 48.619495022038876
14.452638977921083 48.624138008250767
14.452950014134057 48.624121007636248
14.4566829755234 48.623923982009117
14.456048032405944 48.625439014052567
14.455957006941935 48.625656008848296
14.453512030135588 48.631488968187192
14.451828035706976 48.632880968987287
14.449573021431842 48.634747011495904
14.446012036355526 48.637691006582685
14.444989020912562 48.638537992410079
14.444668004917858 48.639889010309041
14.444014014194035 48.642651008648627
14.443894984367077 48.643149978243635
14.454080966800833 48.644210988719323
14.457567971272148 48.642917970352606
14.463163016990633 48.644399015201813
14.468589978263021 48.645836003236212
14.469190011871671 48.646743971675193
14.469478987233655 48.647179012116233
14.46972899222459 48.646789984752793
14.471685039159 48.643742003552482
14.475592015814735 48.642196979860749
14.476504984419906 48.641833975421925
14.475451018481314 48.641200980370947
14.474709004822831 48.640754998047356
14.476048031038539 48.638938987562412
14.482936958299433 48.634589980797514
14.492472043178372 48.631824016331819
14.4949570042497 48.626549001558985
14.493561972211907 48.622192004822637
14.497740996214077 48.620918019686442
14.499106000380896 48.620502022244324
14.500472033253333 48.619086976929296
14.50352900598563 48.615913006576321
14.511531007245047 48.618331973960025
14.518636017620617 48.618622015720561
14.527301024286212 48.614066997824509
14.547380966834442 48.613101970159356
14.551153041443307 48.610226000444207
14.55166003466857 48.608474973567816
14.551809998467757 48.607956008104274
14.552390991398227 48.605946012085667
14.561622997897096 48.602529988748749
14.561691981862147 48.602505018932547
14.56510598707116 48.604828006473056
14.564726985795383 48.607524996273149
14.568085031074068 48.607810972185518
14.573166026274842 48.61100002221341
14.576240998655436 48.610675963840265
14.576573004272923 48.610640991594494
14.581530989061335 48.615394009281573
14.582116018029023 48.615954981167405
14.591238989025655 48.616947012473467
14.598986993353572 48.623367005716723
14.601906981056006 48.625381016946918
14.602179015590799 48.625567990794423
14.60421203420327 48.626967971071508
14.611224976568492 48.626960972851066
14.6173729915891 48.620731011677726
14.624062998795647 48.60493102010178
14.62659202758962 48.60348099553287
14.631368001486008 48.602608020301396
14.64751297100166 48.608867997345136
14.65739400102998 48.596915995066432
14.662693000264508 48.583495974045483
14.694926983493676 48.584674995637052
14.695216561060096 48.584534000654003
14.697112030165639 48.583611006674893
14.697111907838162 48.583610615376102
14.696117969435029 48.580383016823077
14.695109982942572 48.577801017105237
14.694474968147631 48.577083970285038
14.69405104814777 48.576873184345168
14.693744989676343 48.576720988234747
14.692974962243953 48.576738278622464
14.692541035029372 48.576747971638333
14.692253963356155 48.576824371982077
14.690880018114196 48.577190005832009
14.688976039182375 48.577999011659763
14.687474040230306 48.578902981888675
14.686551015368885 48.580157998300677
14.686321180575339 48.58098538845141
14.685697019900534 48.583233013545012
14.689399980144909 48.58493397676137
14.69145798708662 48.583477020006718
14.694926983493676 48.584674995637052

