# RBD_F1v3.0 river basin AT en Rhine (Rhein)
# data from <a href="http://www.eea.europa.eu/data-and-maps/data/wise-Basin-basin-districts-rbds">EEA</a>
10.098430971722237 47.357325976036279
10.095447738982944 47.356772422514197
10.093090959835385 47.356334981674671
10.085926036220597 47.355220987634411
10.082704043792933 47.354656923950628
10.079061026968049 47.354018985121236
10.075879966509483 47.353271000727879
10.073363041209163 47.352474011341577
10.07081207572554 47.351215050002587
10.070811992327936 47.351214993349132
10.070587971758371 47.350727018570169
10.070763780062622 47.35022424970019
10.070816008220097 47.350074969034814
10.071713968569792 47.349029992315955
10.071714051808518 47.349029935553304
10.073742063259758 47.34715165353731
10.075306018951432 47.345703015464863
10.075344245435058 47.345650733143998
10.076050978027551 47.344684969650068
10.07622184359443 47.344148374298356
10.076328035154116 47.343814967949569
10.076139006415273 47.342669984975359
10.075528060579432 47.341377177850326
10.075527977027841 47.34137700778431
10.072176990775302 47.337078020095596
10.070689236574561 47.334747302059839
10.070688987629472 47.334747018680574
10.070356018824461 47.332882001128951
10.070955089498844 47.331298359436573
10.071063014669971 47.331012969740001
10.07150544938008 47.330378982468737
10.07252499097488 47.328918003856856
10.074990745996384 47.326475815934558
10.076417972624602 47.32506202154881
10.080727974551595 47.321227979618371
10.082761000218339 47.319156984965019
10.083640190137594 47.318022888879888
10.084175028591158 47.317333011056782
10.084572311930673 47.316524245360235
10.085214973647771 47.315216014747087
10.085443002306597 47.313296969379891
10.084946999271216 47.311339974266623
10.084125974605707 47.309791163005301
10.083739964541227 47.309062968836045
10.080632173350599 47.304733273466532
10.0806320077424 47.304732990944075
10.079027007461796 47.302353005783225
10.078553212296681 47.301405928064042
10.078067027474667 47.300433971287994
10.077764894469182 47.298901978427594
10.077629977680241 47.29821797580275
10.077630060663711 47.298217806515872
10.077904028360392 47.297241003927461
10.078520034267958 47.296192015688305
10.080233976372414 47.294364970146979
10.082170061107025 47.292896518795708
10.082739019970056 47.292465018291445
10.08335375629748 47.292275990810566
10.084114996244894 47.292041997528806
10.08796497047768 47.291691018803313
10.088209626216408 47.291576181976083
10.08908797425096 47.291164020664141
10.089481539964138 47.290283855161299
10.089827964359117 47.289508976963774
10.089983960163527 47.286746986795826
10.090031585414039 47.286018899405065
10.090164020479836 47.283993002778558
10.090963963575671 47.282294969729854
10.091578991702461 47.281836969588511
10.092530001459055 47.281467020722062
10.097100984319011 47.280479010587079
10.097646157807 47.28024698067756
10.098263960359878 47.279984002537468
10.098792191136873 47.279486845708071
10.098961915553891 47.279327032470327
10.098961998651667 47.279326975684839
10.100013036590571 47.276389999628812
10.10033794851806 47.275732231429139
10.100503005278657 47.275397999787145
10.101192971240824 47.274817994585604
10.101902440725329 47.274630129523338
10.102529970303875 47.274463998535879
10.104473983512811 47.27419701038793
10.106018192521836 47.274121370135809
10.107291023372417 47.274058983423622
10.110063197337153 47.274095462432953
10.111091001321613 47.274109008483414
10.118039986567783 47.274211969496442
10.118763231771453 47.27416469302991
10.121021974897646 47.274017020577915
10.123440083715623 47.273654940988401
10.124788965532435 47.273453020945041
10.128625976844726 47.272549015471441
10.129970449749566 47.271963017200918
10.131113005094539 47.271465021356484
10.131932031692898 47.270763009781888
10.132270570409169 47.270122263661769
10.132350992657482 47.269969971971967
10.132371592972095 47.269750733393991
10.132445017735199 47.268966994240493
10.132203039963484 47.267734973844483
10.131211660809186 47.265202882943022
10.13033600717436 47.262965981325813
10.130073966532334 47.261706999467108
10.130096751213856 47.260864556484663
10.130102980558222 47.260634984413137
10.13040600971868 47.259743000192188
10.13088892020752 47.258974828479346
10.131101909816659 47.258636134514063
10.13110199270398 47.25863602099313
10.132741011371744 47.256866001610021
10.135263997959223 47.254775989884145
10.140163030489711 47.251044980399165
10.142247037635238 47.249068989071766
10.143376992968239 47.247349008686086
10.143645040163095 47.24581900320527
10.143047979690762 47.243465022373336
10.142809046181492 47.242969044013662
10.142027981219211 47.241347998375097
10.140558969446618 47.239101009984061
10.140242508518501 47.238711794191218
10.13876700453655 47.236897000490039
10.137038905651773 47.235118927950822
10.136693981440496 47.234764010324831
10.136036427961498 47.234192414661315
10.134398963371206 47.232768970672851
10.132017997220851 47.231040995358107
10.131330293672093 47.230638684647893
10.129507012222842 47.22957198714176
10.127092028932088 47.228522975738848
10.126753989565024 47.228431464135554
10.125925033463458 47.22820698806462
10.125186133189287 47.2281296794987
10.124606025541087 47.228068981227047
10.123385906771517 47.228169067096509
10.121387009064213 47.228333018645891
10.119426752171117 47.228760733654894
10.118540990075161 47.228954000316982
10.114545032121734 47.230090971718383
10.110488030661367 47.231258002588042
10.107683964351326 47.231899017063533
10.105530014335859 47.232189009694757
10.104944625494877 47.232192857052233
10.103705038897578 47.232201004092971
10.103172392681554 47.232043885602053
10.102888027647191 47.231959996755222
10.102690245449912 47.231806403762604
10.102166983233433 47.231400020158212
10.101175141216286 47.229701103042885
10.099992983473603 47.227676012109633
10.09959578313812 47.227224026563597
10.099158964564541 47.226726999997688
10.098577987286772 47.226488005159318
10.098313010182084 47.226378975983735
10.097257987804062 47.226466967847323
10.097257655636287 47.226467138278913
10.096018982786317 47.22694400553636
10.093944026002751 47.228073019211372
10.09364776284626 47.228221342915525
10.092389970577592 47.228851004659376
10.091115973409428 47.229285992447544
10.087518000538752 47.229637007863168
10.080516999778611 47.230297023020022
10.079265927808359 47.230411964273905
10.073246976863034 47.230964969884482
10.070281999019608 47.231137110984172
10.066095003057548 47.231379996803298
10.059445977100513 47.231281016092318
10.058380614208515 47.231165537526842
10.05635503665998 47.230945975408815
10.053684992298852 47.23040799318705
10.051592647680197 47.229687159334318
10.050971009569615 47.22947298612003
10.049351031785081 47.228324987785449
10.048096002244021 47.226596972507615
10.047170975226186 47.224227996381451
10.046675997473251 47.221603522992311
10.046188980925017 47.219021006058114
10.04530511582448 47.214261666626008
10.0452290118081 47.213851990395987
10.045228928657876 47.213851933718892
10.044331976122983 47.211529001106747
10.043463646307989 47.210345359877351
10.043111960822658 47.209865997916232
10.042748756232223 47.209579390215701
10.042201966001469 47.209148007072564
10.041264977473391 47.208740015630305
10.040026007985203 47.208514980363717
10.038496004673929 47.208496021063382
10.035729023753275 47.208823988114119
10.033001677680403 47.209374654726368
10.031514025835317 47.209674969995788
10.027218015957715 47.210541022264884
10.024247002295832 47.210891991937466
10.022532969299691 47.210892021757331
10.021255983666006 47.210648004363073
10.01980095876136 47.210063974840722
10.01944469986409 47.209844931705028
10.01834196032763 47.209166988529127
10.017649959197044 47.208540096839549
10.016523959945037 47.207520016346024
10.014657974624837 47.20514697606221
10.014074118932591 47.203893999146267
10.01348109028079 47.202621280020601
10.013481007124572 47.202620997370872
10.013467513035948 47.202348612859339
10.013429033356569 47.201572010672429
10.013480713298414 47.20148207691232
10.013744988140409 47.201023013432277
10.014265267353125 47.200819674856824
10.014876011955582 47.200580971761823
10.018423346630593 47.199791830439629
10.018890025975695 47.199688021053468
10.019065136425869 47.199573685782447
10.019479967512002 47.199302978198382
10.019454018250144 47.198814372533569
10.019454018102698 47.198813976448676
10.018248093754337 47.196422769320407
10.017389961757816 47.194720998727611
10.016902608385083 47.194044744702872
10.014171012495884 47.190253991893776
10.012752925141886 47.188681319406356
10.012245006213806 47.188117993518119
10.010306960442295 47.186305986366925
10.007510992870094 47.184333999649361
10.006865978826312 47.184170020547882
10.006291232232897 47.184224918064295
10.006070992474315 47.184245970077392
10.005681542942753 47.184382129283101
10.004815008636331 47.184684988470352
10.001407011414063 47.186404992448949
10.001174750362704 47.186495489499194
9.999790030712775 47.1870350126311
9.997798031592687 47.187321009666888
9.992955014202488 47.187549980392276
9.990965416224325 47.18751940452993
9.989188040218178 47.187491980443355
9.986066006357207 47.187186997436818
9.985257677053623 47.187019249393181
9.984230023075892 47.186805991037673
9.983001911678281 47.186365153864045
9.982890100472748 47.186325036037267
9.982890017433917 47.186324979311642
9.982399017615423 47.185737987229999
9.982235009796304 47.18476898945999
9.982235009815575 47.184768932747417
9.982279009027593 47.181540995022132
9.982127377788593 47.18123860426676
9.981897035525035 47.180779022271388
9.981082017086665 47.180179977305684
9.978802983166984 47.179145991853069
9.975307013102521 47.178096982212622
9.973433895475722 47.177578456897386
9.971459959735123 47.17703198794441
9.969095023476017 47.176169997638638
9.967741979102689 47.175476016608869
9.96646298225467 47.174564003735355
9.965190990309212 47.173397008024452
9.965011435219985 47.173176933852915
9.964273040289127 47.172271967966594
9.963806032556951 47.171253006158075
9.963922976538241 47.170506007133881
9.963923390576525 47.170505724606691
9.964060421761909 47.170409448883895
9.964565041182675 47.170054986555634
9.966320031160993 47.169315010989273
9.96884896841614 47.168532981363619
9.972091003637514 47.167773984927045
9.978826984749977 47.166503990619219
9.978827481633457 47.166503877289941
9.985626019566554 47.165092017104712
9.987597100137647 47.164531640712745
9.988964013865642 47.164142996060647
9.991624960727576 47.163108982350934
9.994061038721407 47.161876988507295
9.994963047996745 47.161336265945494
9.996899979292392 47.160174995322251
9.997629721595379 47.159712240273812
10.001872970171632 47.157021016458138
10.00522298811236 47.155250976246798
10.006359963143771 47.15478898981435
10.006907984085396 47.154789013018473
10.00779308440112 47.155256647361817
10.008106030659812 47.155422006258533
10.008106113685576 47.155422118779029
10.008874852025418 47.156444833192509
10.008875016756393 47.156445002419076
10.008752013096224 47.157524006504957
10.008132991854467 47.158977984605031
10.006428972564757 47.161952977048308
10.006113948226741 47.162719436930288
10.005819029319991 47.163436969916908
10.005750780172697 47.163971180416148
10.005687991342263 47.164462970778814
10.005893019525134 47.165379000802794
10.006544964284146 47.166556988879087
10.007562026752291 47.167801009220987
10.008849983969558 47.168983007409011
10.009514990968377 47.169431468458221
10.010192018850198 47.169888012556036
10.01090943551544 47.170191384439512
10.011461976118609 47.170424975171194
10.011987653399606 47.170491828916084
10.012579000748323 47.170566985925738
10.013524444711969 47.170360260450522
10.013575617213919 47.170349054592847
10.013576031041541 47.170348998728279
10.013777889622112 47.170253330852674
10.014720028066504 47.169807008950237
10.016232309539649 47.168696754382132
10.017815968055857 47.167533979776323
10.020913011354647 47.165173022336205
10.02149504558777 47.164863073778513
10.021988994863108 47.164599972415395
10.022901976950738 47.164332991254483
10.023755973067688 47.164375001361201
10.02472498545203 47.164786992478227
10.025613013116146 47.165488974670986
10.025969753887068 47.165902737408743
10.026508023206954 47.166526969309395
10.029408976228314 47.171256980693592
10.030522130670924 47.172740681337359
10.031527022975384 47.174080005394416
10.032297006978958 47.174728006399121
10.033239987390989 47.175079012024554
10.033935683842582 47.175158941903526
10.034806964342836 47.175259001829723
10.036526960640188 47.175151991925745
10.038375973882006 47.174706004765781
10.03989396366239 47.174061019799382
10.0407280364802 47.173392968579059
10.040824976317953 47.173138301025723
10.041020009357196 47.172625968336554
10.040995829660353 47.171993077118067
10.040974016534301 47.171420985607156
10.04051397734189 47.169773012711993
10.039612984265167 47.166851023379365
10.039736974208232 47.165154017359775
10.040140988000241 47.164555014441326
10.040594841266564 47.164175103085512
10.04106201005084 47.163783987008017
10.042433031406496 47.162950333325796
10.043828006410431 47.162102004944906
10.045264996416424 47.161446282230024
10.046655026800963 47.160811997174683
10.047919999768023 47.160348389852189
10.049932041398939 47.159611016873818
10.051633956582586 47.159100672535644
10.053127026096432 47.158653015369232
10.05626003666397 47.157912989189732
10.057181864903775 47.157749275337906
10.057955029368237 47.157611990475388
10.058255282151215 47.157671443560645
10.058647036475049 47.157749002780605
10.058729894320141 47.157812361734557
10.059391030164219 47.158317986967155
10.060919978231272 47.160106976633209
10.061723014089166 47.160706001446393
10.062227380237825 47.160842191682477
10.06258201148367 47.160937970034318
10.064215140496023 47.161043631409242
10.064591959683311 47.161068011415374
10.067168015455884 47.160973009918244
10.070665740024838 47.160718475326576
10.074203000306449 47.160460972435956
10.07521446200624 47.160514686588229
10.076087983741759 47.160561021775536
10.076898610456469 47.160738048501983
10.077534991365132 47.160877015850964
10.078077442680442 47.161206087971685
10.078340797566044 47.161365905270813
10.078340963771316 47.161366018577404
10.078956000938707 47.16216696931032
10.079468207343849 47.164046755620625
10.079565041360842 47.164401993838467
10.079414990498917 47.167060975503794
10.079052742763487 47.167836051000755
10.078670015653149 47.168654973625834
10.076763029888234 47.171367975165062
10.075963977884323 47.172717991230996
10.075963977966696 47.17271804794391
10.075621000741796 47.173823969277791
10.075650109240685 47.174196109969976
10.075685969752186 47.174655969929496
10.076202027459312 47.175593986533968
10.077144755870691 47.176517784242755
10.077296033326364 47.176665975293623
10.077786213023996 47.176933150341085
10.078606035914586 47.177380001375766
10.079125050708138 47.177483580633798
10.079557993778561 47.177569969033954
10.081349130942023 47.17752599596605
10.081715010373857 47.177517010743117
10.083081347139665 47.177356306127322
10.084538013073512 47.177184994190668
10.088155974777392 47.17652500929438
10.094800021215061 47.175220012797176
10.096935369431435 47.174974750807046
10.098743982213966 47.174767017513851
10.100256116823982 47.174737578087964
10.100336030289759 47.174735977488758
10.100336113435766 47.174736033224598
10.101154020159836 47.174880971254112
10.101710213814613 47.175142095983354
10.102462037678201 47.175494998226362
10.105263967119489 47.177401989410086
10.106001260689 47.177668345174538
10.106576034090295 47.177875976892395
10.108962981850022 47.177562982467009
10.112389964200659 47.176609007360838
10.113051142127478 47.176362513564584
10.115287019453623 47.175529020601346
10.118291003435873 47.174178993710257
10.123535020855096 47.171276001123118
10.124798070414965 47.170081261936197
10.125180022858871 47.169719971082635
10.12518010548477 47.169719801748265
10.126996027406189 47.167014987149535
10.128164491836198 47.165376435776885
10.128726005533826 47.164588967743867
10.129532902332183 47.163864098828633
10.129532985072965 47.16386398530333
10.129726871141788 47.163753857769194
10.130385003794441 47.163380000021007
10.131433023120774 47.163109001858608
10.131941114213507 47.163130669955009
10.13267501507107 47.163162014338717
10.133590989207002 47.163388883314724
10.134201007530462 47.163539993442029
10.134726353778795 47.163733512498283
10.136240011116362 47.164290999043899
10.138468069512182 47.165154448427771
10.140306965650849 47.165867002459962
10.142360111962711 47.166241638647342
10.142772832512742 47.166316942676104
10.142772997400666 47.166316999172373
10.142873896756845 47.166304196820306
10.14382801191822 47.166182973552232
10.145076768980633 47.165718086626441
10.145077017739702 47.165717972867405
10.14746802325638 47.16400901943701
10.151437913277068 47.159889101718449
10.151437994646352 47.159888988178054
10.151777808726868 47.159617195491187
10.153821984828355 47.157981995770797
10.154969982607625 47.157386990620076
10.156256838755674 47.156948048627228
10.15625700328988 47.156947991676752
10.15698283000293 47.156795137166675
10.159172030081029 47.156333980497905
10.159642111066669 47.156287985631145
10.162643986472281 47.155993995522024
10.164716451660263 47.155950711243484
10.16589696731277 47.155926005708999
10.167368111194586 47.155970238765022
10.16955599733773 47.156036015044116
10.173594010134778 47.156364012425023
10.17447202588399 47.15678397664162
10.17476483118587 47.157028975951469
10.175512006690926 47.157654003211803
10.176744995935525 47.158717988508755
10.177080337712477 47.158853921357704
10.177658008904658 47.159087984148165
10.178251677967621 47.1589858804385
10.178942979077201 47.158866984646693
10.180481020876627 47.158165015791567
10.184065017876193 47.155883978944495
10.1846642482205 47.155588734235543
10.185846988231786 47.155006012512331
10.18699994304027 47.154713763957702
10.187499995112143 47.154586998486458
10.192106973595747 47.154258977612784
10.198632034808025 47.154194004918601
10.205279038782079 47.154407984918095
10.209798763143663 47.154606180022171
10.211963008341172 47.154701010672305
10.218598017850489 47.154888010920004
10.219812034590275 47.15441497685029
10.221796980992826 47.15359126669874
10.222081991471931 47.153472982009895
10.222081991231253 47.153472925296683
10.222176957779256 47.152073033312078
10.222294977077325 47.150332996532434
10.222300000827001 47.150248993995135
10.222275028365694 47.149963019419481
10.221877985581783 47.149658009685616
10.221158194776075 47.148859602860682
10.218253969535381 47.145637976561581
10.217879007447694 47.14479801537847
10.217844002993477 47.144023998488755
10.217844002757458 47.144023941775238
10.218032704541191 47.143446306038435
10.218233985734624 47.142830013234587
10.218234068249815 47.142829899640546
10.218236696629475 47.14282525640607
10.219002993638714 47.141475986523766
10.221010492151356 47.139010847759891
10.222529041009658 47.137145990513055
10.22339901559268 47.135994265596736
10.224249039045249 47.134868987736837
10.224996041008914 47.133174969988609
10.225002536791653 47.132549111190635
10.225004997965936 47.132313020483103
10.224817895398896 47.132117821413885
10.224379027905883 47.131660020950115
10.222949019410487 47.131022983509972
10.220831973412949 47.130492983524007
10.218668224228496 47.130241599441653
10.217156998740348 47.130066016248755
10.216810924819105 47.130096799701874
10.21403297498127 47.130344002040864
10.209008509049804 47.131428572109797
10.20759798312908 47.131732977248852
10.205947367658894 47.131673511628527
10.205268006116082 47.131649007159695
10.205048417698213 47.131654456622236
10.199099008489823 47.131802023435128
10.196672027784089 47.131863012111772
10.196263985507031 47.131835980190623
10.18689698992212 47.129639016955331
10.186902925280364 47.129285105477294
10.186907015439495 47.12904001940678
10.186944962130589 47.126712979590373
10.186951010538509 47.126529994838677
10.186978572624575 47.12562921263995
10.187017031792733 47.124374000414882
10.187041300198489 47.122481764104116
10.187050999833291 47.121722979115205
10.186993416848821 47.120679412501062
10.186962994078929 47.120129011590052
10.185186261365422 47.11931610857507
10.185186013428435 47.119315995569188
10.18497099008415 47.119334971298592
10.184475024000326 47.119376992869597
10.184212327960987 47.119531116406357
10.183154018632138 47.120151971177158
10.174460513731656 47.120721398043273
10.173900972335824 47.120757987444506
10.173069967643293 47.120636013121967
10.172254024740718 47.12051400940269
10.172253609603606 47.120513896632922
10.171866619083415 47.120417452191482
10.168948005471348 47.119690024175476
10.167782873061533 47.118502351565226
10.166216027858434 47.116904986517383
10.163431024136967 47.114105024036256
10.161185128577076 47.114212119283657
10.158461010885738 47.114341984036159
10.158460928404288 47.114341701483042
10.157783024597601 47.112521980117243
10.156029001875135 47.109013015649012
10.154876963933193 47.106814990129536
10.152978037521049 47.104529997297881
10.15196892452304 47.103315567660516
10.151622024485821 47.102898006358274
10.150217460114908 47.101436484484296
10.149994004371523 47.101203986283892
10.14848402600402 47.099689023094705
10.147875813507406 47.099254951474371
10.146838975899467 47.098515005618097
10.146204191050042 47.098061050617744
10.14617195871989 47.098038016381892
10.144065704028762 47.095007990267177
10.142252958762874 47.092399995284666
10.141158005843849 47.08903496954882
10.14094608363613 47.088813635311929
10.138966980650466 47.086746018448615
10.137605039478222 47.086356967871517
10.137538523536355 47.08633968833341
10.137531987185232 47.086337999661943
10.136614064975287 47.08567772258148
10.136153042069219 47.085346056367477
10.136152959027049 47.085346000656443
10.134160020030107 47.083012014459662
10.134157987230415 47.082993011817919
10.133930011560151 47.081158018131632
10.133842978252973 47.079673987404085
10.134279985912531 47.071876991496566
10.134541725228095 47.069452393544267
10.134989987798619 47.065300020102001
10.135237179443877 47.065079626734011
10.136086009058245 47.064322998085345
10.143744038309196 47.061977005607254
10.146601958954376 47.061630008558836
10.149445964246482 47.061691000598344
10.15125901454312 47.0625570068133
10.157172992113845 47.049682978686306
10.156890012292013 47.048571750727191
10.156628026334069 47.047543016656512
10.156102365179436 47.045823740939078
10.155793959995385 47.044814980596094
10.155647293280332 47.044580340408082
10.154983036955763 47.043518013327365
10.148640694276406 47.037829260310545
10.144815018051771 47.034397013711626
10.144294545049501 47.034076765825873
10.143029007167209 47.033297978469882
10.140960717288817 47.032360035692157
10.140599029644529 47.032196018763607
10.132757960669258 47.028431016536992
10.129382645276443 47.026704529754774
10.124091984433507 47.023997971614108
10.123136003865994 47.022944993046849
10.125187642038881 47.020649192819846
10.131642970837435 47.013423997688797
10.138584985696054 47.010619977424888
10.141441485980817 47.009543934105452
10.146592971202855 47.007602969536627
10.148857031076435 47.006938979706675
10.149872624953453 47.006701025346217
10.152291993326232 47.006133982614529
10.154503020414392 47.005839993430044
10.159242615473319 47.000011430093167
10.159243026601034 47.000010976642621
10.159275487584916 46.999963980578137
10.159598858005396 46.999496165646654
10.159599023015184 46.999495996148823
10.157841959699706 46.99817999033263
10.156545965357592 46.996651002358746
10.155765969635295 46.993735980345861
10.155694006343264 46.991646007043748
10.155694005674269 46.99164578107105
10.155845004509283 46.989967279120812
10.155845003671601 46.989966996429615
10.157198959798686 46.989662018633318
10.157247908101807 46.989555830703388
10.159409959495969 46.984859003573611
10.159492782083898 46.984416145203987
10.159503986088042 46.984355999648997
10.159503903350073 46.984355999770969
10.156515420723206 46.984004059872632
10.152473995164385 46.9835280078468
10.145163009311904 46.984039006246299
10.143984977279048 46.982749987201451
10.138260905436091 46.974660230103694
10.1370269610824 46.972916017808821
10.137026960787001 46.972915904371114
10.135239989820047 46.965752017867551
10.135441986173925 46.960811981427305
10.135354008101794 46.957806627752348
10.135289998398195 46.95561997634718
10.134192682579803 46.954463605023591
10.133117987678688 46.95333100819164
10.131835972176599 46.951781986664351
10.130867782338182 46.950459513088127
10.128019014763394 46.946567993291083
10.126637002268829 46.943900987488121
10.125375962521478 46.942293424038709
10.124716032214847 46.941451968543291
10.119986987195441 46.938068020524689
10.116193967249769 46.93760300008875
10.098308013433002 46.927868011499001
10.098116974167993 46.926376005350214
10.0980578637978 46.925084861200375
10.098008983655648 46.924019013287271
10.099267013014229 46.918578994045291
10.100628000388687 46.91661802087112
10.105097781877376 46.912174249327151
10.105098029299198 46.912174022203054
10.107614962155321 46.90986596987014
10.108983987424979 46.908863013752153
10.109971031433494 46.902038998625599
10.109971031315206 46.902038941904515
10.109887020912291 46.899993990576654
10.109250995332363 46.8984260662765
10.109250995214865 46.898426009555308
10.108627991065207 46.896762977820003
10.108564970703737 46.896041970394741
10.111435282914453 46.892727219909851
10.117756028685227 46.885426000098462
10.119712535682993 46.883817140693786
10.120006987324448 46.883574984775926
10.121049035568763 46.882924192026785
10.124269017894619 46.880912981015449
10.125637483408186 46.880192810233119
10.125886037506291 46.880062017297291
10.126996483719706 46.879558106528698
10.131668038714814 46.877437983934975
10.134159643535357 46.876865556104867
10.137116989288272 46.876186017591536
10.140084965493925 46.875507007028055
10.140991006912522 46.875201998706849
10.141483961268259 46.873160980593397
10.141293731826837 46.872814011014526
10.140754004383911 46.871829968972868
10.139899281445285 46.870102339571254
10.138930966759448 46.868145009403491
10.139603199651436 46.866645690803537
10.139764029009557 46.866287005808623
10.140362942745371 46.864849436593104
10.14267501253164 46.859298968831119
10.143601031610752 46.856700992875503
10.14476200602185 46.851718974524438
10.143799990169573 46.850444847852714
10.142642012196241 46.848910978444685
10.140804965976665 46.847594983459501
10.135655591243745 46.84743865677418
10.130272004755712 46.84727501319788
10.125461019812388 46.848569984632981
10.125428612949717 46.848578564030717
10.125340029675252 46.848601973703509
10.124714834335236 46.84848559922969
10.122815964221932 46.848132011144578
10.122292959099317 46.848034004286212
10.12140242015467 46.847766304094982
10.120083965284323 46.847369982849166
10.11986720424666 46.847305056332779
10.119867039071552 46.847304999793266
10.118384056366786 46.844837096110773
10.118383974905079 46.844836983654524
10.115322032592546 46.843768984453135
10.111284985952745 46.842361019160862
10.108488139548284 46.841691650299879
10.10516807715897 46.840897021449351
10.105167994645791 46.840897021529727
10.104773990184761 46.84143696535272
10.102488018897555 46.844570001095285
10.097670959031161 46.849177972295792
10.097670795498606 46.849178085889378
10.095837370151353 46.849970454778671
10.092577958764576 46.851378989029662
10.092572037609388 46.851381992309037
10.091553023910338 46.851822008661379
10.09167304077793 46.854247990466213
10.092524992485853 46.858870997164026
10.092524498944258 46.858871223576621
10.087364958809919 46.861304989853309
10.08444180327637 46.860437284825615
10.083858041293908 46.860264015959018
10.073591034649279 46.862075994698358
10.059547313114813 46.860775024433551
10.059546984183857 46.860774967892525
10.056869719661883 46.861902586007979
10.056863631088628 46.861905191241782
10.056553002070141 46.862035971639465
10.056523791209724 46.862048262379709
10.056132027119485 46.862212969768862
10.055382817852481 46.862463447406455
10.055382077787581 46.862463673775189
10.054357994566518 46.862805983351279
10.053370849451843 46.863135310590074
10.052020016190834 46.863585975183341
10.051964705074464 46.863848708174046
10.05196454097851 46.863849726553973
10.051845969132639 46.864412983120225
10.051459010352216 46.866247015996002
10.050481986489009 46.870875985132031
10.050939916450035 46.871616367220625
10.051418972286445 46.872391016954531
10.051673349889114 46.872844688251504
10.051968974938896 46.873371992117761
10.053019882519591 46.875250234957292
10.05347301541997 46.876060015685852
10.046555959703513 46.879505011738971
10.0445969996049 46.880073954330484
10.044596751929332 46.880074011154562
10.042548007196034 46.880668975231927
10.038276971319139 46.887122971704933
10.038276724873425 46.887122971792245
10.037795970882069 46.887113977373645
10.034730993311012 46.887057984822576
10.033749619100009 46.887652996633264
10.03374895997341 46.887653392989947
10.032402004397238 46.888469970358521
10.030537507445993 46.890855875178445
10.030533145077388 46.890861363090146
10.027003025581605 46.895378009614141
10.020971010685136 46.89779999915956
10.017509254224588 46.901664701398609
10.017509007804769 46.90166498414397
10.016708239652361 46.901441951898484
10.015890011181302 46.901213994124653
10.014655966666117 46.900870972152802
10.013297310270472 46.900924774617707
10.013165003758496 46.900929994761633
10.012688418693664 46.900948719346438
10.01268644139307 46.900948832120633
10.010391991953542 46.901039019826278
10.009886777079327 46.900841985462463
10.005717006020687 46.899216021244143
10.002093993951478 46.899727015014911
9.997407015731055 46.902060987830666
9.990986294371519 46.902626885536286
9.990983492155358 46.902627111286641
9.990043037122399 46.902710013519574
9.986744971453021 46.905552011829457
9.981351994797775 46.906482996213505
9.981167977623123 46.911194015802486
9.980561570537168 46.912388215243531
9.98056066232604 46.912389968023675
9.979260017990654 46.914950981095949
9.973454192463802 46.915652955365445
9.973454027174792 46.915653012045603
9.973315982351467 46.915518008835498
9.973196963592668 46.915402016105602
9.971865973283053 46.91410063074791
9.971624985610587 46.913865020773777
9.971596983442391 46.913837013160759
9.966954270619766 46.912651060500828
9.966954024090279 46.912651003704617
9.966361356813762 46.912572192296473
9.963283025435796 46.91216300021037
9.962129962379942 46.914261023450457
9.959533020886258 46.916038444087626
9.958897981368354 46.916472980379261
9.950423891449697 46.914805443645029
9.949111011243085 46.914546998861312
9.948364006333463 46.914046024302174
9.946529207532112 46.912815132544338
9.946528961081398 46.912815018980773
9.94409531193603 46.913108446715782
9.939146011188409 46.913704990659966
9.938832008605392 46.913742996394305
9.937095019225156 46.913951976999158
9.92435399597125 46.91794198433881
9.916029023723441 46.922214971497063
9.914672988860543 46.925082989216243
9.914672906123721 46.925083045871411
9.913856939478643 46.925432096486368
9.913853311074121 46.925433620545213
9.912050031386086 46.926204986128973
9.909738997500259 46.925802021709984
9.909195995703227 46.925707099484718
9.90919500686719 46.925706929393044
9.908439999270591 46.925574999984867
9.907976659754205 46.925600119023422
9.907976577108442 46.925600118953056
9.907628969456486 46.925618998480303
9.903967988465059 46.925815998798058
9.902756991172012 46.927089991319164
9.902561347570622 46.92729543650632
9.90237602621553 46.927489972414612
9.902227735239217 46.928026884106146
9.902019028007476 46.928782994588225
9.902018615960086 46.92878305093511
9.900592264596654 46.929061245868219
9.899377981738116 46.929297985925317
9.898829465623651 46.929404554764012
9.898829217559539 46.929404611252203
9.898297025918049 46.929507968605577
9.894569975775623 46.931674980423509
9.885334034434708 46.933356981850238
9.880071979237847 46.935065980187893
9.878633570161369 46.934906893642733
9.878631838753099 46.934906664818264
9.876113304559606 46.934628045324459
9.876112975363329 46.934627989127335
9.878225016499032 46.937580001317187
9.88061601688009 46.940216012977757
9.87655501448373 46.940707993163812
9.876436985903462 46.947792011979324
9.875892133925666 46.94869135804587
9.874862973223445 46.950389988762296
9.8753410334888 46.950654988013397
9.877146007847614 46.951656013445806
9.879019016182632 46.95735201327139
9.877881435305349 46.958082190139407
9.8772959891672 46.958457973721913
9.870717011769271 46.963211011594389
9.870717094334736 46.963211068412399
9.875545030679781 46.967510018036755
9.876010028600481 46.969534981227348
9.876068984361789 46.969791008684417
9.876131039544031 46.970061972954234
9.87591495939586 46.970356658350539
9.875763012479531 46.970564022726712
9.875202148407233 46.971327974677919
9.87520040964327 46.971330348570866
9.874653019266592 46.972075985462425
9.874653101715095 46.972076098996055
9.875581997424964 46.973540975099731
9.879156017799748 46.976420985644523
9.884514027345304 46.980891995353673
9.884378962893402 46.98111601897164
9.883896914073617 46.981914374666886
9.883146029125976 46.98315800204017
9.884852014412171 46.985439012211209
9.884852261069726 46.985439125910993
9.891211026062656 46.988433984949353
9.892256023801234 46.990349021688829
9.892230992443848 46.990401997925083
9.890976965074826 46.993026996985542
9.890976009706092 46.993050017388938
9.890847488693082 46.995169714080959
9.890739036123701 46.996959995261797
9.89008042941381 46.998216028404634
9.889187016905641 46.999919978496727
9.888939394873088 47.000391361531889
9.88893906405921 47.000391869855392
9.888762129626823 47.000728700283005
9.888761963499215 47.000728983703063
9.87324037636891 47.006347845992629
9.873239963409302 47.006348015663015
9.872526787848333 47.008507319896438
9.872255007452253 47.009330012626776
9.871878011255351 47.010470980538756
9.871658986863112 47.010743021794667
9.870150031283567 47.012614974514868
9.87523002050102 47.014220984115973
9.877419036105751 47.016315005402767
9.880827936726929 47.01774598335102
9.880828018203392 47.017745983440705
9.879321111962172 47.019031488344993
9.876704968509296 47.021262992563713
9.873291286392522 47.021458778689734
9.862847999436987 47.022057000971607
9.859446020223249 47.023055970772788
9.859445854625385 47.023055970557799
9.85911657809541 47.022981896229915
9.858938983851861 47.022942014035507
9.858645773189814 47.022875904101419
9.857125015048716 47.022532995898089
9.856961222328506 47.022247357171672
9.855262989157497 47.019286004960165
9.854973654020409 47.018782309906243
9.85485803508595 47.018581012559004
9.854703699462688 47.01840771854377
9.852548038490903 47.015987022882136
9.846146202633172 47.015557557663669
9.840626970590241 47.015186995726978
9.840424156337855 47.015173008149837
9.840395017570236 47.015170985470789
9.840294709078487 47.014978914469594
9.840293723944191 47.014977046731097
9.83988601596754 47.014195969797321
9.839252192006207 47.012981441831108
9.839252027822493 47.012980989645101
9.837466770793958 47.01319224997242
9.837466688010606 47.013192249848117
9.836345030707283 47.013325013543188
9.833415982158256 47.014518974256546
9.830876984479282 47.014869979024759
9.827873972496709 47.016952977211616
9.826680976130499 47.017780419243152
9.826677335464723 47.017782958509166
9.823589986072562 47.019924018332546
9.822567062585486 47.020278644189403
9.820922040039065 47.020848987155979
9.817336004199491 47.022090970727881
9.813705980163506 47.02225357221802
9.811886994648747 47.022334991025517
9.811886911651223 47.022335046698636
9.806573959209025 47.025017005222168
9.806189689890683 47.025517984461409
9.805685009706705 47.026175994072588
9.804558325899352 47.027075144724783
9.804055973154643 47.027476010633976
9.802646778686446 47.028599809098779
9.801547990732262 47.029476013111264
9.801390714662809 47.029506551988305
9.801390384526888 47.029506608100142
9.801265010661666 47.029530982599617
9.80007630789464 47.029760650455671
9.796575020468063 47.030436968450353
9.796222212814987 47.030670027428236
9.796220888495588 47.03067087299555
9.795458959911377 47.031173986812377
9.791910997495483 47.031730998726445
9.789734991257296 47.034709971242357
9.787963824146249 47.035555766480172
9.7879599346596 47.035557625131133
9.785270014173337 47.036841978593877
9.785269930197016 47.036842261113108
9.784899026451381 47.038486001725559
9.784898862119855 47.038486001399143
9.783980226551177 47.038416409287173
9.78324903559154 47.038360986798374
9.773147905078554 47.038771595577984
9.768998983066496 47.038939982196624
9.762407997663944 47.037562988686524
9.75814296283084 47.037936993196261
9.758141971594245 47.037936990982388
9.756199569250828 47.037671423680791
9.749943997558823 47.03681599914313
9.745294009091701 47.039135023138485
9.744994644069985 47.0403807004611
9.744994476711813 47.040381322155355
9.74476499174401 47.041335973177588
9.742155023022557 47.041370007394718
9.741195971524037 47.042495994507931
9.741144041146828 47.042557015944901
9.73961489086162 47.042229127147635
9.738010009785496 47.041884969928113
9.724784032069277 47.043991007983664
9.721731570277617 47.043880375292389
9.719211015914111 47.043789024352314
9.716859963314736 47.044818979063713
9.706755005814591 47.048344001334712
9.70591505643984 47.049877254585063
9.70565595964019 47.05034998707962
9.70565612500531 47.050350044245988
9.706112964052485 47.050579008748386
9.708085434655949 47.051570187471128
9.708496975237237 47.051777017070528
9.708406971050414 47.051961002115256
9.707508078436774 47.053794853054477
9.707507995956695 47.0537950229823
9.702861328150959 47.052549179741554
9.701573971673952 47.052203997660961
9.697811012576153 47.052382995520581
9.694012994041804 47.053355971402866
9.694012745831412 47.053356139952101
9.690945980031374 47.054989016684466
9.688269016734274 47.055232996616269
9.684590135909724 47.057477584265243
9.68242898569096 47.058795983099721
9.682145385596726 47.060352338140568
9.681826982337466 47.0620989814174
9.681826651874172 47.06209903626322
9.678922081563952 47.062293698497768
9.67891803020037 47.062293969173126
9.678012003089529 47.061887983977257
9.674179947043745 47.060173181142233
9.671886979991134 47.059146988938281
9.66294696664583 47.05959399525392
9.662640133110449 47.059609103577785
9.662500356739095 47.059615964844795
9.662500024950251 47.059616020527876
9.662419033985289 47.059424980080372
9.662011707354605 47.05846694058102
9.661806015695433 47.057983021674389
9.65886799610108 47.058287000462002
9.657350024202943 47.058443980309761
9.644872994415636 47.059733996706761
9.641721088536638 47.054687094278869
9.641721006462729 47.054686980573408
9.641706295176244 47.05466340156115
9.641705966487613 47.05466300435522
9.641269033852245 47.053962999100769
9.641268868545801 47.053962941836268
9.639767114724732 47.05324768859046
9.636525986239102 47.051703987274315
9.630307355601985 47.051442940548078
9.626097018103854 47.051265980741995
9.624991994301347 47.052361022507036
9.617686314389942 47.053547415422322
9.617196019606929 47.053627022390039
9.607038970104465 47.060772016563504
9.607039052962088 47.060772016864085
9.611803035173953 47.064621023059374
9.611202002058803 47.066704016993697
9.613383008862293 47.069495977110577
9.613337151068611 47.071064139399908
9.613328987346828 47.071342005320304
9.61332898692881 47.071342062035392
9.611123551567324 47.074211023620038
9.610486980119674 47.075038969267453
9.611519958667708 47.07940288932965
9.611520040721301 47.079403002156241
9.618675962506963 47.078170971276101
9.623373032080046 47.082580971948694
9.632677080885696 47.082939897173361
9.633249997416971 47.082961974561911
9.633249997020352 47.082962031276729
9.633967999359136 47.08773398978429
9.635330026038448 47.090350977886921
9.635567830784984 47.092014601044745
9.636062966908918 47.095477995012523
9.634890003010003 47.10000197214881
9.633843385958325 47.101209438576724
9.63199297164085 47.103343992380104
9.628194977221352 47.105494984063348
9.628195057741973 47.105495323732299
9.628323225128527 47.106735320717405
9.628392960290153 47.107410004704747
9.622638965621713 47.108192007615834
9.621143033836592 47.10919201003454
9.621008726972006 47.109818529441114
9.62082896272949 47.110656997818388
9.62151111388061 47.111434788415501
9.624623007458821 47.114982983982237
9.624506858738958 47.116727059634655
9.624427966166522 47.117911980260288
9.624371030278828 47.119056986608037
9.631699981849938 47.124274987826382
9.633442768977911 47.126302173180576
9.635016039089274 47.12813197973307
9.633385255696679 47.129010419611049
9.6297749946779 47.130955006955055
9.625103982611831 47.131901011035602
9.62488781303893 47.132864293929366
9.624396034502421 47.135055979369284
9.624910066686066 47.136688642631697
9.625358023314398 47.138111005816455
9.62256822578609 47.141353706817902
9.622567974792652 47.141353988616544
9.624263325762934 47.143320220913488
9.626406028480995 47.145804988910449
9.626405530636966 47.145805156438556
9.625399349727806 47.146237600725073
9.623394991231297 47.147098982548449
9.620469973312041 47.151703015680233
9.617766967989283 47.149608980608924
9.614312518454849 47.147694783901194
9.614117970093046 47.14758702176097
9.61171299586729 47.147511020420488
9.60888799733125 47.147750983905759
9.603968965024904 47.150158013331044
9.602591009277441 47.154895986549988
9.601313740252712 47.156111709426874
9.600370989662558 47.157008969328864
9.600703980365367 47.159045979373879
9.596648961153294 47.163364022914308
9.590954990569397 47.164970007729558
9.585826938905482 47.167728461836248
9.579449983405304 47.171158016399247
9.572922002024873 47.169612973774363
9.564544978540722 47.170292003172726
9.566619023083517 47.1726990277553
9.572745992257133 47.175812016993717
9.574225039579778 47.17818102366909
9.573595039505271 47.18393697811706
9.574087997088172 47.188426991516039
9.573982531753172 47.188702985222193
9.573235021048445 47.190658882463396
9.573235020129768 47.19065899498586
9.579797974942153 47.194961974776341
9.579950256426732 47.195177546835161
9.581242039319678 47.197006015471892
9.581022929723002 47.197642765583694
9.580772003179339 47.198371979153492
9.581307537040498 47.199306427918962
9.582087994069362 47.200667991826357
9.582577127669845 47.201141464783611
9.582994982295018 47.201545999570392
9.583031062949773 47.202434289027956
9.583049966770529 47.202900014763422
9.584142974172384 47.204024985107715
9.585964012980153 47.204990000905987
9.585963764142107 47.204990113382486
9.579835158367816 47.208411534984471
9.57868597580763 47.209052988280959
9.578251302389511 47.210276936877491
9.577459999722219 47.212505002253828
9.571705515921806 47.21743849729895
9.568947029991964 47.219802999591565
9.566802597676165 47.22044896683294
9.564389039809093 47.22117599139802
9.562231984852904 47.222720989502477
9.560970738946907 47.223268421621874
9.558126016913945 47.22450298802449
9.555957013282894 47.222686976354694
9.553902358442619 47.223619694833211
9.552353017957202 47.224323019943185
9.55235309961534 47.224323190416406
9.557432991566809 47.231244446139108
9.557600025547577 47.231471983538071
9.559669020380653 47.234332973990234
9.565493498046587 47.238305163134726
9.567214983768096 47.239479002068734
9.56735660125514 47.239759982181027
9.567783991495771 47.240608020880032
9.567648944589191 47.241365138077725
9.567527983321506 47.242043015406239
9.561989821599973 47.248129446825452
9.561648054427557 47.248504914597326
9.561647972115889 47.248504970976747
9.559375980940814 47.250690006165165
9.558171262261082 47.251148493439445
9.556997972523957 47.251594992520545
9.556640981695407 47.251890918528865
9.55567798797267 47.252688976910207
9.553012968992938 47.254237970681793
9.552920667390238 47.254304272709838
9.550359992879796 47.2561420194791
9.549151452523253 47.256807562063436
9.548614970565026 47.257102999030074
9.545299969843182 47.258162985494707
9.543205980777648 47.259285020806097
9.541509960905655 47.260448002272405
9.540708658346823 47.260841880753738
9.539553006203047 47.261409977137056
9.54076874062681 47.262959090379418
9.540989827066042 47.26324083264074
9.540989991925889 47.26324100347037
9.536404008914802 47.266682017603848
9.529960015902818 47.270942986992601
9.530146484039516 47.271169118333333
9.530146811914735 47.271169515826948
9.531061037569398 47.27227797454993
9.532853149398672 47.273433297762665
9.53364702090146 47.273944987862365
9.543466998763044 47.278193971608729
9.545091008383899 47.279448996376395
9.546775269677736 47.281390173184029
9.547838965210218 47.282616009940504
9.548187003728467 47.283095985685989
9.548614924974315 47.283686069889939
9.548615581992413 47.283686921474896
9.549607023300219 47.285054001067962
9.549684273049358 47.285161496609227
9.549726997249126 47.285221001691689
9.550197083298441 47.285949195782457
9.550958012818443 47.287127991091673
9.553430990367261 47.293938004516718
9.554579012314704 47.296417012610931
9.556225960849872 47.298244020714563
9.561906534948614 47.30184108743201
9.562366003072901 47.302131997709878
9.565796981740757 47.303925015349655
9.5798120087738 47.310451969732298
9.58120740897396 47.311384589251183
9.582618964456898 47.312327998266127
9.585573007425081 47.31526901020807
9.586313963254399 47.316231020259472
9.587373041913429 47.317606410951477
9.588232017450423 47.318722008104096
9.588651524704446 47.319472677702663
9.589931000128795 47.32176202439495
9.597195038093199 47.340335976852245
9.598939871760811 47.344516758646762
9.598940036636641 47.344516985188456
9.600067971677637 47.34642398871776
9.600068054117541 47.346424102437702
9.602266022625598 47.34881199233488
9.603233015431911 47.349677645312909
9.603234500817569 47.349679008128724
9.605718028457414 47.351901988685881
9.605863456105391 47.352032705098438
9.606091998936899 47.352237977618465
9.624002015683333 47.366329014108778
9.624002099430717 47.366328958590294
9.626246015110787 47.365173021473808
9.627463023065079 47.365557577559017
9.63020801299928 47.366424979906832
9.632941364264958 47.367081777451752
9.634348974914499 47.367420015464909
9.63942684513145 47.367631668434463
9.641404006975552 47.367713982050972
9.649394987201177 47.367775016622417
9.653617970803484 47.368194990278802
9.657643004266014 47.369235991524384
9.664609039429417 47.372700012016431
9.665656359155317 47.373675284736578
9.668135991191077 47.375983997852181
9.670978970481498 47.379347010381821
9.671344962101758 47.379780017526123
9.671638427178186 47.380205057350501
9.671638591159942 47.380205283774096
9.672463975325357 47.381400998874263
9.672930381500507 47.382872403754362
9.672930708926589 47.382873366960361
9.673071018655902 47.38331598216331
9.67385799559308 47.387782295901381
9.674036975764645 47.388797799090646
9.674036974697364 47.388797969208589
9.67393397832168 47.389388928997192
9.673599963285126 47.391304019465494
9.672524163443805 47.392458384380127
9.672107026865122 47.392905994491493
9.672106859733965 47.39290605069526
9.671798435721135 47.393059852437915
9.670261962377731 47.393825978381571
9.66092601583617 47.39719397100675
9.657970445502299 47.399463661927498
9.657970027606014 47.399463999955898
9.654402986179651 47.404387976661504
9.651031020628892 47.404593995555523
9.65140597645453 47.408588019444004
9.650632552464712 47.415020935811064
9.650468010303552 47.416388988622025
9.649767962172989 47.422332985627214
9.649129037927406 47.424702014725433
9.648709983417714 47.425511969255794
9.644647966534942 47.433356999000246
9.644298015081329 47.4350779909526
9.644397368876946 47.435603517065935
9.644567004698022 47.436500991088515
9.645102381936379 47.437665337625702
9.645363027149708 47.438231992099901
9.651133975473586 47.442516009899876
9.6597359974156 47.449352009122677
9.659985034085581 47.450274977908258
9.659817016555198 47.451278984756719
9.659177610406555 47.451988183581726
9.659167294174079 47.451999688603856
9.659166958390234 47.451999970180353
9.658506985982951 47.452732004086108
9.657665503162137 47.453222044529554
9.657664166177922 47.453222831504512
9.656862034808135 47.453689973200909
9.653233967437046 47.455048008625482
9.650920183394682 47.455345891346312
9.649357977758786 47.455547008798433
9.648534577994182 47.455806475035502
9.647634986848136 47.456090006348497
9.647176971312572 47.456233975719762
9.643112243648709 47.456828903649324
9.640999995636964 47.457137980642997
9.638918300779423 47.457264850357227
9.638904221776871 47.457265709211434
9.634172013533879 47.457554011954358
9.630882505503653 47.457680119865046
9.630878590843112 47.457680275827229
9.626812972607935 47.45783597782161
9.625461145362555 47.458007218482521
9.625460061809591 47.45800732817068
9.622832974009167 47.458340014291736
9.622788982936445 47.458355017694394
9.621038853164913 47.458948283947741
9.621035681868054 47.458949347623481
9.619718006748903 47.459395986320608
9.61825506797986 47.460444489470461
9.618249124092205 47.460448766550705
9.617465980885687 47.461010012125605
9.616384981620524 47.462490017310209
9.611787999397549 47.46917002233716
9.610261017342834 47.470215019874125
9.608690962555443 47.470668990535472
9.607980271424923 47.470536370474782
9.607318988345041 47.470412970372635
9.606655993920739 47.469801974221518
9.606334016542171 47.469504990803202
9.606227121605029 47.469049591752331
9.606069003631953 47.468376001143497
9.605676197853484 47.466695169249469
9.605568041249612 47.466232016426147
9.605438043643051 47.465487665895431
9.605294965664678 47.464667997428101
9.604602024575438 47.463181005735592
9.603418023327944 47.462558991511713
9.602845656965675 47.462539603247031
9.60235496371431 47.462522998588113
9.602080975257152 47.462514081011236
9.602048007457114 47.462512999405199
9.599749971188304 47.462986012938217
9.598771408130791 47.463415659070144
9.597370003832079 47.464030978867832
9.596565903041336 47.464530920851928
9.595828985942717 47.464988974880882
9.594118025123823 47.466945979945365
9.588776032850971 47.475474971960566
9.586574997301948 47.4783710151696
9.584814646633985 47.480030103550035
9.583099007635631 47.481646976813778
9.581309822744206 47.483114696457527
9.580066012320998 47.48413501840006
9.576751753771454 47.485934164112876
9.576749828969993 47.485935231330835
9.576250988304617 47.486205984142529
9.574404414318604 47.48722321858714
9.574390604497019 47.487230855821224
9.570889999389452 47.489158993001148
9.565967037501895 47.492466018332472
9.564749934365892 47.493755338387011
9.563809973547421 47.494751008786992
9.562648031581997 47.496451989444346
9.562647779384269 47.496452327759222
9.56110198100167 47.499180014818677
9.56110593714055 47.499214640130361
9.56110593618696 47.499214752634984
9.561130986369331 47.499435006308431
9.561131402357866 47.499435063785938
9.561705038240524 47.499537973900225
9.562177021322727 47.499865997546237
9.562488018364176 47.500300990136324
9.562550987311676 47.500443014870008
9.562947005222526 47.501330979538103
9.563730996889486 47.502098004369444
9.564870005606858 47.502521989850955
9.564920015413266 47.502541020460903
9.566274013733393 47.502711991909514
9.567237975898326 47.502395968677057
9.567972031786518 47.501866000102126
9.567977982239274 47.501862008469871
9.569870980463358 47.502357011879418
9.580145970872728 47.505042982237498
9.583800962193809 47.505750973730322
9.588040979863596 47.506573023064242
9.592608029469256 47.507456976171731
9.597598004986594 47.508422995445578
9.617864959666385 47.512348004284192
9.642793035353307 47.517184979049233
9.669749017024694 47.522323971080098
9.699657965006542 47.527968980843767
9.717428026866832 47.531325989171869
9.729673991243533 47.533637979767491
9.729698986928531 47.533642000057519
9.729760970118484 47.533653010752055
9.730038976002367 47.533703009341437
9.730398020392972 47.533771982314768
9.731432011716562 47.533680998484357
9.732176010188201 47.533615023335415
9.733541006281152 47.533725977502201
9.734371009530635 47.53409200872062
9.734974032793438 47.534507980574389
9.735503029921704 47.535133002766138
9.735820997508997 47.536014980721653
9.7359750311727 47.541583980241811
9.735566982085087 47.543387983599793
9.73556999669062 47.543402015320311
9.735697036701517 47.54411698945372
9.740902971480422 47.553248999152601
9.741738028000331 47.554145974759415
9.742693014412909 47.554737014683333
9.743260033708484 47.554855009922015
9.745537015262453 47.554946972338641
9.746331998836036 47.555106988541048
9.746723996869633 47.555533992542536
9.746889973884818 47.555881983052899
9.746653966233678 47.556461003462935
9.745440981656829 47.557490987155447
9.744979000253291 47.557990987386312
9.744864979453345 47.558510006691527
9.745189023254865 47.559218979045212
9.747306037819753 47.56181501014477
9.747316981997033 47.561829003049638
9.74897698271791 47.564766001462651
9.749516011233242 47.565261981703976
9.751944976894599 47.566659972962803
9.751967026734892 47.566672972652896
9.751969018331698 47.566675013040808
9.751970005294607 47.566678012378077
9.752178983385004 47.567069971338114
9.752124971805054 47.567561988878744
9.751720976858373 47.567866998139664
9.749364008454782 47.569317000031056
9.749128015628154 47.569817023927179
9.749233973206861 47.570354023777185
9.749684035989008 47.570743994743509
9.750420025092522 47.571059974623026
9.755353966335122 47.5722850015961
9.756016010810683 47.572684977924695
9.756340031089985 47.573238007468561
9.756385033145143 47.574082994255456
9.756385004880038 47.574088988361531
9.756432965072246 47.578484015324889
9.756653006865873 47.579024991303754
9.757102968544165 47.579410972165988
9.758008960203934 47.57976499436149
9.760726011738525 47.580304000433948
9.760740019370369 47.580306971486323
9.761188981904931 47.580520970241935
9.761378988244029 47.580836980048218
9.761136988578855 47.583065005860483
9.761138962862198 47.583071004318526
9.761258004517394 47.583519010642391
9.761448027979361 47.58387002259159
9.763060998045516 47.585560016128142
9.764863990188363 47.587669016597644
9.765208021635171 47.588084987405722
9.765812990848399 47.588486021910661
9.766458999565899 47.588618990963731
9.766491977946863 47.588617986826179
9.766966036529009 47.588601016559501
9.766978980733453 47.588599970444079
9.769165007471813 47.587868019177087
9.769703029050429 47.58780700823241
9.770281992485998 47.587924998176398
9.770733962489379 47.588199978010557
9.771666001828887 47.588779000052241
9.774731987777104 47.591315986507418
9.775603983391836 47.592480005002741
9.775984979496815 47.594081988630144
9.783539989926464 47.593950022765469
9.796144993062578 47.593730997676126
9.799471011245791 47.595500982637574
9.799472013154698 47.595500984476175
9.799929036714563 47.595497977339868
9.802217002111988 47.595482010927284
9.806998030737647 47.5925089780931
9.814115028867802 47.588084986008397
9.824066987752866 47.586674992774718
9.824074003388835 47.586673986151126
9.82628802627479 47.580329981449324
9.826704010969719 47.578861018470874
9.826816959144484 47.577857980434999
9.826366035018868 47.572864978836108
9.82132198972503 47.570572017642085
9.824900995127777 47.562883008479723
9.825518973250976 47.56155601494293
9.825519981375407 47.561553980687755
9.825810010166453 47.560088990601429
9.825399974522606 47.55904399866678
9.821320976765479 47.554817013368663
9.817061003415418 47.553196006137654
9.816048036749155 47.548180015372559
9.830162961346476 47.544612992912249
9.833494978433084 47.544132992812607
9.834058972309832 47.544051967923231
9.838631040095532 47.542934007259454
9.838648990060157 47.542927982838904
9.839431022929078 47.54267099071398
9.841784025100518 47.541946018509883
9.843708981731799 47.541790001990165
9.846195028552764 47.541808969966723
9.847732958176092 47.541691015706043
9.849270983169488 47.541480978679537
9.850554989478477 47.54105800437889
9.851479036459033 47.540688983512375
9.851519030209673 47.540672977636888
9.851521034664815 47.540672019122553
9.852229026780911 47.540286975940106
9.853193019414531 47.539410014729498
9.854359974554871 47.537937005664212
9.854980039500912 47.537155022047195
9.855598002827463 47.53649201258586
9.856931976736835 47.535064998789551
9.856943009734376 47.53505602274651
9.857573987961045 47.534554012358839
9.858408969246303 47.534126004233535
9.859538995947137 47.533840024394465
9.862739005831697 47.533248010522314
9.863395999354909 47.533126970903226
9.865049959536218 47.532784021684392
9.868567968055501 47.531694992544836
9.868600013731815 47.5316850217623
9.870112965182859 47.531012991990643
9.873939997723648 47.528525976178223
9.874641019596982 47.529469007547938
9.874876023425763 47.530109018227712
9.874998987411095 47.530499009617493
9.875007986252035 47.531261020494583
9.87458696386094 47.532850022163259
9.874585958365659 47.532852000198019
9.87451802764439 47.533664985622643
9.874855004914382 47.534247998310839
9.875340992725299 47.53476801433473
9.875350972300001 47.534778996318202
9.87690502529083 47.537056010979462
9.87776297904797 47.540089018623199
9.877637022012324 47.540980993719806
9.876871971165153 47.54256797055708
9.876751004479857 47.543072023670952
9.876739969120498 47.543888010965809
9.877075017942163 47.544548992472521
9.877076011740659 47.544551990710097
9.879295961894092 47.547040012378645
9.880561010733583 47.548458005998903
9.886620026366524 47.545269008476808
9.886656006792659 47.545254004446065
9.887968031224521 47.544696995583408
9.889958015373884 47.544379971187261
9.90020896342827 47.544402997211996
9.901970001240006 47.544128012585304
9.904038009890785 47.543415016298013
9.905381974660308 47.542685973938063
9.907007041733033 47.541495998397657
9.909136033773265 47.538632005091593
9.913444960703705 47.532833009318843
9.913929035864747 47.532521975378181
9.915279977326305 47.531653985312879
9.915307012505082 47.531642017747174
9.91700596982551 47.530864979788213
9.922530032639587 47.529694004422538
9.935675971986985 47.533629994400087
9.940962972174212 47.538116018048001
9.960706975940644 47.534500005801611
9.960708977400113 47.534500006522002
9.962152991882746 47.536144001179736
9.959641018122307 47.538554970979412
9.958957994873053 47.540567971287359
9.958734962598438 47.541224984888814
9.959508018878042 47.542793995505058
9.959664983421794 47.543114007216943
9.959665984318224 47.543114007586695
9.960120002247713 47.543042017629041
9.961715017857395 47.542791002567505
9.963327034431897 47.542537991611042
9.965091002914216 47.544000016601437
9.967531980385374 47.546023971768115
9.969155004938267 47.545893984195054
9.97104502122966 47.545741990082512
9.971094020008701 47.544627992653766
9.971143014996573 47.543516991704557
9.971143016669078 47.543513994587869
9.96730696514846 47.541245022274744
9.966484007729523 47.534630016009906
9.968027023502477 47.527377994409541
9.968014033809926 47.527351016333149
9.967746988199687 47.526793984233393
9.967250031927023 47.524077998908346
9.96724695877095 47.524058998059964
9.966920020175593 47.523724013806067
9.966313023573424 47.523418009363958
9.965607004794661 47.523212005761955
9.964546992760505 47.523019003104899
9.964519983791636 47.52301401798308
9.965206976005259 47.520755995082226
9.973298029970026 47.515994997658396
9.98183697586189 47.510193005464807
9.981839974957714 47.510194023920548
9.982682039362263 47.510505014666606
9.982849970633465 47.510567019523762
9.984821997408945 47.511294993721791
9.995680004692879 47.502979012757322
9.987795991094487 47.498549985875194
9.98817703393931 47.497955969674088
9.995536000629288 47.486485021134904
10.000000014585142 47.483540021780215
10.000014009689213 47.48353001218981
10.001057000010501 47.48283398450031
10.004206016690727 47.482459996503039
10.006533041721005 47.48224600728576
10.009120021786151 47.482402976177099
10.012343024507489 47.482780020145739
10.015227009216956 47.483978017221247
10.015247004428192 47.483982990869819
10.0155120271575 47.484050983772903
10.022788016925618 47.484343995033775
10.034153980928268 47.488190018792722
10.036373974491722 47.488537989728918
10.037921980413079 47.488780968335142
10.039368962513086 47.488616968849016
10.04052302747322 47.488486989818732
10.044509987769716 47.48742302376094
10.045294036444893 47.486742004132481
10.046077982299041 47.486060978672946
10.053927981167279 47.475342008441707
10.054059031923931 47.473853980189446
10.052336029488023 47.471840990063377
10.052332027711314 47.47183601551086
10.052291973639957 47.471184003253725
10.052186973410159 47.469471015080707
10.052569979042778 47.468958989083852
10.053530994106607 47.467674024022728
10.054645977009587 47.466972012606043
10.055984966586879 47.466129006590968
10.064683988150165 47.463340978371889
10.06773799971012 47.461108974313134
10.068521014439263 47.459672990527849
10.06953099625764 47.457820978244179
10.069835011879839 47.456161004633714
10.069839967515914 47.456130972267836
10.069852036226752 47.456065987243477
10.069853030032414 47.456061971373423
10.076137002272759 47.456028018436484
10.076213020824552 47.456028022027709
10.07723796563614 47.455901982413963
10.079507973448274 47.455043994882189
10.079516966205244 47.455043988323645
10.080691015714958 47.455085990887063
10.081765029521701 47.45541799529903
10.08267499013073 47.456038977355249
10.083418997397189 47.45721100171226
10.083704963295508 47.457644982851754
10.083951036319338 47.45801899314371
10.083965037534197 47.458027012821979
10.084700981761639 47.458457985796734
10.085399018028539 47.458717011747801
10.088779004334837 47.459934007761163
10.088784001199587 47.459935021675122
10.089639997948717 47.46012099645138
10.090970035068823 47.460105983332916
10.094846985272815 47.449868021430319
10.094848974257895 47.449862986464801
10.094704984752255 47.449656019940868
10.093154969876498 47.447421987455748
10.092858026978197 47.445565991983422
10.092844976503008 47.445484003136215
10.092932974412349 47.444836977723291
10.093362024884096 47.441696015104633
10.09399503441524 47.440714015685849
10.094769039171469 47.439513996734405
10.105297014051756 47.42843197417897
10.10325200194 47.427052985459731
10.096092025045017 47.422226018140549
10.095170011452357 47.417563974995979
10.085637962103498 47.41437497481904
10.08423102059314 47.414367985176909
10.084230022181014 47.414367985948793
10.078871007283274 47.414790994374044
10.074581006210549 47.41447098809455
10.071573961644527 47.41151400810962
10.069533997993922 47.409507994980338
10.070234021739481 47.408642969479416
10.07076403051795 47.407990008904541
10.070770009312076 47.407981975259467
10.0713460108484 47.407211012342685
10.080333963302756 47.403461021412937
10.080370039559718 47.403446008158433
10.081719968222995 47.402667968238283
10.085782028595553 47.398948982231111
10.083014026426023 47.393603985501386
10.098430807134218 47.357326372237921
10.098430971722237 47.357325976036279

