# RBD_F1v3.0 river basin BE fr Scheldt (Brussels Area) (Escaut (Bruxelles))
# data from <a href="http://www.eea.europa.eu/data-and-maps/data/wise-Basin-basin-districts-rbds">EEA</a>
4.405928962832161 50.913172002767645
4.406156990446813 50.913096985888039
4.406535961448133 50.913024974120482
4.407466014835558 50.912860007749906
4.410018038381254 50.912459020842093
4.410775015742027 50.912293014261301
4.410927967029671 50.912259989834098
4.411105030789665 50.912220997563381
4.412055014367231 50.911986981445828
4.413738995124986 50.910479016789019
4.413734022061154 50.910465981307091
4.412753958341353 50.909001970103297
4.412720991268931 50.908978011563867
4.412582963592319 50.908782970548032
4.412401013363652 50.908384022132758
4.412376960986623 50.908256999114876
4.412423998459887 50.908044978745153
4.412491995411468 50.907777978321604
4.412572005485518 50.90710000972318
4.412517033900367 50.90700200758662
4.412699016168755 50.906921977569063
4.412842004060738 50.90674001965553
4.413149021655237 50.906612986793718
4.413894977105749 50.906489969377063
4.414304000264487 50.906435014368427
4.415973975318447 50.905961023044583
4.41751397427776 50.904565970495135
4.417508991141786 50.904555991282933
4.417502028037249 50.904481996494937
4.417552012903371 50.904433004379719
4.417888986348374 50.90419598549795
4.418128980213604 50.903929991468715
4.41818702502914 50.903886993570239
4.41838897250032 50.90383600266501
4.418624015558654 50.903827997129625
4.419045982859192 50.903849971141888
4.419216967676053 50.903814977985782
4.419357002073161 50.903786980462961
4.419532017217824 50.903752011271081
4.419658007163328 50.903728997484755
4.419786957178124 50.903700011595468
4.419885009588175 50.903687989572987
4.420089020024434 50.90367497207113
4.420120025795735 50.903671996756032
4.420938961480209 50.903481012578496
4.420993961954201 50.903437978990972
4.42113804109988 50.903295017665144
4.421220994828595 50.903260977361022
4.421339038974838 50.903272000647803
4.42159699860682 50.903299971860079
4.421684010038454 50.903305986208665
4.422255018548626 50.903171977165393
4.422447018888483 50.902709972273406
4.422479030494644 50.902679982668829
4.422540038108193 50.902662999558565
4.42258695644961 50.902673021914133
4.422658016891698 50.90272899355395
4.422689001095291 50.902759024343915
4.422834977716815 50.902994011452485
4.423365969964841 50.902787973716585
4.424346962362348 50.902160010395782
4.424303966218281 50.902041984175348
4.424467030761283 50.901943020633787
4.424629979667412 50.901845013695045
4.42474100036885 50.901816006004502
4.424922971020252 50.901825978916158
4.425076986257768 50.901821013464591
4.425145007520499 50.901812010818063
4.42527301613443 50.901696010996872
4.425294967791006 50.901655004772216
4.425404019205336 50.901525973518503
4.42544797960573 50.901491974130373
4.425507995627802 50.901477998272021
4.425515018339182 50.901476979232449
4.426077010037109 50.900969981723122
4.427626011224091 50.899666002025995
4.427541958862663 50.898918007822203
4.426481953684472 50.898113011949064
4.426543971607466 50.898045007967376
4.426711961477005 50.897874998999249
4.426801988085463 50.897814008160559
4.4268989951692 50.897771018585431
4.427174982558229 50.89766498808666
4.427324022247538 50.897619978949486
4.427392966255206 50.897600998506697
4.427390975790578 50.897586974893599
4.429253041035618 50.897018017444623
4.429392985834928 50.896938993571801
4.432285984409234 50.894135020213412
4.430087999010877 50.893074992379603
4.429827987746998 50.893027972442979
4.429589039258214 50.89295699990253
4.429330993155309 50.892857023419275
4.42911395542826 50.892761006976592
4.428916041633352 50.892645982782028
4.428672038694301 50.89247902583935
4.428582956724639 50.892417998749018
4.428459960529036 50.892329008520328
4.428254011459543 50.892168982256443
4.427840984780897 50.891827020226657
4.426961973191713 50.890941018086401
4.427136016964058 50.890093998333796
4.427262039582193 50.889611989661766
4.427319037633196 50.889461026687862
4.427478991023792 50.889238995235097
4.428270004894293 50.888433013283681
4.429089008559611 50.887734022657156
4.429927012939406 50.886963022178342
4.429936973361381 50.886938987919137
4.43017000983209 50.886574975551184
4.430397971718659 50.886259974581264
4.43073201059606 50.886038975969832
4.431400014046408 50.885279980143828
4.431558034832367 50.88508497084829
4.431637968393027 50.884891970026388
4.431927000458021 50.884449977119218
4.432038039289073 50.884332984322732
4.432636998330055 50.883622003206355
4.433215987608125 50.882925004444061
4.433892023676585 50.882161004883095
4.434175006324971 50.881893999673331
4.435167020827931 50.880810001374172
4.435792041502622 50.878658023477783
4.431646029371042 50.87810898368128
4.429444031236678 50.877795996837762
4.429389018608315 50.877708020615827
4.428210041410944 50.877572998618184
4.427152002859492 50.87744900960179
4.427077017985495 50.877207996790823
4.42705599074451 50.876945016890978
4.428513007933156 50.876299988376701
4.428242985377733 50.875866013324654
4.427934979746087 50.875414973529288
4.427390011682236 50.875048969895872
4.427198964752903 50.874624974562209
4.426562972179233 50.873464995805072
4.426080974866008 50.872601985267458
4.425975968664105 50.872412005167831
4.425874029513552 50.872244989297634
4.425924017830166 50.872212017048732
4.425866025010575 50.872095983434747
4.424992019126628 50.871219983241701
4.424812022855765 50.871054970779603
4.423179002706141 50.869600017564942
4.421716033447924 50.868351018125558
4.421729995974761 50.868316023810614
4.42109500260136 50.867823001454646
4.420968025241959 50.867731995958401
4.422270972984422 50.866553012587637
4.423416971202831 50.86547700716249
4.426617965290931 50.862788995940676
4.426713962650506 50.862882972653239
4.426804989097462 50.862889972184746
4.426920041752762 50.862895980774177
4.426975971953406 50.862896982720784
4.427314043110473 50.862936009326113
4.428113957799413 50.863028016655569
4.428140996562787 50.863031020528389
4.428216989804895 50.863031971222568
4.428326969564473 50.863033996575687
4.428416002005235 50.863035973060164
4.428506045734099 50.863036979129014
4.428594982154858 50.863039007610439
4.428683028878549 50.863040992177112
4.428771011671555 50.863042012099903
4.428893964301155 50.863011994938653
4.429007004781455 50.862983990814826
4.429389971130307 50.862889015122441
4.429463999361021 50.862874980136944
4.430136012205477 50.861615023084937
4.42980402918266 50.861274984194985
4.429761997739653 50.861223020399144
4.432267977650102 50.860349974261077
4.437391975556356 50.858508976976374
4.437428010878773 50.858554988011115
4.437851008618553 50.859037023679839
4.438123957368235 50.859347016450897
4.440496008675405 50.859917005175816
4.44455304017958 50.857718011371325
4.444310039727213 50.857483020353463
4.44467004025204 50.857372001636399
4.444929968117378 50.857305023889325
4.445146986273433 50.857268987746444
4.445332039176859 50.857229997108874
4.445504021401522 50.857188000010396
4.445670965748166 50.857104996084246
4.445977995103434 50.856929995068882
4.446361992675947 50.855768995572063
4.446078983315286 50.855488998360208
4.446019041705112 50.855386016382631
4.446076970935047 50.855305012391234
4.446183960049471 50.855223992225952
4.446307001762978 50.855135986872725
4.44772699689846 50.854438017414424
4.447834963068286 50.854383991280962
4.447963961596246 50.854330014529168
4.448087979403556 50.854281007304309
4.448237034217301 50.854235978002841
4.448379040057869 50.854231995240646
4.448447043333915 50.854227000750463
4.448485953203939 50.854210019648299
4.448871996966109 50.854115980639349
4.449321028190631 50.853965976660831
4.449658036429899 50.85386799162746
4.45044701787673 50.853611022635285
4.451174974119097 50.853536022818432
4.451535014693869 50.853557013778953
4.452058966491448 50.853631968538998
4.452598963999836 50.85359196944249
4.453173989441314 50.853596000387824
4.454179014559485 50.853427012186067
4.454475992646278 50.853299008166339
4.455018032756268 50.853184024860212
4.455623037381432 50.85309799323268
4.456012000191979 50.852983011122994
4.456220021189218 50.852872016852565
4.456340986393235 50.85283196920782
4.456459976777415 50.852809999884883
4.456560977363899 50.852812021220913
4.456916978444828 50.852806021842177
4.457200031817018 50.852799972503448
4.457483999570395 50.852796003766187
4.457861989231206 50.852769997154006
4.457902024463855 50.852739026248678
4.458451998356178 50.852666982449414
4.458903014427935 50.852578012651342
4.459427004615926 50.852413000698945
4.459771976322746 50.852335014525266
4.460045012379445 50.852277014194229
4.460589988275946 50.8521889812436
4.46066096814114 50.852170988287639
4.460892005203443 50.852049994010926
4.461070977879108 50.850993992061618
4.460921963336521 50.850966005386404
4.461121001678986 50.850395988709884
4.461214037436295 50.850152988925956
4.461228010739629 50.850071001471775
4.461254980628105 50.850045969631182
4.461434037812317 50.849578995899087
4.461509033894565 50.849385970679272
4.461752975929038 50.848789007715226
4.462466042019716 50.848868974175168
4.462520997013508 50.848875007546766
4.462811975978167 50.848612009117943
4.463012011614918 50.848343004542514
4.463878023939222 50.846702972679601
4.46399195520361 50.846384996570009
4.464227009947865 50.845956996985088
4.464323986699546 50.845806976226051
4.464819015198874 50.844942998934584
4.464934019892806 50.844746003702156
4.465193003892957 50.844279972069749
4.465232981382598 50.844286985374261
4.465482011152439 50.844333975707627
4.467134989936371 50.843627999211961
4.466962027015767 50.84147999591498
4.466968994948024 50.841437982448682
4.466965018233066 50.841411975522817
4.466902028345201 50.84087399848427
4.466812967111516 50.840167021350169
4.467012022280523 50.839740971474455
4.467255020297434 50.839432975474608
4.467302006902455 50.839371989291926
4.46731504504027 50.839293976410545
4.468053982893285 50.83730196857308
4.465739969134669 50.835539978249052
4.469795032264868 50.829942998983775
4.474368023166473 50.823645996160757
4.474954002101908 50.82284097963376
4.476680987370773 50.820402974748426
4.473844986502046 50.820163011922013
4.467635961704652 50.8195989700966
4.454714036323128 50.818439016416256
4.45469700674886 50.818398000283047
4.454687014871721 50.818373005336326
4.455114967297282 50.817886982166677
4.455433964359672 50.817654001812613
4.456448039243141 50.817147009024083
4.456727023319223 50.816953997119064
4.456675973407036 50.816929010403733
4.455883024609447 50.815560024352621
4.455206997711325 50.815249992051328
4.454118039617509 50.815144013675926
4.453388974485729 50.814713998167576
4.452718003943815 50.814063023877665
4.451945960218462 50.813816007859621
4.451637039683197 50.813485001058382
4.450454028134656 50.813214011453411
4.44899602390161 50.812252018658704
4.448896002068723 50.812187020598031
4.448796995514203 50.812120995388781
4.447741960961893 50.811426022298178
4.447923971518314 50.811275976819331
4.448016030781932 50.811146002342696
4.448160975953588 50.811018007235674
4.448257987779235 50.810934979168941
4.448301003916246 50.81088700162492
4.448536042161559 50.810583983104848
4.44862896186471 50.810440008582333
4.448730026002224 50.81030497491102
4.448793995635406 50.810226017461019
4.448885997517679 50.810157978333713
4.449175013713706 50.809933989338056
4.449456993289524 50.809780997301424
4.449838004891872 50.809596990975393
4.4500670114078 50.809504971534736
4.450313008042001 50.809424979164724
4.450546002750199 50.809352004672995
4.451173986189191 50.809184012270798
4.451503044850555 50.808397991325336
4.451273984309426 50.808392970406778
4.451126995188743 50.808469972277805
4.450712965109412 50.808600985984235
4.450128000232561 50.808729999751336
4.449201997998654 50.808679991790669
4.44703197971505 50.808351988594524
4.466647970403956 50.800108990329171
4.467459962742649 50.799763991929154
4.468809977493495 50.799198014902778
4.469059953942603 50.799098022047559
4.470727026711978 50.798390014055173
4.472911007224814 50.797477021149568
4.47360303878965 50.797189018153368
4.476000994831544 50.796178999298583
4.47737397111447 50.795605991676403
4.478753964197933 50.795027019977695
4.480357964983875 50.793811989544132
4.470878037545646 50.789924990996077
4.470124976781175 50.789721001909058
4.463585971599473 50.787986969875156
4.45852903849239 50.785730983114561
4.453590044918926 50.783530987318983
4.451802023884791 50.782685024100317
4.435287984173509 50.776744000528367
4.434571040376194 50.776521013716462
4.43370501470626 50.77747299100006
4.433139037174271 50.778111020619299
4.429858037814895 50.777015973874263
4.427761966271118 50.776284996056795
4.427224975921361 50.776105991991685
4.425226021056283 50.775481970409764
4.422657968543166 50.774817969899757
4.422458044614784 50.774764980463601
4.421064010844978 50.774412994131161
4.412516981007122 50.772304972189133
4.405878043664108 50.770255984931097
4.40108997933195 50.768840994455687
4.399839993410408 50.768490018368993
4.396657961248446 50.767601019657491
4.393481006118075 50.76669298221956
4.391518970355331 50.766147988638174
4.3828869632718 50.76389700451643
4.382620033462956 50.766016017785269
4.382618031549355 50.766373022849329
4.382683008247447 50.768722977616193
4.381195997605966 50.76923399849089
4.381193982970834 50.769249980718392
4.38118898079416 50.76928999293645
4.380852025565569 50.769351979656498
4.380617986629566 50.769432007517302
4.374895997853812 50.7706970101653
4.373764018782209 50.770949984330294
4.370603972615954 50.771658991384605
4.370273043234119 50.771712976345576
4.367736964891067 50.7722739809861
4.366277039418576 50.772602013386951
4.36428198675303 50.773104012028725
4.363538997188719 50.773311990386773
4.363071986577458 50.773400971470416
4.363142987542067 50.773258023222319
4.363152031007413 50.773232023099503
4.363158978971416 50.77321299926124
4.363180039821505 50.773163013547766
4.3634069987693 50.773139011156381
4.363741960868693 50.773144977319809
4.364199995917998 50.773059971379759
4.364246010275101 50.772963984030433
4.364285975929241 50.772867022241023
4.364322964693061 50.772705989472719
4.362897982654187 50.772344971239313
4.362779979793229 50.772362979601887
4.360696011074692 50.772693987770403
4.360568021795561 50.772713996074643
4.360432967422603 50.772736999149757
4.35862901227763 50.773074995114676
4.358147024621911 50.773137007768177
4.357819009865332 50.773193988126387
4.357805000039813 50.773196020111868
4.356543999679024 50.773416977789097
4.356509994327215 50.773423975456126
4.356490025689273 50.773427980131856
4.356397973641161 50.773441986612418
4.356375981552022 50.773444986471119
4.355901023824445 50.773456997517108
4.355757000365906 50.773463985232141
4.355686043758363 50.773475005169097
4.355634982862049 50.773489999696665
4.355579023074972 50.773510019881684
4.355519011935829 50.773533975340982
4.355448008814003 50.773552014025356
4.355393980349245 50.773561993958509
4.35533602101488 50.773569006545443
4.35526498649609 50.773574019594498
4.35521198680377 50.773576972800797
4.355190011943726 50.773568025312883
4.355106039043309 50.773564025179923
4.35504099413521 50.773555007105323
4.355000034807451 50.773553000534889
4.354948960075922 50.773545968116359
4.354917978991091 50.773542016236306
4.354889001461799 50.773539972993099
4.353627971107301 50.773684969345027
4.35147104201156 50.77414700053594
4.350660998024693 50.77432199785261
4.350650016562651 50.774330009986848
4.350630014861286 50.774337975510051
4.350611999777574 50.774345019178739
4.350594983616356 50.774348997296201
4.350547006555328 50.774354006050935
4.350532032253482 50.774349987948547
4.350454000530762 50.774366998689906
4.350448985039438 50.774372980933919
4.350429030382978 50.774382024755532
4.350405971198484 50.774384971191573
4.350367022538533 50.774387025026755
4.350350033275427 50.774392987053353
4.350314983249341 50.774413010758138
4.350297018302298 50.774427021260131
4.350285013986021 50.774442003508092
4.350268038191714 50.774453005656788
4.350010029761106 50.774514019682506
4.349967953904707 50.774533020200977
4.349710974918585 50.774617978316158
4.349671963953484 50.774622010595699
4.349608013248272 50.774615024856963
4.349567976525696 50.774614986577625
4.349522979402425 50.774619008245317
4.349481044927938 50.774627993354109
4.349431967354239 50.774631022746121
4.349403021620767 50.774625016251932
4.349345985883978 50.774605969029146
4.348805986690149 50.774723023296012
4.348725001717231 50.774743002611757
4.348707993187116 50.774755021294148
4.348676030432324 50.774768006220263
4.348628013698868 50.774779975786998
4.34859196121168 50.774780982403698
4.348584012425976 50.774777988109122
4.347493984148956 50.775049022046574
4.347460999224002 50.775136016750956
4.347444996374566 50.775166997083801
4.34741200381169 50.775200993005939
4.347399019807425 50.775212982734615
4.34738903066204 50.775231971161404
4.347363998888392 50.775304973806499
4.34735000997635 50.775367986781767
4.347332974594696 50.775392008790803
4.34729802531235 50.775408978845242
4.347278985940382 50.775422992997093
4.347261991201651 50.775442996758535
4.347234041240501 50.775472993574162
4.347178979202017 50.775503982760924
4.347148000384126 50.775527999339516
4.347102970388554 50.775549967607049
4.34704096274891 50.775566007626907
4.346973970662238 50.77557597055187
4.34695797163106 50.775575977827302
4.346876015577935 50.775502992311708
4.346753006370539 50.775500977827903
4.346724962270796 50.775489013841423
4.346710032204107 50.775463990539357
4.346671976730926 50.775454988762583
4.3465879927046 50.775453982978398
4.346544042663126 50.775470002054213
4.346492980030978 50.775468006912398
4.346434044757635 50.775457980650607
4.346103029497831 50.775422998477893
4.345905032613276 50.775502009924153
4.345859979033495 50.775505008187423
4.345744041070033 50.775471970740611
4.345646002764229 50.775438000090141
4.345488967717103 50.775407022773713
4.345440004591558 50.775400996395234
4.345346993380144 50.775399999128929
4.34531096154458 50.775405988474681
4.345167001572802 50.775446995599971
4.345111027566039 50.775456026492904
4.345046008790911 50.775448984930215
4.344890007367612 50.775410980405709
4.344837996218077 50.775407974596526
4.344780032889779 50.775414981842054
4.34472903405024 50.775438978678636
4.344674031384661 50.775454001332271
4.344609005549842 50.77543597537813
4.344507016453563 50.775396996527419
4.34434198854952 50.775277974831049
4.344325982630811 50.775292023863699
4.344154988618714 50.775395969117376
4.344106961863407 50.775394008369069
4.344085957924748 50.77538001099925
4.343988024032148 50.775342986241682
4.343894001989278 50.77524500170383
4.343903035466278 50.775214020329457
4.343949008491078 50.775159994364948
4.343971012571155 50.775123024932597
4.343971995386942 50.77509798922457
4.343952973746941 50.775077974492696
4.343932982445522 50.775063007535984
4.343911021458018 50.775051001659101
4.34387499007396 50.775043003979199
4.34382200893835 50.775061977168228
4.343710023981322 50.775030999789792
4.343527981883381 50.7749409811967
4.343481971687745 50.774931985269255
4.34333102939795 50.774883977522983
4.343289004764955 50.774890010896527
4.343217992122992 50.774844001776401
4.343186995232194 50.774795993566229
4.343152987263003 50.774789001585361
4.343144990301696 50.774795969993555
4.343088031745675 50.774791022627085
4.343010041585647 50.774761997272847
4.342950008082182 50.774749990286274
4.342819022114984 50.774689995091926
4.342776013730866 50.774684996162257
4.342671970301305 50.774648972464746
4.342656032533862 50.774647000401266
4.342543987580073 50.774631987221468
4.342508004934985 50.77461697114083
4.342433000955368 50.77456997246636
4.342264019029638 50.774527023629481
4.34220800967466 50.774487016184423
4.342181013337791 50.774476008169081
4.342136035905741 50.774471024958721
4.342076022346658 50.774464002105958
4.341946030079452 50.774414982579465
4.341694010538403 50.774389018328549
4.341622999727487 50.774303995262208
4.341501004086626 50.774155997026277
4.341383034088052 50.774032996448618
4.341377034467399 50.774025001063634
4.341060998794896 50.773879986401738
4.338882020621057 50.773909979736096
4.338662007190712 50.773947978584353
4.33557301240533 50.7745020234413
4.33550796644345 50.774518021566912
4.335163006812786 50.774602983374507
4.335027029456441 50.774590013455352
4.334994984555911 50.774586002984677
4.334884002393108 50.774612991029684
4.334821990279417 50.774629024387856
4.333720020243293 50.77489900450022
4.333657030181241 50.774914989174277
4.333603964651918 50.774928007527329
4.333459025749913 50.774963007014321
4.333278013108879 50.775008009288513
4.333039021041082 50.775066014842288
4.333005037126331 50.775074988582503
4.332794032903127 50.775127009027521
4.332531964112994 50.775191013487401
4.332434033868474 50.775215017477706
4.332373039641344 50.775230023608295
4.332250968841032 50.77525997495114
4.331986984126976 50.775325015913054
4.331113984672938 50.775539023661025
4.331104980764201 50.775555001622585
4.331126979412733 50.77556299162427
4.331118039292399 50.775599016498148
4.331105986110043 50.775642985578571
4.331105021321911 50.775683989954359
4.331106041731387 50.775704990542764
4.331113993411642 50.775718971050388
4.331142963557705 50.775762975636638
4.331156024730313 50.775793005683369
4.331158972553535 50.775818007826821
4.331154032894815 50.775840979942821
4.331139961827741 50.775867013944115
4.331121044447801 50.775890997198189
4.331063004309994 50.775952974797022
4.33096699277209 50.776042017605995
4.330769984881436 50.776216971210665
4.330816967552694 50.776276019139175
4.330835023455728 50.776312013118243
4.33083395349004 50.776359013468856
4.330816966878834 50.776397983241644
4.330807964744881 50.776435987709625
4.330764979342636 50.776504990880397
4.330744981913542 50.776531977851185
4.330716958677079 50.776561005929558
4.330653027754368 50.776619975509213
4.330623001137651 50.776652981170834
4.330604980626084 50.77667400746153
4.330591003517547 50.776699989261203
4.330588044341825 50.776727984808439
4.330592964802664 50.776761011054127
4.330591997535374 50.77677998887772
4.330570015824098 50.776812993801457
4.330406016880021 50.777008992911121
4.330370969094958 50.777036995799627
4.330328018866756 50.77706602476664
4.330270009636519 50.777102013619626
4.330234034497838 50.777120004377757
4.330202037254292 50.777131001004143
4.330169994607513 50.777137974194808
4.330152038779758 50.77716800668717
4.330030986103925 50.777226996119182
4.330026008479074 50.777264971469009
4.330023990668837 50.777296977750545
4.330013998744814 50.777324004522683
4.329999018971167 50.777345010025243
4.329913970325923 50.77741001828803
4.329858032187562 50.777439993265467
4.329833957929933 50.777452002387655
4.329766024084805 50.777512982559557
4.329647002861633 50.77761697344301
4.329452020339153 50.777653979456446
4.32940302397631 50.777670990375583
4.329289994610908 50.777747021073381
4.329245020203325 50.777777988614389
4.329178008653666 50.777813024796231
4.329095036801969 50.777846991635755
4.32906601168612 50.777860002446801
4.329025994027784 50.777884022189376
4.328977011948933 50.777920002305322
4.328940972689395 50.77793997130842
4.328914990017255 50.777950017231376
4.328872986850929 50.77796097351127
4.328815030359843 50.777973012864258
4.328759037410665 50.777976995578861
4.328694015218664 50.777980986302993
4.328653960518992 50.777983997805514
4.32861401574747 50.777991997493778
4.328562960041444 50.778009020283449
4.328404964951472 50.778101975264896
4.32826399673568 50.778185010343478
4.32818896244023 50.778236015311016
4.328166004669635 50.778254985944933
4.32813198846687 50.778297987387489
4.32811497942329 50.778331972974833
4.328093026296443 50.778352974806268
4.328059018652056 50.778368004890503
4.328009989159256 50.778374991277708
4.327957009510141 50.778376969850804
4.327816036501481 50.778496016576668
4.327885978290694 50.778527996947801
4.327898972098732 50.778549020093493
4.327903962962306 50.778568970712797
4.327896976523101 50.778596995131174
4.327886993611938 50.77860997955905
4.32787600725915 50.77861798857996
4.327834991637389 50.778636976946231
4.327749003279671 50.778670002272165
4.327699039117974 50.778692003564466
4.327671043969555 50.778711972536357
4.327637999899687 50.778746981113223
4.327596003522901 50.778798988343404
4.32755795281213 50.778845018292586
4.327509999421583 50.778885011126292
4.32745098660117 50.778927008170513
4.327381958730744 50.778969021379901
4.327357962605858 50.778986979173766
4.327340012369739 50.779014010565483
4.32732897951093 50.779040023441858
4.327313012503581 50.779063981095803
4.327289024401733 50.779075993985956
4.327261982586077 50.779082986406202
4.327234976446571 50.779086016150501
4.327211018275874 50.779086026371559
4.32718598709976 50.779088983897729
4.327168979409123 50.779097999599529
4.327135969283481 50.779154016050988
4.327116970603062 50.779208005091817
4.327101965662711 50.779238012146784
4.327076973047617 50.779270019379403
4.327042001018903 50.779303970414539
4.327011958960179 50.779328990708507
4.326976008165617 50.779346019271003
4.326932999909172 50.779351999414374
4.326894994413313 50.779357998718645
4.326854980879739 50.779356991373753
4.326833976310392 50.779356976597605
4.326823981815972 50.779361977452901
4.326816994485284 50.779367975290342
4.326812971834843 50.779378988321405
4.326818997360232 50.779433019664694
4.326816035651819 50.77946101507618
4.326801967818088 50.77948699205799
4.326756005828829 50.779515022657115
4.32668599785399 50.779546002394191
4.326614009178051 50.779569014302659
4.326560031630014 50.779587986870808
4.326504009028998 50.779612011858738
4.326473005722925 50.77963098263956
4.326374021087393 50.779665009216671
4.326318005126504 50.779711003278464
4.326280999723251 50.779733019297559
4.326227971688144 50.779753000965485
4.325199027684708 50.780469971238936
4.325184982564537 50.780564009628826
4.325093969987366 50.780660996248514
4.325084958505399 50.780688014227955
4.325057035737804 50.780724973166826
4.325043017652529 50.78074098592792
4.325003037881091 50.780760986908547
4.324973994463961 50.780779997977355
4.324947994860012 50.780809973479151
4.324917974868092 50.780848017812723
4.324883979685745 50.780893000377645
4.324837974728464 50.780903021971248
4.3248249901529 50.780912008385798
4.324812956823113 50.780922004138802
4.324773999004377 50.780949019946171
4.324446020713455 50.781233025679178
4.323150022880668 50.782354024683634
4.322668034546193 50.782614981125661
4.321721967593125 50.78359199931014
4.32158601077596 50.783941005420282
4.321605027664551 50.783972009620712
4.321613033912238 50.783987012782006
4.321602973631163 50.7840270023557
4.321586954869677 50.78406601883232
4.321606025836635 50.784067977752457
4.321603031838865 50.784083004882952
4.321603960246351 50.784104001157054
4.321614014050411 50.784121992692832
4.321625009946263 50.784210017148396
4.321606990601312 50.784241970473722
4.321565039293414 50.784272971750369
4.321531032365253 50.784284998248772
4.321493013393519 50.78429399724422
4.321465986240776 50.784305971997178
4.321446962867128 50.784319019722361
4.321432045453347 50.784337989763024
4.32142001505199 50.7843670109052
4.321423969653109 50.784437984437908
4.321415982272989 50.78446097649573
4.321406957768998 50.784480009785796
4.321363008849224 50.784511987723825
4.321183986598997 50.784970022873779
4.321190988313918 50.784982994791989
4.321219014539378 50.785033976791112
4.321285040262434 50.785070977866887
4.321296026783244 50.785084995063414
4.321302021629805 50.785115017905397
4.321217997800002 50.785200001600408
4.321188973018306 50.785243021150883
4.321193000504076 50.785286988883882
4.321225024347925 50.785357986454343
4.321217976655026 50.785374002543165
4.32117796393729 50.785392019018417
4.321018022977007 50.785416979215164
4.321004044904769 50.785428974140999
4.320945974246715 50.785578994748725
4.320963025777246 50.785587988256601
4.320954980387354 50.785631984749394
4.320896031904057 50.785665998292387
4.320866993729752 50.785659981130109
4.320582986923149 50.785904016504688
4.320557024479498 50.786050975250525
4.32054796298622 50.786073971116203
4.320483024568642 50.786107972287859
4.320445018215542 50.786132995228201
4.320430973414492 50.786168994274647
4.320430017504237 50.786181970625258
4.320418973803244 50.786263020597694
4.320429979495565 50.786414009966705
4.320410021266477 50.786466987585605
4.320334969138483 50.786504001435532
4.320248971883147 50.786545004465182
4.320228969724609 50.786558004701902
4.32018199996536 50.786614012121618
4.320130031391868 50.786656013425151
4.320064027141638 50.786687017607605
4.319896021423695 50.786770013801821
4.319609995941383 50.786932977127393
4.319573022179872 50.786939987653554
4.319541973212468 50.786938004055308
4.319425023222549 50.786897020447803
4.319332961673079 50.786976002196482
4.319324039968549 50.787601982130397
4.319361001003728 50.787609013775139
4.319462975478005 50.787645974351371
4.319499993124674 50.787675997843827
4.319525957959805 50.787705022363291
4.319543971865203 50.787733994767201
4.319552016206805 50.787767006221891
4.319553999620601 50.787793999846912
4.319541003034222 50.787849982664618
4.319522026606448 50.787847971347865
4.319487007309045 50.787869008289483
4.319459043811396 50.787873971028304
4.319379008893429 50.787890976935024
4.3193190398293 50.787903988964416
4.319317966468343 50.788002969734109
4.319356022468054 50.788023021121887
4.319481989828699 50.788080983704106
4.319450996375425 50.788145987485535
4.319433966025834 50.788204998740568
4.319332967875003 50.788226011035668
4.31931400457047 50.788251009765538
4.319312017564067 50.788443996343048
4.319319966786026 50.788446992648922
4.319537039822168 50.788504970867045
4.319578978743898 50.788523968048821
4.319627016426939 50.788545021353777
4.319631977452708 50.78856298915138
4.319571982655176 50.788628998739092
4.319566043938574 50.788654979178617
4.319590045117032 50.788672979641802
4.319681991668172 50.788723998514399
4.319680975416846 50.788736008490382
4.319640966225344 50.788795020113383
4.319560038919207 50.788844992835699
4.319483010776915 50.788873981824565
4.319442018831302 50.788889004404709
4.319304025761702 50.78896702475334
4.319303034009835 50.789035999056054
4.319142971302038 50.789283989401682
4.319143025970471 50.789285011370815
4.319147959876811 50.789300995180497
4.319131046309003 50.789328983319471
4.319145015892936 50.789352999810028
4.319167031205473 50.78937701721842
4.319178973990095 50.789435984777342
4.319169963829375 50.789503997010726
4.31911796898808 50.789521989233855
4.319086015172029 50.789534003725144
4.319064999572436 50.789547972241969
4.319021980390861 50.789595001484848
4.318988001610514 50.78963902104536
4.318955991313604 50.789683024970806
4.31894596967847 50.78970801108018
4.31894501322469 50.78972098740288
4.318949964642802 50.789730969988405
4.318975041448489 50.789746022531702
4.319033971057413 50.7897650074731
4.319086022393501 50.789770008065375
4.319114973755688 50.789776021295928
4.319150986945931 50.789795972904386
4.319158957434379 50.789811993722367
4.319132968268695 50.789888002818088
4.319117027128685 50.789951993776533
4.319117982763405 50.789983013845848
4.319125003490266 50.789998024454341
4.319168018311111 50.790017018884178
4.319195962423906 50.79005401128456
4.319215034904616 50.790141018256698
4.319201958858082 50.790149999665225
4.319142982961704 50.79018197267186
4.319098016849484 50.790211974868107
4.319071041494299 50.790233011684265
4.319040036589364 50.790248979719827
4.319018970428782 50.790267023747681
4.318986021064509 50.79028499125765
4.318968999676997 50.790307990350968
4.318957027529583 50.790337976699114
4.318955984603211 50.790358989402392
4.318966031237792 50.790379981827336
4.318978972866939 50.790410969927628
4.318970043324926 50.790437991641348
4.318945960204036 50.790460982431064
4.318925008702046 50.790481013870497
4.318898989121759 50.790492018570525
4.318860975554972 50.79050900015104
4.318841964370425 50.790518991243822
4.318806027990533 50.790548986003891
4.318783986873846 50.790575021685434
4.31877797444531 50.790594996374594
4.318771023535731 50.790619001904915
4.318758028427985 50.79064197232308
4.318749027053983 50.790662989290958
4.318720004475984 50.790692021653314
4.318703973211603 50.79070397195251
4.318662986638035 50.790715994445684
4.318593040200074 50.790714018404351
4.318458995238528 50.79068997165556
4.318403979135411 50.790677010237033
4.318339003728915 50.790646005782733
4.318286967605919 50.79063500444488
4.318266961160811 50.790637018393312
4.318206982312857 50.790729981787443
4.318216966238134 50.791074005722429
4.318274037446334 50.791161016877425
4.31836102947658 50.791336985690009
4.318376042958412 50.79135097541738
4.318389037038069 50.791372000525598
4.31842603994503 50.791463005177519
4.318451993104595 50.791530987030093
4.318464970396448 50.791568997409257
4.318472011333975 50.791599977686531
4.318431022741109 50.791763013121106
4.31845996976173 50.791804982048454
4.318516022161509 50.791840982666578
4.318603024237518 50.791893003919931
4.318644029323137 50.791927017302406
4.318662960977629 50.791979986611267
4.318666004511277 50.792032003370721
4.318668977208124 50.792088999457334
4.318650034819879 50.792138007546455
4.318558041512366 50.792219992588485
4.318477959277746 50.792315022177583
4.318462019049639 50.792335017596486
4.318420987884961 50.79236498647122
4.318286960026353 50.792406000219721
4.31826798239282 50.792414973630308
4.318254995147667 50.792421015067418
4.318263971380702 50.792743981850649
4.318300021766913 50.792801023188268
4.318295005120458 50.792837014684174
4.318241013070154 50.792875008031892
4.318208957769206 50.792999980236516
4.318213025291204 50.793015016544985
4.318225011478158 50.793067020817212
4.318265958129898 50.793242984564806
4.318387979499432 50.793394973510658
4.31836799665966 50.793431981977974
4.318355968488643 50.793447017074577
4.318320969429512 50.79347298087589
4.31823096976765 50.793488022622462
4.318167980841474 50.793535992344452
4.318187959847343 50.793575989872089
4.318191009722018 50.793614020995825
4.318141980021232 50.79367802288467
4.3180519754312 50.793729020063047
4.318018005685677 50.793748013154648
4.317964010099703 50.793958990068347
4.317965975867823 50.793981000024814
4.317972029000565 50.794001003484468
4.318027042573076 50.794079986063331
4.317990024811744 50.794186990317073
4.318025975436623 50.794238987177678
4.318031996058703 50.794270993218007
4.31799400463721 50.79433100877155
4.317865968913313 50.794445983897184
4.317887006433982 50.794565985879473
4.317868028037764 50.794626996308139
4.317868985409472 50.794732022490848
4.317808014277545 50.794824992816444
4.317737981376216 50.794885977478948
4.317722004091599 50.794906989382092
4.31772098516209 50.794908015205287
4.31769100960694 50.794947022862488
4.317680981683114 50.795070985506008
4.317663957764424 50.795093984359625
4.317528000459912 50.795108969061076
4.316597981119867 50.796072990016995
4.31659696642279 50.796125995492169
4.316586021163871 50.796159995864159
4.316452013719458 50.796252025933889
4.316385970748231 50.796335969568304
4.31637403025966 50.796351008830563
4.316328042575624 50.79637099421096
4.316273988340246 50.796375010624097
4.31623500844824 50.796372012607748
4.315876027619646 50.79637599875911
4.315850030890005 50.796388985827626
4.315727981753938 50.796383023388465
4.315680980270351 50.796382008842635
4.315637973409524 50.79639002318671
4.315602960288022 50.796397016793762
4.315526022756944 50.796420005178369
4.315466015244528 50.796433976286288
4.315386954927551 50.796426000422748
4.315351026511948 50.796419982105782
4.315318026738265 50.796409011818724
4.315270970827624 50.796395990208367
4.315221035985243 50.796408022835735
4.315125982256023 50.796460014537359
4.315018000587462 50.796529998567607
4.314958011382967 50.796546008880227
4.314920991319086 50.796545994577833
4.314887033990709 50.796537015496796
4.314765981261138 50.796476007953821
4.314714975596647 50.796446992967049
4.314683021883488 50.796436979808547
4.314653964727455 50.796434018235566
4.314562960816053 50.796435984369765
4.314491026500198 50.796437022756955
4.314430022219291 50.796434976397869
4.314362009696454 50.796420014150392
4.314300979256861 50.796394015660496
4.314299994893346 50.796394022983733
4.314137975989651 50.79649497438141
4.31414898230013 50.796522017585843
4.314171015997402 50.796551019622221
4.314178994578532 50.796575024175539
4.314162028696738 50.79658800391708
4.314129031013676 50.796599003283426
4.314088969299722 50.796609993965809
4.314078003357227 50.796628025372847
4.314098964408475 50.796668016238733
4.31411000268487 50.79667501522627
4.314162036707752 50.796689020050323
4.314201034197022 50.796707986509922
4.314222961418206 50.796721016398031
4.314243016921125 50.796744993882406
4.314242981929335 50.796756996380893
4.314224012146982 50.796781994170061
4.314192034733582 50.796810993443231
4.31417204407219 50.79682897625834
4.314076980574658 50.796883967750453
4.314054959421501 50.796901001446535
4.314042004103078 50.796908969055451
4.314040010591747 50.796937012163767
4.314045976971099 50.796987021256299
4.31404000368747 50.797002978289818
4.314024966635651 50.797017014757984
4.313999038977562 50.797025022015731
4.31395001437404 50.797033985322301
4.313926003029578 50.797029969308028
4.313900987936549 50.797020978619337
4.313854998637149 50.797008008153398
4.313830978184572 50.797006992726203
4.313809009720017 50.79701700758789
4.313726987980925 50.797075020451629
4.313699020711822 50.797099008377138
4.313599988761776 50.797133023467097
4.313450998725961 50.797147020107992
4.313396968744527 50.797153018197029
4.313265009021747 50.797226007661813
4.313192994959596 50.797246010210934
4.313164981211337 50.797254990435555
4.313057963024087 50.797319979833212
4.313025958380271 50.797336010744459
4.312912985272949 50.797378000932234
4.312916976927291 50.797389975890489
4.312862025170091 50.79740498732162
4.31278597281037 50.797419977894677
4.312634959577387 50.797441008666041
4.312616980124435 50.797443972520249
4.312519953874776 50.797504018285345
4.312508985434527 50.797505968994749
4.312448010296784 50.797541010960678
4.312296002118184 50.797546025316088
4.310730998498054 50.79784302026637
4.310759959399643 50.797909000408836
4.310744955692567 50.797922018865364
4.310714961576902 50.797955985369171
4.310358036282968 50.797994992160554
4.309963034076324 50.798038970394046
4.309731986594693 50.798067994489308
4.3095529735256 50.798092000255316
4.309478994492613 50.798100975394405
4.30941296815991 50.798110003308494
4.309341040326186 50.798119022841007
4.309269030229048 50.798127981491859
4.309207030882331 50.798136981879956
4.309127019517189 50.79814701804753
4.308874026639574 50.798179996722226
4.308540035833721 50.798223018697307
4.308435967314763 50.798235999650402
4.308086012855654 50.798275004892801
4.307075035828283 50.798405994065583
4.306517977635425 50.798480008166266
4.304979017687428 50.798744014486218
4.304108027410606 50.800861001738475
4.304010989151963 50.800988989265548
4.303900038841353 50.801208019680914
4.303807016734214 50.801347021126695
4.303675026509855 50.801545023511849
4.303616025445717 50.801634008859565
4.303460958188905 50.801948988134157
4.303368026366162 50.802163981539429
4.303245036925358 50.802226985798384
4.303195956828632 50.802258987347308
4.303132971061943 50.802295001616983
4.303111980892512 50.802305006196754
4.302990976578394 50.802372976732613
4.302937016311352 50.802449979474702
4.302728005960925 50.802707990728159
4.302691986366106 50.802747998742625
4.302785978431783 50.805019003529999
4.302811039493129 50.80511899375815
4.302997027131239 50.805316004240744
4.303038033664759 50.805388017899787
4.303066032751834 50.805531978906451
4.303083959218817 50.805691014452854
4.303097958653234 50.805964009654815
4.303147016439309 50.806468005238507
4.303318996394611 50.80715598514368
4.303586990807478 50.807620006289909
4.303991984222779 50.808280992741437
4.304033021904218 50.808392982975143
4.304349964833722 50.808941014787699
4.304614956972133 50.809206022037934
4.304692961784974 50.809205968361319
4.305283994791361 50.809198979009118
4.3054319570674 50.80922299101794
4.305483027707002 50.809350990608785
4.305635011896247 50.81009601689869
4.305649957386597 50.810172007093506
4.305665976731036 50.810247994441127
4.305669037147802 50.810260998819956
4.305768023849494 50.810359995713085
4.306261985132801 50.812133994267505
4.306366028864113 50.812316022724914
4.306478047187149 50.812437971945251
4.306353014600052 50.812458977155018
4.306353991158146 50.812461969666899
4.306319986746526 50.812464990452803
4.306274007362044 50.812473025516439
4.305875005456202 50.812525970017617
4.304507990090626 50.812709976781235
4.304161980502405 50.81275602061158
4.302860993462828 50.812922998771171
4.302556006312743 50.812962004749252
4.302177014297226 50.813009980139071
4.301989977256269 50.813033975787491
4.301798964521585 50.813059020165575
4.301364990090343 50.813114015398007
4.301346994857939 50.813090024036129
4.301209006672994 50.812917976384114
4.301134020464533 50.812839980499412
4.301083021961666 50.812785989160666
4.300297999228098 50.812857999686635
4.300205965912595 50.812946992284715
4.30011398815965 50.812952978295286
4.300067033242411 50.812949977677121
4.299990016430971 50.812938978722286
4.299933009657041 50.812926025481524
4.299882028013235 50.812906971349172
4.299820995888564 50.812866978723193
4.299690988444072 50.812697022328827
4.299690989379099 50.81265098770276
4.299827011979563 50.81254101038558
4.2998410389944 50.81252800065657
4.299843982077709 50.812503968033774
4.2998430301497 50.8124839894422
4.29983303812363 50.812475002324454
4.299811036368994 50.812464005674919
4.299775002546637 50.812449992876481
4.29955503277059 50.812393026874446
4.299514036372233 50.812374975386163
4.299462040240083 50.812343017577916
4.299409973464629 50.812307998386615
4.299388045870475 50.812283981680096
4.299394985856247 50.812257994531144
4.299406964238014 50.812241996038075
4.299430031311402 50.812217995813278
4.299467016595339 50.812195022542276
4.299483039339066 50.812183980667079
4.2994260307605 50.812135976510717
4.299411963766127 50.812133978779769
4.299374995595156 50.812131980771611
4.299328991427504 50.812129989331794
4.299284034904685 50.812126011994131
4.299245958802736 50.812116994482579
4.299227976920781 50.812108971332044
4.29920099730694 50.812096992140859
4.299178031436015 50.812080001390768
4.299169009763836 50.812066022517342
4.299165036115821 50.812050990949921
4.299168998274934 50.812033973399238
4.299210011863025 50.811954010184557
4.298700966255818 50.811525000232947
4.298346988434492 50.811565989397884
4.298148990199258 50.811272004186321
4.298084954219775 50.811166008269794
4.298023998555424 50.81106701667224
4.29796996572956 50.810958967568133
4.297925986186192 50.810865968633259
4.296816000955188 50.80989399145848
4.296799040230953 50.809892982185744
4.296709025097313 50.809891021561675
4.296622011721581 50.809903987717725
4.296532982945193 50.809947997018455
4.2964930177562 50.809969009566942
4.296468042589098 50.809966981050742
4.296457986540193 50.809941003135776
4.296479977827842 50.809835977446347
4.296485978662155 50.809778971379409
4.296475966620779 50.809757015126657
4.296438021771526 50.809735999591659
4.296259003125042 50.809726011077665
4.295909033871522 50.809711019610461
4.295857980932145 50.809704983630724
4.295834963125838 50.809686971148551
4.295829993742198 50.809664018797363
4.295844015566414 50.809643025278156
4.29601396319929 50.809491979958402
4.296023987749296 50.809453971713012
4.295996989251671 50.809429023830972
4.295933967094075 50.80939000731756
4.295905967678156 50.80935498730819
4.2958999643778 50.809311995415854
4.295493026883062 50.809112988116894
4.295401995397122 50.809095969726428
4.29534696902232 50.809072013287086
4.295282977242069 50.809019018069556
4.295256961970209 50.808997007079071
4.294894026288961 50.808819992631101
4.294875042371468 50.808817977209614
4.294787018230966 50.808809997757201
4.294743021951434 50.808788001729098
4.294721014214898 50.808752995775031
4.294714019765593 50.808731981724549
4.294664991633249 50.80870798197256
4.293395009271788 50.808651020491233
4.293362980170644 50.808689015559601
4.293277034380856 50.808766979322776
4.293118982644447 50.80887200875231
4.293064966633014 50.808896004407615
4.293031999140255 50.808902979379276
4.293006957215212 50.808892001141317
4.292992016057074 50.808875973071281
4.292880989436723 50.808693017436084
4.292768018886702 50.808701015149481
4.292700967422364 50.808691976859734
4.292654042526706 50.808671987166484
4.292572028592183 50.808623025218807
4.292449000906583 50.808634997591
4.292401955188623 50.808651015097439
4.29236601243838 50.808664015139819
4.292238976191898 50.808670013752035
4.292203993722827 50.808681021793006
4.292128042728033 50.808711010321616
4.29207197289035 50.808715991460801
4.292006003836375 50.808711989270215
4.291900024704744 50.808706007150846
4.291826028889543 50.80871202573536
4.291768980294162 50.808724999983163
4.291721009074394 50.808741990700725
4.291678039269168 50.808769987047626
4.291644975777477 50.808795982828009
4.291572982643982 50.80887101237542
4.291542008072824 50.808887994669483
4.291502017061869 50.808907022457916
4.29141795587039 50.808928002223006
4.291377012860258 50.808929994570804
4.291336020249621 50.808919980908819
4.29127401093546 50.808890977655025
4.291241957692741 50.808881010026823
4.291187032038339 50.808873024563113
4.29036601145832 50.808820988268096
4.290246997664685 50.808790009573514
4.29020903939743 50.808782977443194
4.289801995641452 50.808744019262505
4.289762023277833 50.808732980374891
4.28962100196406 50.808659009005915
4.289578983344232 50.808644980243599
4.289546006711585 50.808635986587447
4.289506981619828 50.808633996966051
4.289466977527561 50.808639999668891
4.289441014582862 50.808646018270721
4.289394998419441 50.808658008396819
4.289343985747945 50.808666976124194
4.289321986956638 50.808664018264516
4.289285958977472 50.808650003120157
4.289246014908191 50.80862197714761
4.28914396642577 50.808530004656518
4.288782037306736 50.80850901924174
4.288501019259819 50.808483999988596
4.288295965413563 50.80847701344539
4.287862958865142 50.808412017703809
4.287489019242082 50.808365009227487
4.28726397069557 50.80837299738733
4.287121972814935 50.808342009369198
4.286817986734683 50.808319019340608
4.286606002517249 50.808291980767059
4.28641899460674 50.808282996620598
4.286334962535883 50.808251992548783
4.286329014269199 50.808204982079708
4.286288992191058 50.808146997563895
4.286161983429043 50.808084985164413
4.286108991484705 50.808035020515646
4.286082013950256 50.807948010895771
4.284296997419812 50.807175000237436
4.284248962229646 50.807167013164921
4.284243991813804 50.807165973662514
4.28354998396534 50.807238019411962
4.283550009412617 50.807240003403528
4.283478011228517 50.807314971338712
4.283425986700705 50.807313977125837
4.283359013731196 50.80725697670141
4.28191802739039 50.807406977589167
4.281637009161914 50.807424976408811
4.281535971349094 50.807455978738325
4.281074017785409 50.807510980582236
4.28097302770272 50.807561973474932
4.28090200759183 50.807577985937215
4.280672968622762 50.807534008411189
4.280402026921808 50.807544972444497
4.280271960180946 50.807521023196081
4.280030985660121 50.807563994537837
4.279896998567401 50.80753701865742
4.278831005364374 50.807976988323823
4.278812962940343 50.808026998918216
4.278775975386551 50.808047020497085
4.278738019372182 50.808039984609088
4.278640979894803 50.80806098986811
4.278508994541678 50.808123975754683
4.278307982630846 50.808218020326372
4.278198958722621 50.808238996475509
4.278024001313934 50.808311003973579
4.27637802554148 50.809488981971185
4.276371024132513 50.809511001536563
4.276247016050821 50.80964799312153
4.276220040709918 50.809742972881729
4.276333038027184 50.809939974607722
4.276367016794509 50.810055023719002
4.276333992046476 50.810108990302986
4.276244026019903 50.810158997321615
4.276221006527487 50.810175975031413
4.276032007532297 50.810372989596651
4.275990975412783 50.810510986444669
4.275823016645216 50.810710007806698
4.275677958903196 50.810837007250953
4.275548969251155 50.810980999691438
4.27532902306199 50.81114301177557
4.275138969079022 50.811325987233879
4.275028008749485 50.811399016151476
4.274953023751472 50.811501011957077
4.274772997271389 50.811560986012779
4.274635960194785 50.811605993293199
4.274279968161222 50.811754000339775
4.274066011110295 50.811819988694879
4.27379996533702 50.811860004268894
4.273594033047766 50.811924012831071
4.273435973517324 50.811993002378301
4.273287992678882 50.812022968959525
4.273132027423407 50.812104010888646
4.272990974604077 50.812130016847803
4.272844045973107 50.812141971425376
4.272734994015761 50.812134006901225
4.272598999858997 50.812147976939166
4.272432985064389 50.812134011136976
4.272222974870853 50.812156987327946
4.272023987077386 50.812142006637288
4.271864002962515 50.81214300562916
4.27174597704197 50.812143993478735
4.271532031671004 50.812079004729974
4.2714280288404 50.812069986598125
4.271261982859061 50.812073005195899
4.271037970234955 50.812099984465647
4.270936984159078 50.812104988723874
4.270732025824775 50.81211598327274
4.270548004961139 50.812140021607625
4.270454984169374 50.812129000462015
4.270377022870282 50.812093020301241
4.270112029777713 50.812098990970881
4.270092984987126 50.812096005925987
4.270063008993163 50.812106974277427
4.269953991691341 50.812097989510768
4.269725000304749 50.812046971516594
4.269686999969693 50.81204100572733
4.269516998397586 50.812057982087225
4.269455966026504 50.812047983932693
4.26941699677206 50.81202300035855
4.269280029645006 50.811986011868292
4.269244984581124 50.811988007562469
4.26900998523539 50.812033008964384
4.268711993763505 50.812027992986302
4.268100992644669 50.811990995604084
4.268067026546214 50.811791005397097
4.268043011339451 50.811786980711787
4.266203961820497 50.811600978263066
4.266146011215509 50.811626975332516
4.266009986743917 50.811654978566139
4.265890025920872 50.811638989975862
4.265806001222488 50.811652987787589
4.265679990863342 50.811757989848111
4.26558197732006 50.81178097578011
4.265490036230787 50.811767003074849
4.265392995192812 50.811792980716085
4.265342987495335 50.811792985518309
4.265203039705192 50.811756975757007
4.265080973521242 50.811745015667611
4.264970986432638 50.811688015795113
4.264895024471301 50.811661983688893
4.264748983568301 50.811650019486763
4.264502959371074 50.811594972950758
4.264291001192869 50.811587996404867
4.264174007869596 50.811553014552494
4.264144041820103 50.811552996500481
4.263950005897347 50.811576978586679
4.263809988179722 50.811550987353961
4.263573967273789 50.811559969582461
4.26337602898669 50.811513994820743
4.263086982243997 50.811463995771646
4.262947997152892 50.811471010191163
4.262839974596234 50.811453970290366
4.262817999871672 50.811437021959918
4.26277798829934 50.811369005872336
4.262739022561604 50.811359988512841
4.262608970776519 50.811362011544311
4.262551970820319 50.811343998939456
4.262476966532653 50.811286982532565
4.262204003885227 50.811174021184016
4.262080027854717 50.811112981242481
4.26190604267055 50.811073008554764
4.261814038609593 50.811076980031871
4.261809968939192 50.81108096834371
4.261867961792204 50.811140989705464
4.261861006317178 50.811172013628791
4.261769030923281 50.811198976688011
4.261487009838644 50.81117401218718
4.261259977219387 50.81119498929877
4.261084014262207 50.811120998964626
4.260910980999901 50.81112699574664
4.26088303831316 50.811127982413332
4.260854021560457 50.811128973291602
4.26084703748941 50.81112902220891
4.260741969885839 50.811141006391601
4.260674029368507 50.811129017507426
4.259911961689143 50.811162996489458
4.259856993574608 50.81129100834081
4.259593028245101 50.812235973966494
4.259548973751173 50.812458981047698
4.259355034326549 50.813235007342868
4.259177997766915 50.813784012325357
4.259127956307428 50.813843016494268
4.259077975027546 50.813902986187472
4.259062019058256 50.813969972779951
4.258651998396258 50.814645998006412
4.258299010755263 50.815272991898617
4.257624995553074 50.816055971581399
4.257038044359512 50.816618989376721
4.25648696622955 50.81729500529373
4.25638004005765 50.817290019239152
4.256375043362018 50.81729497964762
4.256309971754666 50.817380017901293
4.256046013230019 50.817422986092822
4.25567099260024 50.817421972480467
4.255331000489444 50.817408999017744
4.254760997001622 50.817321993893607
4.254427006458564 50.817250991534891
4.254044976237317 50.817214005411785
4.253717988716325 50.817194994062717
4.252958984308718 50.817267022822463
4.252595011079147 50.817256980131177
4.252542042722214 50.817257001507052
4.251275995893343 50.817347971090022
4.251036990747574 50.817713977810065
4.250927953274707 50.817910017751181
4.250766035962465 50.818129977885242
4.249953006656132 50.819374003320696
4.249885985739053 50.819319018899797
4.249787025991511 50.819452987479124
4.249007990386716 50.819344998933374
4.248760011687613 50.819335972651999
4.248523976574843 50.81929401799848
4.247501034980208 50.819201996811294
4.247020033703069 50.819144025279535
4.24653897565368 50.819100998204405
4.24689297120177 50.817598980236724
4.246857002478269 50.817509981653075
4.24680198388075 50.817514993891606
4.245009020544507 50.817959002215012
4.24454395970493 50.82003798989566
4.246589958568896 50.821220005898837
4.248872042211604 50.822833977317934
4.251378965941456 50.824348004430682
4.25154498508868 50.824446994609694
4.253133996430721 50.825163001960391
4.253682970500695 50.825713012194143
4.253701979904753 50.825732985868662
4.253715039193233 50.825740998047579
4.253736995023443 50.825768989237716
4.254324023710367 50.826345014937552
4.254770990593399 50.827014004399295
4.254832023813035 50.827134996279433
4.255051022690818 50.827408025937203
4.2551649760838 50.827794000525188
4.25551897298681 50.828494992120532
4.255391967644773 50.828563978366432
4.255632967870156 50.829380010721295
4.255649972211639 50.829380008626096
4.255648002259831 50.829430024149318
4.255684043533292 50.829551978675411
4.255637015062432 50.829705979754614
4.255608025217406 50.830406015915408
4.25556599624397 50.830441974780506
4.255183002532304 50.831425004681293
4.255167007960845 50.831440007126183
4.255132974146672 50.831496013353508
4.255068959502862 50.831559983226853
4.254848967637018 50.833651991684398
4.255401998851045 50.834093979354584
4.255482994498238 50.834151976865385
4.255689027243529 50.834322997627787
4.256486018414112 50.834960991037185
4.258538031511117 50.835800014422837
4.260051995222472 50.835507011218013
4.260307015643272 50.835405996772181
4.260329976013089 50.835409970982447
4.260353017315725 50.835414005092865
4.260757961799879 50.835354991001545
4.261822990471782 50.835184986030967
4.262702006582169 50.83540402132806
4.262989029497398 50.835333019353421
4.263448007755977 50.835309016688122
4.263472013710929 50.835371988663269
4.263528981547243 50.83554798108343
4.26429897594355 50.835532024130053
4.264459989733178 50.835818003140041
4.264771024073435 50.835883977632648
4.264974995598773 50.835915975863507
4.267078985380348 50.836159009234208
4.269023009487837 50.836336978304246
4.269329043928359 50.836338988837149
4.269688032738745 50.836326018758413
4.270527977854284 50.836285011689483
4.271687974060165 50.836231013688284
4.271702010139652 50.836266024716828
4.271820026893995 50.836261975989558
4.272888978488026 50.837993976744364
4.274780972813137 50.838921010566743
4.2768600432918 50.838134999294198
4.277035988555197 50.838109016840193
4.277093982057172 50.838071973444158
4.277236000275879 50.838014014176807
4.27739698658532 50.837967018402942
4.277509958261864 50.837923981722916
4.277711007527299 50.837902018523359
4.277840041334219 50.837911023712536
4.277985023843522 50.837884976629724
4.278181003601906 50.837870009841645
4.278271991394687 50.837865972791995
4.278463991313211 50.837886990201092
4.278553013859582 50.837888007844057
4.27885099323183 50.837844972836983
4.278936964299974 50.8379129955973
4.27903699066651 50.837924977814019
4.279248009145045 50.837966019917857
4.27945497348605 50.838000009360506
4.279636966468866 50.838017980734357
4.279851027637759 50.838019025103449
4.280047002773775 50.838006999268082
4.280469959975638 50.837971005943203
4.28081297760308 50.837921988666842
4.281302010610002 50.837896006768581
4.281521006678503 50.837870000537876
4.281745956911501 50.837863994595736
4.282351005338621 50.837882999821666
4.282554960045667 50.837891975658501
4.282960025341774 50.837901009954933
4.282738960241227 50.839592971118215
4.282622952278184 50.839609022675965
4.281775041872446 50.839533984469732
4.281651010739514 50.840020014478505
4.28305901025473 50.840158993250718
4.282945011393521 50.840505999170773
4.283752975960982 50.840619988164491
4.283341978027269 50.841625992536649
4.283405036634147 50.841630022959691
4.283371040518801 50.841717974327828
4.283504990317549 50.841847996198418
4.283550030869904 50.841860986922072
4.283627965227224 50.841877984963887
4.283840024435516 50.841910009191231
4.28381597220302 50.842420982794117
4.283800994876173 50.842520975301042
4.284336033612913 50.843822998630714
4.284359967374238 50.843830017132724
4.284406038215773 50.843847022096774
4.284435034440575 50.843866011928093
4.284456018104517 50.843889021751522
4.284471005280691 50.843912017489252
4.284486012409455 50.843971989131809
4.284602977769887 50.844970007527543
4.284606968643184 50.844989967477396
4.284601968736272 50.845018994559219
4.284567012494986 50.845081984067782
4.284512041981667 50.845191998908113
4.284440988259367 50.845335984768937
4.284462010681754 50.845649987668509
4.284572966667258 50.845839003318531
4.284634957496121 50.846078989509039
4.2846769738682 50.84632998969235
4.284663977533344 50.846359979718756
4.284631974473672 50.846430986029638
4.284596027037884 50.846485999224157
4.284552988943429 50.846530979208957
4.284521017562295 50.846550006633514
4.284603979178379 50.847804998201738
4.285415031664874 50.848076990012814
4.28590703068008 50.847798984561635
4.286035018224498 50.847765007290853
4.286306972822658 50.847771000250674
4.287053032829219 50.84782300570302
4.2878920249798 50.848087019867791
4.288066972427168 50.84820202059484
4.288104008915012 50.848321008602817
4.287441040742655 50.849599992538685
4.287023981024697 50.85033397001277
4.286805033956127 50.850753980620233
4.286765980492167 50.850835001613063
4.28559597872798 50.854599973154045
4.286160998240749 50.85462296917914
4.286384004304828 50.85464799753732
4.286632019529238 50.854682984012996
4.28864101693661 50.855396010985523
4.289130039551386 50.855552995962825
4.289325971071881 50.855624977990935
4.28948698586359 50.855686003198798
4.289678979519563 50.855765999894402
4.289909020232337 50.855770985281389
4.289895983836131 50.855794008243251
4.289875022274442 50.855831985146978
4.289844028944453 50.855878015592531
4.289728035781082 50.856053981354513
4.289446043812307 50.856501000462295
4.289291000344342 50.856660990525086
4.288353031094015 50.857513019379525
4.287528964649434 50.85689596854241
4.287087030033678 50.85750901435928
4.287052994281992 50.857461010713941
4.286947954757395 50.857437011860142
4.28656999834265 50.857554989399929
4.286579975764631 50.857586004428683
4.284302018101546 50.858429012622004
4.284339038536302 50.858460007339595
4.28350001246687 50.858772971693362
4.28391701669721 50.859223007555947
4.282722000918444 50.859664989536647
4.2826569659621 50.859687021934441
4.282591990327105 50.859710019753507
4.282552969371467 50.859639967779387
4.28222298797201 50.859268019563196
4.280834983306995 50.860450011367135
4.280965012195715 50.860628989155444
4.28087004213326 50.860707973176375
4.280687993705828 50.860729018303111
4.280699037325496 50.860827016035792
4.280838014178975 50.861276024347823
4.28086597951554 50.861392979916417
4.280878986743761 50.861565988156777
4.280390029243589 50.861502006634709
4.280367003278196 50.861521023368645
4.280385021506479 50.861654020151953
4.280484014233592 50.862099009551812
4.280443971529317 50.862200986925693
4.280235015630617 50.862500987288492
4.280185004224839 50.862600998833564
4.280027017466503 50.862977985858642
4.279926977266876 50.86306900547774
4.279879961327994 50.863141023455263
4.279291959222017 50.864856978084539
4.279399040839256 50.864945976125526
4.279423991440445 50.864970995485393
4.2794680259306 50.865059982241306
4.279397967217728 50.865154017014802
4.280075998374183 50.866786006556005
4.280146957815603 50.866868004350451
4.280630012296048 50.867114983858627
4.280963002111496 50.867163023519005
4.281064960255555 50.867121983753584
4.281213032957562 50.86708101987054
4.281312037593989 50.867079979863455
4.281497957314876 50.867269992185861
4.281562979384911 50.867310019120353
4.281618011210552 50.867348985082465
4.281679979342207 50.867383991280164
4.281775970371457 50.867438010116331
4.281963036211432 50.867569981312684
4.282015007521856 50.86760398285891
4.282011975110799 50.86765700260348
4.282043995812086 50.86769301596933
4.282088031280216 50.867726000679312
4.282244037551147 50.867811983907735
4.282329999298634 50.867849989781575
4.282381992635645 50.867877990026578
4.282560016725398 50.867959003594912
4.282644033529542 50.868006992238598
4.282778968767843 50.868099008281796
4.28288696726401 50.868152998091304
4.282948972767924 50.868186986078094
4.283049043504749 50.868269007863724
4.283126018928245 50.868324008597831
4.283212980925076 50.868366989411371
4.283291961328742 50.868412973376593
4.283355970401786 50.868469993063343
4.283436003586925 50.868537998353688
4.283469983905251 50.868569011843583
4.283558003209162 50.868625975046243
4.28360800489051 50.868659990877852
4.283736041858252 50.868720011887852
4.283915985317543 50.868784018239417
4.283949006911564 50.868825006666718
4.283983975066899 50.868839988254322
4.284017955845192 50.868871002481043
4.284023034559183 50.868903983055048
4.284185036944629 50.869033010104872
4.284324997565192 50.869191976544897
4.284436994882639 50.86934599012654
4.284480982949141 50.869417984755508
4.284563976074489 50.869501991013735
4.284703996529982 50.869576023477826
4.284941961000312 50.869755979047461
4.285018972453922 50.869818000668168
4.285147961060959 50.869897998588648
4.285226995488018 50.869937018108274
4.285341998417856 50.870054996871993
4.285398974827686 50.870151020980543
4.285386007141073 50.870246978960402
4.28537100044464 50.870326019064407
4.285380958789579 50.870330984886849
4.285370021560242 50.870491991330752
4.285379031153491 50.870618991504791
4.285378013321266 50.870644025008204
4.285361963981588 50.870682017505203
4.285320965407029 50.870767018463795
4.285312024942248 50.870796020772488
4.28531902975944 50.870816978670398
4.285329981561273 50.870826976570235
4.285359009879024 50.870840021543366
4.285385021807532 50.87085501252897
4.28556099707319 50.871104998757389
4.285613010761756 50.871154005037702
4.285677968035955 50.871249970691004
4.285691991282914 50.871293981547019
4.285688978300843 50.871309008170741
4.285686995037691 50.871312023732514
4.285803019203812 50.871463970092911
4.288009009575392 50.873095990204718
4.290736045738051 50.874103977226625
4.290813019796711 50.874180998741544
4.290909992030047 50.8742009695506
4.291007024398422 50.87418402553196
4.29105302445894 50.874187999320128
4.291159026241304 50.874264983562362
4.29120300118135 50.874283975155137
4.291286009023525 50.874282021310606
4.291348974247339 50.874293006442905
4.291397983929329 50.874306018588094
4.291521987900346 50.87437500305245
4.291540957676308 50.874389020586065
4.291534963768923 50.874413015742725
4.291452009459018 50.874450984394031
4.291437036374007 50.874462022025689
4.291438012618898 50.874500008188456
4.291467956583626 50.874518022817938
4.291511984852923 50.874522011551797
4.291566001388968 50.874495012680207
4.29161399460123 50.87446601622181
4.29165002567132 50.874468025087225
4.291683041721476 50.874488003032312
4.291706975772665 50.874509005362505
4.291726017246984 50.874537012482989
4.291720982410629 50.874577985442748
4.291723955395156 50.874607010337918
4.291764961166986 50.874734006104134
4.291804002168663 50.874755981638465
4.291896958596373 50.874745969367751
4.291953963345792 50.874752977909509
4.292002041680279 50.874837006015689
4.292004994568074 50.874898984904441
4.291962011524459 50.874920018232004
4.291718012221726 50.874962991439077
4.29175100522627 50.87503200463599
4.291694000022671 50.875059988661661
4.291716972676641 50.875082981099119
4.291857024650055 50.875164989140295
4.292024994146089 50.875247980878143
4.292208032005536 50.875359972519711
4.292393965587151 50.875497984697439
4.292515016792268 50.875548022403684
4.292644965481637 50.875626982086914
4.292742009223788 50.875660997569433
4.292939006648551 50.875716997530716
4.293076038399783 50.875819975630002
4.293177955666253 50.875869009875444
4.293255025989565 50.875903000889835
4.293356981428325 50.875942976871116
4.293445022453821 50.875972979636501
4.293567995509481 50.876021979207358
4.293647972102876 50.876060019491867
4.293686985657508 50.876090996142402
4.293742010460095 50.876136013976229
4.293808990036725 50.876196004387744
4.293862983682561 50.876220983006846
4.293965988386249 50.876223979103543
4.293992976980539 50.87623397654604
4.294001976539271 50.876264997995385
4.293989025006056 50.876288026580717
4.29395800454196 50.876323977756279
4.293901001440081 50.876349018689844
4.294013991711234 50.876401997039224
4.294015963944474 50.876401981870416
4.29417103745735 50.876388016561577
4.294216015828739 50.876420023223005
4.294300016604022 50.876595970182905
4.294369982866184 50.876628023096096
4.294466018844254 50.876652021484013
4.294524029443795 50.876698997904441
4.294562980950966 50.876712984043898
4.294583035072144 50.876707973052255
4.294627955611008 50.876712004599121
4.294778034215891 50.876816021727933
4.294762016042588 50.876855998578961
4.294729959412213 50.876869023073155
4.294653970646962 50.8768699674335
4.295535990127314 50.877518970107403
4.295601004755105 50.877532998245599
4.295688956274551 50.877555009884141
4.295744988071162 50.877577993787533
4.29579399786175 50.877601988830328
4.295856958703802 50.877659004416522
4.295881991447176 50.877674001116532
4.295909958274242 50.877686990674192
4.295936027441485 50.877686976500009
4.296045964344264 50.877724004287302
4.296121040121514 50.877802002963733
4.296229027331419 50.877843973841905
4.296276037659603 50.87789301026222
4.296315996608828 50.877900986627054
4.296346963745638 50.877926014980375
4.296383973740833 50.877949983742027
4.296413967433483 50.877963979028451
4.296502019870226 50.877982994826759
4.296555020179897 50.878010980792112
4.296603980405144 50.8780310085453
4.296625961494405 50.878030000068669
4.296670980982793 50.878033979773335
4.296724029441957 50.878055002517655
4.296820986836989 50.87816199691148
4.296850027654283 50.878183023165775
4.296910972875424 50.878192998569716
4.297057023723573 50.878210972320751
4.29708795834475 50.87822897745432
4.29709004627853 50.878273982876706
4.297094015000343 50.878283975168394
4.297133978017619 50.878289007152496
4.297168986665525 50.878276014255761
4.297207954930051 50.87827601424145
4.297243995005669 50.878304973491865
4.297297965800173 50.878354976004964
4.297344043121746 50.878380977570174
4.297420040113865 50.878406984462202
4.297556009341803 50.878483007139266
4.297689997379284 50.87852699714125
4.297759007839643 50.878598975857919
4.297804020636113 50.878621980360542
4.297881957024732 50.878648988436851
4.29793801723417 50.878698018652194
4.298106025614691 50.878767016454766
4.298199029545859 50.878834008374248
4.298380032941609 50.879000020067089
4.298523970540808 50.879043990301902
4.298547001068595 50.879068004178663
4.298580008460666 50.879128974889426
4.29859904674936 50.879159981497175
4.298623005628844 50.879174981272349
4.29871400736044 50.879232021730473
4.298736009591317 50.879252020327833
4.298739031161145 50.879277026896482
4.298743005273071 50.879322011806536
4.298745002036867 50.879350988091147
4.298750958976763 50.879373988416305
4.298779971835078 50.879377006430701
4.298797006912277 50.879390021319637
4.298818990001855 50.87940798130073
4.298838018126308 50.879441988404416
4.29883796883213 50.879456991220827
4.298814999154529 50.879503986352212
4.298818962609535 50.879578981228995
4.298906013479323 50.879622972335468
4.298945010765935 50.879649020070985
4.298952989573833 50.879657001421442
4.298968020406789 50.879681978279478
4.298981996720165 50.879798009699194
4.298996957740018 50.879816981003749
4.298980013754257 50.879847003720386
4.298949975746695 50.87982898667358
4.298916035276993 50.879815023435377
4.298863012149551 50.879812008477174
4.298810992322411 50.879813969088559
4.298764960031955 50.879826984083515
4.298741033763279 50.879846016793635
4.298722961277942 50.879875021251024
4.298708015252883 50.87993402027648
4.29870696391132 50.879981985160335
4.298704959438048 50.880045020877262
4.298703037290837 50.880094980406426
4.298696967323784 50.880115970979872
4.298864991565238 50.880352005886387
4.298223031555721 50.882203981033314
4.298223972279585 50.882207991041426
4.29822101350977 50.882208014347405
4.298189989168447 50.882297985361014
4.298110016900449 50.882512997109203
4.298113977282162 50.88266097865818
4.298090995298125 50.882737982707816
4.298004018497866 50.8828130167255
4.297983964907331 50.882853020854569
4.297968027324925 50.882896003107589
4.297940963890945 50.883131011396259
4.29790200404102 50.883505969618746
4.297562008198648 50.884067015855337
4.297521956488656 50.884140006278464
4.297391960846728 50.884469020259353
4.297311033832964 50.884539992633876
4.297104006984487 50.88501400693832
4.296951021559 50.885072019282987
4.296602977095786 50.88496598609219
4.295893971044199 50.885261016141847
4.295780989500019 50.885333970988654
4.294029972120838 50.886948012406549
4.293870968558179 50.888911999758399
4.300684981391877 50.890368021977125
4.300922029286302 50.890410015200231
4.301230986299601 50.890318020108431
4.301502991813313 50.890311002734585
4.301809968014094 50.890322018790336
4.302116990970778 50.890356024442895
4.302379040633605 50.890398001963568
4.302951002799639 50.890475994834816
4.303891962075304 50.89053498586695
4.304156038094496 50.890558997156546
4.304924031500312 50.890729997005721
4.305194021568351 50.890792007739044
4.305742039379121 50.890878997285526
4.306016031715829 50.890904002392027
4.306564015460192 50.890916017442009
4.306905967094989 50.890920986646172
4.30718399875326 50.890934977076135
4.307395965192785 50.890974021353017
4.307673964985422 50.891056975700238
4.308139991936575 50.891222975932635
4.309282030241577 50.891679017756971
4.310757032404045 50.892158019493984
4.312762957350882 50.892934994796882
4.313712007405479 50.893289020087821
4.313709017705695 50.893311974282248
4.314210032765806 50.893486012773629
4.316657994844026 50.89411900341279
4.317225006582039 50.894306015275646
4.317267987852534 50.894317982293749
4.317987987874973 50.894509970919415
4.318482031840677 50.894645992813807
4.318823013641535 50.894765990555065
4.319337020382048 50.894973995088307
4.31948698572644 50.895051978968631
4.319607005120893 50.895092025398668
4.319705006740264 50.895167000516309
4.319868989960538 50.895262999764135
4.320090986908936 50.895409981437084
4.320573976885888 50.89576100894228
4.321152009120124 50.896286007300063
4.321250967571941 50.896361990412437
4.322654015992637 50.897542003685658
4.322745962187688 50.897605013936108
4.323967033379584 50.898316975479624
4.324370997577636 50.898488008387446
4.324853959511569 50.898677019985229
4.32555197726195 50.898922007147704
4.326781962326505 50.89940398060277
4.327261983191376 50.899593007167745
4.327296028617104 50.899607022114495
4.329266017747229 50.900387015645556
4.332205023715805 50.901226024906777
4.33444996167506 50.901565995114396
4.336907007550383 50.901855000693082
4.338298965636704 50.902036993974363
4.339765025973179 50.902203011776344
4.340487974219362 50.902293020936568
4.341262044300508 50.902370979713623
4.341610987211457 50.902391981940902
4.344126031991688 50.902362973017269
4.346404006263603 50.901896973503412
4.347544968962186 50.901718975867112
4.347829045777421 50.901649986537748
4.348349984782758 50.901542024208148
4.349247999068242 50.901458002410386
4.350102034068934 50.90141202185513
4.350770958070942 50.901347978290268
4.353244956630517 50.901248991717132
4.355489036922503 50.901332980149974
4.357698020492829 50.901370989066351
4.359647997584335 50.901265969243056
4.360576999973842 50.901155969467666
4.360639983943546 50.901148003739557
4.361931966357753 50.901113014476444
4.362064980481864 50.901103994061486
4.362122025316802 50.901108024067305
4.362155043594349 50.901106974684616
4.363200042219536 50.901097001285734
4.363507990318084 50.901102008351742
4.363928962921279 50.901162977925274
4.370614968892144 50.89891100707527
4.370808963034582 50.898871996652225
4.371111966543864 50.898842998379322
4.372225970884645 50.898643972653588
4.373104000575921 50.898467978439982
4.373402998983071 50.898401014553613
4.373424981189278 50.898437018706041
4.373469031800134 50.898426991979697
4.374793960328934 50.898136983339
4.375868018834719 50.897793979226002
4.376029015930653 50.897686995429893
4.376234003020882 50.897676990696034
4.376266038713231 50.897667000592698
4.37628898166412 50.89766698593138
4.376548035125632 50.897581989074212
4.376545954357486 50.897574017103189
4.376540042591492 50.897519998106517
4.376681966205223 50.897477989557949
4.376920016129223 50.897394007660445
4.377041028529265 50.89733597639583
4.377195032669317 50.897228991305752
4.377286034976988 50.897144982919421
4.377300031762524 50.897096010057687
4.377432038682623 50.896979008028723
4.377545041856502 50.897012988548909
4.377779012895635 50.897083998067423
4.37807702139827 50.897122002670585
4.378240015094162 50.897253025877262
4.378344997157368 50.897556007547124
4.378346984788362 50.897620989785793
4.378348980413668 50.897697012398396
4.37836699592623 50.897696983664694
4.378416004842083 50.899769013229779
4.378633986633392 50.899949988834962
4.378666012881405 50.899965984907368
4.37877398310422 50.900066020053963
4.379844993710763 50.900954003990094
4.380150980710136 50.901046970190727
4.38036102876759 50.901092973154363
4.380729968513385 50.901175978236104
4.381300962701076 50.901336980697948
4.38194401877972 50.901532002706489
4.382910020130333 50.901794022998565
4.38298400021478 50.901824005465144
4.383582027210741 50.902589014358995
4.384051014894908 50.903140012551901
4.384226043943632 50.903359992319274
4.384448023074095 50.903608978688837
4.384548959221788 50.903733974167075
4.384591040779789 50.903780974489209
4.384633032972283 50.903827971348662
4.385308033458118 50.904695000412111
4.385560974342233 50.90502300000589
4.386189969955639 50.905769001230759
4.387061979303039 50.907249992745967
4.387201025996383 50.90807601530998
4.387274956584639 50.908314006940451
4.387313035268545 50.908386007354004
4.388118980916403 50.910095968174325
4.388539028368804 50.910284019568138
4.389009026471613 50.909993015013029
4.389275014502908 50.910389975523906
4.390038966226788 50.910039979540457
4.390017984036575 50.909977020817351
4.390889020625797 50.91000901377312
4.391416009981075 50.910027976861478
4.392897031015245 50.909963989896909
4.394042966643813 50.910180004888467
4.394643006360519 50.910382995440997
4.394934957501739 50.910206982429678
4.396447989475199 50.911329004093062
4.396692045635841 50.91141897491697
4.398830993045656 50.912070988615206
4.398883026600048 50.912109973033481
4.398987022852801 50.912115015225545
4.398981984877093 50.912184977182264
4.400458033707239 50.913304976014061
4.400541027240439 50.913313981032552
4.40254996680545 50.9131469885995
4.402585991318888 50.913155980926675
4.403163969001731 50.913020019716903
4.403336041314626 50.913348017380677
4.404450024816015 50.913632978206408
4.404829982624786 50.913537975946959
4.405928962832161 50.913172002767645

