# RBD_F1v3.0 river basin BE fr Seine (Seine)
# data from <a href="http://www.eea.europa.eu/data-and-maps/data/wise-Basin-basin-districts-rbds">EEA</a>
4.350817024291231 49.952309974642226
4.349324967451585 49.952239978148391
4.347831962297438 49.953719996487145
4.346372040866123 49.955166022901878
4.33515796497128 49.962745989394335
4.331732969787363 49.96309798345564
4.319994993824408 49.964304013548741
4.31923302476351 49.964381999608904
4.313197971614398 49.967305023829198
4.311453012363375 49.968149999720502
4.310607992247671 49.968558987015115
4.301801017340066 49.966627023683472
4.290492008400986 49.96414597597375
4.288776974834854 49.964138009029689
4.288483982060133 49.964136979781337
4.288073981923835 49.964134990939677
4.287945996019641 49.964133990882424
4.287885018859413 49.964133982320106
4.285852074821769 49.964124648089204
4.283115023705982 49.964112004063487
4.282133967831582 49.964107977320907
4.282117010518073 49.964107973562982
4.281634955235159 49.964106014893936
4.264063014685175 49.96402701131737
4.262066976624074 49.964017983373374
4.261611008640509 49.964016012076371
4.258238983345286 49.964000980988033
4.25112600805092 49.962251987372966
4.250123966275568 49.962005970575284
4.245288976043979 49.960817022363067
4.239993013051164 49.959514989164575
4.237432966583355 49.958886008646267
4.233132960485855 49.957829011765021
4.232852969565752 49.957833992185286
4.230926981428286 49.957869989201328
4.227824967552991 49.957928019075545
4.227814987092544 49.957927001495356
4.197335015168163 49.954495990535527
4.197321988019248 49.954494022108399
4.195077985721447 49.957527014699707
4.195098995820594 49.958155997113671
4.195410966922893 49.967457002780584
4.193606029775447 49.968175983923167
4.192552984358069 49.968595987025076
4.191090966516819 49.969178972110356
4.188671011618414 49.970144012772309
4.17459095302449 49.975758020998796
4.173883024320283 49.976039972907977
4.168988988211303 49.976860016678103
4.165774041526875 49.976488976092547
4.161007972909132 49.975937969380368
4.160130971160767 49.975836012068022
4.159750029590819 49.975792012628489
4.158902961907593 49.975694019809488
4.158521139732027 49.975650027662773
4.15821464251915 49.975614722560785
4.157886998085391 49.975576968486884
4.156890997643102 49.975462011312693
4.155824030605284 49.975338012489608
4.15577097134556 49.975331997179865
4.155756979526626 49.975329974532869
4.155305960053434 49.975279011091423
4.154103006270322 49.975140011266745
4.150505983767593 49.976121972663478
4.148534995922637 49.976661008581615
4.148496792808434 49.97667150206054
4.147983995955028 49.976812005131322
4.140856968233078 49.978758972116758
4.140852972040665 49.978760012779489
4.140854027279082 49.978760010417751
4.142354056559355 49.979237102527684
4.143381991549483 49.97956397411501
4.143681689250045 49.979659234547924
4.145173033467418 49.980133007491638
4.145555968563682 49.980254983791355
4.145658966787071 49.98032197611478
4.148300963920367 49.982040970646416
4.151939033600491 49.984409428
4.152602034270946 49.984841012168829
4.155403466190073 49.986664145569691
4.156253030894169 49.987217000628938
4.159093019542047 49.991549006210995
4.159881420478603 49.992752094144961
4.15999798826499 49.992929992002232
4.162371760119631 49.996551656445547
4.162371980329948 49.996552007625361
4.155196982213975 50.000084019418679
4.14716104286177 50.004039989731019
4.146588998046146 50.004581018303874
4.145746972541761 50.005377013895512
4.144353006872908 50.006695007947322
4.143797026664865 50.007219973595696
4.143631965163522 50.007376011629248
4.141427966851657 50.009459996012822
4.13625596642019 50.014348975391748
4.135788315985234 50.01479072722988
4.135788018349539 50.014790995851072
4.135481995114642 50.015079995495512
4.135443232258776 50.015116965294517
4.135377984490201 50.015179019916765
4.135476031949743 50.016777020952553
4.135512023478188 50.017362006769645
4.135585985383574 50.018566008704873
4.141874958773325 50.025807944745708
4.141875039522773 50.02580800570211
4.142024222475757 50.025764715696468
4.142833006125274 50.025529980463894
4.144237877790044 50.024324697169277
4.145042991145674 50.023634021697696
4.148978968843013 50.023129007881955
4.151975240989088 50.023393020969806
4.153518958494317 50.023529011785627
4.157192705718968 50.022580384347279
4.157926020596446 50.022391001642191
4.162856976029594 50.024541998061657
4.164377642897548 50.025041023052779
4.166644995782302 50.025785024656599
4.172171735108376 50.025644029132174
4.172172003648 50.025643986105337
4.177323030744309 50.025712984079981
4.180709978221629 50.027799977945797
4.18421799618444 50.02877096961884
4.189721005470331 50.028840008360866
4.191537874350133 50.028316107841412
4.193050039009905 50.027879982379851
4.197315037204064 50.027071970490738
4.201582765247108 50.027694971110179
4.202323013511372 50.027803012922213
4.207243033615578 50.027056018214815
4.210988994229098 50.027181978571086
4.216933957706622 50.02794399121985
4.220462706459864 50.028011974475284
4.22176287883495 50.028037000976497
4.221762966522856 50.028037005433262
4.224602898597555 50.023971176532591
4.224603006768446 50.023971011655114
4.225637958947246 50.023558424483568
4.228072005756499 50.022587975838469
4.228072134280596 50.022587642520591
4.22852968794452 50.02144403485832
4.230171003208981 50.017341021433126
4.230170841406752 50.017340900539743
4.228575829751964 50.015964687926278
4.227649275442592 50.01516521112945
4.227649041137786 50.015164972066394
4.228231895085868 50.013126912979473
4.228477010929229 50.012269977852107
4.231079991698013 50.010703974948747
4.232353380853867 50.009886536613465
4.233752968871734 50.00898798403226
4.236987040346163 50.007784977224162
4.237653983947578 50.0060443040677
4.238211993639386 50.004587972547029
4.239193577896534 50.002769284975365
4.239953024182407 50.001362011890066
4.241240110614181 50.001002186466096
4.244145016285668 50.000189993435171
4.248122037827758 50.000766983789418
4.250810968360288 50.000725785160071
4.253598038935165 50.000682973240551
4.258089039797203 50.001712972894367
4.259770798011285 50.001906337852049
4.261785998494217 50.002137979695028
4.268293979699698 50.001027986035609
4.272485009945412 50.000427997815748
4.273668660782805 50.000381118744087
4.282174042014415 50.000043979667602
4.286829170004077 50.000671102368294
4.288024001698367 50.000831976304354
4.290246973161875 50.001098472738839
4.292329014020901 50.001347992328242
4.29637696076753 50.001954013050415
4.301573966848244 50.000719993452009
4.302657972033985 50.000700778908168
4.306536036311403 50.000632021007121
4.309693517489769 50.001538863907328
4.309694028526807 50.001539003070377
4.314747973470414 50.001783005663171
4.321792995094088 50.001996990871838
4.323237830804744 50.002191103543829
4.326520036548787 50.002631999341936
4.334009010239445 50.002906006522664
4.340257013314635 50.004024002098483
4.34172103556019 50.004211410759552
4.345218031138104 50.004658993696921
4.348078552704446 50.005298849575588
4.349804989330149 50.005685008674043
4.357127143356688 50.007384035278932
4.357989042110844 50.007583974904861
4.3586520018323 50.007738016853409
4.358646001496035 50.007695018840678
4.358640994840918 50.007656997786121
4.358445927063797 50.006262122262626
4.358183986688066 50.004389018831624
4.357636385833246 50.002042509460487
4.35715600870815 49.99998401721848
4.355640364693375 49.997939398557918
4.354629018043509 49.99657497466594
4.349997877694079 49.993956143113365
4.349506025981016 49.993677976433979
4.349193812029093 49.992645063412546
4.348803987061166 49.991354975845255
4.346582019980522 49.989152011340138
4.344597250096395 49.98781118616543
4.343589039479688 49.98713000311843
4.34365716287344 49.985877864009275
4.343729021229381 49.984556989926965
4.343730040226328 49.984535010538565
4.348503008919186 49.984747000150286
4.353304142932646 49.985388038493745
4.355520997445837 49.985684005798163
4.361182965404446 49.987373971590188
4.364790968435178 49.987103217505705
4.365206625839264 49.987072015542481
4.365206982992152 49.987071976470929
4.365217878522402 49.984872009900826
4.365230002775379 49.982425984177844
4.366773968530309 49.979771017491906
4.368385087797748 49.978375833567142
4.369909024304582 49.977055989566864
4.368575999581405 49.974822989022812
4.366190100199101 49.972711041332829
4.366190019253186 49.972710980533314
4.367897004890697 49.969844988036932
4.367382034356194 49.963329018713935
4.3683879077648 49.959165377388359
4.368388041759858 49.95916498744117
4.360718999501663 49.958410979628511
4.360180520222832 49.958360169650263
4.356883999842813 49.958048988874886
4.353804127066556 49.957570431501665
4.353190024030048 49.957474996019492
4.349075028907928 49.957624980366504
4.34566001369645 49.958982018729181
4.344229150511382 49.958832553918661
4.342396006677107 49.958640999820247
4.342396577345426 49.958640631650646
4.343143016510711 49.95819797135163
4.343330436345811 49.958077280168204
4.343640030707336 49.95787800826831
4.34405304049071 49.957624309020119
4.344249020452328 49.957503986068708
4.345108009947814 49.956964981849922
4.345308679349076 49.956770758986451
4.345419981645622 49.956662980168829
4.345704867946211 49.956370105632935
4.345704968858648 49.956369997085922
4.345755391965923 49.956257771404665
4.345938982431892 49.955849023414096
4.346177947691801 49.955620574068959
4.346302028302186 49.955501991580448
4.346621040360491 49.955227973551331
4.346851479324795 49.955003969484558
4.347082003628651 49.954779969275783
4.347177359417883 49.954691103476776
4.347714033238974 49.95419102574035
4.347979324953426 49.953991633961429
4.348068011978767 49.953924975066869
4.348528961940834 49.953545999661515
4.348614535016407 49.95348858572271
4.348820989893154 49.953349975768852
4.349055447191616 49.953223405088238
4.349159963095975 49.953166990305604
4.349278309234429 49.953084193996865
4.349472968144076 49.952947996595739
4.349649985130004 49.952746983785218
4.34998276915937 49.952518155867637
4.349982962784821 49.95251799604641
4.350147099593624 49.95247808291878
4.350599983398798 49.952367984189962
4.350668095853584 49.952349796287059
4.350817024291231 49.952309974642226

