# RBD_F1v3.0 river basin CH de Danube (Donau)
# data from <a href="http://www.eea.europa.eu/data-and-maps/data/wise-Basin-basin-districts-rbds">EEA</a>
10.469831009877959 46.854789969474815
10.471122340982994 46.85080344927951
10.471780989660957 46.848769986611039
10.468841975636247 46.84776701433438
10.463849065435172 46.841297138632648
10.463848981428495 46.841296968821936
10.464967166463287 46.840482918629171
10.466379015157933 46.839454995579601
10.466379013163056 46.839454769592727
10.466444042870855 46.835849983184225
10.464749697929102 46.834966587741505
10.463034000883757 46.834071999586087
10.462727601581737 46.834130166455488
10.460037007478569 46.834641017175748
10.459346974035057 46.83249998495635
10.459274501513416 46.832274519510072
10.459103006234592 46.831740995682594
10.457755126704823 46.830913547751599
10.456575031902457 46.830189010046681
10.457223115232095 46.82929538988472
10.460378995018766 46.824944009109323
10.460378498448968 46.824943671781661
10.458414039782291 46.823652995724245
10.458343962198247 46.82360701885122
10.45829166799418 46.82357205378775
10.458280994436082 46.823564970744627
10.458234331831425 46.823534394538115
10.458222998085454 46.823526974846203
10.458222583701851 46.82352675060838
10.458109982271447 46.823453007895104
10.457184673689687 46.822844663600847
10.455909016442194 46.822006022067342
10.456010003431899 46.818473977730903
10.456257549102361 46.818211177091356
10.456579022441344 46.81786999470183
10.457732850046231 46.81664712968665
10.457815985676758 46.816558978946702
10.454973030677147 46.812083999971989
10.454834032597894 46.811864014844616
10.454627329364769 46.811536659266103
10.453835970905908 46.810282975327532
10.450984982596101 46.805770009712951
10.450563259773178 46.805102700762809
10.450177975308938 46.804492997464628
10.449807997534657 46.80427034726673
10.448211988333952 46.803310012955734
10.448206983752629 46.803291987986114
10.44764903630581 46.801154993737377
10.438964995386645 46.797637980734777
10.438765452165741 46.797610110323632
10.437369973346867 46.797415004451999
10.434675199593023 46.79703900325643
10.43467503470556 46.797039003920858
10.429568215665014 46.796886012869443
10.429567969643106 46.796886013849154
10.429441218892867 46.796039866483298
10.429316037128833 46.795204008417883
10.429304032563135 46.79512298866031
10.429272762440839 46.794917135733265
10.429236981015579 46.794681996292944
10.427240019464364 46.794303991978211
10.427401996876892 46.793480400204523
10.427564999515342 46.792651995588933
10.426238974480894 46.789401986595038
10.422656024988967 46.78856699915103
10.422656104255184 46.788566602663039
10.422735972331308 46.788047016274817
10.42280995935563 46.787563205056514
10.422810038670541 46.787562978744269
10.422987021185603 46.787510012762795
10.423464988292906 46.787366989914197
10.42884597098603 46.785758997071476
10.429773980772282 46.783733022158174
10.433785966769451 46.781897995284751
10.433621972413089 46.779990984711532
10.434129647589511 46.779222670471448
10.434130216236584 46.779221819997538
10.434582020460113 46.778538021731514
10.43938002642486 46.775208022585936
10.441686022962141 46.771889000925704
10.441679083425889 46.7698158715286
10.44166998877869 46.767109984806503
10.441669980757545 46.767109023196234
10.441671523497128 46.767106753233506
10.441672010443179 46.767106016500186
10.444095992324906 46.762256996638293
10.443930349720938 46.761336843251499
10.443779016278148 46.760496001236746
10.442837966307264 46.755259010076898
10.442837004109716 46.755251998850284
10.442783141559401 46.754951251687054
10.442615010261294 46.754012999044711
10.442343980208729 46.753432992924424
10.442288016122619 46.753313004540594
10.441961288762911 46.752614478997096
10.441693036991165 46.752041021724729
10.435474978761857 46.752727999932581
10.427231381530079 46.748128214949936
10.422130016046543 46.7452810129559
10.415881585674715 46.742509790887716
10.411475030681194 46.740555009899033
10.410542981064495 46.738724002056209
10.406124018346189 46.736604700855985
10.400083046766552 46.733707028582849
10.400082965300079 46.733706972158238
10.403357985182556 46.730906985412538
10.40832003196371 46.72856096826137
10.410263023104267 46.724223992604664
10.412475746086828 46.722168020357337
10.41247998454252 46.722164044014193
10.413821980549168 46.72091698573054
10.414697953295482 46.720517147261482
10.415188989497372 46.720292976968821
10.41797699170678 46.719020991208595
10.417213971072593 46.715864000373855
10.417032967851247 46.715114980005708
10.416349002951186 46.712131976027955
10.415557395315492 46.709701204516008
10.415473031155909 46.709442023353198
10.413298404576571 46.708350526122118
10.408338996616697 46.705860986515681
10.407889174497294 46.70563509192533
10.407889010327873 46.705634979091045
10.405637297486479 46.705724496977929
10.402603001448423 46.70584501290049
10.400035995515166 46.701711116978757
10.395835960292372 46.69494599037376
10.392693005716211 46.689883977691018
10.390222146144046 46.688952005174649
10.388295006364533 46.688225024084311
10.387561043721917 46.687990958291593
10.386666549573274 46.687706150882704
10.383696017489896 46.686759980406649
10.383051647737654 46.686348711182717
10.382404981634672 46.685935975752862
10.382465167251414 46.685611643166347
10.382507975701758 46.685381004907086
10.382565003184885 46.685073995488374
10.384048529318614 46.683654903613515
10.38532901087995 46.682430003723702
10.386936001512327 46.679724020523309
10.388560978536033 46.676986996915936
10.389392794939862 46.675482707905076
10.391205962315825 46.672203019925021
10.390429999068884 46.669217969657041
10.390153974726413 46.6681559717642
10.390427882537152 46.667401448556888
10.391026959682899 46.665750998588614
10.39235815189001 46.662088588926402
10.392704022714948 46.661137023285491
10.392703939650023 46.661136911030333
10.392244229255645 46.660544088036858
10.392064968469832 46.660313006221195
10.391666462372394 46.659799616421928
10.390909961485615 46.658825018223119
10.391004299578634 46.658516845583279
10.391186003655113 46.657922987379585
10.391185837528507 46.657922761065635
10.390860002979137 46.657530006576955
10.390539990157823 46.656300019097877
10.390619980831216 46.654709999605622
10.39108999206757 46.65367000866302
10.392279972826545 46.653290012862712
10.393309959916117 46.653110019230404
10.393739992104708 46.652250017099426
10.395039977124263 46.651210022801862
10.395649989046309 46.650729996555505
10.3954100263312 46.649270023872802
10.39578996491697 46.647990004521077
10.397070006560487 46.646779987366052
10.398480006069629 46.64547996933716
10.399270029717387 46.6440699869338
10.399840012206779 46.64234998380396
10.400440007230507 46.640810003589813
10.400920040619487 46.639760022573803
10.400919984226343 46.63972002359921
10.399919969344154 46.639520012064736
10.39776002476771 46.638309981454732
10.395709984392012 46.637700007177529
10.393059976462069 46.637339992354029
10.390799996112699 46.637519990541527
10.388519996148874 46.63751998734859
10.38785998002284 46.636640000435946
10.385619982956538 46.635550012506165
10.38390997671738 46.63644002415446
10.383189973529136 46.637540006201824
10.383169990372419 46.638929993910473
10.382889978322156 46.640139973517414
10.382910007571457 46.642009980604094
10.383079970288351 46.643569978967058
10.382210002306358 46.64522000900908
10.381750040119824 46.646440013001595
10.379869999776075 46.647390017681602
10.377719961226552 46.648050023297138
10.374830020398129 46.646440010685986
10.372939962642786 46.647090018625178
10.370879989675018 46.647860011835242
10.369460028365433 46.647419980439139
10.368630007319542 46.646660010317355
10.365250020052706 46.647610021060551
10.364420005749908 46.648169996874053
10.364030037741808 46.649029973065097
10.3631699655337 46.649299974617847
10.360200036912465 46.649430011161748
10.35965999135478 46.650770011581422
10.35816998795859 46.650690003453647
10.357150007232431 46.651319972889127
10.35721996940535 46.652639998712935
10.35615999169004 46.65453999486094
10.356050027710626 46.655470014321068
10.354120024728916 46.656409997005781
10.351489967800008 46.657439982286327
10.350510019823401 46.656500001370581
10.348389974591932 46.65623000305802
10.346760034689693 46.656190005675214
10.345410037785019 46.65486000419962
10.343929987775741 46.653380022621441
10.342369973410081 46.652610019176414
10.341240029032882 46.651040003145958
10.340350001831768 46.649779988118901
10.336949984785374 46.649220004109232
10.333909982038586 46.64921997489261
10.332519964975841 46.649250020461658
10.332230040656352 46.650300005912577
10.331589971017799 46.651520004269621
10.331350015844622 46.653539994986602
10.330229969503113 46.654450008999603
10.328849991140455 46.654719971729648
10.32823998095026 46.65634001537677
10.32801998332922 46.658919975475875
10.325509963064359 46.659780021080678
10.321260014063297 46.661010015437199
10.317980033821442 46.662230019987369
10.315300009947727 46.661169982936478
10.315199967268846 46.65931996943214
10.314860017299011 46.657309980802914
10.315240033429276 46.655610011626351
10.314240013618891 46.654419978095497
10.312879973474509 46.653089994934497
10.312020009972851 46.652469987515929
10.310150017610228 46.652510016526158
10.308649974249994 46.65287002201724
10.307979986211768 46.653369978231261
10.305900015936112 46.653989984424548
10.304369961042408 46.653789970716936
10.302229995649881 46.653199974220207
10.301840014495518 46.652480009853804
10.29920000480546 46.651099971142479
10.297469988661362 46.649449977892239
10.295509966400711 46.64788002036471
10.293590026584061 46.646969988085118
10.292639995419595 46.646670007507844
10.291889982897032 46.645719982383746
10.292669988025375 46.644969985417589
10.292940010503953 46.644039988486092
10.293030005376922 46.642949973700041
10.29390997403072 46.641799983209275
10.29395996434892 46.64067001979415
10.292750036083547 46.640509982706114
10.29213000961694 46.639269988922763
10.290679976430681 46.638340011537892
10.289130002320682 46.637729994901477
10.287440037506778 46.636890008611225
10.285769970004402 46.636279981256287
10.285160005566523 46.633559992587244
10.287039976794091 46.631419967684543
10.288229961042225 46.629530015737195
10.289460031012325 46.6285300035671
10.290080002953101 46.62691001601921
10.290429973214504 46.624720006165596
10.291429981698244 46.623729981295966
10.291689996137222 46.62246999055872
10.292250029955099 46.621569974080188
10.292069997810998 46.62110998474116
10.292060038863967 46.620579999054058
10.291460029517189 46.620360015164898
10.293060035978916 46.618150017947514
10.293579999704576 46.617009988288061
10.293280025791006 46.614770017214283
10.294930007388288 46.61411000378078
10.29505001150129 46.613009986412628
10.294489991770018 46.61223002092833
10.295260026059921 46.61124001669446
10.2963399974134 46.609839985740294
10.297049978528705 46.609200005525302
10.298379985135846 46.608309985116122
10.300089980543149 46.607820020716424
10.30312999863024 46.606829991867315
10.30673002613119 46.606249993462136
10.308870004403499 46.606510009360832
10.311220020536789 46.607420012935194
10.311770037201537 46.604600018428933
10.313550000250649 46.604679992106568
10.316280005790027 46.604489988823879
10.318980038280873 46.603689986116251
10.320479996102051 46.603529995462999
10.322320038372858 46.603239967826347
10.324660003620785 46.602260021866243
10.324730028692182 46.601720004729728
10.325559972365022 46.601439982354158
10.326269984983803 46.600559972998248
10.327200026289239 46.599790011211674
10.328179985506896 46.598870014871544
10.328009966231555 46.59771996980669
10.328070010845973 46.596789989331882
10.327619966725598 46.595509988466439
10.327199964020394 46.594689985044717
10.326890039902834 46.593679994978132
10.325909990617642 46.592539985126557
10.327300018960422 46.591499992189767
10.329919995889068 46.590839980765843
10.332259976910688 46.590509998522343
10.334799966876643 46.588440021434209
10.337800010890884 46.58823997004216
10.340029998125257 46.588729977872354
10.342029958819655 46.587739968919657
10.344239984370756 46.586659969415436
10.34540997161421 46.58642000274704
10.348139970437416 46.585849999087692
10.3495100280568 46.585739978971986
10.350360026033144 46.585689970164353
10.352050023225088 46.585540005250827
10.35168997257151 46.583650001940377
10.350240027530834 46.581180003457327
10.349960022585313 46.579170008699023
10.347990027900744 46.577029990591591
10.346169982012585 46.574580023506925
10.346009983517963 46.573179994875005
10.348889965254722 46.570850002614293
10.351650020893191 46.569490023289831
10.353810025197539 46.568590009817292
10.355940017759089 46.567129979320399
10.358090014284075 46.565849985088136
10.36022000617694 46.564519997369707
10.361740011954947 46.563079995270797
10.360079996944487 46.561839985576555
10.357910021270005 46.560979992520359
10.356419970338006 46.559549988681759
10.354370024088521 46.557649998879107
10.353880040192433 46.556809999514925
10.353169999190419 46.556269968337666
10.352379986414938 46.555689967595278
10.352316033051332 46.555598971070999
10.35231505081588 46.555598974291378
10.352109034818392 46.555598970550818
10.352024092137551 46.555415819708585
10.351700022454153 46.554716997468155
10.351569958834361 46.554529975739271
10.351342322364781 46.553943938060442
10.351340408320588 46.553939135550323
10.351339991823277 46.553938004960457
10.351334679606643 46.553926763147473
10.351323971248656 46.553903997032101
10.351035032414527 46.553279967918719
10.35045996106591 46.552579979706756
10.349730000114301 46.551360020938468
10.349260032943034 46.550220006340453
10.349189971537037 46.548970001735825
10.349170034537378 46.548900021309777
10.349148962762674 46.548794003915006
10.341650987135559 46.544079018011651
10.338161018557313 46.542725023600298
10.332568556205612 46.54749282937496
10.330479002626484 46.549273998874646
10.325443998870995 46.551745979535077
10.323560914524691 46.550757740608866
10.321620016911558 46.549738974174431
10.319144084694782 46.548439037391987
10.319144002295921 46.548438980903967
10.318732767135744 46.548439522601001
10.318726056518528 46.548439542507396
10.316055028502982 46.548443020021921
10.313285579953384 46.547393380924134
10.311464029070898 46.54670297799521
10.310966217350938 46.547109075043302
10.310399979650059 46.547570985286818
10.30812098465745 46.549427006468271
10.308120821838514 46.549427006935183
10.307432870599785 46.549383883133274
10.307324966604472 46.549377063308732
10.301886978072313 46.549035974051179
10.301376037461125 46.549003970320307
10.298812341476166 46.549471910651697
10.296050011561624 46.549975983170079
10.295154032679376 46.551042814270794
10.294439988964852 46.551893007488566
10.294428522568134 46.551906334142785
10.294415023882442 46.551921986996653
10.29502149634458 46.553757106500655
10.295420979781227 46.554966006952498
10.295473951369033 46.555337867858917
10.295474032765307 46.555337981100038
10.295910997396952 46.558384005817949
10.294174210769668 46.559834646609268
10.292737030368082 46.561034985916542
10.289535960382748 46.564526021572611
10.287443980472105 46.57034298996733
10.286862844971054 46.570463300532197
10.284974996064104 46.570854017715213
10.282120842811825 46.571444474804196
10.282114545348685 46.571445792565207
10.276712997820425 46.572562999155956
10.272498037781528 46.574416976401416
10.270774033505353 46.5762899999674
10.26950603026655 46.577667018743853
10.268258416934691 46.577431435884421
10.267700019682113 46.577326008451656
10.267080644398341 46.577208904230986
10.26361098206281 46.576553014584164
10.254102996994378 46.571166971544791
10.254102834645646 46.57116708449184
10.250663969671987 46.572762011582839
10.249155245056773 46.573461602247754
10.246174035680866 46.574844001895009
10.24574709972954 46.575460719672691
10.244056016066249 46.57790399633128
10.244004268735532 46.57811905371684
10.243776378850738 46.579065670215165
10.243765289446349 46.579111863168642
10.24373997710347 46.579216985660246
10.243442005157316 46.580455023088355
10.243265461023935 46.581190937135958
10.243115992774783 46.581813972912883
10.242800070621607 46.583126673449037
10.242799990056763 46.583127013119217
10.241447986043649 46.58874897538827
10.241447251815437 46.589526072823851
10.24144702486899 46.589782992922999
10.241445970603056 46.590670020400196
10.241445993184669 46.590674999188543
10.241748017380798 46.592524977190386
10.244777036710945 46.596953976380547
10.247418806127587 46.599684865742567
10.24836796977544 46.600665992864258
10.251574983454615 46.603054024193689
10.25560996650394 46.608439999074108
10.255610296197373 46.608440224312716
10.256934989804636 46.609280010562934
10.258659975789241 46.610373981723249
10.258659813606606 46.610374151404628
10.256706999208806 46.612087005857873
10.244876975266074 46.622107988378581
10.243351145893586 46.623725754021429
10.240123021978761 46.627147971217539
10.239770017193504 46.628727978786422
10.239452985680504 46.630146999586877
10.23924642582006 46.631073388684371
10.239112973213359 46.631671981360327
10.239501986325594 46.635166005958162
10.239501905437004 46.635166006138206
10.238690360687121 46.635543815348569
10.238690032671913 46.635543985365054
10.237746356794696 46.635284806208219
10.23700803452776 46.635081968409459
10.235217965993215 46.634253998524429
10.23503781389093 46.634017281467166
10.23501703693999 46.633990000196327
10.234955860289492 46.63390951265086
10.234644038124495 46.633498996551197
10.232446024740652 46.633120971967095
10.230492806148005 46.632423514275914
10.229276012157477 46.631989005264863
10.22834151748677 46.631303872393474
10.227011971145121 46.630328989518397
10.224917006911548 46.629950989482737
10.223290061935719 46.629021546647579
10.222995028896182 46.628852995291709
10.222994946236829 46.628852882003144
10.22285804441187 46.628709744265123
10.221459997812184 46.627247017792172
10.221168375889551 46.626456507849099
10.221167961354981 46.626455320972809
10.220859025221234 46.625618000835601
10.219353966428582 46.624583974552259
10.219061039218131 46.62294798001075
10.219121015079494 46.622089364204108
10.219121013447079 46.622088967996802
10.21841916597829 46.621107262373421
10.216661979380893 46.618648993474842
10.21524422150067 46.616966246979111
10.21524397409055 46.616966021453415
10.206409037206496 46.620757968263227
10.203118604713529 46.621358003834501
10.193370038261465 46.623134992892616
10.192151015249232 46.623958951861653
10.192151015454206 46.623959008591335
10.192144623975842 46.624095482792242
10.192100972516245 46.625033996155643
10.192734981038347 46.625937973145156
10.192734324498835 46.625937860861406
10.191587962328938 46.625703022998351
10.186219540985688 46.624603210660837
10.183148971722865 46.623973975667056
10.163546971641809 46.616073970697883
10.160310983345413 46.616177002760431
10.159081864768396 46.615935038783427
10.157614005450984 46.615645998744597
10.151490970587039 46.614620007680585
10.144834695863219 46.611826755851972
10.14482698500156 46.611823484878137
10.143501162348542 46.611267074609337
10.143500999186559 46.611267018096648
10.14255803958271 46.6111847082107
10.137258968239934 46.610722013251639
10.137258885062025 46.610721617145437
10.136767336951536 46.609339842605429
10.136129994449748 46.607548009550698
10.13561000690437 46.607618086602834
10.135609924753485 46.607618086706417
10.134409011200431 46.607779990297431
10.127550112917314 46.60503004288833
10.127550030634428 46.605029986255332
10.113471972553393 46.607100979300391
10.106548989768548 46.61058799489296
10.105852764323565 46.61061012554908
10.102335986973232 46.610721986906782
10.10091376251526 46.60859462408159
10.098818966177598 46.605461016680238
10.098990963580258 46.604775992908074
10.099359992563063 46.603306006299462
10.100082697715607 46.602471841747288
10.100083106169896 46.602471332592394
10.1013760062073 46.600978973272731
10.100556919672529 46.600251593941309
10.098097007796415 46.598066986111498
10.097745430752681 46.597754151461942
10.097670029361367 46.597687005700202
10.097264973915015 46.595136018227805
10.097008020796626 46.59351700563343
10.097920016887057 46.592560020438796
10.100253975106163 46.590111458026023
10.100260350056196 46.590104832560492
10.101137981230032 46.589184003162927
10.101138063030918 46.589183833793271
10.101406246112962 46.588603095332104
10.102835961782585 46.585505978785783
10.097805978122143 46.581089008070499
10.096697787684253 46.579239858031841
10.095561011076823 46.577342968429228
10.094931927756429 46.577260582654986
10.085480992666055 46.576021988318203
10.084582006379167 46.57590399828424
10.081070374322461 46.57544440549789
10.078646033022631 46.575126993755987
10.078646114705947 46.575126710939216
10.079248929277091 46.573271413647959
10.079949010068939 46.571116967555028
10.08471463177645 46.567706857409476
10.085381005007733 46.567229997700068
10.084403290632338 46.566260000096491
10.083605992881477 46.565468979559554
10.082652280587761 46.564521633755291
10.081958008796439 46.563832022381163
10.081549963981582 46.563427006038211
10.077697005901948 46.560722017063327
10.071737122692687 46.559032030854112
10.071737040540274 46.559031974176925
10.07028492661113 46.55578758733234
10.069873000455519 46.554866981710703
10.06937214607643 46.553713214469667
10.069371818077297 46.553712423132282
10.067866101883583 46.550243297444645
10.067866019459871 46.550243013835193
10.063519022580881 46.548701975048047
10.061956571899758 46.546310958961811
10.061607256813737 46.545776375584147
10.061607011491345 46.545775979498245
10.054498180148437 46.544954503783906
10.04708201573141 46.544096990690385
10.046762023078804 46.54406001478376
10.044601990753515 46.540417015885097
10.044631032413976 46.538845065869772
10.044631032366487 46.538845009137155
10.044872493918916 46.538556185211142
10.044873965385227 46.538554487119001
10.046882971163511 46.536152011972504
10.053715014573205 46.531849010885288
10.053334893301965 46.531500841392351
10.050487993540502 46.52889299975282
10.05193916395814 46.526272053241399
10.053977015222378 46.522590996150242
10.053976932973672 46.522590770159333
10.052330633476869 46.516638372635526
10.051408028800674 46.513302016626568
10.051407865982499 46.513301904138054
10.046680030555885 46.510506011155961
10.043534022789579 46.510168983450065
10.04247603897058 46.510056021015487
10.042476120610738 46.510055568014963
10.043914023542719 46.503875980204739
10.044670538046937 46.503270371513942
10.04467102835641 46.503269975974291
10.049010973338387 46.499798008135315
10.04555303267426 46.49623897772036
10.045150691685572 46.494679051580249
10.045150036318246 46.494676506025684
10.044885021360695 46.493649000196676
10.045044346194516 46.491987329469566
10.045044427451046 46.49198648022373
10.045200016651627 46.490364019803216
10.047374169340159 46.488665206647092
10.047375803690098 46.488663961373426
10.048461030744832 46.487816009497699
10.048460868010615 46.487815897003046
10.045345189716445 46.484380140081242
10.043372109708139 46.482204172654988
10.043372027611962 46.48220400248465
10.043350532146251 46.481600914240779
10.043284960549768 46.479761999887678
10.04323504326638 46.478374255415197
10.043234961085417 46.478373972675662
10.044725972590717 46.476718985290532
10.045074984950208 46.476470278288225
10.045075312508223 46.47646999537772
10.04579497322346 46.47595700800489
10.051432611102504 46.471935260687417
10.051433019240594 46.471934977718121
10.052207011112079 46.46601499783231
10.054377034088036 46.46458099228294
10.053417421298585 46.462599873173154
10.052348012221959 46.460392017172317
10.051406260879212 46.459921316101536
10.046562237189008 46.457500130528246
10.046561991329966 46.457500017164293
10.046906931021288 46.455833305737116
10.046907011390378 46.455833022925667
10.043738105593791 46.454929051201511
10.043738023631233 46.454928994499525
10.042972876109154 46.45391660078743
10.041752020211581 46.45230098943447
10.04241198767895 46.448994020132787
10.042411743123653 46.448993850923252
10.042411579264565 46.448993794252438
10.041959651144964 46.448728658283919
10.041545971768642 46.448485969267033
10.039119060299033 46.447062991945316
10.039118978394974 46.447062991975187
10.039586641135742 46.446331779487124
10.041956005760241 46.442627005603576
10.044582982158515 46.442185000587521
10.047606301511776 46.441675251996863
10.048027676378981 46.44160422360499
10.048028983906677 46.441603996076196
10.043510038081724 46.442009978875589
10.042640022151181 46.442400010576463
10.042560006561422 46.440789992671696
10.042660004552644 46.439599969058456
10.042449989407071 46.438419969442748
10.04310001182151 46.436919992112799
10.04393002697646 46.435269992488941
10.043300022505171 46.433500006490597
10.041190023903951 46.431669993074429
10.039770019005113 46.431070018040707
10.038800017097554 46.43019000313452
10.03805001475998 46.430210018755147
10.036800021085591 46.429510017437728
10.035240034886604 46.429329985957452
10.033999967793322 46.429640007618268
10.033320036516656 46.429800010054315
10.031250003045557 46.430550015024622
10.029099960348749 46.431139984702291
10.027709967250127 46.431440014414463
10.026059996478608 46.43266001030409
10.025300032108959 46.433110024167753
10.024129959091633 46.43140998544002
10.022229985989522 46.430569973793197
10.02146996210513 46.430469977536411
10.021140018929396 46.429110020858971
10.019709995867426 46.428449972336615
10.020249990960155 46.426769985667569
10.020330005774673 46.425040007113964
10.020020017716869 46.42359997391894
10.020410036584472 46.421869990528535
10.020600033540369 46.421050010027372
10.019150012812377 46.420010000116569
10.017320034956505 46.419030009791712
10.017339980151768 46.417850023123592
10.013970029176926 46.417140001439243
10.012210015108488 46.416399995715103
10.010320014207384 46.415699977244905
10.009600023986321 46.41538996819493
10.008599989491943 46.414269988340827
10.007980022630262 46.412290018560924
10.006859963821849 46.411490008847373
10.005340037287612 46.409749987688905
10.003239992101834 46.408680023667763
10.000370010783431 46.408069989695143
9.997359985926964 46.408370019660858
9.994760016368248 46.407730021486849
9.992450024777556 46.406539990550954
9.991869993897552 46.40407997997967
9.989069975966515 46.401219995651061
9.987559982090382 46.400160019184653
9.985270001917986 46.399490003814044
9.984390028380703 46.397159987010781
9.984149965209445 46.394329968513816
9.98367001256794 46.392890005247139
9.983659991580033 46.391769981920369
9.983439987450973 46.389970011003214
9.983280021624649 46.388529978706252
9.981000006075496 46.388460000651854
9.979770017193941 46.388819989855776
9.976110004873467 46.387099985253997
9.974850037390356 46.385620021131182
9.974500012068146 46.384270009665258
9.97316999351961 46.382299987577134
9.972179971925852 46.3810500144874
9.970139980470696 46.379799969953098
9.966310024715167 46.380230007022085
9.964360034747793 46.380429967996953
9.962340014018462 46.380309997042879
9.960059984714523 46.379779994478483
9.959889994416804 46.379749997700529
9.956939968921727 46.379669974641864
9.954790001442834 46.379689968705314
9.952640035321362 46.379520022417807
9.949910004555585 46.379229974381659
9.947099992538982 46.378840002676611
9.944169967304449 46.378499971799172
9.94149998315169 46.378069976993046
9.939670030613312 46.377500005831877
9.936599964230457 46.376619986160755
9.934039981158554 46.375290006640583
9.932529992823813 46.374309983737568
9.932477995930686 46.374144101977286
9.932477996073679 46.374143988501217
9.931521323452706 46.373573178869215
9.93152099780178 46.373573008446797
9.931110970337386 46.373044019380252
9.931016017512992 46.372922018162207
9.930334016678913 46.37204196916165
9.930256006781148 46.371940971329238
9.93025600700151 46.371940802015523
9.930261996891341 46.371913023130283
9.930278982003758 46.371836022491031
9.930983021447688 46.368583989949371
9.93093053617261 46.368235959585419
9.930930454972884 46.368235506527455
9.930860987797606 46.367774975590834
9.929431992129647 46.367306993122185
9.929338155780831 46.367276261967007
9.929337503120427 46.367276035483918
9.928559018754436 46.367021000138379
9.927126964697431 46.366552022808399
9.925199038201328 46.365921018249367
9.925198957561046 46.365921131669786
9.92355056694157 46.369126457876952
9.9228370073549 46.370514026461734
9.92011100549461 46.371547980633537
9.91922570412269 46.371202602723038
9.916960983363605 46.37031899950285
9.916731949228403 46.370580469576367
9.916727700509966 46.370585275513093
9.907897999982202 46.380661016568617
9.907897919478165 46.380661016499424
9.906277750402737 46.380174683838696
9.900363036982062 46.378398990898404
9.899292318711213 46.377969872285504
9.896289019912027 46.376766002027281
9.886679996763409 46.373263985159831
9.883830970592022 46.37342797130183
9.88360396653915 46.371809970270377
9.88352701652031 46.371261977518827
9.883526853190725 46.371261863864859
9.881085173461459 46.368969820304748
9.88026302502478 46.36819799320773
9.878586319109257 46.367418687538901
9.875458971631444 46.365964997487552
9.874899840552454 46.365704565246112
9.873895976761638 46.365237015707464
9.873465006993376 46.36503698914543
9.868489962353365 46.362723972700387
9.866482396895016 46.363948025348314
9.866448009964627 46.363968975722798
9.86644768359163 46.363969201369237
9.865311010023309 46.364662019400498
9.865310928387874 46.364661962559417
9.862770982834418 46.36406301242048
9.862430455643439 46.364138286434645
9.861767025507657 46.364285006541955
9.859574116809627 46.364074714292812
9.857262998127757 46.363853015184965
9.855592840540135 46.363511493393283
9.854319002823418 46.363251006081676
9.853969899031236 46.363179120426523
9.853648998349387 46.363112987440566
9.853515446148323 46.363160166265672
9.853380016201559 46.363208022314957
9.851402353552162 46.363899255310812
9.849471987622699 46.364573995437382
9.847518009091127 46.363011014421673
9.846832885308913 46.362463086608308
9.846114985136428 46.361889020914738
9.841972021503175 46.361583994583647
9.84001896089023 46.362445998756883
9.837594018160527 46.36094697594735
9.832871282601838 46.361238481574439
9.83271703777601 46.361248030493215
9.831938962951984 46.360541988492429
9.831517969699613 46.358683014512756
9.831463035843152 46.358440008131808
9.827400959066786 46.355434013651887
9.818303964567441 46.349673968198637
9.81804268108894 46.349712002707356
9.817622979130711 46.349773023644985
9.816094919356381 46.349993414122572
9.816094429926222 46.349993470021239
9.815030033744508 46.350147021008453
9.80940896661741 46.348438016098832
9.80561958315683 46.34603090220908
9.805607381070356 46.346023184252971
9.804214023946638 46.345138023481276
9.803318168490065 46.34456882804681
9.80234099601293 46.343947981759605
9.79918503055231 46.343714975522325
9.798653713998872 46.343675725821051
9.793311009788816 46.343280992212428
9.787526974655236 46.340610989860984
9.784486989473706 46.340995980252963
9.784486746229856 46.340995809545383
9.783739266945171 46.340331116837724
9.779745987751634 46.336780020970714
9.777511999865776 46.334792968456092
9.777214975093676 46.334831225635654
9.773664019585906 46.335288010638564
9.769794030944636 46.335785017917154
9.767333069795756 46.336948144689764
9.762240012838532 46.339354988864265
9.757370022414374 46.343692406883122
9.75533003942083 46.345508979087683
9.749954437694944 46.347003497903032
9.747251011685691 46.347755004564817
9.747250602355892 46.347755399872646
9.743803978873768 46.351466017924182
9.743519417210855 46.351772144022924
9.743487371357933 46.351806641192994
9.743486960943052 46.351806979743941
9.739361026957326 46.349868978667246
9.736964324697086 46.350646887192752
9.736963997115096 46.350646999866527
9.743509974215733 46.351819992975884
9.74364997840275 46.351699971052859
9.744399992439233 46.351950004029142
9.744350004377157 46.353080010327353
9.744239982611813 46.35488001479613
9.742889994916101 46.356370016042483
9.742260016541318 46.358720019868528
9.74171000796616 46.361369998395539
9.741729994128836 46.363399984228479
9.741289988014159 46.365379968073327
9.740410027450539 46.368130023601509
9.739989991835079 46.370750020759864
9.739430040533046 46.373450022698925
9.738480017421464 46.375799995271713
9.737970003703362 46.376919975796824
9.736939974626244 46.378009989967282
9.733909972540113 46.38085997735952
9.733139962706888 46.381669994923222
9.732449985295668 46.383750020293576
9.731349971906377 46.384559991015657
9.730710035788345 46.385379991616652
9.729940010808997 46.386640000832742
9.729049985318252 46.388129997680643
9.728089959457995 46.389399978923031
9.72724998548993 46.39048001979716
9.726219991906746 46.391070001248515
9.723439993555402 46.39307002043477
9.721490037215895 46.393529980316835
9.719930020304439 46.393849973366649
9.716299979753575 46.394769992260159
9.714220015656887 46.395269989822737
9.711630025595127 46.396049968792283
9.708450022943476 46.397099999306732
9.706180003432424 46.397970005652915
9.704890007330286 46.398920017557387
9.70385998018207 46.399869995341419
9.702760012647364 46.400959984423487
9.700689977047617 46.401909985144407
9.697710030581954 46.403320013690269
9.694729966462319 46.404779979058823
9.692079965686585 46.40636998945498
9.689560026292341 46.4081799680432
9.68749001982453 46.409540000111228
9.684959982276006 46.410669984982299
9.682180027326012 46.411680004733483
9.679830028526416 46.411729992279689
9.676579968535918 46.411659976261625
9.675210006442047 46.411709985666775
9.672290040444562 46.411990016276974
9.669810019241471 46.412099988427336
9.667340003720966 46.412239979799793
9.666240029472489 46.412109984034018
9.664269988168892 46.411989986746761
9.664159962571761 46.413249987941093
9.664379984644702 46.415419981726956
9.663630002907462 46.415549980383929
9.660790014134331 46.416100022922301
9.657290037700237 46.416059978851052
9.655500025584548 46.415269993531631
9.653160010847808 46.414330006953342
9.64989997478432 46.41442997621003
9.649099997400665 46.416329986985843
9.647029993598537 46.418240018917594
9.644779975910021 46.419610002975233
9.641480009187964 46.420550019760142
9.638710021986743 46.42107000442666
9.636899983860912 46.421490021740929
9.633930022374283 46.420889983794872
9.630180026377051 46.41970000809264
9.627440026382938 46.419210014574723
9.623990040635638 46.418640000974619
9.619419978151337 46.417940008242098
9.616360038883155 46.417099982053941
9.613749964758288 46.416209998940381
9.611790038711993 46.415049970235948
9.610019990915362 46.413700020085564
9.607920038087194 46.41190996949053
9.605970037403406 46.41218998322482
9.604079989515899 46.412329969426601
9.601680036351528 46.412660017823974
9.600510031134732 46.412800010143997
9.597319999931846 46.413130013215827
9.596410016302483 46.41308002285372
9.595099972096021 46.411690022265127
9.59437000814483 46.410659980205544
9.593519999537866 46.409489998481291
9.592399985753822 46.407969972789047
9.591219961454316 46.406760011408508
9.589579973555111 46.405049996526252
9.587239980627185 46.404969999347237
9.585160031083802 46.405479998829264
9.583009965881688 46.405210011698017
9.580529966015451 46.405039976737122
9.578120017486805 46.404599970300737
9.574020023093398 46.403719998681225
9.572059996879016 46.402909995867233
9.570809977360602 46.401929993389622
9.569949999383967 46.400040023709465
9.569550006359142 46.398599984547189
9.568760038728245 46.39648999826823
9.567180037823681 46.394250009011088
9.56599997805079 46.392939999946471
9.563970023732484 46.390969968124487
9.562520033345614 46.389220003233405
9.560490002610928 46.387610007824442
9.559250008774994 46.38670996885395
9.557880004884206 46.38576999496275
9.557413200358777 46.38439050726199
9.55741295914164 46.384389997420428
9.557410020940766 46.384400000083303
9.557880002338782 46.3857899695927
9.55925000757785 46.386729999314667
9.560490002341419 46.387629981538488
9.562520032524258 46.389239977824516
9.56397002298684 46.390989999431987
9.565999978528014 46.3929599735946
9.567180038731431 46.394269983544817
9.568759959694619 46.396509972452314
9.569550008986157 46.398620015772231
9.569950002621079 46.400059997281083
9.570809980908141 46.401949967840004
9.572060000891248 46.402929970306516
9.574020027842735 46.403739972210964
9.578120022011175 46.404620001452628
9.580529972739875 46.40506000788951
9.583009973975743 46.405229986112921
9.585160039979652 46.405499973241461
9.587239989007822 46.404989972860129
9.589579984100801 46.405069970944197
9.591219972609393 46.406779985806821
9.592399996922287 46.407990003008855
9.593520011547245 46.409509972848213
9.594370018740625 46.410680011289934
9.595099984698706 46.411709995706119
9.596410029385277 46.413099997179273
9.597320013354205 46.413149987540933
9.600509963897327 46.412819984168365
9.601679969551146 46.412679991851014
9.604080003749948 46.412349999592365
9.605969971787701 46.41221001399699
9.607919973208643 46.411929999367089
9.610020009076731 46.413719994405469
9.611789975273 46.415070000079176
9.613749984308663 46.416229973231374
9.616359977142542 46.417120012777637
9.619419999822428 46.417959981612753
9.623989982145584 46.418659974950785
9.627439969179161 46.419229988546974
9.630179970194778 46.419719982061316
9.633929967206797 46.420910013587715
9.636900012052875 46.421509995070494
9.638709968985124 46.421089978385787
9.641480037785005 46.420569993996672
9.644780005739721 46.419629977222542
9.647030024269332 46.418259993180733
9.649100028479596 46.416350017106446
9.649900007463545 46.414450006356986
9.65315996325576 46.414349981000917
9.655499978504261 46.415290023405291
9.65728999128236 46.416080009617239
9.660789969385988 46.416119996954279
9.663630039419646 46.415570011412861
9.66438002274262 46.415440011860802
9.664969984491616 46.416589994838908
9.665640039052887 46.418710009252017
9.665919993219479 46.420330018314104
9.666130013625084 46.422129969611213
9.667050030613188 46.422569993478419
9.668679998597494 46.423060018173345
9.672130021141424 46.423359989255722
9.675850005464326 46.423930002569406
9.676390003817687 46.425809972091969
9.677240006299934 46.426889991728146
9.678559993572756 46.428589981274087
9.680730020645566 46.430429982844963
9.683540031817243 46.431989989236669
9.686349987171964 46.43342000426621
9.689239977279811 46.435029998152082
9.691330036431161 46.43591997164387
9.694400029435302 46.437249971938648
9.696429967456607 46.438229979393853
9.699300018660999 46.439070000807796
9.702179998746043 46.440050014538407
9.705580017934061 46.441519970190349
9.707919980361542 46.440969989799946
9.7100000156244 46.440599981395494
9.711359999377855 46.440320000147977
9.713179998964357 46.439999984581611
9.716440009554089 46.440019968930983
9.71859002110086 46.440689967850297
9.72037002347167 46.442390008988603
9.72163000022311 46.444499968120503
9.722159972831854 46.445310019723195
9.723800017835128 46.447099997718944
9.725180028283717 46.448170007385436
9.727150033175244 46.449560003325843
9.728400000869362 46.450589975203378
9.729710036643471 46.451350015338072
9.73051000241732 46.452779994478369
9.731100027943931 46.453809969628779
9.731700032286266 46.455069973189516
9.732560028017888 46.456460023982501
9.733098025390236 46.457716014969932
9.733099966491057 46.457719980483112
9.732919974126686 46.459519973453723
9.731700000322776 46.460609980895931
9.728740005655242 46.461630010099732
9.72590596433643 46.463177000962467
9.725899985091676 46.463179984561314
9.72699697047131 46.466430975677731
9.727000030171299 46.466439980062155
9.726380026414535 46.468540018113394
9.725710028260663 46.470419988867739
9.725113974068133 46.471562997649073
9.725110016496588 46.471570003759041
9.725629997275837 46.473290000709369
9.726429970565086 46.474409981461257
9.728537985325216 46.475888999593039
9.728540023642566 46.475890023277096
9.728370973216688 46.477745977391997
9.7283700030088 46.477760006478483
9.728770000453112 46.479480018413732
9.731390011896254 46.481400018080073
9.733339801082634 46.483039852143499
9.733339962849552 46.483040022749691
9.733320000778743 46.485270007968595
9.733210020729166 46.486569969817054
9.732309985905488 46.488290002040976
9.731409968217923 46.489149992447103
9.730380013062836 46.49018997262322
9.730253002931535 46.49066996982274
9.730250009204379 46.490679977292857
9.730590018141147 46.491990002095413
9.731379966822363 46.493309977842884
9.73247000927077 46.494219974899998
9.732508990019765 46.495137021189905
9.73250998820566 46.495149980725309
9.732411003628084 46.496385006433201
9.732410029303368 46.496399998076136
9.732700033553776 46.497459969826352
9.734289966108998 46.498260008301081
9.735240012839737 46.499550019018507
9.735969960441471 46.501259987469346
9.736209985361784 46.502359995922937
9.73762002317352 46.503649980348662
9.739789982798172 46.504899976489362
9.743092017331497 46.50644199457556
9.743130036460846 46.506460021574505
9.738639997535028 46.506710022155261
9.736160033092156 46.506989971987011
9.734529971404102 46.507179968268574
9.731279976708413 46.508139975192954
9.729400019594722 46.509009987720653
9.726740022130155 46.509969984700128
9.724599981535 46.511149988986134
9.721470004483541 46.511300001843274
9.717880006757326 46.511229976223646
9.714819999946771 46.511290015379238
9.711239963195174 46.511299969092967
9.708099964840695 46.511180015458606
9.705949961952724 46.511189992742736
9.704589992775029 46.511519970689548
9.703290025348265 46.512689976433776
9.702259975417684 46.513420011498255
9.701290006262049 46.514370016481031
9.700780000851926 46.515680014380905
9.700599983025395 46.516759007326449
9.700599977628327 46.516759969083246
9.700620014507397 46.51883001157227
9.700700040561452 46.520180009935096
9.702559998460128 46.52225996842715
9.704157006256352 46.523738968172047
9.704180039368431 46.52376002300732
9.701489987390771 46.52365000063994
9.698290031125381 46.523939971048001
9.696790980844806 46.525042001342555
9.69677997400316 46.525050004809934
9.697618991155835 46.526008005574035
9.697619961622367 46.526009988573293
9.697501032304416 46.527551003286277
9.697500024788226 46.527570011537108
9.698769962610074 46.528690013945379
9.701399986245216 46.530462987274667
9.701410009823519 46.530469974421123
9.700999977055719 46.530979975458379
9.699779975436922 46.533149969748493
9.698689991095222 46.535040017449973
9.696960012797376 46.538109968817814
9.695869972104381 46.540189976202413
9.695302010734284 46.541894972509674
9.695300017983511 46.541900002580739
9.69543996464845 46.543199971973507
9.696109965713209 46.544869997960582
9.698719961545162 46.5449399815408
9.700029967116922 46.544979971325866
9.702249982692029 46.544840001960331
9.704920033471302 46.544779982335271
9.706809966063771 46.544719977536602
9.709419993877587 46.544709980873307
9.712030016580348 46.54461001731876
9.71444000361635 46.544239970882067
9.715940035122367 46.543999977320418
9.717240039264546 46.543639997770612
9.719220022867907 46.545520001008924
9.720139990499439 46.546410016437243
9.721460035413717 46.547889994337041
9.723229992810937 46.549139987552493
9.724550024068577 46.549860010708088
9.726259980656263 46.551330005441855
9.728150002137824 46.551709978760385
9.730430040651337 46.551959974509089
9.733410002626286 46.553229970034266
9.735440029662355 46.554299972420111
9.737540002053105 46.555559985308051
9.738190029405541 46.556579990870382
9.739439981852422 46.557750023780365
9.741669995498498 46.558590001857965
9.744409983653551 46.558399998689396
9.747210003874756 46.557749968041783
9.748569994656936 46.557210002649789
9.75078000310744 46.556560023931482
9.752680038799019 46.556869996440206
9.754180005093735 46.557179981684506
9.75569002995544 46.557710004489252
9.757209999711362 46.559189984568341
9.758590034010805 46.56029999929001
9.76022000901675 46.560379973053038
9.761530020280226 46.560329987450444
9.763740001471772 46.56026997248042
9.765509993226132 46.560900005687607
9.766499986132933 46.561570014773068
9.769320020809307 46.562720011586947
9.770629973267871 46.562980021505638
9.772709983662914 46.562879996862449
9.775389987674448 46.562729983751382
9.776370016603181 46.5627299905508
9.779440001201671 46.563069978843501
9.782849967711114 46.564360010640797
9.784290002543941 46.565069972310297
9.787369995635302 46.565820002973901
9.790569991181073 46.566469979417093
9.793000039095636 46.567179993638938
9.795870007631777 46.567660005446491
9.79783999602401 46.56795997374833
9.800449977670155 46.568039987600137
9.803839967387862 46.568019975624814
9.807110005357712 46.568410003713822
9.810249962072039 46.568879988026424
9.813649993912303 46.569490023334232
9.816400002746999 46.56997001352245
9.819860039721828 46.570719985367795
9.82130999404138 46.571380014737052
9.822889974439937 46.57253999348206
9.824660029465948 46.57361001632313
9.826819978784767 46.574050018426796
9.829309974992565 46.574169986830299
9.831260001100976 46.57415999580541
9.833490005611999 46.57419000844876
9.835180013834918 46.574409986123648
9.837989986570177 46.574299969954318
9.840019961061428 46.574469972370117
9.841980032495151 46.574720005323044
9.842719993698458 46.576429973992248
9.843259974592822 46.577690019502903
9.843860013147189 46.579170010892383
9.844207026063136 46.580546998753249
9.844210018211351 46.58056001529139
9.843379963947575 46.582190006375647
9.8409900208532 46.58426997629963
9.837670036748619 46.585600022863723
9.834999996220883 46.586159981986022
9.832400034037065 46.586580010032776
9.829139973259846 46.587269992554049
9.827000036100479 46.58790997245098
9.826420011165929 46.588769979927733
9.825341006275245 46.590383976594538
9.825329979076617 46.590399969459796
9.827030014805494 46.591059979967795
9.827890040191212 46.591959981984679
9.82889000645897 46.593389990542065
9.830019979318346 46.594959997248218
9.830689998961073 46.596170001324687
9.830709993464144 46.597790012999042
9.832739991555915 46.598100009104485
9.834369966960775 46.598270000647922
9.837570024616385 46.597980000540701
9.839259979310219 46.597470006473486
9.840229998998943 46.597060020972094
9.842569966275557 46.596239988417224
9.844809971245116 46.597119968125497
9.847039978602341 46.597970012686929
9.848940036718457 46.598670014107469
9.850850016508765 46.599559982264289
9.852760028847323 46.601259988577048
9.854289964156212 46.603049968105509
9.85698996810863 46.604840015758036
9.858880029393182 46.604910009345666
9.861159998669292 46.604719992110567
9.864090032497096 46.60397997234243
9.864709988404012 46.606090004429021
9.865060020558158 46.607849989990932
9.865408036041348 46.6095420205504
9.865409982337802 46.609550000366433
9.865231959043479 46.610935006366233
9.865230036690944 46.610949996990392
9.865910039265165 46.612659977977685
9.866769967800124 46.613999993737366
9.868369978352209 46.616419997166894
9.869500005277308 46.618039976418636
9.870829979572306 46.619689999154829
9.871760000393282 46.620539986814975
9.873150021004147 46.622290019973981
9.875289976286716 46.621190015275239
9.876269995526041 46.620740006116371
9.87847997016469 46.619819987112237
9.880830009364246 46.620209996326558
9.883790034700153 46.621460012044494
9.8864200329106 46.622970019532929
9.889389999796483 46.6246599985055
9.890519960497631 46.626230018081515
9.891920010087102 46.62805998173291
9.892979960171989 46.629140007947349
9.894531023433034 46.629751997061156
9.894550023687581 46.629759992971032
9.892700012956235 46.630949998976931
9.891310021742854 46.632610021229127
9.88971299566435 46.634177988369551
9.889709959470165 46.634180021220502
9.889908993127607 46.635560003338213
9.889910038304043 46.635570018529144
9.88964003825488 46.63730000767471
9.886869962811099 46.638989997650377
9.885259981714986 46.640409990582327
9.882980007210879 46.642329983853415
9.880649970107294 46.643250007993991
9.878880023905236 46.645120010376779
9.87641997937175 46.647109981550095
9.874159971211199 46.648789981161393
9.870789980820131 46.651699972200518
9.868730000770938 46.653779968532135
9.867249988397791 46.655549985073833
9.866633037540419 46.657788986643268
9.866629975222336 46.657800015267313
9.867439959616117 46.660359975911632
9.869430031128603 46.662190015943743
9.870749968903548 46.663530009750573
9.871888025694499 46.665325991711171
9.871889983244257 46.665330010068722
9.871590003916095 46.667449975423544
9.871090008053741 46.669069970294707
9.870579975980252 46.670419973998108
9.86903001958132 46.671650019379619
9.867090023653924 46.673239999616641
9.866652018492594 46.674892010371373
9.86665002956304 46.674899984993722
9.866930007991263 46.676339990849215
9.868130002149325 46.677599973325975
9.870240031303435 46.679159982627631
9.872610010525092 46.680309978198316
9.87413002035022 46.681159989459246
9.876109997920464 46.682720011836196
9.877559973634041 46.683610004045285
9.879960023481523 46.685770006311763
9.881789998109593 46.685500020966629
9.882969976218384 46.685300017327684
9.883739994009755 46.684779970414247
9.884489997366581 46.683760002629477
9.88522002343702 46.682479991461491
9.88626003597296 46.682049996701977
9.888180029673071 46.682280003327215
9.889129974383478 46.682890011081156
9.893420039306418 46.682799977137257
9.89422999623668 46.683329973841523
9.896340002195103 46.683100013475553
9.89708001700061 46.68353996861017
9.897810005048486 46.683569968854968
9.898829973256632 46.684229969416457
9.900579969532778 46.685010007559967
9.901869960020582 46.685659986964112
9.903660012998538 46.685940007096441
9.905330039654691 46.686359969464732
9.90646001229941 46.686559985587202
9.907649862525513 46.686540023255965
9.9076500270716 46.686540023397079
9.907639960810085 46.687798004027556
9.907640022214675 46.687809997978199
9.907650020321128 46.688572007000857
9.907649989018159 46.688589997813175
9.907479996284369 46.690129975109905
9.907154010266314 46.691570981347034
9.907150037977015 46.691589987129866
9.910010029141064 46.692310003179628
9.910699970690626 46.693050002858548
9.912799966357211 46.693460020110265
9.915150029786204 46.692129969790336
9.918299997699695 46.694020005155352
9.920810016871004 46.693810009329546
9.923229986185749 46.694060009158221
9.924760027039426 46.69394997743796
9.925609961405616 46.693410000652484
9.927610012946165 46.693969977440638
9.930210020244701 46.69337998424048
9.932060003334199 46.693190002944405
9.932960001170409 46.693549982874572
9.936890028412783 46.693389989433854
9.941770028955228 46.691379997340249
9.942110018508924 46.691960010300328
9.943259989614745 46.692960006387864
9.943709966674755 46.694469981457246
9.944570017937428 46.694910008344721
9.946010025818754 46.694950002601807
9.947259988132167 46.694979984379479
9.949119963730503 46.695059969199306
9.950069970877454 46.695020020144021
9.951160030955384 46.695100006224465
9.951989959537459 46.695080013270349
9.95280001445156 46.69525999444258
9.953550026825237 46.695320006106982
9.954179980009009 46.695189985196563
9.954970006988022 46.695000003495515
9.955780031188519 46.69502998337763
9.957130034622971 46.694959981647436
9.958360008230313 46.695790011233733
9.958617009547019 46.696769011639851
9.958620037842188 46.696779988240046
9.958342037113438 46.697565015855332
9.958339981174918 46.697569993578639
9.95842997291906 46.698350014989934
9.958569020581949 46.699055999353682
9.958570002343009 46.699060016579338
9.958520005892717 46.700129981409056
9.958190022397813 46.70092997938702
9.957540002362915 46.70155000185251
9.956589976456995 46.702279993187993
9.955299983070713 46.703379997666346
9.955049979625263 46.704829994193027
9.953766972638187 46.706469978619268
9.953759986359845 46.706479989335385
9.954179979826733 46.707070007221759
9.955029982563881 46.707699974845262
9.956089993940299 46.708209971241445
9.956900036457686 46.70887000522788
9.956920021426175 46.70942997902285
9.957289984427407 46.712180002250896
9.958219973343583 46.712609986386575
9.959340006916504 46.713270006693257
9.960290031514344 46.714069972001496
9.960450024862373 46.715509996485004
9.960588970200416 46.716561012680046
9.960590031057855 46.716570008342217
9.960459997653869 46.717769996487426
9.959870018078449 46.718660017924449
9.959159962023612 46.719049994231661
9.958650031797992 46.720000006156205
9.956600031561482 46.720989969087157
9.95548998560721 46.722459969216658
9.954569969766421 46.722480007760097
9.953780013914331 46.723060000937537
9.951230026055496 46.72295998684573
9.949529988580354 46.722890014391211
9.948679994669513 46.723169989813577
9.947510021693223 46.725519987548864
9.946300008537337 46.72498002228361
9.945469989348036 46.72511000657552
9.944500017868773 46.726290023947492
9.943935969069752 46.727319985792121
9.943929963608284 46.727329996266207
9.944870020305178 46.728889975535935
9.945150038887496 46.729839980271628
9.945675967421705 46.730674020370039
9.94567998555806 46.730680018297917
9.94494000819806 46.733610010425565
9.944320034028635 46.735039967850447
9.943610036473835 46.735909972846102
9.943053966064785 46.737199993696301
9.94305001288032 46.737210005151148
9.943250029309304 46.737640006874209
9.944189990808404 46.739600009205525
9.946230033829638 46.742239992709081
9.947899982352196 46.742629976726477
9.948186013770105 46.743271987803325
9.948190031152636 46.743280023232636
9.94796403294354 46.74398599674992
9.947959993928279 46.743999968326698
9.950369995712773 46.747300020280278
9.951750009908974 46.748759990648061
9.953209976680347 46.750279999163773
9.955750015480158 46.752559977110401
9.959139999066725 46.754220015280438
9.96074997188123 46.7551399695001
9.963830007728232 46.755529981027841
9.964860019750034 46.755770017566547
9.967833040873378 46.757964985019655
9.967840022148245 46.757970022178554
9.965697981358879 46.762183983078039
9.9656900013346 46.762199990638599
9.967639972590645 46.763059978510064
9.968360012569901 46.764170021426999
9.973060004866179 46.766450015587218
9.9759999971632 46.768710019959407
9.979119988084584 46.770719986385139
9.980289999424551 46.772259975610133
9.982599960612108 46.772899972904412
9.986439976447054 46.772749986372155
9.989719037991298 46.774439013251744
9.989720024104029 46.7744399749716
9.989561017728999 46.776816023927694
9.989560028629382 46.776829997101274
9.990070007932356 46.779959976536773
9.99057000815154 46.781309986387484
9.99087003098186 46.783200005765245
9.991980000641327 46.785779972297121
9.993019991261422 46.786840020333479
9.993690020367731 46.788490017572236
9.994429988143013 46.7899600039175
9.996140031332059 46.791399983345876
9.997390016701662 46.792679998065594
9.99858003657414 46.794270005922108
10.002549996938736 46.796150008629667
10.003620036766259 46.796489969866208
10.007499983328016 46.796659991775854
10.01073002615921 46.796989980100115
10.013010028550665 46.796969985517109
10.018409965260966 46.796579991249168
10.025300037773548 46.796299983812453
10.028109978611635 46.79655001016134
10.033770033497134 46.79841997949557
10.035280002566292 46.798680005140959
10.037600028090477 46.799120021015625
10.042420002991811 46.799769987017704
10.043010036933456 46.801060020771999
10.043207999308507 46.802215003624333
10.04320998518963 46.802229994239021
10.042620022473022 46.803500016210052
10.042015962413098 46.804450018834402
10.042009966711598 46.804459977614151
10.043299985686343 46.806499971292141
10.04406997459135 46.80878002085521
10.044950023899824 46.810519994023323
10.046029979189809 46.812249973588386
10.047000011166507 46.813300011374693
10.049450024268873 46.813779991781828
10.05224998690252 46.814529983708091
10.056069971834193 46.814929999050669
10.059100013510177 46.815119985296697
10.061680036845285 46.815550003668768
10.063750029852498 46.816090009906077
10.06427997451306 46.817510006523719
10.064490025327057 46.819039993844633
10.065100011204214 46.820690007571152
10.066529979647855 46.822770012991676
10.068209983083605 46.824850008665003
10.069650040954777 46.825979980713058
10.072829994961792 46.827839996933399
10.073600014819409 46.828589988907439
10.075423989135897 46.82987897687584
10.075439965899305 46.829889997061244
10.073270007965615 46.83107001215236
10.072529962769062 46.832040006802657
10.072211019692483 46.833395973594612
10.072210037781888 46.833399990800892
10.072280025100204 46.834699973837481
10.073069999857724 46.835949973148736
10.075180026018534 46.837380020342835
10.07679996831051 46.837950007438181
10.078390003942388 46.838249985132933
10.079969968289229 46.838680000372463
10.081780037639676 46.839909994998067
10.083769976480376 46.840919990183231
10.084519991716837 46.841859988091258
10.085329988501092 46.842879978990915
10.085949989345348 46.843590000268335
10.087020030055088 46.844620008243446
10.088879996054199 46.845450008035705
10.090010013142523 46.845929968707466
10.090619974893121 46.846680021273606
10.091300013903057 46.847489974129125
10.091940035442347 46.849459968794775
10.092319971689758 46.850980000610434
10.092571708108219 46.851381597333059
10.092572037609388 46.851381992309037
10.092577958764576 46.851378989029662
10.095837370151353 46.849970454778671
10.097670795498606 46.849178085889378
10.097670959031161 46.849177972295792
10.102488018897555 46.844570001095285
10.104773990184761 46.84143696535272
10.105167994645791 46.840897021529727
10.10516807715897 46.840897021449351
10.108488139548284 46.841691650299879
10.111284985952745 46.842361019160862
10.115322032592546 46.843768984453135
10.118383974905079 46.844836983654524
10.118384056366786 46.844837096110773
10.119867039071552 46.847304999793266
10.11986720424666 46.847305056332779
10.120083965284323 46.847369982849166
10.12140242015467 46.847766304094982
10.122292959099317 46.848034004286212
10.122815964221932 46.848132011144578
10.124714834335236 46.84848559922969
10.125340029675252 46.848601973703509
10.125428612949717 46.848578564030717
10.125461019812388 46.848569984632981
10.130272004755712 46.84727501319788
10.135655591243745 46.84743865677418
10.140804965976665 46.847594983459501
10.142642012196241 46.848910978444685
10.143799990169573 46.850444847852714
10.14476200602185 46.851718974524438
10.148804845730213 46.851193096919829
10.154176991282167 46.850493998876608
10.155538838088374 46.848602175564793
10.155539002637573 46.848602005159044
10.157384030956285 46.847903980435952
10.162436040305606 46.851153989551953
10.168552023842009 46.850578015653326
10.168552353547135 46.850578297852508
10.168622766197943 46.850643130164457
10.169377016840226 46.851337016791575
10.170787013314911 46.852636003356878
10.171053994381541 46.852881826932951
10.171948988747685 46.853705977321262
10.175309277471072 46.85404502386303
10.177173011300837 46.854233016706488
10.179791002235502 46.855540020478166
10.182089019486863 46.856685996216271
10.18315197462919 46.85916102237718
10.183152057170799 46.859161022237174
10.190044002341422 46.863566986672403
10.193362463082787 46.866218309757329
10.193644527216051 46.866443627917519
10.193645022676629 46.866444023185515
10.198458645595458 46.866582250330673
10.199075778197683 46.866600008416
10.199076025857268 46.866600007959448
10.19999075520845 46.866284416955949
10.19999190682476 46.866284018666725
10.203863992249149 46.864947973428848
10.219185966515619 46.867251997428099
10.220775041240113 46.866857133604015
10.223020975033755 46.866298991480022
10.231450223668544 46.866292058964859
10.232650013629238 46.866291008786675
10.232280011808934 46.866905974416987
10.231190875139319 46.868715406719367
10.23079500827472 46.869373018451192
10.230795091076248 46.869373074096252
10.232202237540816 46.871235925716157
10.232481011727968 46.871605003273856
10.231393981101194 46.875567999544032
10.234016067928625 46.880319659538031
10.234039977613742 46.880362995589394
10.234491017132544 46.885292017144351
10.230207040608221 46.888812994560737
10.229296577072274 46.889287162892643
10.227466973408328 46.890240019485582
10.225626000861833 46.896926895533518
10.225626001347132 46.896927008975531
10.225836284383524 46.896997675901368
10.226631968444025 46.897264990381366
10.228596015391492 46.897925979803006
10.230561601967958 46.899832387126018
10.232410006218197 46.901625024323721
10.232731033823779 46.901936022669616
10.232766033085346 46.90197000080606
10.235807993405881 46.913399022129006
10.236519595155954 46.914695013035661
10.237055998945326 46.915672002503541
10.240150985890336 46.917647971957109
10.240151069040222 46.917648085214132
10.241296782957148 46.919620583611277
10.241297032679096 46.919620979199273
10.241050620176001 46.920973318345879
10.241050137558883 46.92097592137597
10.2409370185245 46.921597000554975
10.241150089661904 46.927473971094486
10.241204040155793 46.928959981849459
10.241227923856469 46.929621932836248
10.241307978355231 46.931839011306359
10.241308224753414 46.931838954936239
10.257602688963603 46.930294012681514
10.257603018262827 46.930294011896819
10.267028018502915 46.929062020106301
10.289865983673895 46.923138015948695
10.293983005339069 46.922108004818547
10.293983334321448 46.922107721219739
10.294309737035617 46.92186212199276
10.29431498973576 46.921858204753377
10.296851995333904 46.919949017529703
10.298313863897832 46.921872131786195
10.30048502577703 46.924727974563169
10.309160033796177 46.925846001290012
10.311150724665067 46.925804086222946
10.315658631157179 46.925708994267112
10.315658960426967 46.925708993305577
10.317101006116555 46.930977011036475
10.310074990506946 46.935730022005252
10.308811734658052 46.936959896516946
10.308810094621739 46.936961485772784
10.305580986771622 46.940104976876256
10.305581154405903 46.940105372544572
10.306126743229436 46.941290658827555
10.307467021855608 46.944201968810276
10.307696972762193 46.947277016773938
10.308496419596855 46.948703102587409
10.309334992971262 46.950198986483542
10.314746937551313 46.951301351429343
10.316227975320212 46.951602999113859
10.322688028771154 46.951751974860372
10.325863506195779 46.95338310876587
10.327194973019509 46.954066993837863
10.327195056761239 46.954067162844105
10.327267309821915 46.95425474493598
10.327267394974429 46.954255140817743
10.327296984080874 46.954331981551206
10.327373095857363 46.95452996043165
10.328528015441494 46.957535001314042
10.329146499508933 46.961811629015848
10.329552036063857 46.964615004074261
10.330668688304117 46.966778306465187
10.330671527744933 46.966783897719203
10.330699920088833 46.966838849628864
10.330700002549433 46.966839018635227
10.333451984651528 46.969486008501178
10.334101093119971 46.971587808778594
10.334589962229218 46.973170993692065
10.339554987207793 46.97745124979491
10.340063987461347 46.977890015936701
10.339858981783745 46.981826787516461
10.339858983243644 46.981827013488214
10.341014718559039 46.982195975768519
10.344003018132328 46.983149998252863
10.347249989157609 46.990084972100192
10.347308999821424 46.990210980515911
10.353831578991793 46.992015215184615
10.355089002209013 46.99236299010839
10.355089167708924 46.992362989565294
10.371276970686921 46.991245000973755
10.382355983312886 46.999035015990508
10.383815018930786 46.999804003664572
10.38435501371643 47.000088986778842
10.385582014229493 47.000735970962708
10.38757484203138 47.000763243896301
10.389240034124549 47.000786003346377
10.398685967073055 46.996875985937443
10.398686049399883 46.996875928915266
10.399366490415822 46.995900664831154
10.399990003651588 46.995007003395557
10.40007123489983 46.994695027125097
10.400421003651413 46.993350981200564
10.400553705716376 46.992981683363524
10.400964967826152 46.991836970413608
10.402662978375554 46.990437002125958
10.404374476087565 46.989869318455526
10.405942960581312 46.989348980553189
10.407171938463122 46.988149412820626
10.408122975727414 46.987220980268127
10.408970625172596 46.986340389216139
10.410591025982315 46.984657019603262
10.413094986530959 46.982734996477781
10.413095150241427 46.982734939133366
10.413832825381251 46.982379149174712
10.413835455201479 46.982377894890803
10.415129033456772 46.981753994808422
10.419372031233165 46.981071001607354
10.421152035407486 46.979309014258654
10.423294027873331 46.978397012052717
10.426478182446772 46.97568754756729
10.42682198747098 46.975394989506313
10.426804450852591 46.973426215912994
10.426789988350412 46.971805989814918
10.426043995957611 46.97059597951629
10.425123006379344 46.968132009725203
10.424616406824102 46.967372050316584
10.424326998862826 46.966938020391233
10.423204613139539 46.966183240003616
10.422482997186888 46.96569800607773
10.422502887879874 46.964168484454326
10.422523012170727 46.962626968419265
10.421355402202401 46.961370089175595
10.420968041419414 46.960953005471445
10.420968204600056 46.960952891396204
10.42179153144817 46.960399517085357
10.422087026210685 46.960201003636421
10.425329015199504 46.958693981669299
10.428342231698588 46.956876027453966
10.42916595866407 46.956378990748313
10.429853863690006 46.956460656585605
10.431465041161214 46.95665199789827
10.431997920242909 46.956715431075551
10.43263300291671 46.956791011398515
10.432633414140264 46.956790896313024
10.432689238931097 46.956779812406282
10.433458028442425 46.956627001430384
10.434256313935792 46.956501275131721
10.437286006161941 46.956023975558836
10.437643320531368 46.955186472505844
10.437643319595889 46.95518635996936
10.437747996677615 46.954941001905787
10.43871551778588 46.954662222771326
10.440212030570333 46.954230984826559
10.442101025151651 46.954286011582276
10.442444265720287 46.954296430869526
10.442825038806347 46.954307995451899
10.447362997417736 46.953331018711474
10.449518023327709 46.952701995128905
10.454038024068538 46.953296977095107
10.455070603499694 46.95304962498566
10.455377651740317 46.952976096755087
10.455377980196969 46.952975981931125
10.456338991338775 46.951523024326725
10.459500991508069 46.950226015586175
10.459831571260723 46.950073463677668
10.462957982892426 46.948631012594404
10.46490289378427 46.948454380948007
10.465137963309777 46.9484330064506
10.465138210849927 46.948432948665186
10.467805976885559 46.947647036420619
10.467805976381698 46.947646979702178
10.467864767039201 46.947590950060089
10.469193008560106 46.946323010902567
10.470907994646623 46.94527800002556
10.472366025111537 46.943382010317954
10.474717009928947 46.942534970545942
10.476254976521282 46.94103199964713
10.4774972032295 46.940674898077866
10.478136976297327 46.940490998737943
10.479103108339405 46.94044701095163
10.480749970742004 46.940371989488256
10.483405993246048 46.939372988514258
10.483620275743512 46.939355625259594
10.483622335591475 46.939355446783146
10.487352021341311 46.939052976669664
10.489325039324294 46.937786003284593
10.487325975330771 46.934909973217131
10.48801902578882 46.934249983219161
10.488018942613742 46.934249927773855
10.48628299551039 46.933083008874171
10.485835872648872 46.931939806384953
10.48567403075746 46.931526006198368
10.485820982262764 46.930450218837933
10.485820980179076 46.930449992862748
10.487682991541888 46.928325973150933
10.487727792969382 46.927733958933374
10.48772787090042 46.927733448990267
10.487801972761735 46.926753982032224
10.487058974901482 46.924701993849638
10.486573518684658 46.923596636877612
10.486221016316641 46.922793995821991
10.486227752861508 46.921344523666676
10.486227808362763 46.921341582001844
10.486229003288974 46.921077969266577
10.48622892012834 46.921077912919166
10.485822827738435 46.920360194066873
10.484953040484035 46.918823016043881
10.485776838465643 46.916801304796024
10.485777001113245 46.916801020456745
10.485384021945256 46.915382020043616
10.483060026823297 46.913017019011882
10.48147103004159 46.912169985565519
10.479894152905512 46.911607752241366
10.47857399838947 46.911137018376401
10.47800396361632 46.910294014577524
10.478117647665709 46.909727601647894
10.478117646645101 46.909727489109102
10.478248986612952 46.909072977133114
10.478420776665903 46.908508852500134
10.478420857232962 46.908508626156319
10.478600962621124 46.907916971226754
10.477606015382099 46.905087010838358
10.477517622636523 46.904742899211847
10.477205057205378 46.903526076935684
10.477204974082182 46.903526020580777
10.477048688048088 46.903381046726842
10.475334001997512 46.901790993668122
10.475097166248794 46.900413175399244
10.47509673466292 46.900410971437225
10.474869037439115 46.899086003545868
10.475530007248457 46.897853971279389
10.475424981410962 46.895999996960576
10.474598975555248 46.894305999498428
10.473688905806533 46.893729371403396
10.471787972004554 46.892525022789634
10.471402003079032 46.891247006233641
10.469878968079462 46.890071973408688
10.468289722183291 46.888862698582699
10.467156213629671 46.888000121004609
10.467155966179151 46.88800000862976
10.464668002919522 46.884274014908016
10.464668412018012 46.884273730435744
10.468166991030632 46.881900991890902
10.469626985468993 46.880076972055569
10.469522654739553 46.87822704509589
10.46947397386262 46.877364971325868
10.469975096741649 46.876110798706264
10.471235975589455 46.872955010822679
10.470995441046064 46.871172593583751
10.470467967205263 46.867264011800174
10.469104789536761 46.864439138649701
10.467979011317459 46.862105995240668
10.468112700970075 46.860619666243487
10.468112929232255 46.860617628616886
10.468177968600978 46.859893988298907
10.468864397996811 46.857774673518556
10.469831009877959 46.854789969474815
10.070997978068297 46.427587971741538
10.071058913297669 46.427604566830645
10.071090034120974 46.427612976501223
10.071148518698994 46.427628838293344
10.071149008870389 46.427629007276515
10.071119970866473 46.427589984748792
10.070998468089419 46.427588028153437
10.070997978068297 46.427587971741538
9.948339992968357 46.378323991702317
9.948400032414753 46.378409972295316
9.950502006541196 46.378807225108488
9.950512120658805 46.378809153465447
9.949768362307502 46.378643184910274
9.949650996895476 46.378616987155965
9.948340644599002 46.378324162230278
9.948339992968357 46.378323991702317

