# RBD_F1v3.0 river basin CH it Adige (Adige)
# data from <a href="http://www.eea.europa.eu/data-and-maps/data/wise-Basin-basin-districts-rbds">EEA</a>
10.391186003655113 46.657922987379585
10.391465545291085 46.657007363561789
10.392057989977804 46.655066970084263
10.39410400986954 46.654574980463963
10.394411996564511 46.654330009718919
10.396240033771296 46.652873984731634
10.396374956779983 46.650713014996072
10.396380088152815 46.650631470141889
10.396452964758916 46.6494639772895
10.396882882098273 46.649038410887009
10.397660001634701 46.648268989952349
10.399319832491706 46.646628185599063
10.399842974016231 46.646111002086933
10.399843134149569 46.646110605283532
10.400086345193522 46.645374039437854
10.401689982821591 46.640517992671306
10.40043596254932 46.63917399463454
10.40014398398224 46.638861985797689
10.399838040751925 46.638534979237654
10.399838530080785 46.638534637939308
10.400753973591906 46.637882015774693
10.402251967773404 46.636813973403306
10.402792332970282 46.636671415999032
10.403154020882464 46.636575973987469
10.404100894231684 46.63632574752129
10.407702024033036 46.63537400799283
10.408980988016104 46.635035973902148
10.41599641363932 46.637076051869506
10.420148016574828 46.638282995355397
10.440703731935004 46.639243023333783
10.443343009414635 46.639365985231933
10.446049000465672 46.641272977152674
10.457289359701857 46.635661186149882
10.461679032632111 46.633468981285667
10.462363229943278 46.633147344922726
10.462563973385665 46.633053016344718
10.475761017019122 46.623460969285944
10.479890127805511 46.620460376984951
10.484093995100601 46.617404968841853
10.485598760001229 46.616668278596322
10.488614037711491 46.615191979005516
10.491991224827258 46.61534377103996
10.492017703831285 46.615345007864242
10.492018031173242 46.615345006366859
10.491731923277072 46.614001576932196
10.491232039957257 46.611654018282216
10.491124018083122 46.611144971952449
10.485824004968713 46.606257972646752
10.484522037018349 46.605056982215459
10.484522036501783 46.605056925486323
10.484803338698947 46.604351828198794
10.485120035405924 46.603557968196945
10.487315000201082 46.598060986596465
10.485097987271683 46.594389974444013
10.48499968712583 46.594227245502204
10.484861299017059 46.593997935596754
10.484784539872898 46.593870867445048
10.484236996869093 46.59296400721459
10.483967727502261 46.592518476937975
10.483748024164154 46.592154988614567
10.484513486196009 46.591043736518429
10.484958974646464 46.590397017509545
10.48505328747718 46.590365586715379
10.485156989912422 46.590331002217184
10.486504827442285 46.589885353591598
10.486505807199888 46.589885009667029
10.487761023427318 46.589469977095298
10.486247350197482 46.586454070613136
10.485755036189095 46.585473016639881
10.485506132728624 46.58497687149444
10.485103006017187 46.584173012301854
10.48453550529551 46.583042300931247
10.48337697621225 46.580734013195993
10.484007029120432 46.579138995372617
10.484680025209613 46.577434977717942
10.482634988009526 46.576118366247591
10.481729006280846 46.575534971728246
10.480524990579591 46.574759967848507
10.47856709074674 46.572502036867078
10.477399992765374 46.571156007226683
10.477399907629263 46.571155668110208
10.477364306479714 46.571011153784731
10.477245016286993 46.570526971534839
10.476523007538779 46.567592984768432
10.475474018602304 46.567060977558505
10.474722265718404 46.566680014365886
10.474671360367186 46.566654213319417
10.474671031302153 46.566653987842102
10.474034021443932 46.562744007545461
10.474963016793181 46.5613424534017
10.475415986352138 46.560659008891989
10.477711991474473 46.557193975082448
10.477084404488199 46.556359783189464
10.471895962467306 46.549461990391507
10.470988981175127 46.548256012392038
10.471006232518461 46.547892978166409
10.471014031408776 46.547728975863976
10.471098978106275 46.545913976615608
10.471665496441156 46.544708150865745
10.472218978099935 46.543529990561993
10.47079402478934 46.543186014519293
10.468823259277174 46.542709515905493
10.46844898795797 46.54261898009549
10.467604508204392 46.542415237067026
10.465805029652651 46.541980995394091
10.459079986963202 46.54132096852986
10.459079985505408 46.541320799236352
10.458830986665278 46.539087011420214
10.458548980604697 46.536552015832719
10.456248958340115 46.535286719760464
10.456164039248716 46.535240005909628
10.452353993433041 46.531047968219262
10.452281506902724 46.531076789805589
10.452281017938208 46.531077018799301
10.452129034641587 46.531137972880288
10.452128627226823 46.531138144796309
10.451889398576506 46.531233809439698
10.451888991160263 46.531233981354823
10.436756960624754 46.537300001538803
10.435421940959001 46.539012268044551
10.43541853933618 46.539016581863898
10.433741039095315 46.541167971094524
10.433740631999143 46.541168198770912
10.422980998818474 46.547329005122677
10.421849631334647 46.548129980140004
10.421632013006406 46.548283995592492
10.420834366775248 46.548848561081492
10.417634985502296 46.551113021871359
10.41440202931585 46.550925983071437
10.414363521680487 46.550910119375899
10.414275996835009 46.550874019900462
10.399892992135362 46.54486098217172
10.39717699791761 46.544430019087969
10.39298300314438 46.545398976757497
10.391890731173142 46.545829180174827
10.391889914005798 46.545829465920121
10.38773396088925 46.547465999632607
10.387577143627215 46.547553754102651
10.387364005072975 46.54767300008821
10.384696972541828 46.549155797993429
10.383290037348475 46.549938000126396
10.380916234549961 46.550178926721031
10.380914844620333 46.550179100946529
10.37855099780143 46.550418978140762
10.375442027731223 46.552283990269181
10.375441945666351 46.552283990555928
10.374063483473545 46.552594439159996
10.374062584946335 46.552594668318477
10.372578038989904 46.552929004796738
10.370455983539163 46.553935983258697
10.363156966082943 46.555588002615934
10.352316442098992 46.555598969729886
10.352316033051332 46.555598971070999
10.352379986414938 46.555689967595278
10.353169999190419 46.556269968337666
10.353880040192433 46.556809999514925
10.354370024088521 46.557649998879107
10.356419970338006 46.559549988681759
10.357910021270005 46.560979992520359
10.360079996944487 46.561839985576555
10.361740011954947 46.563079995270797
10.36022000617694 46.564519997369707
10.358090014284075 46.565849985088136
10.355940017759089 46.567129979320399
10.353810025197539 46.568590009817292
10.351650020893191 46.569490023289831
10.348889965254722 46.570850002614293
10.346009983517963 46.573179994875005
10.346169982012585 46.574580023506925
10.347990027900744 46.577029990591591
10.349960022585313 46.579170008699023
10.350240027530834 46.581180003457327
10.35168997257151 46.583650001940377
10.352050023225088 46.585540005250827
10.350360026033144 46.585689970164353
10.3495100280568 46.585739978971986
10.348139970437416 46.585849999087692
10.34540997161421 46.58642000274704
10.344239984370756 46.586659969415436
10.342029958819655 46.587739968919657
10.340029998125257 46.588729977872354
10.337800010890884 46.58823997004216
10.334799966876643 46.588440021434209
10.332259976910688 46.590509998522343
10.329919995889068 46.590839980765843
10.327300018960422 46.591499992189767
10.325909990617642 46.592539985126557
10.326890039902834 46.593679994978132
10.327199964020394 46.594689985044717
10.327619966725598 46.595509988466439
10.328070010845973 46.596789989331882
10.328009966231555 46.59771996980669
10.328179985506896 46.598870014871544
10.327200026289239 46.599790011211674
10.326269984983803 46.600559972998248
10.325559972365022 46.601439982354158
10.324730028692182 46.601720004729728
10.324660003620785 46.602260021866243
10.322320038372858 46.603239967826347
10.320479996102051 46.603529995462999
10.318980038280873 46.603689986116251
10.316280005790027 46.604489988823879
10.313550000250649 46.604679992106568
10.311770037201537 46.604600018428933
10.311220020536789 46.607420012935194
10.308870004403499 46.606510009360832
10.30673002613119 46.606249993462136
10.30312999863024 46.606829991867315
10.300089980543149 46.607820020716424
10.298379985135846 46.608309985116122
10.297049978528705 46.609200005525302
10.2963399974134 46.609839985740294
10.295260026059921 46.61124001669446
10.294489991770018 46.61223002092833
10.29505001150129 46.613009986412628
10.294930007388288 46.61411000378078
10.293280025791006 46.614770017214283
10.293579999704576 46.617009988288061
10.293060035978916 46.618150017947514
10.291460029517189 46.620360015164898
10.292060038863967 46.620579999054058
10.292069997810998 46.62110998474116
10.292250029955099 46.621569974080188
10.291689996137222 46.62246999055872
10.291429981698244 46.623729981295966
10.290429973214504 46.624720006165596
10.290080002953101 46.62691001601921
10.289460031012325 46.6285300035671
10.288229961042225 46.629530015737195
10.287039976794091 46.631419967684543
10.285160005566523 46.633559992587244
10.285769970004402 46.636279981256287
10.287440037506778 46.636890008611225
10.289130002320682 46.637729994901477
10.290679976430681 46.638340011537892
10.29213000961694 46.639269988922763
10.292750036083547 46.640509982706114
10.29395996434892 46.64067001979415
10.29390997403072 46.641799983209275
10.293030005376922 46.642949973700041
10.292940010503953 46.644039988486092
10.292669988025375 46.644969985417589
10.291889982897032 46.645719982383746
10.292639995419595 46.646670007507844
10.293590026584061 46.646969988085118
10.295509966400711 46.64788002036471
10.297469988661362 46.649449977892239
10.29920000480546 46.651099971142479
10.301840014495518 46.652480009853804
10.302229995649881 46.653199974220207
10.304369961042408 46.653789970716936
10.305900015936112 46.653989984424548
10.307979986211768 46.653369978231261
10.308649974249994 46.65287002201724
10.310150017610228 46.652510016526158
10.312020009972851 46.652469987515929
10.312879973474509 46.653089994934497
10.314240013618891 46.654419978095497
10.315240033429276 46.655610011626351
10.314860017299011 46.657309980802914
10.315199967268846 46.65931996943214
10.315300009947727 46.661169982936478
10.317980033821442 46.662230019987369
10.321260014063297 46.661010015437199
10.325509963064359 46.659780021080678
10.32801998332922 46.658919975475875
10.32823998095026 46.65634001537677
10.328849991140455 46.654719971729648
10.330229969503113 46.654450008999603
10.331350015844622 46.653539994986602
10.331589971017799 46.651520004269621
10.332230040656352 46.650300005912577
10.332519964975841 46.649250020461658
10.333909982038586 46.64921997489261
10.336949984785374 46.649220004109232
10.340350001831768 46.649779988118901
10.341240029032882 46.651040003145958
10.342369973410081 46.652610019176414
10.343929987775741 46.653380022621441
10.345410037785019 46.65486000419962
10.346760034689693 46.656190005675214
10.348389974591932 46.65623000305802
10.350510019823401 46.656500001370581
10.351489967800008 46.657439982286327
10.354120024728916 46.656409997005781
10.356050027710626 46.655470014321068
10.35615999169004 46.65453999486094
10.35721996940535 46.652639998712935
10.357150007232431 46.651319972889127
10.35816998795859 46.650690003453647
10.35965999135478 46.650770011581422
10.360200036912465 46.649430011161748
10.3631699655337 46.649299974617847
10.364030037741808 46.649029973065097
10.364420005749908 46.648169996874053
10.365250020052706 46.647610021060551
10.368630007319542 46.646660010317355
10.369460028365433 46.647419980439139
10.370879989675018 46.647860011835242
10.372939962642786 46.647090018625178
10.374830020398129 46.646440010685986
10.377719961226552 46.648050023297138
10.379869999776075 46.647390017681602
10.381750040119824 46.646440013001595
10.382210002306358 46.64522000900908
10.383079970288351 46.643569978967058
10.382910007571457 46.642009980604094
10.382889978322156 46.640139973517414
10.383169990372419 46.638929993910473
10.383189973529136 46.637540006201824
10.38390997671738 46.63644002415446
10.385619982956538 46.635550012506165
10.38785998002284 46.636640000435946
10.388519996148874 46.63751998734859
10.390799996112699 46.637519990541527
10.393059976462069 46.637339992354029
10.395709984392012 46.637700007177529
10.39776002476771 46.638309981454732
10.399919969344154 46.639520012064736
10.400919984226343 46.63972002359921
10.400920040619487 46.639760022573803
10.400440007230507 46.640810003589813
10.399840012206779 46.64234998380396
10.399270029717387 46.6440699869338
10.398480006069629 46.64547996933716
10.397070006560487 46.646779987366052
10.39578996491697 46.647990004521077
10.3954100263312 46.649270023872802
10.395649989046309 46.650729996555505
10.395039977124263 46.651210022801862
10.393739992104708 46.652250017099426
10.393309959916117 46.653110019230404
10.392279972826545 46.653290012862712
10.39108999206757 46.65367000866302
10.390619980831216 46.654709999605622
10.390539990157823 46.656300019097877
10.390860002979137 46.657530006576955
10.391185837528507 46.657922761065635
10.391186003655113 46.657922987379585
10.351342322364781 46.553943938060442
10.351569958834361 46.554529975739271
10.351700022454153 46.554716997468155
10.351698860039924 46.554714568072939
10.3515494782616 46.554390631726989
10.351431984129668 46.554136014495498
10.351383251197822 46.554031615579532
10.351342322364781 46.553943938060442
10.349148962762674 46.548794003915006
10.349170034537378 46.548900021309777
10.349189971537037 46.548970001735825
10.349260032943034 46.550220006340453
10.349730000114301 46.551360020938468
10.35045996106591 46.552579979706756
10.351035032414527 46.553279967918719
10.35070301184531 46.552563005292278
10.350406663818287 46.550909482719796
10.350138966280618 46.549415983346819
10.350138720283454 46.549415813950027
10.349149455669989 46.548794285076887
10.349148962762674 46.548794003915006

