# RBD_F1v3.0 river basin CY el Cyprus (?????S)
# data from <a href="http://www.eea.europa.eu/data-and-maps/data/wise-Basin-basin-districts-rbds">EEA</a>
34.598058980748775 35.725603978837704
34.599629990710518 35.726061012716762
34.60127501140159 35.7264199669902
34.602950036056519 35.726666005924251
34.604645005687587 35.726798964161993
34.606346993756773 35.726816970577431
34.608045969842422 35.72672198077592
34.609728997531064 35.726514966861743
34.611385020418339 35.726192960803623
34.613002970519254 35.725762993927425
34.614570999197774 35.725223971994858
34.616078994952055 35.72458396799734
34.617517987055642 35.723842998731953
34.618874964733926 35.723008981226222
34.6201439864085 35.722087970920448
34.621314015081346 35.721082972325362
34.622377008237798 35.72000499031045
34.623328028527446 35.718857972786424
34.624157963627994 35.717652978952138
34.624863993442048 35.716394979259363
34.625438986167993 35.715093015362875
34.625878962161067 35.713756985323592
34.626182983167269 35.712398976295191
34.626346009621884 35.71102201717413
34.626370008622835 35.709640008275883
34.626253033295107 35.708261995299715
34.625994965515034 35.706894992309493
34.625600005378274 35.705550984498295
34.625070002656756 35.704236980942802
34.624442962658279 35.703027981154243
34.588390028553583 35.640274011227909
34.587624986215658 35.639071968195069
34.586723980317188 35.637900024318981
34.585706006805083 35.636790979696428
34.584757975275252 35.635908988760235
34.577323975000247 35.62946099803036
34.576262013625325 35.628605010606613
34.575090982994929 35.627789004222009
34.573810958946531 35.627027973431112
34.419633031484501 35.54235099577663
34.322580006301997 35.47987397299255
34.322055023818251 35.479546011922757
34.32147902092084 35.479211987462442
34.320855008855034 35.478876997082949
34.295413019636754 35.46569400883353
34.105461994616306 35.362216998801706
34.089428004601956 35.324290986946451
34.088821029317529 35.323025004349716
34.088077008656199 35.32178296700863
34.087209967465022 35.320595976013983
34.086224983000633 35.319471003513996
34.085130990296157 35.318416999657849
34.083932997720318 35.317438001362845
34.082639976994571 35.31654601960296
34.081262004743145 35.315741965080932
34.079807014544294 35.31503399315973
34.078284984717186 35.314428000718898
34.078045980565264 35.314344004752513
33.944718967816385 35.268146989121369
33.92683898068681 35.223015009202285
34.082757989851494 35.019745992044072
34.083233993414318 35.019090010179092
34.083656039123241 35.018449004135654
34.084027025891579 35.017819007653479
34.097867006178589 34.992993004071288
34.098288961335804 34.992178973066942
34.098646012815202 34.991377961875706
34.098946968311971 34.990581998597328
34.107758033897355 34.964947999952763
34.108153023264592 34.963582970985925
34.108403026540834 34.962217003445033
34.108515981128626 34.960835980331503
34.108488970955428 34.95945498038293
34.108321970489399 34.958078976719555
34.10801799761537 34.956719978972806
34.10757800796506 34.955384998601552
34.107396011670033 34.954934003504661
34.105031966091943 34.94934397299766
34.104424994322812 34.948079004839826
34.103680978827271 34.946838976349305
34.102815977449829 34.945652011746141
34.101832979764261 34.94452900499541
34.100740969642104 34.943474987101951
34.099547016310702 34.942500997339764
34.098258999028118 34.941607991896916
34.096884978259801 34.940806977943936
34.095433966268573 34.94010097158769
34.093917996550623 34.93949702055567
34.092346005675822 34.938994971296459
34.090729015340976 34.938603975127329
34.08907802270349 34.938322971473582
34.087404013865068 34.938152970079642
34.085719982144191 34.938098993336304
34.084034996805727 34.938158963085193
34.082362008220194 34.938331002006244
34.081122024639889 34.938533961472963
33.958339985961892 34.961917977026019
33.871393983957006 34.926220014403214
33.869891024515056 34.925662971422497
33.868303016895936 34.925198985873465
33.866673996351452 34.924842989244951
33.865013976887248 34.924599996167359
33.863336006310696 34.924468015252671
33.861649975206518 34.924452980406961
33.859968029740244 34.924550011910355
33.858301024172349 34.924760006295166
33.856661967477116 34.92508299400815
33.855417977216703 34.925409984751447
33.734082980232223 34.960675997924469
33.667568024527554 34.917104974407636
33.658859003910976 34.863426983047447
33.658569991672685 34.862075979453799
33.65814401032533 34.860737015170194
33.657584988580822 34.859432010456679
33.656896031835586 34.858172007372758
33.656277002096871 34.857229962940458
33.621175006843792 34.807622007972434
33.620291971627616 34.806480976838479
33.619276009175202 34.805379969532794
33.618151989116775 34.804350973794961
33.616928038000211 34.803400996821495
33.615613018594765 34.802537971533653
33.614216977627144 34.801764975846041
33.612746978093746 34.801091007479314
33.611711032815037 34.800691007824412
33.504070025050609 34.762008965863451
33.378777009616826 34.716758961573248
33.378264010207502 34.716579976423674
33.37771296962746 34.716403992945438
33.377128994396017 34.716231982438593
33.326478999744502 34.702063011953967
33.325885000569869 34.701903991863226
33.325256975282073 34.701754989093956
33.324603971270641 34.701617011399406
33.267692990595577 34.690531970144157
33.267485028842337 34.690492004306364
33.267255984519124 34.690450014417081
33.267009011546257 34.690408013124831
33.062244970722539 34.656347974874251
33.05658298194296 34.567065982044873
33.056427026661638 34.565694969204237
33.056132993852785 34.564333988811107
33.055704006781674 34.562996972387452
33.055142011200523 34.561693966470401
33.054451975264072 34.560432002149405
33.05363698386487 34.559224016250916
33.052704016667874 34.55807398737965
33.051658981424907 34.556993005885673
33.050508984878299 34.555985016904614
33.04926202777267 34.555058979583187
33.047926969963449 34.554220983385086
33.04767897304923 34.554081991582898
33.039381978124716 34.549457979135155
33.038350010548157 34.548919987703776
33.037984017126703 34.5487570124968
33.037991016655027 34.548747966316547
33.037427975415206 34.548509969322282
33.036870996835461 34.54826398940822
33.036681005536572 34.548196995490706
33.03649599800125 34.54811799611138
33.03591198532677 34.547918966502337
33.035331988790773 34.547712008555301
33.035135973637374 34.547655986953188
33.034943987479288 34.547592979152476
33.034342009452971 34.547434974073759
33.033743005092667 34.547266005787101
33.033542009599046 34.547225993811203
33.033344018563056 34.547174012176043
33.032727969928565 34.547056970782009
33.032114978588979 34.54693100882222
33.031910024484503 34.546903971224921
33.031708007521793 34.546864983200038
33.03108196907683 34.546790980512299
33.030457976731341 34.546706018899513
33.030251987501337 34.546691971812052
33.030046012816939 34.546669966228748
33.029415000771792 34.546638007655268
33.028784978942667 34.546596009244887
33.028576993952285 34.54659596534794
33.028370991923644 34.546586985785503
33.028366963893966 34.546597978593937
33.027109998741324 34.546600973589385
32.932685990301934 34.549964997664347
32.931009023439209 34.550082976239914
32.929352994608536 34.550311982252715
32.927726995746951 34.550653992733579
32.926140028839029 34.551103996600936
32.9246039800434 34.551662022389174
32.923129007622862 34.552321997197282
32.921724991562122 34.553080988901122
32.920402014507957 34.553930002148803
32.919168037166536 34.554869008064912
32.918032998913432 34.555886988120207
32.917003978008097 34.556980017906646
32.916088006332707 34.558137998634891
32.91529102640596 34.559354996374033
32.914619001308751 34.56062201155455
32.914407983810896 34.561089984319011
32.885707015404428 34.627689988788568
32.704685996374714 34.624020008401864
32.703009011117373 34.624042972616351
32.701336998769193 34.624178987495931
32.6996839867235 34.624426978678763
32.698061975159625 34.624785972861702
32.697304022273855 34.62499600262629
32.649905004811238 34.638973013881738
32.649831977932323 34.638996017231761
32.649785959537098 34.63900897313475
32.649767966916734 34.639013980655164
32.488082019149338 34.687593964143119
32.486542009292727 34.688114992990926
32.48508502122953 34.688725970045382
32.483728036594719 34.68941000337621
32.389315980620616 34.741321978036702
32.387923984374588 34.742158000584567
32.386652976811966 34.743064016563856
32.38547902426042 34.744052984754219
32.384407000079726 34.745119991610629
32.383445995190499 34.746254014078673
32.382602992896174 34.747450965222583
32.381882975533223 34.748701021263408
32.381881965106004 34.748700978591714
32.328008995265321 34.852993990906491
32.300039972930307 34.891610998372741
32.299220991897108 34.892857971252205
32.298549003049466 34.894124964183689
32.298006004215424 34.895434019006252
32.297687024096831 34.896437957762124
32.283621975616839 34.946958992109771
32.26229701483625 35.019911011975204
32.256147014054505 35.02785800928816
32.25528398034696 35.029086000818481
32.254565985178836 35.030337019687671
32.25397800552205 35.031632001628445
32.253522017828146 35.032963994715686
32.253200986783291 35.034320982810591
32.253018989239351 35.03569496680764
32.253008009966237 35.035844014496753
32.250613006696419 35.069638966739895
32.250585006669525 35.071024984350615
32.250696994751642 35.072404970269098
32.250947980489968 35.073772996207111
32.251050016433098 35.074178991539419
32.257365021203526 35.097830979302316
32.257461977279604 35.098177021655175
32.257572997036213 35.098536001207066
32.257700968641196 35.098910971902306
32.263991020098523 35.116685979984034
32.26451803109169 35.11797799562008
32.265184024804647 35.11924899332822
32.265975022347469 35.120468963046115
32.266886990211503 35.121633016021505
32.26791400638831 35.122732967497249
32.269047982721339 35.123758990431931
32.270280972565459 35.124703983162149
32.271606035439937 35.125562009823483
32.273012992817421 35.126327991444427
32.274492996480525 35.126996990096252
32.276034992825188 35.127562965570434
32.277628966660025 35.128022974008594
32.27926399779755 35.128373001801599
32.280927965230774 35.128612975925449
32.282612017851093 35.128737961117125
32.284301974468988 35.128749983612479
32.285987971450751 35.128650004033531
32.287657017824678 35.128431992469849
32.289300033942219 35.128106010396088
32.290902974343474 35.127666994404819
32.292455992916153 35.127123021030904
32.29395001703093 35.1264759753467
32.295373010894153 35.12572900666045
32.296151033653722 35.125259984181433
32.400471985482881 35.059091969842001
32.439539029994613 35.07029798562791
32.507734001717402 35.154250988744408
32.50793900377014 35.154495002600079
32.508173004972818 35.154768972247759
32.508441019994414 35.15506499866499
32.536592977767292 35.185546021354419
32.537638001356434 35.186587013691032
32.538814024509335 35.187580977407841
32.540086033308491 35.188491984832282
32.541446973005918 35.189312968026123
32.542884982900091 35.190039996830151
32.544392997980808 35.190668005079999
32.545958025932137 35.19119199410104
32.547570982583302 35.191607989019126
32.54772399585751 35.191643004978431
32.639928002913798 35.211396991089188
32.64155897499456 35.211688008389629
32.643237015745207 35.21187099385731
32.644926988459467 35.211941977956251
32.645826028676979 35.211932992273695
32.670063969827609 35.211236994840746
32.67145798052821 35.211157978578065
32.672836978754106 35.211001022679888
32.674179980771136 35.210774980646526
32.744623024114887 35.196755964814777
32.745381973234437 35.196590988192384
32.746113001330336 35.196407017339595
32.746808000131956 35.196212979995188
32.841414973343689 35.167865988968401
32.904514025601898 35.233669008502581
32.901788018196896 35.403392964466164
32.901835990839047 35.404774999827289
32.902023977129048 35.406149992306204
32.902349960296981 35.407507974018067
32.902812970142726 35.408836000607586
32.90340900762201 35.410129960837381
32.904134005363396 35.411381992023074
32.904982971650995 35.412576987543261
32.905950994366343 35.413714007913335
32.907029975750454 35.414779025573161
32.908214024916084 35.415768993832508
32.909495020853925 35.416676014406789
32.91086197164045 35.417495975028672
32.912308016070014 35.418218007372637
32.91382198137466 35.418840990421437
32.915395013117106 35.419360978879425
32.917014990614355 35.419771969009837
32.918669987348387 35.420072972741877
32.920351012909784 35.420260963322292
32.922045009357603 35.420337005930229
32.923740976425748 35.42029699552652
32.925426977143495 35.420143010276163
32.926784970549846 35.419933976717026
33.118319986621373 35.384884004843293
33.294433001215509 35.367134987439051
33.603959977569374 35.376923987423147
33.74570399529852 35.424030963292019
33.746272996374167 35.424211992545978
33.746879976780662 35.424389001504466
33.747518033875082 35.424554007233304
34.043123029601823 35.496693002785491
34.162461001603198 35.574221972194458
34.163794017202726 35.57501795790423
34.16524199251274 35.57574299461578
34.16675797594651 35.576366023837501
34.166991019164918 35.57645197530136
34.430935011673341 35.670580984701772
34.431068021325821 35.670627008149232
34.431232989926094 35.670683969570256
34.431428978127059 35.670748990402473
34.598058980748775 35.725603978837704

