# RBD_F1v3.0 river basin DE de Eider (Eider)
# data from <a href="http://www.eea.europa.eu/data-and-maps/data/wise-Basin-basin-districts-rbds">EEA</a>
8.635004025836425 54.911541000981863
8.651457976093122 54.909656973861424
8.65810699376679 54.908896979548373
8.666666970546293 54.91072099620321
8.669754978841423 54.911239997667828
8.672166953524728 54.911529996437338
8.674701006808455 54.911564025078491
8.676797028936805 54.911499011769969
8.678291957392622 54.911330999186731
8.679845002761134 54.911098021221925
8.682126981100724 54.910560990652655
8.691255015304353 54.907015023924686
8.7041719587996 54.901998000621006
8.711165002813564 54.899280999499474
8.715991013093751 54.897407006490397
8.716576037390485 54.897180018231722
8.723296016966968 54.894568989203968
8.725190037618024 54.894053995190347
8.727182993589068 54.893799000373804
8.729005043029593 54.893696001918251
8.73681304143579 54.894027994081561
8.738454958511655 54.894272013538767
8.746665045802516 54.896179010554945
8.748527009884553 54.896458021822781
8.751904989142966 54.896670990737043
8.75479002568923 54.896759025279941
8.755642961172359 54.896626001610066
8.758618968905944 54.89524797951546
8.760413966112703 54.894835995522136
8.774541963456644 54.892979017384356
8.775295992013936 54.893158006234671
8.775551989684491 54.893608019953014
8.775560011498897 54.894927980258018
8.776212014337329 54.895477014816777
8.787762007762195 54.898788006342564
8.789822011824207 54.899634972045185
8.793750984523383 54.901522507534594
8.798407000627195 54.903758980640873
8.800027982694175 54.904342993770797
8.808769012098111 54.905288984037092
8.810370958166009 54.905167004780928
8.812228961998608 54.904770010828635
8.814039011245573 54.904327022003038
8.816185980746628 54.904193982823806
8.818133970937993 54.904381005625318
8.820333025473074 54.904876982678992
8.821836040298848 54.905376987184766
8.82409099480321 54.906127979214858
8.826414989047981 54.906371991621384
8.829274024846233 54.906479007981901
8.833936970510518 54.906653993869782
8.836684023585969 54.905662976645147
8.837922964142059 54.905033017744891
8.838984003156193 54.904167001488965
8.841968951837593 54.90106597794793
8.843825954267444 54.899726975711623
8.845321961393854 54.898888020975583
8.847095011897387 54.898121000218694
8.849037992754509 54.897345975245344
8.849659962679056 54.897225998267025
8.850512036657799 54.897060022910765
8.856746964763458 54.896766989914312
8.858364979155761 54.896770016548416
8.859728956702815 54.896911988485911
8.861020985167674 54.897284975010542
8.863210268674163 54.898486340625951
8.865074004570371 54.899508990342731
8.867320032657558 54.899779996268606
8.870682036796408 54.89975001887769
8.871986011988698 54.899821973030136
8.873250977036037 54.900108023842769
8.876710038080065 54.901153998553688
8.879382983017093 54.901843988562717
8.88283699784647 54.902542024421308
8.888828000560109 54.903766988372581
8.890307035722188 54.903957021552912
8.891515980837671 54.904086992729887
8.892509048583204 54.904139997345489
8.893867994374496 54.904217008690843
8.905519985602259 54.903634001259967
8.913774045537162 54.903220978554337
8.930723161527693 54.902714581936628
8.939049046125998 54.90246499582053
8.94617995945608 54.902252005237536
8.947960014497653 54.902114974027604
8.950054994080149 54.901816978913367
8.965674970752008 54.897986982516223
8.973004024612155 54.896636999228598
8.976250960386091 54.896038020097116
8.97750396325123 54.895630023326625
8.979088041367932 54.894748991666034
8.982479036407094 54.892451974406953
8.983715020457913 54.891899000255322
8.985179980926183 54.891529013289571
9.012281953662209 54.886795004921041
9.013426040045976 54.886444008837223
9.027862018261244 54.880706988451578
9.028120951804 54.880531022657209
9.028261973363074 54.880374975123516
9.02829503785807 54.880203013108726
9.028246010208342 54.880051023402011
9.027582026880413 54.879242023954696
9.027369044007481 54.878898979661109
9.027447001769676 54.878600997309974
9.027700998002075 54.878409974044494
9.034862994373373 54.876122021491462
9.046149991451692 54.872733970973215
9.046852965632354 54.872543001507239
9.047463038560062 54.872512979120543
9.0485120166702 54.872551003620018
9.051213044591496 54.872893993587063
9.054228011938553 54.873283003962776
9.05579698948886 54.873336981207345
9.057735033012104 54.873150016413277
9.059442973219817 54.872681000459401
9.063476014000395 54.871299980661419
9.064807971187102 54.871173980406319
9.066499973470625 54.871159009114116
9.072685964813964 54.871311971740894
9.079473007662521 54.8714789911552
9.08083501315058 54.871372014047353
9.089144983571641 54.870311985925987
9.090536046838571 54.870223974340952
9.091801001947047 54.870341973311945
9.110018013917051 54.874237023764529
9.11116098834812 54.874392974611339
9.112138957531075 54.874416013389776
9.113228963845074 54.87431301895316
9.115656981021385 54.873959012592216
9.119612027192161 54.873359989003582
9.122745006391863 54.873218989582618
9.125666980119691 54.873367002642638
9.135427987444499 54.874171996606762
9.143009984127575 54.873478001436894
9.149293987302361 54.872344977594139
9.183514963377874 54.863299996032467
9.184231010897781 54.863094002716025
9.184525005739454 54.862929973098375
9.184648034937398 54.862804013441625
9.18557496534638 54.860912022755564
9.185953003793824 54.860534991461307
9.186501033906332 54.86030999253618
9.190126979929131 54.859557999505888
9.194739042115126 54.858500972397714
9.196014963280897 54.858340977780607
9.204813957424753 54.858894012376986
9.239680037601142 54.849990974244363
9.244380965186181 54.84378101425785
9.234612022834201 54.836009983760853
9.235840987366013 54.830769012607405
9.238096959270871 54.827460996396809
9.250136023986391 54.809813989700181
9.270475985213549 54.812214018854775
9.274037454287747 54.81149448148679
9.277528598306375 54.810789003935483
9.283539969505801 54.809573990452584
9.285930976054386 54.804519970974169
9.294324002306151 54.801857007927907
9.295331014613563 54.803238014449548
9.292529002228479 54.805938994741204
9.293817952103934 54.808712006720704
9.331264004258539 54.805175986310942
9.341393029086442 54.801467995271707
9.351604956201959 54.811249004658045
9.352944972524268 54.812274986878258
9.354387002194406 54.813137007959078
9.356631994349657 54.814060006588086
9.366157035841786 54.817453981496712
9.366192009226545 54.817466976516819
9.366222028690583 54.817478025959616
9.366223007653314 54.817477974310314
9.366223202026305 54.817477975296363
9.368670820365798 54.817188971979164
9.371329048426624 54.816875007815391
9.372767797730361 54.816541150759832
9.37390599710322 54.816276970327721
9.375698952009465 54.815368994625558
9.380475960349834 54.812443016800231
9.38500797989245 54.809029004671935
9.395018037004832 54.796039984330228
9.395017455134688 54.796039812563926
9.393520990217944 54.795559005096671
9.392786798399017 54.795205880625737
9.391100977622587 54.794395005469163
9.387911983884111 54.79281597698688
9.387238016695443 54.792203557610193
9.386870986760211 54.791869984538572
9.386578285744697 54.791320412330485
9.38636498473657 54.790920006724683
9.386397370954965 54.789398905988122
9.386443983719207 54.787209024368174
9.386444088389759 54.787208572858511
9.386734034792999 54.785530022678223
9.386954956873515 54.784709978702892
9.386064963679248 54.783565973725395
9.38534089254293 54.782973567399537
9.384986966190473 54.782683980299637
9.383642038675708 54.782047003919899
9.375928954662305 54.778801010768348
9.375928857654165 54.778800953667975
9.362807990459054 54.77331897804325
9.362537262237772 54.773267796553249
9.362003979286733 54.773166996807205
9.358488961314803 54.773242989753221
9.358323048669636 54.773261051861247
9.357229025055069 54.773379978511223
9.355846978236622 54.772654991951889
9.344287011876801 54.765925972630292
9.342585679028138 54.764859934423626
9.3405320250353 54.763572992782713
9.339945618834211 54.763171098934741
9.339251036707953 54.762695003288293
9.338407814175389 54.761545761283116
9.338338978854768 54.761452007630062
9.338338980684366 54.761451894408701
9.338327381964977 54.76140880869243
9.338264974626833 54.761176982217265
9.338745973368779 54.750991977007189
9.338746073900603 54.750991808592175
9.338757112515768 54.750966628270547
9.339132007948423 54.750106999719279
9.339216609349345 54.750008469594505
9.339538013255119 54.74963402003953
9.339945016790372 54.749267982938072
9.341839671299269 54.749149372522197
9.342085044900799 54.749134010175375
9.343001870002247 54.749102988162711
9.345013040701028 54.749035024508473
9.345628679235491 54.749032440064482
9.34693302103298 54.749027022701306
9.348636992979561 54.749297972581473
9.354349167755037 54.750344437530515
9.36159297723712 54.751670973730462
9.362263723738867 54.752147444379887
9.362859999130379 54.752571020786235
9.363067032376954 54.753070977794543
9.362919968737344 54.754729988840751
9.363761016908441 54.755081014538057
9.367393080099045 54.755801646083462
9.372838982277404 54.756881988649184
9.373283198823856 54.756836227072242
9.373770995221468 54.756785997060959
9.374308259557017 54.75654387347587
9.375292982311175 54.756099990371894
9.375885789114504 54.75552817258739
9.376056883983871 54.755363142829061
9.376056984386754 54.755362973485298
9.376237880821479 54.755053957829944
9.376721960974109 54.754227005394704
9.376722157461156 54.754226949760991
9.380915596614258 54.753432064158986
9.389400984829022 54.751822987600796
9.398936026765309 54.753288009263329
9.404098638476547 54.753086022299847
9.404099028165234 54.753086024161099
9.413827952353545 54.746478986350354
9.413913656875792 54.74641976532029
9.41556496333911 54.745276989308401
9.416046849351694 54.744608310483947
9.416237989702143 54.744342986948581
9.416166225303995 54.744026804009138
9.415833034148356 54.742557970780737
9.416113814522001 54.741976317097254
9.416590032804169 54.740990011501196
9.418033971126727 54.740405884206169
9.418920953669755 54.740046970100586
9.422204035971989 54.73894501270037
9.424833970184931 54.738433993919905
9.425617422027505 54.738364542289425
9.428239000604998 54.738131995845819
9.439979010272443 54.737460970742596
9.439876983358619 54.738475975636725
9.439368690760523 54.739540423009089
9.439142999263082 54.740013008848557
9.438302747105642 54.741109440893986
9.437686976323073 54.741912995411361
9.437370125266217 54.742729075766043
9.437068026431978 54.743506997041671
9.437068021777407 54.74350733581138
9.437070045395757 54.743558781824646
9.437098958121453 54.744307989416747
9.437950473656327 54.74620837871813
9.43954497161182 54.749766994532045
9.440499418142767 54.750254195708536
9.440644045862719 54.750328018555891
9.442249036341272 54.750874018181158
9.442760644923595 54.750969014397228
9.442862908859283 54.750987990483658
9.442863005112487 54.750987990913494
9.443473971138896 54.750950009028664
9.451650019490776 54.746215994271829
9.460562996484082 54.740757020338229
9.461671987815251 54.739608979648352
9.467258011938169 54.734672987072187
9.468544993331967 54.734314019477218
9.470955014408508 54.733970986016303
9.477508041436417 54.733432981511875
9.47802132107312 54.733470136702657
9.478765962956713 54.733524010215262
9.479331643712372 54.733634779439967
9.480640037403882 54.733890980360243
9.484755980320584 54.734229996002639
9.486732008702207 54.734459021032549
9.486836563456009 54.734472437598718
9.48969304037727 54.734839977510489
9.490831511052725 54.735015257136837
9.491803958202038 54.735165006918315
9.49213752941087 54.735322820564562
9.492214016780059 54.735358984315795
9.492763044385763 54.735733017227773
9.493730965791276 54.737064018357088
9.495046993829524 54.739067014237321
9.502040943270199 54.745513888128791
9.50204103968713 54.745514001742812
9.502563002288584 54.745540983868636
9.504428630713749 54.745402908162063
9.504630020775171 54.745388012349189
9.508389025106805 54.744372971053188
9.516337981595214 54.749293991448056
9.516338271670447 54.74929427474661
9.516338369472708 54.749294275125798
9.519783989745477 54.752185984506617
9.519902918356202 54.752425894659538
9.52029802411214 54.753223011049684
9.520297924321897 54.753223179610906
9.519188424107638 54.75507208378707
9.517894027047856 54.757228994260331
9.516246952933844 54.758182970284984
9.516501148385528 54.760435127358839
9.51657198723113 54.761062969748146
9.519158879870158 54.767135110145368
9.520218961063579 54.769622982749681
9.52090996184735 54.770484979926486
9.521819988142161 54.771122022838362
9.524776964371224 54.772216979606739
9.525571987794924 54.772259018701504
9.544280047305122 54.77299897970483
9.546468012511045 54.772831015530066
9.548380101926748 54.772375361758947
9.556618037866837 54.770411984254956
9.557424834411087 54.769951244887487
9.558574017130811 54.769295001008452
9.559839046156798 54.767754012547627
9.55983904859157 54.767753786098638
9.559979832529994 54.767411845426885
9.560114000522828 54.767085972360668
9.560136948792559 54.767075382779026
9.560517956701919 54.766898984631723
9.561573753127474 54.766758552503482
9.563095969245875 54.766556001000204
9.566261979444185 54.766773579134295
9.571306039222844 54.767120007045264
9.576763856260357 54.767568982423121
9.5776639971289 54.767643003672092
9.580297756341489 54.768315588984557
9.589076996155013 54.770557005967554
9.593589295501516 54.770533725914603
9.594892995152371 54.770527010732593
9.595487973031783 54.767914002453786
9.596372001651385 54.766181985714645
9.596739100585532 54.765776143911246
9.596883037242018 54.765616993617805
9.598173995174134 54.765082970356104
9.599748408573355 54.764745819278332
9.600149024907731 54.764659984111731
9.601730655389733 54.76445020784621
9.602192011810997 54.764389007429948
9.604188000527424 54.764263009848719
9.610650028032202 54.764098992624007
9.611178763525128 54.764091945913037
9.612889983485701 54.764068979433077
9.614895611892145 54.764043622831345
9.615341978213667 54.764037998204181
9.617112987056384 54.764038024834058
9.617725695434828 54.764045661688208
9.619272976496633 54.764065015335198
9.621157995402751 54.764102991523103
9.62247498597632 54.764144980594772
9.622622958412316 54.764171682734137
9.623679036414506 54.764361983363806
9.624930668025545 54.764616437894965
9.625764967788907 54.764786010876222
9.627100334494902 54.765041767633427
9.630521965099215 54.765697010518231
9.632328829648705 54.766036708899527
9.632777043523607 54.766121025766324
9.633776605550954 54.766236659209397
9.63504999680044 54.766384025745452
9.63598398802551 54.76637997868567
9.638850934605703 54.766092678275896
9.641003022830121 54.765876996276404
9.640309336062201 54.760277635557145
9.640046957613585 54.758159991195889
9.638453037932848 54.751578990669579
9.638619687329761 54.751397613030285
9.63878200025221 54.751221022231015
9.639661988516353 54.750641004075987
9.64012124095469 54.750439408825876
9.640810014865398 54.75013701340378
9.641719018577168 54.749991982337868
9.642840160012502 54.75004945572497
9.643592952034345 54.750088025768321
9.646257737321568 54.750730229741407
9.64859299789231 54.751293025023799
9.656978959661341 54.752694966916813
9.66217300998467 54.75356299540681
9.662625441340714 54.753623503431875
9.663653962792866 54.753760995531714
9.665508973229093 54.753418015125099
9.673876529446799 54.748546488998336
9.677747830133697 54.746292079525922
9.677748026171303 54.746292023418434
9.686356813261018 54.745159005225702
9.686357008848026 54.745159005717461
9.687660980663628 54.744533983167372
9.688241111412829 54.744235684702282
9.688292516013789 54.744209219929623
9.688293005133717 54.744208995595073
9.689251913990107 54.742626198539099
9.689252013488172 54.742625973230233
9.691437520792825 54.742175591649534
9.695598007919928 54.74131801406736
9.702356974899741 54.740130698168322
9.707129976008884 54.739291981912288
9.710644029010597 54.739231019509027
9.710996238633703 54.739219922939057
9.711722995371233 54.739196987650161
9.711871831256937 54.739179433516526
9.712181019075961 54.739142996155806
9.712263430576053 54.739016658125742
9.712305029064083 54.738953010577184
9.712483440985642 54.738653277358658
9.712714047983983 54.738265981093662
9.7132859659316 54.737262976210573
9.713240587885878 54.736808138517844
9.713235031912662 54.736752003539692
9.713234935717367 54.736751777762123
9.711723027760335 54.73217797838312
9.711245995281132 54.731426005804387
9.70548898223325 54.726642980151261
9.703888997483915 54.725487000664074
9.703888998710598 54.725486830825787
9.702614988373693 54.717140002498361
9.693755170923025 54.711520490957327
9.692175027004982 54.71051798138933
9.693210463147885 54.709469407760878
9.694615997603897 54.708045988690372
9.694751082741263 54.707910927439336
9.695081038078229 54.707580988768818
9.700418017099279 54.704029014086785
9.701072821920496 54.703687080546906
9.701638027701318 54.703392017337578
9.701933391613334 54.703277770439307
9.702534963189263 54.703045009479858
9.703344059123394 54.702946213218652
9.704787002053978 54.702769981752859
9.711855025054742 54.702620981046195
9.714218008700607 54.702785018972186
9.714906024381532 54.703000071208798
9.715599979705262 54.703216996946281
9.717334983919185 54.703788992491098
9.718039958288381 54.70423499013777
9.7184080433963 54.704734423926219
9.718902988311086 54.705406009198143
9.719527781731207 54.707311093276935
9.720203033337071 54.709369973866103
9.735084992456375 54.70802700153331
9.735838012246408 54.707802023955203
9.737000006925774 54.70684397672273
9.738349368628995 54.704105889744575
9.739192022499056 54.702396002906653
9.739218981737009 54.701541982530827
9.738747040069269 54.701084004025525
9.738018000275158 54.700245335128663
9.737629990636732 54.699798990786086
9.737392508092487 54.699291306744072
9.736948121343158 54.69834127011211
9.736948025469772 54.698340987740565
9.737674000741 54.697577987836681
9.740030811154513 54.695549111855875
9.74322502956513 54.692799001534318
9.743224835289725 54.692798831293402
9.742547791350583 54.692111497592322
9.742372026133536 54.691933002096988
9.742371735393762 54.691932888268823
9.738591978625358 54.68994404837791
9.733150007194382 54.687080022215341
9.723693031960094 54.685454974162475
9.721007032448158 54.685329009824308
9.721095007444839 54.686126992525338
9.720922957620605 54.687511015623485
9.720737379597928 54.68773209365942
9.720682000874241 54.687797971958695
9.719101023660096 54.688861970887352
9.716414140189277 54.689580835824501
9.714738985490998 54.690028978026426
9.70442198490286 54.688479991222522
9.701949079433657 54.687866021437593
9.701948981776628 54.687866021203988
9.701931035685579 54.686783010056722
9.702041984627398 54.68606916386301
9.702041985853537 54.68606899492373
9.70243207260874 54.685687407891571
9.703422019853397 54.684718987836185
9.703978987999903 54.684203981100431
9.703980660695807 54.683526347213849
9.703981977289127 54.683006011146595
9.70367899546229 54.682563996845971
9.702105978357366 54.681263010366607
9.695694979452766 54.680588000772516
9.694347899339283 54.680622306071605
9.692865046441705 54.680659987859734
9.691589022467518 54.680866020927446
9.689162974240503 54.681479984220218
9.686843958172116 54.682121269501536
9.685684032493041 54.682441979888644
9.677700956332403 54.683410996779934
9.676293002217085 54.683135997049106
9.675872890911036 54.682987768487479
9.675179025003873 54.682743012228329
9.674227973591963 54.681762971440179
9.674227682903517 54.681762688510233
9.673881952231245 54.681423303314212
9.673202004944411 54.680756021355656
9.673201907754986 54.680755964487012
9.672740225302777 54.680501018964961
9.6722820404968 54.68024800129605
9.665650017640932 54.676994004595834
9.662408636900647 54.676326706445984
9.658020024081289 54.675422997355952
9.657314054287083 54.675349860460678
9.656465959960631 54.675261986426257
9.654599034709925 54.675429987891832
9.650476000407899 54.676104991350108
9.646087039362635 54.67711600292639
9.645719612443177 54.677313869572096
9.6452569978927 54.677563011388322
9.645155012083777 54.678885987722573
9.644782014011552 54.680187018956133
9.643731977043755 54.680705998549058
9.643626787441891 54.680719700154057
9.642233967920445 54.68090101115947
9.635474304117865 54.680905806563118
9.632241026875445 54.680907990372909
9.628614711450371 54.680750491202652
9.623472954248644 54.680526999744629
9.620220045599888 54.6802750220969
9.619105010324006 54.679809994651386
9.61801097318871 54.679099983275606
9.617805375338307 54.678884745671773
9.617712027381522 54.678787007905655
9.617686888414514 54.678705062614682
9.617607975110879 54.678447981272505
9.617608074853798 54.67844775512323
9.618153038706051 54.677048016309847
9.618551972483155 54.676658982187085
9.619076828886532 54.676150749123387
9.619632032618684 54.675613019993733
9.620108721941794 54.675193560659864
9.62111399917378 54.674309004691146
9.621272090656454 54.674005613852032
9.621472005566703 54.673622006812359
9.621165970961625 54.672938975855743
9.620836978252289 54.672370997140895
9.616861918686739 54.669032679056279
9.613460991772113 54.666175988468083
9.611718023843549 54.664871010976434
9.605536018571829 54.661078993522409
9.60441529979018 54.660426027967937
9.603376981862173 54.65982102314927
9.601479990713996 54.659676017160578
9.598011549747101 54.659531282111487
9.597812984056104 54.659523018722282
9.591284044997394 54.658855002671196
9.586349784933443 54.658235820993177
9.585147978051493 54.658085024655819
9.58489316573168 54.658019245560631
9.583741030259464 54.657721972921863
9.581632998509361 54.656536007217689
9.581178966871652 54.655708008193585
9.580613044479046 54.654459902181664
9.579908019508554 54.652905024097507
9.580094708691341 54.652395926355403
9.580311021344579 54.651806019741521
9.578962942430756 54.649710896527601
9.570580041161437 54.63667698087
9.559035059411077 54.626705051669987
9.559034962506974 54.62670499471264
9.558808155556738 54.626597931804554
9.55661096480304 54.625561011910122
9.55240998036529 54.623913013150215
9.550150047611915 54.623270357345596
9.549055006455367 54.622959021042732
9.543756021366415 54.62179902612322
9.540181270065119 54.621002020597139
9.540180977573243 54.621002019516183
9.541801971865388 54.617287006995092
9.542231092208858 54.616915437683772
9.543212022449071 54.616065976704284
9.544927011084518 54.615676980452733
9.552063037865249 54.614585972488413
9.556279017547535 54.613762018371588
9.556279213728796 54.613761905843532
9.556332818895275 54.613731495869651
9.558083997547698 54.612740011499298
9.55808390128561 54.612739897929572
9.556339958067056 54.611004016387568
9.552494002964874 54.610179972841358
9.548707291990171 54.606076558502409
9.542572011232112 54.599425993370453
9.542383722103063 54.599280818353826
9.542265969826557 54.599189990550087
9.541901523456923 54.598910410072662
9.541578999448495 54.598662996881281
9.541189743034382 54.598517473577076
9.540937047887747 54.598422985189835
9.538875001813706 54.598430996188924
9.537255027708758 54.598552975822955
9.517499942755903 54.600342631430522
9.507813037654158 54.601218999597265
9.492260007289866 54.602992983014744
9.488878013064861 54.603648983113324
9.488336004775563 54.603652061892419
9.487453004229806 54.60365700819186
9.484823006541315 54.603496972786672
9.481449621711164 54.602785208060858
9.479577197159042 54.602390008440025
9.479577002253567 54.60239000762445
9.479720027760704 54.602032022324565
9.482037030496613 54.598431011133684
9.483160723599536 54.597606894876058
9.483432027524595 54.597407980826524
9.485775970566054 54.596256009969956
9.488438630400671 54.595189321521403
9.489050974577625 54.594943975102197
9.492227955592666 54.593604974437476
9.493350987192382 54.593060020716742
9.493611183594425 54.592762175985847
9.493738027974352 54.592617023436745
9.495467983614308 54.585381022014971
9.49485399076006 54.577281978294401
9.494853991454061 54.577281921683145
9.493673021508318 54.568958000979151
9.493674993061919 54.567074021712919
9.49377161478294 54.566062129106271
9.493783979470994 54.565932996991876
9.494090973999006 54.56494900449897
9.494243780644521 54.564635422108417
9.496222015646708 54.560573984995195
9.496954594975495 54.559118117370716
9.497013004719172 54.55900198865163
9.498118979958052 54.557159005305493
9.498435975165423 54.556998976711412
9.499024007458132 54.556953018581225
9.499072411320704 54.556996463231378
9.499479040131645 54.557361991502169
9.501230960882795 54.558166996920889
9.501841875653676 54.557867495564516
9.502523980051624 54.557532987791824
9.50347289700132 54.557212415737744
9.503550787251719 54.557186077956267
9.503550981080293 54.557186022116717
9.503674819472693 54.55715760866368
9.50443195297739 54.556984021117927
9.503972551703088 54.556143462748075
9.503451995716359 54.555190979563505
9.503179677419133 54.554756046402247
9.502802019714817 54.55415300234597
9.503267974678067 54.552196975253757
9.50326817206324 54.552196750485685
9.503822975409767 54.551453007435043
9.504467013039289 54.549938024532224
9.504715622072894 54.54968646733353
9.505145028939971 54.549252019213576
9.50570037665053 54.548594372926708
9.506111953745643 54.548107002849747
9.506890982643116 54.547572986654572
9.508013043969738 54.547011980842534
9.510335880537754 54.546462987317021
9.510335977858583 54.54646298770065
9.510383018648822 54.546449566000931
9.512316026895501 54.545897983163343
9.513837128592927 54.545439611633562
9.514858027324722 54.545131996331541
9.515450597155461 54.54480757149107
9.516880013641975 54.544025003552804
9.518660963142517 54.543303969772687
9.519534347720398 54.543021433887205
9.519955985289696 54.542885017855674
9.520946991495842 54.542250385805481
9.521123874426936 54.542137074494136
9.521123970850152 54.542137018252006
9.521115780855418 54.542031630983629
9.521093987494416 54.541752010198834
9.520114756239995 54.541333752790031
9.519145974259462 54.540919988868559
9.518930213083319 54.540813741104721
9.518627990952314 54.540664982390091
9.518628188858814 54.540664700986348
9.518696766978332 54.540551254641002
9.519156027732974 54.539790983816751
9.519657045032162 54.539043519324551
9.519950951957115 54.538604996881894
9.52547604428019 54.531422019642385
9.526129042710929 54.530762003885741
9.526556269778908 54.530539823717305
9.526980953530508 54.530318987545762
9.527706942253527 54.527660253549151
9.527707042758662 54.527659971761089
9.514541977779368 54.518119973112903
9.513098502753721 54.517173290835636
9.504755030695691 54.51170002012158
9.5006183056806 54.509263994645863
9.495439972889377 54.506213993534438
9.48905096355387 54.502773000074995
9.488408112265944 54.502304042931343
9.488408015750419 54.502303985919589
9.488667990739303 54.501533973134137
9.489172959729347 54.500716976973173
9.489928044793382 54.500331970930723
9.490173591505203 54.500170034282014
9.491825015145107 54.499081018490372
9.4925980302234 54.498100014644038
9.492847606607603 54.497615755021286
9.493363021839009 54.496616022039916
9.491628963240336 54.492778693612834
9.490495024749196 54.49026899487275
9.490494831070507 54.490268937463604
9.482875017281451 54.488102014042887
9.482864335542851 54.488026086224963
9.482821001970688 54.487717009372616
9.482914956071548 54.487373328629381
9.482914960309616 54.487372989862266
9.483333772067727 54.486728937136192
9.48373300612363 54.486115008255993
9.485184986517446 54.484612016388049
9.486417395916094 54.483955799454144
9.487156996636164 54.483561996557093
9.487805770016692 54.483223541279088
9.488033047315746 54.483105008844255
9.495272968606695 54.480262972821613
9.495589996136134 54.480163988388618
9.496201868772538 54.480076024729527
9.496201965936935 54.480076025124127
9.497310974079126 54.480624973570379
9.502723993899089 54.483440008788541
9.503662622346258 54.484253977319241
9.503837961110824 54.484405992940161
9.504607950061249 54.48525597890162
9.506312019521779 54.486404009964296
9.507274739801209 54.486972837981213
9.507275029329453 54.486973008073704
9.508823701895377 54.487556232529599
9.512885965534867 54.489086012069855
9.520582008440885 54.489367969930832
9.521396495822684 54.489334188629236
9.522123997631711 54.489304020079196
9.523759019596126 54.488769978796896
9.524683621794445 54.488304506576043
9.524926955928711 54.488182016132924
9.525428687295136 54.486497911870416
9.525961020508984 54.484710995473321
9.529888251582488 54.48215726925001
9.530818971838521 54.481551979122941
9.53254252962831 54.481018440610697
9.535721995340404 54.480034022399273
9.536551585251084 54.479793723468966
9.538673982379954 54.479178988577566
9.539330009587893 54.478831992809305
9.539561942424196 54.478662794653118
9.539622025107505 54.478618978539785
9.544826976449842 54.474030000411027
9.544082010914941 54.473235971905702
9.542515996231721 54.469634977149724
9.541245003520965 54.466071978570703
9.540812041373966 54.464836151677176
9.540812043259272 54.464835981843414
9.541896363452745 54.464892443954454
9.544558963069987 54.465030980026953
9.57779203836907 54.456977986050404
9.577792039524413 54.456977872827551
9.57777963910655 54.456095583452942
9.577776023500418 54.455832973905167
9.577838970928346 54.455036083194948
9.577838972083484 54.455035969972073
9.578610046722972 54.454219976615242
9.584859996018711 54.447928980632653
9.585170243895099 54.447638740722233
9.586164005004649 54.446709001153209
9.586695357306747 54.446363544322317
9.587133042679808 54.44607897505368
9.588323988379893 54.44545701856255
9.593166201084223 54.444419740316974
9.596619007096447 54.443679991699021
9.600336985300956 54.443660980656027
9.606176978034425 54.444728982276814
9.610815930881797 54.447396579412867
9.618298005786253 54.451697989139106
9.620920866564949 54.453644761834845
9.621886045423878 54.454361024939551
9.621351018265672 54.456177011433965
9.621334970523151 54.456703000080758
9.621335065574032 54.456703056984281
9.622133953038041 54.457766999512828
9.623870932263401 54.458350770694146
9.624940044402459 54.458709989409734
9.62554902591698 54.458564976935385
9.629174977226269 54.457202991133684
9.629175074837184 54.457202935710995
9.629315051826351 54.457113469532914
9.63254498075219 54.455048008081349
9.631771270379909 54.454341148003415
9.6293929553072 54.452167973427002
9.627895954942604 54.45082753212008
9.625720035111989 54.448878984007735
9.625229047158461 54.447227004683931
9.625809047066955 54.443489014479908
9.627777967700204 54.442692024287226
9.631494958607663 54.442531998877271
9.632230082402062 54.443001501316687
9.632532955352309 54.443194984941044
9.634013035913059 54.44391600990005
9.636740976135499 54.444641019660537
9.638013432049766 54.444716163368483
9.638553035199878 54.444748000736908
9.649620002904742 54.445159975712151
9.65009494682257 54.445007915404986
9.651299962820763 54.44462201926504
9.652435810490983 54.443834261951089
9.652752023437326 54.443615011219855
9.654258000824433 54.442878974724124
9.655934633790695 54.442093765762323
9.656784005237331 54.441695988977372
9.657519214274613 54.441719815786264
9.659036965310296 54.441768998252982
9.656847019886074 54.438029995457931
9.656791012622831 54.437545979192045
9.657336165049221 54.434511300562392
9.657442000457026 54.433921982396122
9.657442097982536 54.433921926052619
9.663997972374576 54.427810985381015
9.664820073756852 54.427412516336773
9.665076970634962 54.427287982896971
9.666746001362304 54.427607980648837
9.669682953624097 54.427692008227538
9.672471810070347 54.427547307606979
9.673056029791828 54.42751700686506
9.673661805244457 54.42726905169183
9.675144994691861 54.426661996502247
9.680069982007312 54.424197974557586
9.68050358273503 54.423889806739894
9.682173026620365 54.422703024246267
9.682776355426384 54.421380644707256
9.682904003343932 54.421100987101489
9.68290429590515 54.421100593356712
9.683977959508075 54.419509984511627
9.684240175758838 54.419397282455499
9.685727041640103 54.418757985516763
9.686809612910778 54.418296176200549
9.68701395105265 54.418209009892749
9.687121542075328 54.418184213786127
9.691521012908984 54.417171008994558
9.692982983970387 54.416862022970555
9.695330335865421 54.416567677468983
9.695837998992301 54.416503996109178
9.704114955446913 54.415801976464095
9.705688967088411 54.41628998052682
9.706984444744784 54.41687537668146
9.708400039583379 54.417515017430681
9.708597963726188 54.417645001688832
9.709984900306859 54.418709021325284
9.71053099457003 54.419127986389341
9.711412629287992 54.419692155852324
9.712385999099965 54.420315024763575
9.714071962734195 54.421123477543695
9.71482801860477 54.42148599667906
9.71641528080213 54.422124077541021
9.720000018243184 54.423565007073073
9.721205960716231 54.423957975739533
9.721537584846988 54.424032514036092
9.722629962468307 54.424278022809624
9.723707005435113 54.424358004774867
9.723997027307806 54.424156017527729
9.724186968268578 54.423781999461312
9.724863581403758 54.422400975692725
9.726429030732138 54.41920498612938
9.726457152598417 54.419005293874051
9.726645978708945 54.417664003546228
9.726736920200707 54.416521404088627
9.726806020556804 54.41565298180489
9.726635454531854 54.414566095804318
9.726614010365155 54.41442902118596
9.725597961829164 54.41235001966426
9.725123989560675 54.411826999568774
9.725130991274565 54.41078601223591
9.725130991650051 54.410785955623943
9.729082422417811 54.408419346712343
9.729679007029633 54.408062018705849
9.731590035355826 54.406925013069994
9.7330672669415 54.406726869480913
9.733833954024099 54.406624012975335
9.734664970432821 54.40652027321206
9.737567007191778 54.40615799983884
9.746589428670749 54.403564176288896
9.74659001008864 54.403564007640171
9.745125390367759 54.402086053300486
9.74460997152126 54.401566014387498
9.73808298009857 54.398732397623291
9.729874961582563 54.395167974626048
9.723728967832885 54.395538002868726
9.723333022549904 54.395295866653818
9.72257600928921 54.394833011567158
9.72235804630993 54.394513751713895
9.722033981717566 54.394038989624214
9.721475149310049 54.393144147732549
9.721279022717585 54.392830016750054
9.720430958284423 54.390980012673829
9.720778334930285 54.389767083802283
9.720853986341243 54.389503023606984
9.721268958778138 54.387623006646066
9.721097154260708 54.387060790004817
9.721052123197389 54.386913272466956
9.721052028147611 54.386912990087509
9.717808295664877 54.3860452521089
9.714095974296688 54.3850520233539
9.703980003274777 54.381759970865261
9.697495987184084 54.378848990492457
9.688542343769626 54.369392376933249
9.688541960649633 54.369391980577909
9.691465025914018 54.366440025776583
9.695247918629697 54.363853101395378
9.695248016347872 54.363852989308988
9.69960396187059 54.356719973455824
9.698506026305854 54.347217975050818
9.695932954076799 54.327384991358869
9.695250991759261 54.32550800826872
9.69408700167874 54.323993994474662
9.693232622264862 54.323313516093599
9.692725977210827 54.322909983247214
9.686562955742925 54.324208612270247
9.686242992993026 54.324276003953017
9.678699984715326 54.328030000036058
9.677243375969098 54.328696383122576
9.674865977090247 54.329784005032316
9.672310960808124 54.330299004354224
9.669040512058835 54.329247655312741
9.667732012723651 54.328827023307326
9.663857013260564 54.327285986385924
9.663856916910387 54.327285929511213
9.661496122239674 54.323978180028881
9.661496028351696 54.323978010831951
9.6611257602333 54.320145700072239
9.660760001186917 54.316360375117739
9.660760004405759 54.316359980633969
9.668140021146231 54.308272971700312
9.662143038299066 54.302894981240989
9.66214275124949 54.302894585963941
9.66026498510262 54.299816002216645
9.659484474772251 54.298878713103406
9.657358961810745 54.296326001596135
9.657359251881868 54.296325832561905
9.658766169038362 54.295572827216908
9.660958278443621 54.294399362439322
9.66095895678929 54.294399025522146
9.657295066755157 54.294806777750011
9.656465988113588 54.294898988714458
9.656134956054428 54.294902980807734
9.652860036184251 54.294803997590016
9.650534037759488 54.294681981516845
9.649308262182222 54.294589642313902
9.648092038175555 54.294497994797233
9.64747898014036 54.29433573306671
9.646611044272404 54.294106003943298
9.645544746631733 54.293392573952453
9.645235972337542 54.293186005356866
9.644538528264516 54.292414795202028
9.643563029775381 54.291335976341216
9.637138458563465 54.283282896003456
9.630787035340951 54.275317997383304
9.629375762501406 54.273417008165353
9.626274010940541 54.269238001097527
9.624416987810832 54.266425982347663
9.62243902459249 54.263020004623122
9.617784981614722 54.254916987643789
9.616769173962354 54.253183122890299
9.615519006150496 54.25104901187656
9.614315731018849 54.248995263021925
9.612844030766016 54.246482998521465
9.606085692658082 54.235485961309507
9.603758003206043 54.231697007327256
9.602530714024157 54.230048219567507
9.601917960833408 54.229224980878634
9.601660096407768 54.228903570588265
9.60035998105478 54.227282981429767
9.598229953130701 54.225101010321282
9.595136025408367 54.222313022431841
9.590483028774106 54.218966993944029
9.589513556200799 54.218286142524256
9.589240039656611 54.218094002731398
9.588078288578448 54.21736642841109
9.586571966260138 54.216422973082359
9.583217017780497 54.214489003347701
9.579401016714067 54.212753014054606
9.578091970516326 54.211978996877136
9.577687092571109 54.211780397122695
9.575673970956844 54.210793009124842
9.573651992948529 54.210040993806629
9.570004015680325 54.209034018544351
9.568963964164029 54.208827980364852
9.568895204152634 54.208848630300679
9.567347980782058 54.209312000108888
9.565940258838513 54.209827953376582
9.565348011007616 54.210044989354095
9.563976062768903 54.210597067569665
9.562249038369435 54.211292013458142
9.560007626708988 54.212195923561737
9.559570956113552 54.21237198848695
9.556535004377773 54.213337022731601
9.555924226777734 54.213503584008322
9.553851023442872 54.214069002721104
9.547633045094212 54.214934984629707
9.546952046203819 54.214938978419475
9.545620006475676 54.214812973729195
9.540023996183143 54.210987005037666
9.535333951793396 54.207153017469679
9.533890955172623 54.204772979374127
9.531898020404485 54.200450986217717
9.530352000444713 54.198436996817179
9.529663957795707 54.19786802484397
9.52742003265729 54.197421994553928
9.527275845350612 54.197439566295202
9.525475999897198 54.197659002241728
9.523137807775496 54.197844714586971
9.522025976408321 54.197933005762359
9.517502956493601 54.198035993142376
9.516573031543318 54.198040199397326
9.514828018643875 54.19804797060997
9.514827733059848 54.198047630705737
9.513589964601268 54.196311971715268
9.512498999685256 54.194606974385529
9.511365990668606 54.19355797960818
9.511202513888033 54.193431651256013
9.510629975945811 54.192988992453621
9.508525022818478 54.191944013921045
9.507215187263794 54.191549325277734
9.502691031600277 54.190186001488044
9.499279006246969 54.191735349630399
9.49447602211775 54.193916006255371
9.492164619869008 54.194056694333923
9.491271992348652 54.194111000060225
9.459285998456387 54.189788994942944
9.457119984217824 54.18910997233985
9.452005972491451 54.18521897085256
9.451530349111671 54.182566776630757
9.451419003791894 54.181946008137714
9.451418907322465 54.181946007708483
9.447800000040296 54.182034021777291
9.445379816054293 54.182360792189492
9.444245037747049 54.182513997316804
9.441525431410129 54.183519859154359
9.440211318447941 54.184005839723916
9.44021102676132 54.184006007341786
9.441305725665872 54.186399812484865
9.442034039035736 54.187992019119726
9.442674014325499 54.19047499270436
9.442881980643943 54.192630969947089
9.442578541021952 54.19369777319325
9.442347999411735 54.194508010010281
9.441386024571599 54.196308019015703
9.440783120647568 54.196991336698062
9.43950404735477 54.198441024198097
9.429507017652638 54.199799021892936
9.426718017809828 54.199882975978099
9.424752024749456 54.199817983345234
9.412518988882441 54.192528005265117
9.410855188930906 54.189201315513685
9.410855000739049 54.189200975830644
9.409546002245435 54.188797006856731
9.40954590576059 54.188797006394736
9.407371042576576 54.188835015843566
9.40721434233796 54.188878246166567
9.4050899704723 54.189464972953729
9.400364989840178 54.191085995370393
9.393572020601583 54.192382990849417
9.393203719843967 54.192402521714008
9.392289034420486 54.192450977667626
9.386323857034002 54.191972687184339
9.385256011534457 54.191887025420158
9.381046362637496 54.192413863832392
9.371325034116675 54.193629975465932
9.365879793216889 54.194432296416835
9.362467007310959 54.194934988776808
9.360516008202731 54.195137010729525
9.360515913235419 54.19513701023709
9.359174020102289 54.194782020262238
9.358236763951687 54.194213836574804
9.357827980934465 54.193965990113206
9.353903978634307 54.191688978286521
9.353078472166199 54.191333519986316
9.35194401162285 54.190844991995412
9.345131148834016 54.188202932133763
9.339464973085343 54.186005003766951
9.335560082557297 54.184595252160157
9.334878039925846 54.184349018087836
9.333125158799229 54.183771946681112
9.324151022835695 54.180816974065053
9.319878760913507 54.180138419085111
9.317736012797981 54.179797976242781
9.316170913317446 54.179765026660945
9.315028996571289 54.179741015870242
9.312446808112654 54.180652097405165
9.302907993996964 54.184016977522361
9.302907990232262 54.184017203060066
9.30069701681804 54.191504994490671
9.300998986836847 54.192270966242013
9.301655033504426 54.193934981986459
9.30165464905361 54.193934979809441
9.294520012892079 54.193011995152851
9.272908220424425 54.191864007505387
9.272908027443426 54.19186400636756
9.258815979972496 54.191441005792107
9.257510660174637 54.191410568619574
9.25633001707244 54.19138301552173
9.255545992312374 54.191500072207035
9.254562022689262 54.191646969987723
9.253261174676236 54.192194850763677
9.252634060176883 54.192459018411043
9.251895984896031 54.189156000910067
9.251874013010456 54.188561553720781
9.251829043179882 54.187344025818277
9.25185238020029 54.186616207671221
9.251876004803108 54.185882972438193
9.252100727156373 54.185058979756846
9.252361998857058 54.184100999939588
9.252970610629975 54.182545898869904
9.253503965233433 54.181182985016662
9.254270040929928 54.179915993900451
9.254650010512499 54.178943991672199
9.254650011522662 54.178943935063579
9.254646004698744 54.178294998207569
9.25403297649583 54.177357021517544
9.248476953995826 54.171924984459487
9.242510020610217 54.16689697229787
9.23550502975564 54.160468980996178
9.231137969346848 54.154487984316219
9.230174784434199 54.152676777422137
9.229951005966967 54.152255981501689
9.229971906410247 54.150411283072025
9.230025958097082 54.145649021262173
9.230058031053453 54.144497120754778
9.230075031174527 54.143886988788793
9.230188910270554 54.143225687489767
9.230474002368167 54.14157099582637
9.230353016413257 54.141051978544944
9.229815973581838 54.140582417530375
9.225388973991185 54.136710971990311
9.231695960231837 54.132537980426889
9.240407975049495 54.128612998334091
9.24130599581154 54.128415893246803
9.241505992831055 54.128372012146762
9.242871906810677 54.128104432468817
9.247110042515997 54.127274005814236
9.249943017213317 54.127063977853915
9.25077009011085 54.12700916333047
9.252024979577575 54.126926001065428
9.25219190725433 54.126752944362508
9.253404021700165 54.125496012582779
9.25537606027569 54.122879895519937
9.255583790352809 54.122604320983683
9.255583987510702 54.122603983386178
9.2556256930202 54.122268741456374
9.255639025558915 54.122161996458402
9.25511214126991 54.120266447070136
9.253629006397903 54.114929025646482
9.253158031707498 54.113570981421248
9.252579231608477 54.112830871617149
9.251991998861236 54.112079981523351
9.250383009254909 54.104202001016482
9.249227970038255 54.094092981298147
9.249007013788251 54.088717344185753
9.248874006480364 54.085479990038365
9.248484959249527 54.083675024352125
9.246886835535298 54.082743914523725
9.245749011859097 54.082080974549235
9.240358337699208 54.079418170300265
9.240357957364136 54.079417999006381
9.244275962045611 54.076205977899619
9.251876028687676 54.068668015145875
9.252248949557867 54.068251903055327
9.253153953547267 54.067241998613625
9.253067336100932 54.066717904883852
9.252918002258516 54.065815025945028
9.252559508101932 54.065224350367558
9.252001000126768 54.064304020597099
9.250191029942556 54.064219995830861
9.247088925329255 54.064084170474196
9.243593966021548 54.063931001266951
9.226728998865752 54.056674977436181
9.220585009787582 54.054005019957884
9.220584823736925 54.05400467998804
9.216469013420406 54.043189988197838
9.216318000475292 54.042639088300717
9.215962038536377 54.041340006741954
9.21608760434926 54.039602746164633
9.2161169698721 54.039196013365547
9.21617503265036 54.038715838112246
9.216275983422978 54.037880001996577
9.216189498644706 54.037289256438498
9.216018996292988 54.036125000759377
9.215002840095927 54.032853616795727
9.214838982927807 54.032326008454142
9.214671003553276 54.031936986602084
9.212699671345845 54.030453716628415
9.210598973572676 54.028872977723992
9.210184532216491 54.028710471423821
9.20985203265079 54.02857999719437
9.208587612586427 54.028521441341198
9.20786503360903 54.028487990965807
9.207002638441065 54.02844680277272
9.205877044517088 54.028393010279018
9.203557014959756 54.027957978697835
9.20345201669832 54.027565284371583
9.202125047778404 54.022597974139536
9.20119166459911 54.018918335474936
9.200605046742684 54.016605006711679
9.193027991753967 54.006820999726308
9.192026264906509 54.006495405882127
9.19153597799156 54.006336006321234
9.18781103396552 54.006050017511711
9.184525517408247 54.005938026552329
9.183674003333293 54.005908995479629
9.180034981908273 54.006306023982134
9.169183983774024 54.003688994848169
9.169183985994884 54.003688882531357
9.166755964756444 53.995674019156375
9.165419009339404 53.994269990106467
9.163560023839484 53.993347005174165
9.163370827341302 53.993372028247535
9.162833967250815 53.993443012315772
9.161527863993291 53.993623477120025
9.160575990512696 53.99375502473292
9.153399015237834 53.994906995158807
9.152755002912146 53.995097969912457
9.152754808556203 53.995098081802496
9.150983028048786 53.995930012915501
9.150858621597955 53.996142015963407
9.150660992104237 53.996478970476453
9.150705021522928 53.997334000138395
9.151003461576234 53.99752182382646
9.151230960441893 53.997665003765285
9.151230760389922 53.997665396893225
9.151177801334887 53.997749950404618
9.150863004449389 53.998252998581769
9.150066793295112 53.999259068574808
9.149739999309793 53.999671972989198
9.146260978551062 54.001125007274133
9.13849496751968 54.002285007988753
9.132908956834484 54.003207992730921
9.131593043157181 54.003637917859706
9.129603012566653 54.004288000723989
9.115681994812007 54.009765996830254
9.111612924501236 54.011967079550743
9.110745994534755 54.012435997197613
9.104263045200248 54.016449015891112
9.10269032010884 54.017202270112705
9.099729952025198 54.01862001847887
9.099940928243502 54.017541264210585
9.100117987007497 54.016635997210322
9.100970527981262 54.013374576887095
9.101202035052717 54.012489017478629
9.102291041015482 54.00990698288102
9.10229114190504 54.009906758053702
9.103459016645864 54.007740008038354
9.109656169592579 53.998805783060604
9.112419960219766 53.994819995526775
9.112419767281958 53.994820107363878
9.106940044919593 53.997390988324767
9.105528974357091 53.997818022393361
9.10552887983914 53.997818021705044
9.09362804008739 53.998116024221474
9.087411967481581 53.996955988601684
9.077545211058094 53.99665795564637
9.056546956591342 53.996021004690959
9.045532018108942 53.995692996630567
9.042951884111574 53.995639436169839
9.040046021452349 53.995578984891807
9.004059966621089 53.996727017029897
8.99880498456 53.997002013915989
8.996183418542062 53.996788018847262
8.996183035912816 53.996788015720107
8.996283803133542 53.995958204371142
8.996385029711671 53.995125008707589
8.98779804469957 53.973324007744573
8.98779775674546 53.97332400537038
8.96171097442109 53.971679982286609
8.966133980282413 53.986823982595865
8.949353019018309 53.988754007072586
8.950882011883907 53.991748998238251
8.952553304349514 53.994450948544745
8.954981025139741 53.998374981435809
8.955997016050652 53.999083999378129
8.957107526598982 53.999301898408703
8.957108002482485 53.99930201568344
8.959048975901281 53.999549982206197
8.955206970364003 54.003471023463064
8.953986949564484 54.004392013381064
8.953726024417271 54.004588996476905
8.952945237522684 54.005038120948441
8.938913974944755 54.013106995177218
8.936604243213166 54.014435388953295
8.93483999486452 54.015450013162798
8.933464499562231 54.016185327817809
8.932293972928532 54.016811004586536
8.91288996615218 54.025977977888331
8.899130042395479 54.03231401431281
8.894952555221256 54.034235903006262
8.891624033992672 54.035767010922378
8.888449034477258 54.036361992297969
8.877148869794139 54.037881406911275
8.868787039162887 54.039005014217317
8.866994018703657 54.03920905283087
8.863583963057444 54.039596997008609
8.861084034007058 54.039631003947605
8.858112047688916 54.039588977462238
8.8554110239793 54.039387009712172
8.850684983180059 54.038666012205482
8.848680035721536 54.038049003108071
8.847311960227877 54.037627995834782
8.84427701881776 54.036429994178775
8.843131034020001 54.035872970565777
8.83869101173236 54.031452003853644
8.83799721668831 54.030721449600037
8.836826012704844 54.029488013664107
8.835426916147254 54.028720275934653
8.834773989215822 54.028361970304786
8.816771957358538 54.025317973322565
8.804363265727032 54.024887031414572
8.804362980566459 54.024886972021442
8.804401958991189 54.023895195244222
8.804401965412962 54.023894969730492
8.800623001237984 54.023399023990414
8.688169024726255 54.04015700773251
8.572119635843769 54.057322891954868
8.388671958831594 54.084205982334431
8.275544919526778 54.208198316944205
8.161347001040779 54.332508024656683
8.161346493639657 54.332508581597345
8.156013019763625 54.338844008738633
8.151733087956606 54.344422845376954
8.151070034992726 54.345287003637665
7.974256955818824 54.585959982181144
7.97224213606301 54.588834396768121
7.969117043469018 54.593292008150463
7.964505983728129 54.600765009807638
7.960394043036613 54.608295021950937
7.959344331688817 54.610365622667999
7.958423012924627 54.612182981105263
7.954088972522321 54.621516977428755
7.950561036612346 54.630962015836786
7.947811009973774 54.640490979048622
7.947108730658343 54.64390235835446
7.945837992998976 54.650074018573633
7.944698950222538 54.659714022763531
7.938549584565343 54.697018656221843
7.932419963093102 54.734131021635335
7.931980958948603 54.737633439824677
7.931252953353099 54.743438973119559
7.930835971764941 54.752742992688681
7.930973611442024 54.756282374117887
7.931198021161495 54.762051016565337
7.932280965556233 54.771328009470103
7.934222176489953 54.783637809042951
7.936141010163395 54.795798998145337
7.936405246586432 54.799707479650579
7.936419009151751 54.799910981539881
7.936418997770738 54.799911206988526
7.936002010778876 54.808745974975778
7.93595620420027 54.810968581324367
7.93589202776962 54.814078989046074
7.935958208386221 54.817286607988841
7.936002042805062 54.819412026352623
7.936314819144447 54.825902543769551
7.936725036263755 54.834411996228347
7.937168979202961 54.840633008454638
7.939668997056195 54.865192023126099
7.941363023170299 54.884468000971971
7.942363038840742 54.892386988552815
7.943401261670023 54.898980026291277
7.945250977611801 54.91072101221949
7.947111989828155 54.920024996324308
7.949722969703151 54.929275997387236
7.951926586372186 54.936070804220563
7.954056962433901 54.942637993327416
7.956695997700414 54.950001009774269
7.959834977853522 54.957306021801479
7.963390002961593 54.964443012730143
7.974057015167946 54.984474016095049
7.974956359853017 54.986121577370184
7.97538995524154 54.986915980352329
7.984723008021771 55.003613000410702
7.986231898374926 55.006153680366694
7.98841799284181 55.009833970628399
7.992473982190579 55.016029025446969
8.007028959789011 55.0371700012697
8.010972949450872 55.042613971319177
8.0151680396377 55.048003997060512
8.017795059022129 55.051241166593037
8.026418041072322 55.061862978146664
8.030810974639046 55.06878361516177
8.03908397379028 55.081810009826071
8.040373724960851 55.083751589421929
8.041612967968849 55.085617022327739
8.042807011338869 55.092421988956218
8.044250596308046 55.098366627144991
8.044445961172528 55.099171006288401
8.386772960370887 55.067584994583221
8.387276499803482 55.067647371427775
8.396998955201651 55.06885101613873
8.437414391677475 55.061295855655523
8.473140968227508 55.054604013515785
8.477973402013751 55.047621184127657
8.478215015528818 55.047272007329269
8.473547762275734 55.028284827526512
8.472684965267863 55.024772975188235
8.502158047047994 55.000293986540449
8.518555985122248 54.992596009033235
8.553544935636184 54.992499406775522
8.558485021070718 54.992484978522548
8.558457028934615 54.991431977633027
8.558021972140057 54.975040019917145
8.557614528047225 54.969711296593424
8.557473026125834 54.967860975826703
8.557312009781247 54.953327154548511
8.557312015772791 54.953326985643734
8.555046016306685 54.920647005487965
8.555046114504727 54.920647006621373
8.635004025836425 54.911541000981863

