# Elbe catchment
11.867 50.033 5149100
11.867 50.050 5149100
11.850 50.050 5149100
11.850 50.058 5149100
11.842 50.058 5149100
11.842 50.067 5149100
11.825 50.067 5149100
11.825 50.075 5149100
11.817 50.075 5149100
11.817 50.108 5149100
11.808 50.108 5149100
11.808 50.125 5149100
11.792 50.125 5149100
11.792 50.133 5149100
11.775 50.133 5149100
11.775 50.142 5149100
11.758 50.142 5149100
11.758 50.150 5149100
11.750 50.150 5149100
11.750 50.167 5149100
11.733 50.167 5149100
11.733 50.175 5149100
11.717 50.175 5149100
11.717 50.183 5149100
11.700 50.183 5149100
11.700 50.192 5149100
11.692 50.192 5149100
11.692 50.200 5149100
11.683 50.200 5149100
11.683 50.208 5149100
11.675 50.208 5149100
11.675 50.217 5149100
11.667 50.217 5149100
11.667 50.225 5149100
11.650 50.225 5149100
11.650 50.242 5149100
11.658 50.242 5149100
11.658 50.258 5149100
11.667 50.258 5149100
11.667 50.275 5149100
11.650 50.275 5149100
11.650 50.283 5149100
11.642 50.283 5149100
11.642 50.292 5149100
11.625 50.292 5149100
11.625 50.325 5149100
11.617 50.325 5149100
11.617 50.342 5149100
11.608 50.342 5149100
11.608 50.358 5149100
11.600 50.358 5149100
11.600 50.367 5149100
11.608 50.367 5149100
11.608 50.375 5149100
11.600 50.375 5149100
11.600 50.383 5149100
11.583 50.383 5149100
11.583 50.400 5149100
11.575 50.400 5149100
11.575 50.417 5149100
11.550 50.417 5149100
11.550 50.425 5149100
11.542 50.425 5149100
11.542 50.417 5149100
11.517 50.417 5149100
11.517 50.425 5149100
11.475 50.425 5149100
11.475 50.433 5149100
11.467 50.433 5149100
11.467 50.450 5149100
11.450 50.450 5149100
11.450 50.442 5149100
11.417 50.442 5149100
11.417 50.450 5149100
11.400 50.450 5149100
11.400 50.442 5149100
11.383 50.442 5149100
11.383 50.450 5149100
11.375 50.450 5149100
11.375 50.442 5149100
11.367 50.442 5149100
11.367 50.450 5149100
11.350 50.450 5149100
11.350 50.458 5149100
11.317 50.458 5149100
11.317 50.467 5149100
11.300 50.467 5149100
11.300 50.475 5149100
11.292 50.475 5149100
11.292 50.483 5149100
11.258 50.483 5149100
11.258 50.492 5149100
11.225 50.492 5149100
11.225 50.500 5149100
11.208 50.500 5149100
11.208 50.492 5149100
11.158 50.492 5149100
11.158 50.500 5149100
11.133 50.500 5149100
11.133 50.508 5149100
11.125 50.508 5149100
11.125 50.500 5149100
11.108 50.500 5149100
11.108 50.492 5149100
11.100 50.492 5149100
11.100 50.475 5149100
11.050 50.475 5149100
11.050 50.467 5149100
11.042 50.467 5149100
11.033 50.467 5149100
11.033 50.475 5149100
11.000 50.475 5149100
11.000 50.483 5149100
10.983 50.483 5149100
10.983 50.500 5149100
10.975 50.500 5149100
10.975 50.508 5149100
10.967 50.508 5149100
10.967 50.517 5149100
10.950 50.517 5149100
10.950 50.525 5149100
10.942 50.525 5149100
10.942 50.558 5149100
10.933 50.558 5149100
10.933 50.575 5149100
10.942 50.575 5149100
10.942 50.583 5149100
10.925 50.583 5149100
10.925 50.592 5149100
10.908 50.592 5149100
10.908 50.608 5149100
10.867 50.608 5149100
10.867 50.600 5149100
10.850 50.600 5149100
10.850 50.608 5149100
10.842 50.608 5149100
10.842 50.617 5149100
10.825 50.617 5149100
10.825 50.625 5149100
10.808 50.625 5149100
10.808 50.633 5149100
10.783 50.633 5149100
10.783 50.642 5149100
10.775 50.642 5149100
10.775 50.658 5149100
10.742 50.658 5149100
10.742 50.667 5149100
10.733 50.667 5149100
10.733 50.683 5149100
10.725 50.683 5149100
10.725 50.700 5149100
10.683 50.700 5149100
10.683 50.708 5149100
10.675 50.708 5149100
10.675 50.717 5149100
10.650 50.717 5149100
10.650 50.725 5149100
10.642 50.725 5149100
10.642 50.733 5149100
10.633 50.733 5149100
10.633 50.742 5149100
10.575 50.742 5149100
10.575 50.750 5149100
10.567 50.750 5149100
10.567 50.775 5149100
10.558 50.775 5149100
10.558 50.783 5149100
10.533 50.783 5149100
10.533 50.792 5149100
10.542 50.792 5149100
10.542 50.808 5149100
10.567 50.808 5149100
10.567 50.817 5149100
10.583 50.817 5149100
10.583 50.808 5149100
10.608 50.808 5149100
10.608 50.825 5149100
10.625 50.825 5149100
10.625 50.833 5149100
10.633 50.833 5149100
10.633 50.842 5149100
10.650 50.842 5149100
10.650 50.850 5149100
10.675 50.850 5149100
10.675 50.858 5149100
10.692 50.858 5149100
10.692 50.867 5149100
10.708 50.867 5149100
10.708 50.892 5149100
10.725 50.892 5149100
10.725 50.900 5149100
10.733 50.900 5149100
10.733 50.908 5149100
10.742 50.908 5149100
10.742 50.917 5149100
10.750 50.917 5149100
10.750 50.967 5149100
10.783 50.967 5149100
10.783 50.958 5149100
10.825 50.958 5149100
10.825 50.950 5149100
10.858 50.950 5149100
10.858 50.942 5149100
10.925 50.942 5149100
10.925 50.950 5149100
10.942 50.950 5149100
10.942 50.992 5149100
10.933 50.992 5149100
10.933 51.000 5149100
10.858 51.000 5149100
10.858 51.008 5149100
10.842 51.008 5149100
10.842 51.017 5149100
10.833 51.017 5149100
10.833 51.025 5149100
10.808 51.025 5149100
10.808 51.033 5149100
10.792 51.033 5149100
10.792 51.042 5149100
10.775 51.042 5149100
10.775 51.050 5149100
10.750 51.050 5149100
10.750 51.042 5149100
10.742 51.042 5149100
10.742 51.033 5149100
10.733 51.033 5149100
10.733 51.025 5149100
10.675 51.025 5149100
10.675 51.033 5149100
10.642 51.033 5149100
10.642 51.042 5149100
10.617 51.042 5149100
10.617 51.050 5149100
10.592 51.050 5149100
10.592 51.058 5149100
10.558 51.058 5149100
10.558 51.067 5149100
10.517 51.067 5149100
10.517 51.058 5149100
10.475 51.058 5149100
10.475 51.067 5149100
10.458 51.067 5149100
10.458 51.075 5149100
10.433 51.075 5149100
10.433 51.083 5149100
10.417 51.083 5149100
10.417 51.092 5149100
10.400 51.092 5149100
10.400 51.100 5149100
10.392 51.100 5149100
10.392 51.108 5149100
10.383 51.108 5149100
10.383 51.117 5149100
10.375 51.117 5149100
10.375 51.125 5149100
10.367 51.125 5149100
10.367 51.133 5149100
10.358 51.133 5149100
10.358 51.150 5149100
10.350 51.150 5149100
10.350 51.167 5149100
10.333 51.167 5149100
10.333 51.183 5149100
10.308 51.183 5149100
10.308 51.192 5149100
10.317 51.192 5149100
10.317 51.208 5149100
10.308 51.208 5149100
10.308 51.217 5149100
10.300 51.217 5149100
10.300 51.233 5149100
10.283 51.233 5149100
10.283 51.258 5149100
10.275 51.258 5149100
10.275 51.283 5149100
10.267 51.283 5149100
10.267 51.292 5149100
10.250 51.292 5149100
10.250 51.300 5149100
10.233 51.300 5149100
10.233 51.317 5149100
10.242 51.317 5149100
10.242 51.325 5149100
10.258 51.325 5149100
10.258 51.333 5149100
10.267 51.333 5149100
10.267 51.342 5149100
10.317 51.342 5149100
10.317 51.350 5149100
10.308 51.350 5149100
10.308 51.375 5149100
10.317 51.375 5149100
10.317 51.383 5149100
10.325 51.383 5149100
10.325 51.392 5149100
10.342 51.392 5149100
10.342 51.408 5149100
10.350 51.408 5149100
10.350 51.450 5149100
10.358 51.450 5149100
10.358 51.458 5149100
10.367 51.458 5149100
10.367 51.483 5149100
10.375 51.483 5149100
10.375 51.500 5149100
10.383 51.500 5149100
10.383 51.508 5149100
10.400 51.508 5149100
10.400 51.517 5149100
10.450 51.517 5149100
10.450 51.533 5149100
10.458 51.533 5149100
10.458 51.550 5149100
10.467 51.550 5149100
10.467 51.558 5149100
10.483 51.558 5149100
10.483 51.600 5149100
10.492 51.600 5149100
10.492 51.625 5149100
10.508 51.625 5149100
10.508 51.633 5149100
10.542 51.633 5149100
10.542 51.642 5149100
10.550 51.642 5149100
10.550 51.650 5149100
10.558 51.650 5149100
10.558 51.658 5149100
10.567 51.658 5149100
10.567 51.667 5149100
10.583 51.667 5149100
10.583 51.675 5149100
10.592 51.675 5149100
10.592 51.683 5149100
10.600 51.683 5149100
10.600 51.692 5149100
10.592 51.692 5149100
10.592 51.708 5149100
10.583 51.708 5149100
10.583 51.750 5149100
10.575 51.750 5149100
10.575 51.767 5149100
10.567 51.767 5149100
10.567 51.775 5149100
10.575 51.775 5149100
10.575 51.783 5149100
10.592 51.783 5149100
10.592 51.792 5149100
10.608 51.792 5149100
10.608 51.800 5149100
10.625 51.800 5149100
10.625 51.792 5149100
10.642 51.792 5149100
10.642 51.800 5149100
10.658 51.800 5149100
10.658 51.808 5149100
10.667 51.808 5149100
10.667 51.817 5149100
10.692 51.817 5149100
10.692 51.825 5149100
10.708 51.825 5149100
10.708 51.833 5149100
10.742 51.833 5149100
10.742 51.850 5149100
10.758 51.850 5149100
10.758 51.858 5149100
10.767 51.858 5149100
10.767 51.867 5149100
10.783 51.867 5149100
10.783 51.875 5149100
10.792 51.875 5149100
10.792 51.900 5149100
10.783 51.900 5149100
10.783 51.908 5149100
10.792 51.908 5149100
10.792 51.933 5149100
10.800 51.933 5149100
10.800 51.950 5149100
10.783 51.950 5149100
10.783 51.958 5149100
10.767 51.958 5149100
10.767 51.975 5149100
10.758 51.975 5149100
10.758 51.992 5149100
10.750 51.992 5149100
10.750 52.000 5149100
10.733 52.000 5149100
10.733 52.008 5149100
10.717 52.008 5149100
10.717 52.017 5149100
10.675 52.017 5149100
10.675 52.025 5149100
10.667 52.025 5149100
10.667 52.033 5149100
10.658 52.033 5149100
10.658 52.042 5149100
10.650 52.042 5149100
10.650 52.067 5149100
10.658 52.067 5149100
10.658 52.075 5149100
10.683 52.075 5149100
10.683 52.092 5149100
10.692 52.092 5149100
10.692 52.117 5149100
10.775 52.117 5149100
10.775 52.125 5149100
10.800 52.125 5149100
10.800 52.133 5149100
10.817 52.133 5149100
10.817 52.142 5149100
10.842 52.142 5149100
10.842 52.158 5149100
10.850 52.158 5149100
10.850 52.167 5149100
10.883 52.167 5149100
10.883 52.158 5149100
10.908 52.158 5149100
10.908 52.150 5149100
10.925 52.150 5149100
10.925 52.158 5149100
10.933 52.158 5149100
10.933 52.183 5149100
10.942 52.183 5149100
10.942 52.192 5149100
10.967 52.192 5149100
10.967 52.208 5149100
10.983 52.208 5149100
10.983 52.200 5149100
10.992 52.200 5149100
10.992 52.192 5149100
11.000 52.192 5149100
11.000 52.175 5149100
11.008 52.175 5149100
11.008 52.167 5149100
11.033 52.167 5149100
11.033 52.175 5149100
11.042 52.175 5149100
11.042 52.183 5149100
11.058 52.183 5149100
11.058 52.200 5149100
11.100 52.200 5149100
11.100 52.192 5149100
11.108 52.192 5149100
11.108 52.183 5149100
11.117 52.183 5149100
11.117 52.175 5149100
11.125 52.175 5149100
11.125 52.167 5149100
11.142 52.167 5149100
11.142 52.158 5149100
11.150 52.158 5149100
11.150 52.125 5149100
11.158 52.125 5149100
11.158 52.117 5149100
11.183 52.117 5149100
11.183 52.108 5149100
11.192 52.108 5149100
11.192 52.092 5149100
11.225 52.092 5149100
11.225 52.083 5149100
11.250 52.083 5149100
11.250 52.092 5149100
11.258 52.092 5149100
11.258 52.100 5149100
11.275 52.100 5149100
11.275 52.125 5149100
11.283 52.125 5149100
11.283 52.133 5149100
11.292 52.133 5149100
11.292 52.142 5149100
11.300 52.142 5149100
11.300 52.150 5149100
11.308 52.150 5149100
11.308 52.167 5149100
11.300 52.167 5149100
11.300 52.175 5149100
11.283 52.175 5149100
11.283 52.183 5149100
11.267 52.183 5149100
11.267 52.192 5149100
11.258 52.192 5149100
11.258 52.200 5149100
11.250 52.200 5149100
11.250 52.225 5149100
11.233 52.225 5149100
11.233 52.233 5149100
11.208 52.233 5149100
11.208 52.242 5149100
11.200 52.242 5149100
11.200 52.250 5149100
11.192 52.250 5149100
11.192 52.258 5149100
11.200 52.258 5149100
11.200 52.267 5149100
11.208 52.267 5149100
11.208 52.275 5149100
11.242 52.275 5149100
11.242 52.283 5149100
11.250 52.283 5149100
11.250 52.292 5149100
11.258 52.292 5149100
11.258 52.308 5149100
11.292 52.308 5149100
11.292 52.325 5149100
11.300 52.325 5149100
11.300 52.333 5149100
11.292 52.333 5149100
11.292 52.350 5149100
11.283 52.350 5149100
11.283 52.358 5149100
11.275 52.358 5149100
11.275 52.367 5149100
11.258 52.367 5149100
11.258 52.375 5149100
11.250 52.375 5149100
11.250 52.383 5149100
11.208 52.383 5149100
11.208 52.392 5149100
11.183 52.392 5149100
11.183 52.400 5149100
11.142 52.400 5149100
11.142 52.392 5149100
11.117 52.392 5149100
11.117 52.425 5149100
11.108 52.425 5149100
11.108 52.433 5149100
11.100 52.433 5149100
11.100 52.450 5149100
11.108 52.450 5149100
11.108 52.458 5149100
11.100 52.458 5149100
11.100 52.467 5149100
11.108 52.467 5149100
11.108 52.492 5149100
11.125 52.492 5149100
11.125 52.500 5149100
11.133 52.500 5149100
11.133 52.508 5149100
11.150 52.508 5149100
11.150 52.517 5149100
11.192 52.517 5149100
11.192 52.533 5149100
11.200 52.533 5149100
11.200 52.567 5149100
11.208 52.567 5149100
11.208 52.592 5149100
11.200 52.592 5149100
11.200 52.600 5149100
11.175 52.600 5149100
11.175 52.592 5149100
11.125 52.592 5149100
11.125 52.608 5149100
11.117 52.608 5149100
11.117 52.617 5149100
11.108 52.617 5149100
11.108 52.608 5149100
11.067 52.608 5149100
11.067 52.592 5149100
11.042 52.592 5149100
11.042 52.583 5149100
11.008 52.583 5149100
11.008 52.608 5149100
11.000 52.608 5149100
11.000 52.625 5149100
10.967 52.625 5149100
10.967 52.633 5149100
10.958 52.633 5149100
10.958 52.658 5149100
10.925 52.658 5149100
10.925 52.667 5149100
10.908 52.667 5149100
10.908 52.675 5149100
10.900 52.675 5149100
10.900 52.692 5149100
10.892 52.692 5149100
10.892 52.700 5149100
10.875 52.700 5149100
10.875 52.717 5149100
10.867 52.717 5149100
10.867 52.725 5149100
10.858 52.725 5149100
10.858 52.733 5149100
10.833 52.733 5149100
10.833 52.742 5149100
10.825 52.742 5149100
10.825 52.750 5149100
10.808 52.750 5149100
10.808 52.758 5149100
10.800 52.758 5149100
10.800 52.800 5149100
10.792 52.800 5149100
10.792 52.792 5149100
10.775 52.792 5149100
10.775 52.783 5149100
10.725 52.783 5149100
10.725 52.775 5149100
10.708 52.775 5149100
10.708 52.783 5149100
10.667 52.783 5149100
10.667 52.775 5149100
10.542 52.775 5149100
10.542 52.783 5149100
10.533 52.783 5149100
10.533 52.775 5149100
10.508 52.775 5149100
10.508 52.783 5149100
10.483 52.783 5149100
10.483 52.808 5149100
10.475 52.808 5149100
10.475 52.825 5149100
10.425 52.825 5149100
10.425 52.833 5149100
10.400 52.833 5149100
10.400 52.825 5149100
10.375 52.825 5149100
10.375 52.817 5149100
10.367 52.817 5149100
10.367 52.825 5149100
10.342 52.825 5149100
10.342 52.867 5149100
10.358 52.867 5149100
10.358 52.875 5149100
10.367 52.875 5149100
10.367 52.892 5149100
10.358 52.892 5149100
10.358 52.900 5149100
10.333 52.900 5149100
10.333 52.908 5149100
10.300 52.908 5149100
10.300 52.917 5149100
10.217 52.917 5149100
10.217 52.950 5149100
10.208 52.950 5149100
10.208 52.967 5149100
10.217 52.967 5149100
10.217 52.992 5149100
10.242 52.992 5149100
10.242 53.000 5149100
10.250 53.000 5149100
10.250 53.033 5149100
10.208 53.033 5149100
10.208 53.042 5149100
10.150 53.042 5149100
10.150 53.050 5149100
10.142 53.050 5149100
10.142 53.058 5149100
10.125 53.058 5149100
10.125 53.067 5149100
10.117 53.067 5149100
10.117 53.075 5149100
10.100 53.075 5149100
10.100 53.083 5149100
10.092 53.083 5149100
10.092 53.092 5149100
10.083 53.092 5149100
10.083 53.083 5149100
10.067 53.083 5149100
10.067 53.075 5149100
10.058 53.075 5149100
10.058 53.067 5149100
10.050 53.067 5149100
10.050 53.058 5149100
10.025 53.058 5149100
10.025 53.050 5149100
9.975 53.050 5149100
9.975 53.042 5149100
9.958 53.042 5149100
9.958 53.050 5149100
9.950 53.050 5149100
9.950 53.058 5149100
9.933 53.058 5149100
9.933 53.075 5149100
9.925 53.075 5149100
9.925 53.083 5149100
9.908 53.083 5149100
9.908 53.108 5149100
9.900 53.108 5149100
9.900 53.117 5149100
9.875 53.117 5149100
9.875 53.133 5149100
9.883 53.133 5149100
9.883 53.158 5149100
9.892 53.158 5149100
9.892 53.167 5149100
9.900 53.167 5149100
9.900 53.175 5149100
9.883 53.175 5149100
9.883 53.183 5149100
9.867 53.183 5149100
9.867 53.192 5149100
9.858 53.192 5149100
9.858 53.200 5149100
9.850 53.200 5149100
9.850 53.208 5149100
9.833 53.208 5149100
9.833 53.242 5149100
9.825 53.242 5149100
9.825 53.292 5149100
9.833 53.292 5149100
9.833 53.300 5149100
9.842 53.300 5149100
9.842 53.325 5149100
9.825 53.325 5149100
9.825 53.333 5149100
9.817 53.333 5149100
9.817 53.358 5149100
9.825 53.358 5149100
9.825 53.383 5149100
9.842 53.383 5149100
9.842 53.392 5149100
9.858 53.392 5149100
9.858 53.400 5149100
9.867 53.400 5149100
9.867 53.408 5149100
9.867 53.417 5149100
9.875 53.417 5149100
9.875 53.425 5149100
9.892 53.425 5149100
9.892 53.433 5149100
9.908 53.433 5149100
9.908 53.425 5149100
9.917 53.425 5149100
9.917 53.442 5149100
9.925 53.442 5149100
9.925 53.450 5149100
9.933 53.450 5149100
9.933 53.458 5149100
9.942 53.458 5149100
9.942 53.483 5149100
9.933 53.483 5149100
9.933 53.500 5149100
9.925 53.500 5149100
9.925 53.517 5149100
9.908 53.517 5149100
9.908 53.525 5149100
9.900 53.525 5149100
9.900 53.533 5149100
9.858 53.533 5149100
9.858 53.558 5149100
9.858 53.575 5149100
9.867 53.575 5149100
9.867 53.592 5149100
9.875 53.592 5149100
9.875 53.600 5149100
9.883 53.600 5149100
9.883 53.608 5149100
9.892 53.608 5149100
9.892 53.625 5149100
9.908 53.625 5149100
9.908 53.633 5149100
9.950 53.633 5149100
9.950 53.642 5149100
10.017 53.642 5149100
10.017 53.650 5149100
10.025 53.650 5149100
10.025 53.658 5149100
10.033 53.658 5149100
10.033 53.675 5149100
10.042 53.675 5149100
10.042 53.683 5149100
10.050 53.683 5149100
10.050 53.708 5149100
10.067 53.708 5149100
10.067 53.717 5149100
10.058 53.717 5149100
10.058 53.725 5149100
10.025 53.725 5149100
10.025 53.717 5149100
10.008 53.717 5149100
10.008 53.725 5149100
10.000 53.725 5149100
10.000 53.750 5149100
9.983 53.750 5149100
9.983 53.758 5149100
9.975 53.758 5149100
9.975 53.800 5149100
9.992 53.800 5149100
10.017 53.800 5149100
10.017 53.808 5149100
10.025 53.808 5149100
10.025 53.817 5149100
10.083 53.817 5149100
10.083 53.825 5149100
10.100 53.825 5149100
10.100 53.833 5149100
10.117 53.833 5149100
10.117 53.825 5149100
10.175 53.825 5149100
10.175 53.833 5149100
10.183 53.833 5149100
10.183 53.825 5149100
10.192 53.825 5149100
10.192 53.817 5149100
10.200 53.817 5149100
10.200 53.808 5149100
10.208 53.808 5149100
10.208 53.783 5149100
10.217 53.783 5149100
10.217 53.775 5149100
10.233 53.775 5149100
10.233 53.767 5149100
10.250 53.767 5149100
10.250 53.758 5149100
10.258 53.758 5149100
10.258 53.750 5149100
10.267 53.750 5149100
10.267 53.733 5149100
10.258 53.733 5149100
10.258 53.717 5149100
10.267 53.717 5149100
10.267 53.692 5149100
10.325 53.692 5149100
10.325 53.700 5149100
10.358 53.700 5149100
10.358 53.692 5149100
10.417 53.692 5149100
10.417 53.700 5149100
10.425 53.700 5149100
10.425 53.717 5149100
10.458 53.717 5149100
10.458 53.708 5149100
10.467 53.708 5149100
10.467 53.700 5149100
10.458 53.700 5149100
10.458 53.675 5149100
10.450 53.675 5149100
10.450 53.642 5149100
10.475 53.642 5149100
10.475 53.658 5149100
10.525 53.658 5149100
10.525 53.650 5149100
10.533 53.650 5149100
10.533 53.642 5149100
10.550 53.642 5149100
10.550 53.633 5149100
10.542 53.633 5149100
10.542 53.625 5149100
10.533 53.625 5149100
10.533 53.617 5149100
10.542 53.617 5149100
10.542 53.600 5149100
10.550 53.600 5149100
10.550 53.575 5149100
10.592 53.575 5149100
10.592 53.583 5149100
10.650 53.583 5149100
10.650 53.592 5149100
10.683 53.592 5149100
10.683 53.600 5149100
10.692 53.600 5149100
10.692 53.592 5149100
10.700 53.592 5149100
10.700 53.575 5149100
10.708 53.575 5149100
10.708 53.550 5149100
10.750 53.550 5149100
10.750 53.567 5149100
10.742 53.567 5149100
10.742 53.583 5149100
10.750 53.583 5149100
10.750 53.592 5149100
10.742 53.592 5149100
10.742 53.608 5149100
10.733 53.608 5149100
10.733 53.617 5149100
10.725 53.617 5149100
10.725 53.625 5149100
10.733 53.625 5149100
10.733 53.633 5149100
10.742 53.633 5149100
10.742 53.625 5149100
10.783 53.625 5149100
10.783 53.633 5149100
10.817 53.633 5149100
10.817 53.650 5149100
10.808 53.650 5149100
10.808 53.675 5149100
10.850 53.675 5149100
10.850 53.683 5149100
10.892 53.683 5149100
10.892 53.692 5149100
10.900 53.692 5149100
10.900 53.708 5149100
10.958 53.708 5149100
10.958 53.717 5149100
10.967 53.717 5149100
10.967 53.742 5149100
11.008 53.742 5149100
11.008 53.750 5149100
11.033 53.750 5149100
11.033 53.742 5149100
11.042 53.742 5149100
11.042 53.708 5149100
11.058 53.708 5149100
11.058 53.700 5149100
11.067 53.700 5149100
11.067 53.683 5149100
11.058 53.683 5149100
11.058 53.658 5149100
11.092 53.658 5149100
11.092 53.667 5149100
11.100 53.667 5149100
11.100 53.658 5149100
11.108 53.658 5149100
11.108 53.642 5149100
11.133 53.642 5149100
11.133 53.633 5149100
11.175 53.633 5149100
11.175 53.642 5149100
11.183 53.642 5149100
11.183 53.633 5149100
11.217 53.633 5149100
11.217 53.642 5149100
11.233 53.642 5149100
11.233 53.658 5149100
11.283 53.658 5149100
11.283 53.667 5149100
11.292 53.667 5149100
11.292 53.675 5149100
11.300 53.675 5149100
11.300 53.683 5149100
11.308 53.683 5149100
11.308 53.692 5149100
11.317 53.692 5149100
11.317 53.700 5149100
11.308 53.700 5149100
11.308 53.717 5149100
11.300 53.717 5149100
11.300 53.733 5149100
11.292 53.733 5149100
11.292 53.758 5149100
11.300 53.758 5149100
11.300 53.775 5149100
11.308 53.775 5149100
11.308 53.783 5149100
11.325 53.783 5149100
11.325 53.767 5149100
11.367 53.767 5149100
11.367 53.758 5149100
11.383 53.758 5149100
11.383 53.750 5149100
11.425 53.750 5149100
11.425 53.767 5149100
11.433 53.767 5149100
11.433 53.775 5149100
11.458 53.775 5149100
11.458 53.783 5149100
11.467 53.783 5149100
11.467 53.792 5149100
11.492 53.792 5149100
11.492 53.800 5149100
11.500 53.800 5149100
11.500 53.808 5149100
11.558 53.808 5149100
11.558 53.792 5149100
11.567 53.792 5149100
11.567 53.783 5149100
11.558 53.783 5149100
11.558 53.775 5149100
11.542 53.775 5149100
11.542 53.767 5149100
11.533 53.767 5149100
11.533 53.758 5149100
11.525 53.758 5149100
11.525 53.733 5149100
11.533 53.733 5149100
11.533 53.717 5149100
11.517 53.717 5149100
11.517 53.700 5149100
11.508 53.700 5149100
11.508 53.650 5149100
11.517 53.650 5149100
11.517 53.642 5149100
11.525 53.642 5149100
11.525 53.633 5149100
11.517 53.633 5149100
11.517 53.608 5149100
11.508 53.608 5149100
11.508 53.583 5149100
11.517 53.583 5149100
11.517 53.575 5149100
11.558 53.575 5149100
11.558 53.583 5149100
11.608 53.583 5149100
11.608 53.567 5149100
11.617 53.567 5149100
11.617 53.558 5149100
11.642 53.558 5149100
11.642 53.550 5149100
11.667 53.550 5149100
11.667 53.558 5149100
11.675 53.558 5149100
11.675 53.575 5149100
11.700 53.575 5149100
11.700 53.567 5149100
11.717 53.567 5149100
11.717 53.575 5149100
11.725 53.575 5149100
11.725 53.558 5149100
11.742 53.558 5149100
11.742 53.550 5149100
11.783 53.550 5149100
11.783 53.542 5149100
11.808 53.542 5149100
11.808 53.517 5149100
11.817 53.517 5149100
11.817 53.508 5149100
11.825 53.508 5149100
11.825 53.500 5149100
11.833 53.500 5149100
11.833 53.492 5149100
11.842 53.492 5149100
11.842 53.475 5149100
11.900 53.475 5149100
11.900 53.467 5149100
11.908 53.467 5149100
11.908 53.475 5149100
11.925 53.475 5149100
11.925 53.483 5149100
11.933 53.483 5149100
11.933 53.517 5149100
11.950 53.517 5149100
11.950 53.525 5149100
11.975 53.525 5149100
11.975 53.533 5149100
11.983 53.533 5149100
11.983 53.542 5149100
12.000 53.542 5149100
12.000 53.533 5149100
12.008 53.533 5149100
12.008 53.542 5149100
12.025 53.542 5149100
12.025 53.533 5149100
12.083 53.533 5149100
12.083 53.525 5149100
12.100 53.525 5149100
12.100 53.533 5149100
12.117 53.533 5149100
12.117 53.550 5149100
12.125 53.550 5149100
12.125 53.558 5149100
12.133 53.558 5149100
12.133 53.550 5149100
12.167 53.550 5149100
12.167 53.542 5149100
12.233 53.542 5149100
12.233 53.533 5149100
12.242 53.533 5149100
12.242 53.525 5149100
12.250 53.525 5149100
12.250 53.533 5149100
12.275 53.533 5149100
12.275 53.542 5149100
12.283 53.542 5149100
12.283 53.558 5149100
12.292 53.558 5149100
12.292 53.575 5149100
12.300 53.575 5149100
12.300 53.583 5149100
12.317 53.583 5149100
12.317 53.592 5149100
12.367 53.592 5149100
12.367 53.583 5149100
12.383 53.583 5149100
12.383 53.575 5149100
12.417 53.575 5149100
12.417 53.567 5149100
12.433 53.567 5149100
12.433 53.558 5149100
12.450 53.558 5149100
12.450 53.550 5149100
12.475 53.550 5149100
12.475 53.575 5149100
12.483 53.575 5149100
12.483 53.608 5149100
12.492 53.608 5149100
12.492 53.617 5149100
12.525 53.617 5149100
12.525 53.633 5149100
12.558 53.633 5149100
12.558 53.617 5149100
12.567 53.617 5149100
12.567 53.608 5149100
12.625 53.608 5149100
12.625 53.600 5149100
12.650 53.600 5149100
12.650 53.592 5149100
12.667 53.592 5149100
12.667 53.567 5149100
12.725 53.567 5149100
12.725 53.550 5149100
12.733 53.550 5149100
12.733 53.533 5149100
12.750 53.533 5149100
12.750 53.525 5149100
12.775 53.525 5149100
12.775 53.517 5149100
12.783 53.517 5149100
12.783 53.525 5149100
12.792 53.525 5149100
12.792 53.500 5149100
12.800 53.500 5149100
12.800 53.483 5149100
12.825 53.483 5149100
12.825 53.475 5149100
12.850 53.475 5149100
12.850 53.483 5149100
12.875 53.483 5149100
12.875 53.492 5149100
12.883 53.492 5149100
12.883 53.508 5149100
12.892 53.508 5149100
12.892 53.517 5149100
12.900 53.517 5149100
12.900 53.525 5149100
12.917 53.525 5149100
12.917 53.533 5149100
12.925 53.533 5149100
12.925 53.542 5149100
12.933 53.542 5149100
12.933 53.525 5149100
12.950 53.525 5149100
12.950 53.483 5149100
12.958 53.483 5149100
12.958 53.467 5149100
12.983 53.467 5149100
12.983 53.458 5149100
12.992 53.458 5149100
12.992 53.442 5149100
13.000 53.442 5149100
13.000 53.433 5149100
13.008 53.433 5149100
13.008 53.442 5149100
13.017 53.442 5149100
13.017 53.425 5149100
13.008 53.425 5149100
13.008 53.408 5149100
13.017 53.408 5149100
13.017 53.400 5149100
13.025 53.400 5149100
13.025 53.383 5149100
13.067 53.383 5149100
13.067 53.392 5149100
13.083 53.392 5149100
13.083 53.375 5149100
13.117 53.375 5149100
13.117 53.383 5149100
13.142 53.383 5149100
13.142 53.392 5149100
13.150 53.392 5149100
13.150 53.367 5149100
13.158 53.367 5149100
13.158 53.358 5149100
13.167 53.358 5149100
13.167 53.350 5149100
13.183 53.350 5149100
13.183 53.342 5149100
13.208 53.342 5149100
13.208 53.350 5149100
13.225 53.350 5149100
13.225 53.342 5149100
13.242 53.342 5149100
13.242 53.333 5149100
13.258 53.333 5149100
13.258 53.342 5149100
13.267 53.342 5149100
13.267 53.367 5149100
13.275 53.367 5149100
13.275 53.375 5149100
13.292 53.375 5149100
13.292 53.383 5149100
13.317 53.383 5149100
13.317 53.375 5149100
13.367 53.375 5149100
13.367 53.383 5149100
13.375 53.383 5149100
13.375 53.358 5149100
13.383 53.358 5149100
13.383 53.350 5149100
13.392 53.350 5149100
13.392 53.325 5149100
13.375 53.325 5149100
13.375 53.300 5149100
13.367 53.300 5149100
13.367 53.292 5149100
13.358 53.292 5149100
13.358 53.283 5149100
13.350 53.283 5149100
13.350 53.275 5149100
13.342 53.275 5149100
13.342 53.258 5149100
13.350 53.258 5149100
13.350 53.242 5149100
13.358 53.242 5149100
13.358 53.208 5149100
13.367 53.208 5149100
13.367 53.200 5149100
13.392 53.200 5149100
13.392 53.208 5149100
13.408 53.208 5149100
13.408 53.200 5149100
13.542 53.200 5149100
13.542 53.192 5149100
13.558 53.192 5149100
13.558 53.183 5149100
13.583 53.183 5149100
13.583 53.192 5149100
13.600 53.192 5149100
13.600 53.200 5149100
13.633 53.200 5149100
13.633 53.192 5149100
13.642 53.192 5149100
13.642 53.175 5149100
13.650 53.175 5149100
13.650 53.167 5149100
13.675 53.167 5149100
13.675 53.150 5149100
13.683 53.150 5149100
13.683 53.125 5149100
13.700 53.125 5149100
13.700 53.108 5149100
13.708 53.108 5149100
13.708 53.075 5149100
13.700 53.075 5149100
13.700 53.058 5149100
13.683 53.058 5149100
13.683 53.033 5149100
13.667 53.033 5149100
13.667 53.000 5149100
13.683 53.000 5149100
13.683 52.983 5149100
13.675 52.983 5149100
13.675 52.942 5149100
13.667 52.942 5149100
13.667 52.933 5149100
13.633 52.933 5149100
13.633 52.925 5149100
13.625 52.925 5149100
13.625 52.908 5149100
13.608 52.908 5149100
13.608 52.900 5149100
13.575 52.900 5149100
13.575 52.892 5149100
13.533 52.892 5149100
13.533 52.883 5149100
13.517 52.883 5149100
13.517 52.875 5149100
13.483 52.875 5149100
13.483 52.858 5149100
13.475 52.858 5149100
13.475 52.850 5149100
13.483 52.850 5149100
13.483 52.833 5149100
13.492 52.833 5149100
13.492 52.825 5149100
13.483 52.825 5149100
13.483 52.800 5149100
13.492 52.800 5149100
13.492 52.792 5149100
13.500 52.792 5149100
13.500 52.783 5149100
13.508 52.783 5149100
13.508 52.767 5149100
13.500 52.767 5149100
13.500 52.758 5149100
13.483 52.758 5149100
13.483 52.742 5149100
13.492 52.742 5149100
13.492 52.725 5149100
13.525 52.725 5149100
13.525 52.717 5149100
13.542 52.717 5149100
13.542 52.725 5149100
13.558 52.725 5149100
13.558 52.717 5149100
13.575 52.717 5149100
13.575 52.708 5149100
13.617 52.708 5149100
13.617 52.700 5149100
13.642 52.700 5149100
13.642 52.692 5149100
13.650 52.692 5149100
13.650 52.675 5149100
13.683 52.675 5149100
13.683 52.683 5149100
13.692 52.683 5149100
13.692 52.675 5149100
13.717 52.675 5149100
13.717 52.667 5149100
13.733 52.667 5149100
13.733 52.675 5149100
13.758 52.675 5149100
13.758 52.683 5149100
13.783 52.683 5149100
13.783 52.692 5149100
13.842 52.692 5149100
13.842 52.667 5149100
13.833 52.667 5149100
13.833 52.658 5149100
13.850 52.658 5149100
13.850 52.650 5149100
13.867 52.650 5149100
13.867 52.667 5149100
13.908 52.667 5149100
13.908 52.658 5149100
13.917 52.658 5149100
13.917 52.633 5149100
13.925 52.633 5149100
13.925 52.625 5149100
13.967 52.625 5149100
13.967 52.617 5149100
13.975 52.617 5149100
13.975 52.608 5149100
13.983 52.608 5149100
13.983 52.600 5149100
13.992 52.600 5149100
13.992 52.592 5149100
14.017 52.592 5149100
14.017 52.567 5149100
14.025 52.567 5149100
14.025 52.558 5149100
14.042 52.558 5149100
14.042 52.550 5149100
14.067 52.550 5149100
14.067 52.525 5149100
14.058 52.525 5149100
14.058 52.500 5149100
14.067 52.500 5149100
14.067 52.467 5149100
14.075 52.467 5149100
14.075 52.458 5149100
14.092 52.458 5149100
14.092 52.450 5149100
14.108 52.450 5149100
14.108 52.458 5149100
14.125 52.458 5149100
14.125 52.467 5149100
14.158 52.467 5149100
14.158 52.475 5149100
14.192 52.475 5149100
14.192 52.483 5149100
14.208 52.483 5149100
14.208 52.492 5149100
14.233 52.492 5149100
14.233 52.483 5149100
14.250 52.483 5149100
14.250 52.475 5149100
14.275 52.475 5149100
14.275 52.467 5149100
14.283 52.467 5149100
14.283 52.458 5149100
14.292 52.458 5149100
14.292 52.442 5149100
14.283 52.442 5149100
14.283 52.425 5149100
14.275 52.425 5149100
14.275 52.400 5149100
14.283 52.400 5149100
14.283 52.392 5149100
14.300 52.392 5149100
14.300 52.400 5149100
14.308 52.400 5149100
14.308 52.392 5149100
14.342 52.392 5149100
14.342 52.400 5149100
14.383 52.400 5149100
14.383 52.392 5149100
14.400 52.392 5149100
14.400 52.383 5149100
14.408 52.383 5149100
14.408 52.367 5149100
14.417 52.367 5149100
14.417 52.358 5149100
14.442 52.358 5149100
14.442 52.350 5149100
14.450 52.350 5149100
14.450 52.342 5149100
14.458 52.342 5149100
14.458 52.317 5149100
14.442 52.317 5149100
14.442 52.308 5149100
14.433 52.308 5149100
14.433 52.292 5149100
14.442 52.292 5149100
14.442 52.283 5149100
14.433 52.283 5149100
14.433 52.258 5149100
14.442 52.258 5149100
14.442 52.217 5149100
14.450 52.217 5149100
14.450 52.208 5149100
14.458 52.208 5149100
14.458 52.200 5149100
14.475 52.200 5149100
14.475 52.167 5149100
14.525 52.167 5149100
14.525 52.158 5149100
14.533 52.158 5149100
14.533 52.142 5149100
14.550 52.142 5149100
14.550 52.125 5149100
14.542 52.125 5149100
14.542 52.100 5149100
14.533 52.100 5149100
14.533 52.092 5149100
14.525 52.092 5149100
14.525 52.083 5149100
14.517 52.083 5149100
14.517 52.075 5149100
14.508 52.075 5149100
14.508 52.058 5149100
14.500 52.058 5149100
14.500 52.050 5149100
14.492 52.050 5149100
14.492 52.000 5149100
14.500 52.000 5149100
14.500 51.983 5149100
14.458 51.983 5149100
14.458 51.975 5149100
14.450 51.975 5149100
14.450 51.967 5149100
14.442 51.967 5149100
14.442 51.958 5149100
14.433 51.958 5149100
14.433 51.942 5149100
14.425 51.942 5149100
14.425 51.925 5149100
14.433 51.925 5149100
14.433 51.917 5149100
14.517 51.917 5149100
14.517 51.908 5149100
14.533 51.908 5149100
14.533 51.900 5149100
14.558 51.900 5149100
14.558 51.883 5149100
14.567 51.883 5149100
14.567 51.875 5149100
14.575 51.875 5149100
14.575 51.842 5149100
14.567 51.842 5149100
14.567 51.833 5149100
14.558 51.833 5149100
14.558 51.825 5149100
14.550 51.825 5149100
14.550 51.817 5149100
14.508 51.817 5149100
14.508 51.808 5149100
14.483 51.808 5149100
14.483 51.817 5149100
14.458 51.817 5149100
14.458 51.808 5149100
14.475 51.808 5149100
14.475 51.775 5149100
14.483 51.775 5149100
14.483 51.767 5149100
14.558 51.767 5149100
14.558 51.750 5149100
14.567 51.750 5149100
14.567 51.742 5149100
14.558 51.742 5149100
14.558 51.733 5149100
14.550 51.733 5149100
14.550 51.708 5149100
14.567 51.708 5149100
14.567 51.700 5149100
14.592 51.700 5149100
14.592 51.692 5149100
14.600 51.692 5149100
14.600 51.667 5149100
14.617 51.667 5149100
14.617 51.658 5149100
14.625 51.658 5149100
14.625 51.650 5149100
14.642 51.650 5149100
14.642 51.642 5149100
14.658 51.642 5149100
14.658 51.633 5149100
14.675 51.633 5149100
14.675 51.617 5149100
14.617 51.617 5149100
14.617 51.608 5149100
14.608 51.608 5149100
14.608 51.600 5149100
14.592 51.600 5149100
14.592 51.608 5149100
14.575 51.608 5149100
14.575 51.617 5149100
14.550 51.617 5149100
14.550 51.600 5149100
14.542 51.600 5149100
14.542 51.575 5149100
14.558 51.575 5149100
14.558 51.558 5149100
14.575 51.558 5149100
14.575 51.550 5149100
14.600 51.550 5149100
14.600 51.542 5149100
14.608 51.542 5149100
14.608 51.533 5149100
14.650 51.533 5149100
14.650 51.525 5149100
14.642 51.525 5149100
14.642 51.492 5149100
14.650 51.492 5149100
14.650 51.475 5149100
14.667 51.475 5149100
14.667 51.467 5149100
14.675 51.467 5149100
14.675 51.475 5149100
14.700 51.475 5149100
14.700 51.458 5149100
14.717 51.458 5149100
14.717 51.433 5149100
14.725 51.433 5149100
14.725 51.425 5149100
14.800 51.425 5149100
14.800 51.417 5149100
14.833 51.417 5149100
14.833 51.425 5149100
14.842 51.425 5149100
14.842 51.417 5149100
14.908 51.417 5149100
14.908 51.425 5149100
14.917 51.425 5149100
14.917 51.392 5149100
14.908 51.392 5149100
14.908 51.350 5149100
14.925 51.350 5149100
14.925 51.317 5149100
14.942 51.317 5149100
14.942 51.308 5149100
14.958 51.308 5149100
14.958 51.292 5149100
14.967 51.292 5149100
14.967 51.283 5149100
14.975 51.283 5149100
14.975 51.275 5149100
14.983 51.275 5149100
14.983 51.258 5149100
14.992 51.258 5149100
14.992 51.250 5149100
14.983 51.250 5149100
14.983 51.233 5149100
14.975 51.233 5149100
14.975 51.225 5149100
14.967 51.225 5149100
14.967 51.200 5149100
14.958 51.200 5149100
14.958 51.158 5149100
14.950 51.158 5149100
14.950 51.142 5149100
14.942 51.142 5149100
14.942 51.133 5149100
14.933 51.133 5149100
14.933 51.125 5149100
14.925 51.125 5149100
14.925 51.117 5149100
14.917 51.117 5149100
14.917 51.108 5149100
14.908 51.108 5149100
14.908 51.092 5149100
14.842 51.092 5149100
14.842 51.083 5149100
14.775 51.083 5149100
14.775 51.058 5149100
14.758 51.058 5149100
14.758 51.050 5149100
14.725 51.050 5149100
14.725 51.042 5149100
14.692 51.042 5149100
14.692 51.025 5149100
14.683 51.025 5149100
14.683 51.017 5149100
14.675 51.017 5149100
14.675 51.008 5149100
14.642 51.008 5149100
14.642 51.000 5149100
14.633 51.000 5149100
14.633 50.975 5149100
14.625 50.975 5149100
14.625 50.967 5149100
14.558 50.967 5149100
14.558 50.975 5149100
14.542 50.975 5149100
14.542 50.983 5149100
14.517 50.983 5149100
14.517 50.975 5149100
14.500 50.975 5149100
14.500 50.967 5149100
14.467 50.967 5149100
14.467 50.942 5149100
14.475 50.942 5149100
14.475 50.933 5149100
14.508 50.933 5149100
14.508 50.925 5149100
14.517 50.925 5149100
14.517 50.917 5149100
14.542 50.917 5149100
14.542 50.908 5149100
14.525 50.908 5149100
14.525 50.900 5149100
14.508 50.900 5149100
14.508 50.875 5149100
14.533 50.875 5149100
14.533 50.867 5149100
14.542 50.867 5149100
14.542 50.850 5149100
14.550 50.850 5149100
14.550 50.858 5149100
14.567 50.858 5149100
14.567 50.850 5149100
14.575 50.850 5149100
14.575 50.842 5149100
14.583 50.842 5149100
14.583 50.833 5149100
14.608 50.833 5149100
14.608 50.842 5149100
14.617 50.842 5149100
14.617 50.850 5149100
14.642 50.850 5149100
14.642 50.842 5149100
14.658 50.842 5149100
14.658 50.850 5149100
14.675 50.850 5149100
14.675 50.842 5149100
14.700 50.842 5149100
14.700 50.833 5149100
14.717 50.833 5149100
14.717 50.825 5149100
14.750 50.825 5149100
14.750 50.833 5149100
14.758 50.833 5149100
14.758 50.842 5149100
14.767 50.842 5149100
14.767 50.833 5149100
14.783 50.833 5149100
14.783 50.825 5149100
14.792 50.825 5149100
14.792 50.817 5149100
14.842 50.817 5149100
14.842 50.808 5149100
14.858 50.808 5149100
14.858 50.800 5149100
14.867 50.800 5149100
14.867 50.792 5149100
14.892 50.792 5149100
14.892 50.783 5149100
14.900 50.783 5149100
14.900 50.775 5149100
14.908 50.775 5149100
14.908 50.767 5149100
14.917 50.767 5149100
14.917 50.758 5149100
14.925 50.758 5149100
14.925 50.750 5149100
14.975 50.750 5149100
14.975 50.742 5149100
14.983 50.742 5149100
14.983 50.733 5149100
14.992 50.733 5149100
14.992 50.725 5149100
15.008 50.725 5149100
15.008 50.717 5149100
15.017 50.717 5149100
15.017 50.708 5149100
15.042 50.708 5149100
15.042 50.700 5149100
15.092 50.700 5149100
15.092 50.708 5149100
15.192 50.708 5149100
15.192 50.700 5149100
15.208 50.700 5149100
15.208 50.708 5149100
15.217 50.708 5149100
15.217 50.717 5149100
15.233 50.717 5149100
15.233 50.767 5149100
15.200 50.767 5149100
15.200 50.775 5149100
15.183 50.775 5149100
15.183 50.792 5149100
15.158 50.792 5149100
15.158 50.800 5149100
15.150 50.800 5149100
15.150 50.842 5149100
15.200 50.842 5149100
15.200 50.833 5149100
15.208 50.833 5149100
15.208 50.825 5149100
15.217 50.825 5149100
15.217 50.833 5149100
15.233 50.833 5149100
15.233 50.842 5149100
15.250 50.842 5149100
15.250 50.833 5149100
15.292 50.833 5149100
15.292 50.842 5149100
15.300 50.842 5149100
15.300 50.850 5149100
15.292 50.850 5149100
15.292 50.883 5149100
15.317 50.883 5149100
15.317 50.875 5149100
15.350 50.875 5149100
15.350 50.867 5149100
15.375 50.867 5149100
15.375 50.858 5149100
15.400 50.858 5149100
15.400 50.850 5149100
15.408 50.850 5149100
15.408 50.833 5149100
15.417 50.833 5149100
15.417 50.825 5149100
15.425 50.825 5149100
15.425 50.817 5149100
15.442 50.817 5149100
15.442 50.808 5149100
15.450 50.808 5149100
15.450 50.800 5149100
15.475 50.800 5149100
15.475 50.792 5149100
15.508 50.792 5149100
15.508 50.783 5149100
15.517 50.783 5149100
15.517 50.775 5149100
15.617 50.775 5149100
15.617 50.767 5149100
15.642 50.767 5149100
15.642 50.758 5149100
15.667 50.758 5149100
15.667 50.750 5149100
15.683 50.750 5149100
15.683 50.742 5149100
15.692 50.742 5149100
15.692 50.733 5149100
15.708 50.733 5149100
15.708 50.742 5149100
15.742 50.742 5149100
15.742 50.733 5149100
15.758 50.733 5149100
15.758 50.742 5149100
15.792 50.742 5149100
15.792 50.750 5149100
15.817 50.750 5149100
15.817 50.742 5149100
15.825 50.742 5149100
15.825 50.725 5149100
15.833 50.725 5149100
15.833 50.717 5149100
15.842 50.717 5149100
15.842 50.708 5149100
15.850 50.708 5149100
15.850 50.692 5149100
15.858 50.692 5149100
15.858 50.658 5149100
15.900 50.658 5149100
15.900 50.667 5149100
15.917 50.667 5149100
15.917 50.675 5149100
15.925 50.675 5149100
15.925 50.683 5149100
15.933 50.683 5149100
15.933 50.692 5149100
15.942 50.692 5149100
15.942 50.683 5149100
15.950 50.683 5149100
15.950 50.667 5149100
15.958 50.667 5149100
15.958 50.658 5149100
15.967 50.658 5149100
15.967 50.667 5149100
15.992 50.667 5149100
15.992 50.658 5149100
16.000 50.658 5149100
16.000 50.650 5149100
16.017 50.650 5149100
16.017 50.658 5149100
16.025 50.658 5149100
16.025 50.650 5149100
16.067 50.650 5149100
16.067 50.642 5149100
16.100 50.642 5149100
16.100 50.658 5149100
16.108 50.658 5149100
16.108 50.675 5149100
16.142 50.675 5149100
16.142 50.667 5149100
16.150 50.667 5149100
16.150 50.658 5149100
16.158 50.658 5149100
16.158 50.642 5149100
16.167 50.642 5149100
16.167 50.633 5149100
16.175 50.633 5149100
16.175 50.617 5149100
16.183 50.617 5149100
16.183 50.608 5149100
16.192 50.608 5149100
16.192 50.600 5149100
16.200 50.600 5149100
16.200 50.583 5149100
16.250 50.583 5149100
16.250 50.575 5149100
16.258 50.575 5149100
16.258 50.558 5149100
16.275 50.558 5149100
16.275 50.550 5149100
16.283 50.550 5149100
16.283 50.542 5149100
16.292 50.542 5149100
16.292 50.525 5149100
16.308 50.525 5149100
16.308 50.517 5149100
16.317 50.517 5149100
16.317 50.500 5149100
16.325 50.500 5149100
16.325 50.475 5149100
16.342 50.475 5149100
16.342 50.433 5149100
16.333 50.433 5149100
16.333 50.417 5149100
16.342 50.417 5149100
16.342 50.408 5149100
16.350 50.408 5149100
16.350 50.375 5149100
16.358 50.375 5149100
16.358 50.358 5149100
16.367 50.358 5149100
16.367 50.350 5149100
16.358 50.350 5149100
16.358 50.342 5149100
16.375 50.342 5149100
16.375 50.333 5149100
16.383 50.333 5149100
16.383 50.325 5149100
16.392 50.325 5149100
16.392 50.317 5149100
16.408 50.317 5149100
16.408 50.350 5149100
16.425 50.350 5149100
16.425 50.358 5149100
16.433 50.358 5149100
16.433 50.350 5149100
16.442 50.350 5149100
16.442 50.342 5149100
16.450 50.342 5149100
16.450 50.333 5149100
16.458 50.333 5149100
16.458 50.325 5149100
16.467 50.325 5149100
16.467 50.317 5149100
16.475 50.317 5149100
16.475 50.308 5149100
16.483 50.308 5149100
16.483 50.292 5149100
16.492 50.292 5149100
16.492 50.283 5149100
16.508 50.283 5149100
16.508 50.275 5149100
16.525 50.275 5149100
16.525 50.267 5149100
16.558 50.267 5149100
16.558 50.250 5149100
16.567 50.250 5149100
16.567 50.225 5149100
16.575 50.225 5149100
16.575 50.217 5149100
16.583 50.217 5149100
16.583 50.183 5149100
16.592 50.183 5149100
16.592 50.175 5149100
16.600 50.175 5149100
16.600 50.158 5149100
16.608 50.158 5149100
16.608 50.150 5149100
16.625 50.150 5149100
16.625 50.117 5149100
16.642 50.117 5149100
16.642 50.108 5149100
16.683 50.108 5149100
16.683 50.100 5149100
16.700 50.100 5149100
16.700 50.108 5149100
16.717 50.108 5149100
16.717 50.117 5149100
16.767 50.117 5149100
16.767 50.142 5149100
16.775 50.142 5149100
16.775 50.150 5149100
16.783 50.150 5149100
16.783 50.092 5149100
16.792 50.092 5149100
16.792 50.067 5149100
16.800 50.067 5149100
16.800 50.050 5149100
16.725 50.050 5149100
16.725 50.058 5149100
16.717 50.058 5149100
16.717 50.050 5149100
16.700 50.050 5149100
16.700 50.033 5149100
16.708 50.033 5149100
16.708 50.008 5149100
16.692 50.008 5149100
16.692 50.000 5149100
16.675 50.000 5149100
16.675 50.008 5149100
16.667 50.008 5149100
16.667 50.000 5149100
16.658 50.000 5149100
16.658 49.992 5149100
16.642 49.992 5149100
16.642 49.983 5149100
16.633 49.983 5149100
16.633 49.967 5149100
16.625 49.967 5149100
16.625 49.958 5149100
16.567 49.958 5149100
16.567 49.967 5149100
16.542 49.967 5149100
16.542 49.958 5149100
16.533 49.958 5149100
16.533 49.950 5149100
16.517 49.950 5149100
16.517 49.942 5149100
16.500 49.942 5149100
16.500 49.925 5149100
16.508 49.925 5149100
16.508 49.908 5149100
16.517 49.908 5149100
16.517 49.883 5149100
16.508 49.883 5149100
16.508 49.875 5149100
16.517 49.875 5149100
16.517 49.858 5149100
16.525 49.858 5149100
16.525 49.842 5149100
16.533 49.842 5149100
16.533 49.833 5149100
16.550 49.833 5149100
16.550 49.825 5149100
16.558 49.825 5149100
16.558 49.792 5149100
16.567 49.792 5149100
16.567 49.775 5149100
16.575 49.775 5149100
16.575 49.758 5149100
16.567 49.758 5149100
16.567 49.750 5149100
16.492 49.750 5149100
16.492 49.783 5149100
16.475 49.783 5149100
16.475 49.792 5149100
16.425 49.792 5149100
16.425 49.800 5149100
16.408 49.800 5149100
16.408 49.775 5149100
16.400 49.775 5149100
16.400 49.767 5149100
16.392 49.767 5149100
16.392 49.750 5149100
16.383 49.750 5149100
16.383 49.733 5149100
16.375 49.733 5149100
16.375 49.717 5149100
16.367 49.717 5149100
16.367 49.708 5149100
16.350 49.708 5149100
16.350 49.717 5149100
16.342 49.717 5149100
16.342 49.725 5149100
16.308 49.725 5149100
16.308 49.733 5149100
16.250 49.733 5149100
16.250 49.725 5149100
16.225 49.725 5149100
16.225 49.733 5149100
16.208 49.733 5149100
16.208 49.742 5149100
16.192 49.742 5149100
16.192 49.750 5149100
16.175 49.750 5149100
16.175 49.758 5149100
16.158 49.758 5149100
16.158 49.767 5149100
16.133 49.767 5149100
16.133 49.758 5149100
16.117 49.758 5149100
16.117 49.742 5149100
16.108 49.742 5149100
16.108 49.733 5149100
16.100 49.733 5149100
16.100 49.725 5149100
16.083 49.725 5149100
16.083 49.717 5149100
16.075 49.717 5149100
16.075 49.725 5149100
16.067 49.725 5149100
16.067 49.733 5149100
16.042 49.733 5149100
16.042 49.742 5149100
16.025 49.742 5149100
16.025 49.733 5149100
16.017 49.733 5149100
16.017 49.725 5149100
16.008 49.725 5149100
16.008 49.717 5149100
16.000 49.717 5149100
16.000 49.708 5149100
15.992 49.708 5149100
15.992 49.700 5149100
15.958 49.700 5149100
15.958 49.692 5149100
15.967 49.692 5149100
15.967 49.675 5149100
15.958 49.675 5149100
15.958 49.667 5149100
15.950 49.667 5149100
15.950 49.658 5149100
15.992 49.658 5149100
15.992 49.650 5149100
16.008 49.650 5149100
16.008 49.642 5149100
16.017 49.642 5149100
16.017 49.625 5149100
16.025 49.625 5149100
16.025 49.608 5149100
16.033 49.608 5149100
16.033 49.583 5149100
16.025 49.583 5149100
16.025 49.575 5149100
16.017 49.575 5149100
16.017 49.558 5149100
16.008 49.558 5149100
16.008 49.550 5149100
15.950 49.550 5149100
15.950 49.542 5149100
15.900 49.542 5149100
15.900 49.550 5149100
15.875 49.550 5149100
15.875 49.533 5149100
15.867 49.533 5149100
15.867 49.525 5149100
15.850 49.525 5149100
15.850 49.500 5149100
15.842 49.500 5149100
15.842 49.492 5149100
15.825 49.492 5149100
15.825 49.483 5149100
15.817 49.483 5149100
15.817 49.467 5149100
15.808 49.467 5149100
15.808 49.458 5149100
15.800 49.458 5149100
15.800 49.450 5149100
15.792 49.450 5149100
15.792 49.433 5149100
15.775 49.433 5149100
15.775 49.425 5149100
15.767 49.425 5149100
15.767 49.408 5149100
15.775 49.408 5149100
15.775 49.400 5149100
15.767 49.400 5149100
15.767 49.392 5149100
15.758 49.392 5149100
15.758 49.400 5149100
15.717 49.400 5149100
15.717 49.408 5149100
15.708 49.408 5149100
15.708 49.417 5149100
15.700 49.417 5149100
15.700 49.425 5149100
15.692 49.425 5149100
15.692 49.433 5149100
15.675 49.433 5149100
15.675 49.417 5149100
15.650 49.417 5149100
15.650 49.425 5149100
15.600 49.425 5149100
15.600 49.433 5149100
15.583 49.433 5149100
15.583 49.442 5149100
15.567 49.442 5149100
15.567 49.467 5149100
15.558 49.467 5149100
15.558 49.483 5149100
15.492 49.483 5149100
15.492 49.475 5149100
15.450 49.475 5149100
15.450 49.467 5149100
15.442 49.467 5149100
15.442 49.458 5149100
15.433 49.458 5149100
15.433 49.450 5149100
15.417 49.450 5149100
15.417 49.442 5149100
15.408 49.442 5149100
15.408 49.425 5149100
15.400 49.425 5149100
15.400 49.408 5149100
15.342 49.408 5149100
15.342 49.400 5149100
15.325 49.400 5149100
15.325 49.383 5149100
15.317 49.383 5149100
15.317 49.367 5149100
15.308 49.367 5149100
15.308 49.358 5149100
15.300 49.358 5149100
15.300 49.350 5149100
15.292 49.350 5149100
15.292 49.342 5149100
15.283 49.342 5149100
15.283 49.317 5149100
15.275 49.317 5149100
15.275 49.308 5149100
15.267 49.308 5149100
15.267 49.292 5149100
15.275 49.292 5149100
15.275 49.275 5149100
15.283 49.275 5149100
15.283 49.267 5149100
15.342 49.267 5149100
15.342 49.225 5149100
15.333 49.225 5149100
15.333 49.217 5149100
15.325 49.217 5149100
15.325 49.200 5149100
15.317 49.200 5149100
15.317 49.192 5149100
15.308 49.192 5149100
15.308 49.175 5149100
15.317 49.175 5149100
15.317 49.167 5149100
15.308 49.167 5149100
15.308 49.158 5149100
15.300 49.158 5149100
15.300 49.150 5149100
15.292 49.150 5149100
15.292 49.142 5149100
15.283 49.142 5149100
15.283 49.133 5149100
15.275 49.133 5149100
15.275 49.125 5149100
15.258 49.125 5149100
15.258 49.117 5149100
15.250 49.117 5149100
15.250 49.108 5149100
15.242 49.108 5149100
15.242 49.083 5149100
15.233 49.083 5149100
15.233 49.058 5149100
15.225 49.058 5149100
15.225 49.050 5149100
15.208 49.050 5149100
15.208 49.033 5149100
15.200 49.033 5149100
15.200 49.025 5149100
15.183 49.025 5149100
15.183 48.992 5149100
15.192 48.992 5149100
15.192 48.983 5149100
15.208 48.983 5149100
15.208 48.950 5149100
15.200 48.950 5149100
15.200 48.933 5149100
15.183 48.933 5149100
15.183 48.917 5149100
15.175 48.917 5149100
15.175 48.883 5149100
15.167 48.883 5149100
15.167 48.842 5149100
15.158 48.842 5149100
15.158 48.833 5149100
15.167 48.833 5149100
15.167 48.800 5149100
15.158 48.800 5149100
15.158 48.792 5149100
15.150 48.792 5149100
15.150 48.783 5149100
15.142 48.783 5149100
15.142 48.767 5149100
15.125 48.767 5149100
15.125 48.758 5149100
15.117 48.758 5149100
15.117 48.733 5149100
15.108 48.733 5149100
15.108 48.717 5149100
15.075 48.717 5149100
15.075 48.708 5149100
15.067 48.708 5149100
15.067 48.700 5149100
15.050 48.700 5149100
15.050 48.692 5149100
15.042 48.692 5149100
15.042 48.675 5149100
15.033 48.675 5149100
15.033 48.667 5149100
15.025 48.667 5149100
15.025 48.675 5149100
15.000 48.675 5149100
15.000 48.683 5149100
14.983 48.683 5149100
14.983 48.667 5149100
14.942 48.667 5149100
14.942 48.650 5149100
14.925 48.650 5149100
14.925 48.658 5149100
14.908 48.658 5149100
14.908 48.642 5149100
14.892 48.642 5149100
14.892 48.625 5149100
14.883 48.625 5149100
14.883 48.608 5149100
14.867 48.608 5149100
14.867 48.600 5149100
14.858 48.600 5149100
14.858 48.592 5149100
14.817 48.592 5149100
14.817 48.583 5149100
14.800 48.583 5149100
14.800 48.592 5149100
14.783 48.592 5149100
14.783 48.600 5149100
14.767 48.600 5149100
14.767 48.592 5149100
14.733 48.592 5149100
14.733 48.600 5149100
14.725 48.600 5149100
14.725 48.592 5149100
14.717 48.592 5149100
14.717 48.583 5149100
14.700 48.583 5149100
14.700 48.575 5149100
14.683 48.575 5149100
14.683 48.583 5149100
14.667 48.583 5149100
14.667 48.575 5149100
14.658 48.575 5149100
14.658 48.567 5149100
14.642 48.567 5149100
14.642 48.558 5149100
14.625 48.558 5149100
14.625 48.542 5149100
14.600 48.542 5149100
14.600 48.533 5149100
14.575 48.533 5149100
14.575 48.542 5149100
14.550 48.542 5149100
14.550 48.575 5149100
14.542 48.575 5149100
14.542 48.592 5149100
14.508 48.592 5149100
14.508 48.600 5149100
14.483 48.600 5149100
14.483 48.592 5149100
14.475 48.592 5149100
14.475 48.600 5149100
14.458 48.600 5149100
14.458 48.575 5149100
14.450 48.575 5149100
14.450 48.567 5149100
14.433 48.567 5149100
14.433 48.542 5149100
14.408 48.542 5149100
14.408 48.533 5149100
14.400 48.533 5149100
14.400 48.508 5149100
14.383 48.508 5149100
14.383 48.483 5149100
14.367 48.483 5149100
14.367 48.492 5149100
14.350 48.492 5149100
14.350 48.500 5149100
14.342 48.500 5149100
14.342 48.533 5149100
14.325 48.533 5149100
14.325 48.550 5149100
14.300 48.550 5149100
14.300 48.558 5149100
14.292 48.558 5149100
14.292 48.567 5149100
14.283 48.567 5149100
14.283 48.558 5149100
14.258 48.558 5149100
14.258 48.567 5149100
14.242 48.567 5149100
14.242 48.583 5149100
14.225 48.583 5149100
14.225 48.592 5149100
14.217 48.592 5149100
14.217 48.600 5149100
14.208 48.600 5149100
14.208 48.608 5149100
14.183 48.608 5149100
14.183 48.617 5149100
14.167 48.617 5149100
14.167 48.625 5149100
14.142 48.625 5149100
14.142 48.633 5149100
14.133 48.633 5149100
14.133 48.642 5149100
14.125 48.642 5149100
14.125 48.633 5149100
14.117 48.633 5149100
14.117 48.642 5149100
14.050 48.642 5149100
14.050 48.650 5149100
14.033 48.650 5149100
14.033 48.658 5149100
14.017 48.658 5149100
14.017 48.667 5149100
14.000 48.667 5149100
14.000 48.675 5149100
13.983 48.675 5149100
13.983 48.683 5149100
13.975 48.683 5149100
13.975 48.692 5149100
13.967 48.692 5149100
13.967 48.700 5149100
13.950 48.700 5149100
13.950 48.725 5149100
13.942 48.725 5149100
13.942 48.733 5149100
13.933 48.733 5149100
13.933 48.742 5149100
13.917 48.742 5149100
13.917 48.750 5149100
13.900 48.750 5149100
13.900 48.758 5149100
13.892 48.758 5149100
13.892 48.767 5149100
13.850 48.767 5149100
13.850 48.775 5149100
13.808 48.775 5149100
13.808 48.783 5149100
13.792 48.783 5149100
13.792 48.792 5149100
13.750 48.792 5149100
13.750 48.800 5149100
13.725 48.800 5149100
13.725 48.808 5149100
13.692 48.808 5149100
13.692 48.817 5149100
13.683 48.817 5149100
13.683 48.833 5149100
13.692 48.833 5149100
13.692 48.850 5149100
13.683 48.850 5149100
13.683 48.858 5149100
13.675 48.858 5149100
13.675 48.867 5149100
13.658 48.867 5149100
13.658 48.875 5149100
13.650 48.875 5149100
13.650 48.892 5149100
13.642 48.892 5149100
13.642 48.900 5149100
13.633 48.900 5149100
13.633 48.908 5149100
13.642 48.908 5149100
13.642 48.942 5149100
13.633 48.942 5149100
13.633 48.950 5149100
13.617 48.950 5149100
13.617 48.958 5149100
13.608 48.958 5149100
13.608 48.967 5149100
13.600 48.967 5149100
13.600 48.975 5149100
13.542 48.975 5149100
13.542 48.983 5149100
13.533 48.983 5149100
13.533 48.975 5149100
13.525 48.975 5149100
13.525 48.967 5149100
13.508 48.967 5149100
13.508 48.950 5149100
13.475 48.950 5149100
13.475 48.958 5149100
13.467 48.958 5149100
13.467 48.967 5149100
13.458 48.967 5149100
13.458 48.975 5149100
13.433 48.975 5149100
13.433 48.983 5149100
13.425 48.983 5149100
13.425 48.992 5149100
13.417 48.992 5149100
13.417 49.008 5149100
13.408 49.008 5149100
13.408 49.025 5149100
13.400 49.025 5149100
13.400 49.058 5149100
13.383 49.058 5149100
13.383 49.050 5149100
13.358 49.050 5149100
13.358 49.058 5149100
13.342 49.058 5149100
13.342 49.067 5149100
13.333 49.067 5149100
13.333 49.092 5149100
13.325 49.092 5149100
13.325 49.100 5149100
13.317 49.100 5149100
13.317 49.108 5149100
13.308 49.108 5149100
13.308 49.117 5149100
13.300 49.117 5149100
13.300 49.133 5149100
13.283 49.133 5149100
13.283 49.183 5149100
13.275 49.183 5149100
13.275 49.192 5149100
13.258 49.192 5149100
13.258 49.183 5149100
13.250 49.183 5149100
13.250 49.175 5149100
13.192 49.175 5149100
13.192 49.167 5149100
13.183 49.167 5149100
13.183 49.175 5149100
13.158 49.175 5149100
13.158 49.183 5149100
13.142 49.183 5149100
13.142 49.192 5149100
13.125 49.192 5149100
13.125 49.200 5149100
13.108 49.200 5149100
13.108 49.217 5149100
13.100 49.217 5149100
13.100 49.225 5149100
13.092 49.225 5149100
13.092 49.233 5149100
13.042 49.233 5149100
13.042 49.292 5149100
13.050 49.292 5149100
13.050 49.300 5149100
13.067 49.300 5149100
13.067 49.325 5149100
13.075 49.325 5149100
13.075 49.358 5149100
13.050 49.358 5149100
13.050 49.367 5149100
13.000 49.367 5149100
13.000 49.375 5149100
12.975 49.375 5149100
12.975 49.383 5149100
12.900 49.383 5149100
12.900 49.375 5149100
12.867 49.375 5149100
12.867 49.383 5149100
12.858 49.383 5149100
12.858 49.392 5149100
12.833 49.392 5149100
12.833 49.383 5149100
12.783 49.383 5149100
12.783 49.425 5149100
12.775 49.425 5149100
12.775 49.433 5149100
12.767 49.433 5149100
12.767 49.442 5149100
12.758 49.442 5149100
12.758 49.458 5149100
12.750 49.458 5149100
12.750 49.467 5149100
12.733 49.467 5149100
12.733 49.475 5149100
12.717 49.475 5149100
12.717 49.483 5149100
12.708 49.483 5149100
12.708 49.492 5149100
12.675 49.492 5149100
12.675 49.483 5149100
12.658 49.483 5149100
12.658 49.508 5149100
12.650 49.508 5149100
12.650 49.525 5149100
12.633 49.525 5149100
12.633 49.542 5149100
12.625 49.542 5149100
12.625 49.592 5149100
12.650 49.592 5149100
12.650 49.600 5149100
12.658 49.600 5149100
12.658 49.633 5149100
12.667 49.633 5149100
12.667 49.667 5149100
12.675 49.667 5149100
12.675 49.675 5149100
12.667 49.675 5149100
12.667 49.683 5149100
12.650 49.683 5149100
12.650 49.692 5149100
12.642 49.692 5149100
12.642 49.700 5149100
12.633 49.700 5149100
12.633 49.708 5149100
12.625 49.708 5149100
12.625 49.717 5149100
12.600 49.717 5149100
12.600 49.733 5149100
12.583 49.733 5149100
12.583 49.742 5149100
12.575 49.742 5149100
12.575 49.750 5149100
12.558 49.750 5149100
12.558 49.742 5149100
12.492 49.742 5149100
12.492 49.758 5149100
12.483 49.758 5149100
12.483 49.767 5149100
12.467 49.767 5149100
12.467 49.775 5149100
12.458 49.775 5149100
12.458 49.783 5149100
12.467 49.783 5149100
12.467 49.808 5149100
12.475 49.808 5149100
12.475 49.825 5149100
12.467 49.825 5149100
12.467 49.833 5149100
12.458 49.833 5149100
12.458 49.850 5149100
12.425 49.850 5149100
12.425 49.858 5149100
12.417 49.858 5149100
12.417 49.867 5149100
12.400 49.867 5149100
12.400 49.875 5149100
12.392 49.875 5149100
12.392 49.883 5149100
12.367 49.883 5149100
12.367 49.892 5149100
12.358 49.892 5149100
12.358 49.900 5149100
12.333 49.900 5149100
12.333 49.908 5149100
12.308 49.908 5149100
12.308 49.917 5149100
12.275 49.917 5149100
12.275 49.925 5149100
12.258 49.925 5149100
12.258 49.933 5149100
12.233 49.933 5149100
12.233 49.925 5149100
12.200 49.925 5149100
12.200 49.933 5149100
12.183 49.933 5149100
12.183 49.950 5149100
12.175 49.950 5149100
12.175 49.958 5149100
12.158 49.958 5149100
12.158 49.950 5149100
12.125 49.950 5149100
12.125 49.942 5149100
12.117 49.942 5149100
12.117 49.933 5149100
12.108 49.933 5149100
12.108 49.925 5149100
12.075 49.925 5149100
12.075 49.917 5149100
12.058 49.917 5149100
12.058 49.908 5149100
12.033 49.908 5149100
12.033 49.925 5149100
12.025 49.925 5149100
12.025 49.950 5149100
12.017 49.950 5149100
12.017 49.958 5149100
12.008 49.958 5149100
12.008 49.967 5149100
12.000 49.967 5149100
12.000 49.975 5149100
11.992 49.975 5149100
11.992 49.983 5149100
11.983 49.983 5149100
11.983 49.992 5149100
11.933 49.992 5149100
11.933 50.000 5149100
11.900 50.000 5149100
11.900 50.008 5149100
11.892 50.008 5149100
11.892 50.017 5149100
11.883 50.017 5149100
11.883 50.033 5149100
11.867 50.033 5149100
