# RBD_F1v3.0 river basin ES ES Tenerife (TENERIFE)
# data from <a href="http://www.eea.europa.eu/data-and-maps/data/wise-Basin-basin-districts-rbds">EEA</a>
-16.94411700049897 28.346769249516679
-16.942743321730397 28.349220755791308
-16.942680440938446 28.349925513478073
-16.942697284372983 28.350579504633519
-16.942644566561928 28.351072056630485
-16.94259966778149 28.351731439111486
-16.94259319287422 28.353249797461906
-16.94189788417227 28.357512199230872
-16.941658517427374 28.357926193212737
-16.941400291693093 28.358538980390058
-16.939405178647899 28.362819868638358
-16.937947941175203 28.364724320210573
-16.937640713541683 28.365256583374777
-16.937280667245776 28.365654238326979
-16.93676113124107 28.366047389372685
-16.934800967954406 28.367807802714051
-16.933822963612048 28.369010574624685
-16.933386878510479 28.369339362828846
-16.932775179445354 28.370401573356176
-16.932392867314789 28.370716060657291
-16.929270320788092 28.37346745047688
-16.926750686959409 28.374964955584272
-16.926227047403806 28.37517088105869
-16.925530782019486 28.375546185571874
-16.924962893545917 28.375818154933743
-16.923667297345691 28.376172584412014
-16.922681540130377 28.376443672572321
-16.920693739905396 28.377065017346041
-16.920198973689157 28.377414895738553
-16.914150138072603 28.379191954878628
-16.913598838037931 28.379404989760754
-16.908771317986233 28.38079017176101
-16.907091734747659 28.381271646430648
-16.903358813960079 28.381323825041147
-16.898887874905142 28.381187657034744
-16.897665161344062 28.381606252041326
-16.895394816788663 28.383334348499197
-16.891365238005562 28.384895075121257
-16.888302566796323 28.385476725131124
-16.887782416549957 28.385626058516905
-16.887191805406594 28.385631981498296
-16.886497903653503 28.385639332284573
-16.885910735555061 28.386272370442001
-16.883437216063772 28.388456543899331
-16.882832159831441 28.388990552948638
-16.880894183228371 28.390149826918975
-16.880436282568443 28.390476498091022
-16.87990708502646 28.390747751768306
-16.872907412926853 28.392788808715508
-16.87070036462956 28.39290034102067
-16.870123113472754 28.393106793243668
-16.869570514407354 28.393436984829449
-16.869127818905081 28.393824322726037
-16.86696115740634 28.396051379075935
-16.866390947791825 28.396442711865696
-16.865134362115977 28.39757664410163
-16.864532895486541 28.398415087233126
-16.862598832902219 28.400266653471803
-16.858743399829084 28.402798664657535
-16.857161106725297 28.403251142151156
-16.855895084328264 28.403780509096393
-16.855407670575239 28.403949581284149
-16.852390062892013 28.404617817624402
-16.851883554395155 28.404762320291237
-16.851291584245796 28.404926031482066
-16.850617472562998 28.405336761876939
-16.849224454617172 28.405958034700092
-16.843520977498212 28.407393460395532
-16.842843710889362 28.40736652801575
-16.842300833053351 28.407484415816324
-16.841685252555461 28.407704805908544
-16.840022826481597 28.408004760683053
-16.83920974879176 28.40829548777959
-16.834450511327521 28.409977233200198
-16.833055507444186 28.410223871175628
-16.434612032286914 28.530173098392531
-16.434208451801766 28.530863255927454
-16.432512856811339 28.532505633142851
-16.428635498632492 28.535037345435466
-16.427535141480448 28.535441496422568
-16.425909472986667 28.537570408693181
-16.420297890345349 28.54179646832916
-16.419806693510179 28.541952770834747
-16.419066423607926 28.54263737851355
-16.418324107192941 28.543146016247949
-16.417714815172779 28.544036823931201
-16.415363762710182 28.545841516132491
-16.414244732490879 28.547419005093971
-16.413583973790193 28.548299049412829
-16.413182844622323 28.548984608693225
-16.412818038312235 28.549532159211534
-16.410731197818148 28.551092608157237
-16.410359884341432 28.551416851208668
-16.408744358655493 28.552911457804306
-16.406230097848788 28.554503347516842
-16.405114246568889 28.555338426130351
-16.404390349314106 28.555609895029662
-16.402895324776797 28.556169102117746
-16.401164737810408 28.557141360578441
-16.400221907436748 28.557791859193316
-16.397424560308885 28.56009948425968
-16.396157882155901 28.560807437881255
-16.39563767076497 28.561207629158101
-16.395163095027915 28.561447155448342
-16.393670699487704 28.561925011408846
-16.388043044412857 28.563514647391891
-16.386799014159834 28.563423570706071
-16.385886557349217 28.563757786276007
-16.382602405791641 28.564357585577575
-16.381500035804574 28.564547049582252
-16.380887603664821 28.564569072646872
-16.380369876545345 28.5645901306188
-16.379178606527319 28.56463833540116
-16.378235461201768 28.564568942339172
-16.377687685037241 28.564527120071027
-16.373320270113581 28.564359271930755
-16.372308817937764 28.564146127753563
-16.370530956769613 28.564238539864952
-16.370025458970197 28.564340660101216
-16.368084673360055 28.565224376128597
-16.364088670614606 28.568209002645379
-16.357969990280754 28.570061811603438
-16.357381864021605 28.570101536533212
-16.356448767105736 28.570320694415731
-16.354769089162524 28.571316685658324
-16.353957347998854 28.571545896860449
-16.353952980830449 28.572078420194714
-16.353237280359313 28.576232576020836
-16.351559578041556 28.579105724466373
-16.348203451296666 28.585016676183656
-16.347208484690864 28.585883936475472
-16.346018351399042 28.587560869859505
-16.345434802647006 28.588056266490305
-16.344969375351464 28.588631714832641
-16.340231185132144 28.591941153183082
-16.33638417050706 28.593025999894262
-16.335652609352721 28.593294929978335
-16.334861960075077 28.593465160663868
-16.334059210206334 28.593917539995672
-16.330036206723047 28.595369456533671
-16.329528643092193 28.595494012670418
-16.326658482649417 28.595984638838104
-16.325725136324554 28.596054680248574
-16.32364819137597 28.59619002514005
-16.322958858271718 28.596199004067657
-16.32234569985328 28.596128266864579
-16.321078385857902 28.596145123120049
-16.319116497071867 28.595866379984322
-16.160996931516493 28.610761338250299
-16.153889412796616 28.610208246008458
-16.149828794815516 28.608692605935154
-16.123564790005965 28.59543536324259
-16.121356426677409 28.594111087303549
-16.116531508600239 28.58915074296393
-16.115008048669949 28.584914511832949
-16.114313466032758 28.584559195491401
-16.109648651467189 28.579671730945989
-16.107458624858609 28.573579332621744
-16.107603984517514 28.572082165574912
-16.107348280241265 28.571262927741323
-16.103953582798216 28.567705171312411
-16.101764392527596 28.561612653099377
-16.101724328898513 28.561078214649061
-16.101670318667782 28.560561939653148
-16.101729807148526 28.56010792259702
-16.101553604029849 28.559522690602453
-16.101512076767452 28.559008570788766
-16.101359791440352 28.558511144011412
-16.101311717268292 28.558035435990245
-16.101166276610009 28.55576894304135
-16.101694246193702 28.549058668572847
-16.101854496524165 28.548588039940832
-16.102398745134892 28.547462198166848
-16.102445702850392 28.546978949300367
-16.105963096268912 28.540979952212428
-16.106326092116714 28.540665615542213
-16.108165532772013 28.539206537057716
-16.107127684201455 28.53662691264973
-16.106718912787006 28.534574667182394
-16.10733747292899 28.528206594374652
-16.110668101725349 28.522531662953533
-16.111221701224697 28.522120987846257
-16.111500853036684 28.521683221044171
-16.347311836694981 28.294599696341308
-16.348228480527666 28.29369262338825
-16.349377593236127 28.292573407804088
-16.350616354605055 28.291123868324647
-16.35337135889025 28.288657486972888
-16.355018460340663 28.287632572586809
-16.355966849822813 28.287065845409224
-16.357856306604475 28.28396264488071
-16.360644475379257 28.281877117455622
-16.361137561416371 28.281441242966974
-16.361475944497609 28.281054292624368
-16.362611553966808 28.280147201737211
-16.363877465473045 28.277977500274506
-16.364422978956064 28.277570424090868
-16.364711417901564 28.277116273866074
-16.365155335765245 28.276687646298548
-16.365279594217068 28.275975653089915
-16.365454386871473 28.274741937017026
-16.365661121523871 28.272977658189305
-16.365713643804217 28.27242432635202
-16.365816967326268 28.271595211563412
-16.366084126769913 28.270335752171132
-16.366161717743971 28.269849860189332
-16.366437163824148 28.268791132481038
-16.366589501942467 28.267634354667209
-16.369574733379519 28.262518655252144
-16.369622724031867 28.262073671843822
-16.370001130080894 28.26041371532126
-16.370538503460331 28.259004875428499
-16.372270489510708 28.256248287220991
-16.372685292823345 28.255445373443745
-16.373273389028139 28.25470615281581
-16.374172679273098 28.253295921573169
-16.374572931170178 28.25298729097802
-16.374865288889186 28.252598514523626
-16.37589562425374 28.250841732593877
-16.37757665549378 28.249457458309191
-16.378226872705167 28.248625080780403
-16.378699294463498 28.248011103550915
-16.378885135761319 28.24744062802236
-16.379805484208816 28.245077966812314
-16.380186803005774 28.244464902683191
-16.380592544262075 28.243671083544761
-16.380908329171707 28.243176010273245
-16.381161984680087 28.242679306962554
-16.38172518419525 28.241834254383352
-16.382450775672364 28.24034449700606
-16.384034344532019 28.238275199911314
-16.38450581645299 28.236408934958732
-16.385624690633264 28.23449098604172
-16.385845649845464 28.233981067866054
-16.386155722301147 28.233454451226429
-16.386958858009059 28.231887169848971
-16.387642360428661 28.231031849279272
-16.388331048678946 28.229901197441748
-16.388698066967589 28.229531942393379
-16.389657025212401 28.228813711165127
-16.389933021739651 28.228400250628155
-16.390149177385386 28.227915194208013
-16.390771921286145 28.226527976117218
-16.390984919654528 28.224497346467164
-16.391094242884229 28.223350005605504
-16.391703006271918 28.219609543693057
-16.393190192930444 28.216381358720021
-16.395081301747989 28.213823693610866
-16.395667670481565 28.213384495266155
-16.396279297371674 28.212843500616955
-16.3970291314848 28.211741515875705
-16.398131966510999 28.210816431088404
-16.39901535188989 28.209300159073059
-16.399479151969473 28.208828352428068
-16.400003436981081 28.208295003901458
-16.401365761932695 28.205959272834491
-16.402666047594995 28.204984748867524
-16.402978368472159 28.2045573528905
-16.403541015696987 28.203831808675474
-16.403830911011134 28.20332115595231
-16.40411235488294 28.202700027885836
-16.403268452010956 28.200355298979982
-16.403449573399044 28.195599294869059
-16.403891655968632 28.193909262500611
-16.404242355673084 28.193059532065412
-16.404377608863772 28.192045039400355
-16.404413069840363 28.191433202200962
-16.404639257043026 28.190081578540685
-16.404954048936634 28.189189343870925
-16.406754812655713 28.185463658897724
-16.407717414591289 28.184199232196498
-16.407480154263983 28.18172192944407
-16.407910581246309 28.179052743183171
-16.407976072802764 28.178086346451863
-16.408146875336278 28.17765136944239
-16.408267182368476 28.177079272676718
-16.409024154230281 28.175358910811735
-16.40802361467804 28.173085757678106
-16.407661864238634 28.17138140693217
-16.407507886773431 28.170620336950613
-16.407386859115867 28.169786725628317
-16.407333911701262 28.169315688818326
-16.407847672920276 28.164662296844739
-16.407945776993888 28.163573720238972
-16.408219950918365 28.162977478941361
-16.408341283703876 28.162509164411492
-16.408908743024543 28.160407166060725
-16.409671485684981 28.159002631353399
-16.408730251916786 28.156385896677062
-16.407831711034174 28.154256091043489
-16.40766618864388 28.153425190247553
-16.407535614429673 28.152894028149905
-16.407485141439103 28.152441015752338
-16.407553372804774 28.151039108847616
-16.407619925910961 28.148425547136764
-16.408026919287106 28.14675842148727
-16.408091855674233 28.146078586409992
-16.408371336375389 28.145355933211718
-16.409752545346244 28.142126406742445
-16.410788738242609 28.140680694996217
-16.411098221659547 28.140052495222704
-16.411494725708518 28.139473038662263
-16.412783025726174 28.137832926086723
-16.413091108538897 28.137475500695569
-16.413812582919999 28.13632408371101
-16.414163787099728 28.135943647748618
-16.414914217092285 28.135157457756488
-16.41535762300639 28.134396997532839
-16.41692207574442 28.133006710955829
-16.417331392100444 28.132510592129197
-16.418034291086563 28.131984360115197
-16.418630881717299 28.1311049740752
-16.418997537612167 28.130764980962635
-16.420317369968899 28.129675029755003
-16.422784350706042 28.127639032036864
-16.424517647597511 28.126677877378082
-16.425001839080274 28.126447211244113
-16.427383561949927 28.125565024240007
-16.427804446425839 28.12484311806142
-16.432445702519193 28.121173256590065
-16.433020156853825 28.120939362824235
-16.43353922319881 28.120595484326042
-16.434966656045017 28.119005615437128
-16.435850108275762 28.118195360723746
-16.436183998952242 28.11781505267906
-16.437379656109496 28.116789421106343
-16.437998773724669 28.116376787661153
-16.438700539675324 28.115769236264263
-16.439177904776393 28.11541449276681
-16.439951468779231 28.114860334636266
-16.440428807736758 28.11444466554584
-16.441698195049632 28.113479145816196
-16.443470574006689 28.112187920035296
-16.443936276787412 28.111997998027377
-16.444382454847165 28.109685041520216
-16.447687050810778 28.104013819229671
-16.448899472897622 28.102065063475955
-16.449368339142133 28.101629146674913
-16.449771157070899 28.101130748274972
-16.450297070757056 28.100739353283267
-16.450773981759436 28.100287552078711
-16.451169523095476 28.099958453808863
-16.452615766772325 28.099013531840487
-16.455193268415279 28.097097650868559
-16.456840533146174 28.096382959063053
-16.458039313113737 28.095691064262635
-16.458966091757588 28.09450113947727
-16.459271815453842 28.094118820426495
-16.460042402346442 28.093539766394457
-16.46040350202653 28.093066601824031
-16.460732500403612 28.092501267499131
-16.461102814973817 28.092028002813969
-16.461588808200844 28.091618940125233
-16.46195682935987 28.091141185364645
-16.462443611268096 28.090556115603672
-16.463512990360385 28.089698583890197
-16.464676291734364 28.087865294287816
-16.465600621370871 28.086165416037247
-16.46594040638422 28.085742105169118
-16.466375831527085 28.085324541110882
-16.46770517342911 28.084003903310624
-16.468083682549885 28.083623043619184
-16.468719304227253 28.083031849117202
-16.469025853803764 28.082644988285889
-16.469631381015038 28.082063135426107
-16.473249880500695 28.079546873560691
-16.473566690679835 28.077851206485022
-16.473804878231668 28.077257484758366
-16.473980389249483 28.076253777639671
-16.474500089692338 28.075131301101194
-16.474809307265151 28.074220925266566
-16.475255827254234 28.073259433148866
-16.476125010948305 28.071384084922325
-16.478054243573766 28.068761753893245
-16.47848025523686 28.068303640627715
-16.483689745581611 28.06449739566154
-16.484215591956701 28.064250283583384
-16.485979710188602 28.063748348594569
-16.486937150955836 28.063361174993339
-16.488747782570169 28.062752653132964
-16.489317816975287 28.06264493737536
-16.490248644598864 28.060525151698894
-16.492428539136228 28.057455407756422
-16.493382811911214 28.056741055167532
-16.494144421511429 28.056073918227696
-16.499018847012238 28.052225633402809
-16.501349429566766 28.049059345697845
-16.505614361671022 28.045862812427295
-16.507577506518818 28.043133669429579
-16.508167589051325 28.042660129582266
-16.508491681238183 28.042295557153842
-16.509894164341919 28.041244490095053
-16.511056309737622 28.040148669239315
-16.511562502611056 28.039793368209047
-16.512158586195394 28.039331028086711
-16.512747437946697 28.038988352090001
-16.513892550679969 28.037973924078536
-16.514721362992599 28.037459369950504
-16.515270185799885 28.037062972504227
-16.515789533798511 28.036775201655214
-16.516536427123899 28.035338695036518
-16.51754463608669 28.033985041443248
-16.518364877174751 28.032432641937831
-16.518689093970583 28.032092865258598
-16.519058066074109 28.03155629012117
-16.519397565642649 28.031196034569152
-16.520257362786975 28.030347167857013
-16.522293661635359 28.02893246604501
-16.522404077972443 28.028308491814141
-16.52275043533103 28.027126843915852
-16.523080191408624 28.026324444957805
-16.523640411587991 28.024813254805668
-16.52390684954727 28.024322931523162
-16.524268590054437 28.023434434077174
-16.524928467532281 28.022423042952806
-16.525716044188552 28.020742353623845
-16.527643767277063 28.018126151624514
-16.530328757218072 28.015702312517959
-16.531202535488461 28.015137523948169
-16.533123588747515 28.013547960061391
-16.53505036791783 28.011951537555607
-16.535653283978096 28.011484511303994
-16.537005950167011 28.010742857460944
-16.544286471148947 28.008580944538977
-16.545691524534398 28.008499725709374
-16.54629321240758 28.00844106574699
-16.54680775592627 28.008444303930428
-16.547900200097775 28.008447806037598
-16.550623652975911 28.008459994045953
-16.551836692842173 28.008662918632634
-16.553706949107198 28.009000556913417
-16.554487695799388 28.009239929826219
-16.555475405305994 28.00954013446481
-16.556440637019747 28.010000785510933
-16.558691176515122 28.010880081358234
-16.559126971555006 28.011118824247905
-16.559808823084442 28.011539793314764
-16.562385862339237 28.012853048869118
-16.562884029343167 28.01276616012446
-16.564623055610308 28.012394396246854
-16.568810380893051 28.012396324108039
-16.569365190661159 28.012457683011565
-16.572058906854728 28.012954890301653
-16.573160816686023 28.013301042067379
-16.574303953936642 28.012963048922224
-16.574916869317981 28.012922185536109
-16.576674422933209 28.012789226798322
-16.57771645538126 28.012492978634938
-16.579292054298119 28.012610269454072
-16.579869967820155 28.012544966589466
-16.583476485096465 28.012751674811305
-16.58523049056798 28.0122689206639
-16.586095356994235 28.011985933138675
-16.586727367094493 28.011795880313858
-16.587238844623052 28.011697468466533
-16.587893648533868 28.011480070989172
-16.589817018700604 28.011193859088831
-16.590966007063845 28.011259539998886
-16.593119314196031 28.01138578136111
-16.593936834421005 28.010943096054316
-16.595442352266662 28.009874197864505
-16.596126373238814 28.009678986563777
-16.596713290134211 28.009288600287967
-16.597238118966288 28.009138101680279
-16.598049274848933 28.00868644190701
-16.598816636401573 28.008368408042525
-16.599436362560468 28.008124289969157
-16.599939180109722 28.008001113048184
-16.601060206669395 28.007563880564273
-16.603092873102238 28.007122783311701
-16.603546380401792 28.006835458766666
-16.604157307976077 28.006535013770023
-16.604632036175012 28.006382815840986
-16.607444719318078 28.005582825463659
-16.608196451188007 28.005210772894454
-16.608758500575131 28.004798064975649
-16.61017949796291 28.004023318503357
-16.612483418353165 28.003068986543415
-16.615283756777327 28.002431437231365
-16.615727581572006 28.001604932652395
-16.616623805404966 28.000123296526656
-16.616889304365984 27.999623790149304
-16.617274673862394 27.999204100917865
-16.618277057119442 27.998461271852836
-16.619410886775736 27.997382956174093
-16.619925698630482 27.997036193474734
-16.621169449885638 27.995958825817166
-16.62267649220211 27.995076895026472
-16.623118295488375 27.994821234136388
-16.623611065020174 27.99454240734752
-16.624083395858072 27.9943946844785
-16.624606750512779 27.99421702611475
-16.625911995812725 27.99366460726846
-16.627104567188596 27.993375238829749
-16.627800392694752 27.99314137662606
-16.628483505908878 27.99256921944702
-16.629411492905398 27.992012208238769
-16.629796475287584 27.991698536396875
-16.630332461721704 27.991401123378584
-16.631224065089022 27.990918989201859
-16.632015188289117 27.990674952084678
-16.632467503573196 27.990360474342065
-16.634455056005539 27.989845003437189
-16.634950982668059 27.989473592037754
-16.635488385571552 27.989219012583295
-16.63762505299432 27.988618241115642
-16.640928855067937 27.987588365560256
-16.641509152616344 27.987576930576218
-16.64242085622228 27.987493848091077
-16.642978309042881 27.987390172069954
-16.643734720937871 27.98732247293248
-16.645567331016263 27.987302821777895
-16.646393898149032 27.98736738938668
-16.647220926560429 27.98738907772686
-16.648109051057776 27.987531868363231
-16.64866459432054 27.987543261823845
-16.651060527673707 27.988004140516075
-16.651824788688597 27.988326638877702
-16.652367397487723 27.988385555069058
-16.65471170075071 27.989510333677913
-16.655414710306271 27.989544744948208
-16.657623834542765 27.989565525451365
-16.664016295842373 27.987509602296392
-16.66437500546953 27.987189385754153
-16.667124996872996 27.985527063987039
-16.669252685153335 27.98395797939806
-16.669847679136502 27.983768001694717
-16.670329440744329 27.983466582625578
-16.675069189730792 27.98224924002756
-16.676245743855862 27.981948365832565
-16.67805934979884 27.981734475916138
-16.682102794331723 27.981721202607631
-16.682629019430902 27.981800506336299
-16.683206941215683 27.981802462868746
-16.683713127836135 27.981818831889044
-16.684351922890841 27.9817207629625
-16.687259613588946 27.981933324803563
-16.688728782891626 27.981982988585518
-16.689232071260307 27.982078341118623
-16.691512586368372 27.982246617821595
-16.692232708557487 27.982576200521262
-16.693152229875139 27.982704775179542
-16.694580449446306 27.982847385293891
-16.69659259781659 27.983253531831306
-16.698070935471794 27.983927961626396
-16.699095274941484 27.984003309304853
-16.700824462052982 27.984525697885591
-16.705576416269285 27.98695324919661
-16.711580307780405 27.989818560512699
-16.712472010283253 27.990554276205295
-16.713380128826749 27.991021290361857
-16.713800707727078 27.991327411615977
-16.71444716852729 27.991973663563108
-16.715289129746523 27.992746080266048
-16.716355292451269 27.993450263078451
-16.71953113789483 27.996323390590682
-16.719904454734497 27.996702281943659
-16.721795201758081 27.999164988896236
-16.722166663174022 28.000175639599316
-16.722528555487138 28.000863769408603
-16.722937705670528 28.001296351930243
-16.723391115674534 28.002443601485485
-16.723678060572674 28.002843869898321
-16.72413595833773 28.003623295210563
-16.724479828692928 28.004604953797905
-16.724819424457941 28.005227924710073
-16.726164209947637 28.009755081438904
-16.726171807382247 28.010271660499708
-16.726133883883243 28.011700324769226
-16.726157711221472 28.012607026789038
-16.7261250528442 28.013139904492416
-16.726109822440833 28.013819218351205
-16.726061286461892 28.0144425442234
-16.725808031200977 28.015510659422358
-16.725721071668914 28.015976532707835
-16.725493531108832 28.017172928751631
-16.72556321815113 28.018085822815838
-16.72556329255864 28.019137220057125
-16.725348287800806 28.020552311618641
-16.725369588266911 28.021021337843084
-16.725308016027334 28.021574884559726
-16.725195265105903 28.02211779224395
-16.725018234081084 28.023074394098057
-16.725335307921682 28.023476533195641
-16.726130309883736 28.024432212923688
-16.726414629719294 28.024902448039427
-16.727529071575297 28.028128370501594
-16.727901434141373 28.028836653884774
-16.728936812355357 28.032519309085124
-16.732260548298136 28.034726893777751
-16.73494243807621 28.035126252016852
-16.735585165025508 28.03531668173293
-16.736086454490657 28.03544797748118
-16.737100415546578 28.035775850025555
-16.739953274004272 28.037188238714975
-16.741209763425879 28.037573926736233
-16.743301995142577 28.038625862030145
-16.744602111382122 28.039103468132922
-16.748557807292755 28.041232671264058
-16.752399750944999 28.044924491231043
-16.753203944910791 28.046069400871616
-16.75363218559032 28.046700181177453
-16.755962882396094 28.052962921366213
-16.756005142431327 28.053842294580114
-16.756073734643472 28.054757430701031
-16.75607325191362 28.05525605423713
-16.756023820856399 28.055784633538664
-16.756045205209251 28.056562745584404
-16.75555667540921 28.059181655313893
-16.755428388641739 28.060570850136077
-16.754921511283225 28.061542976645562
-16.754746098614433 28.062928260239751
-16.754608453014288 28.063428636519873
-16.753865368022829 28.065303995745438
-16.753507680592868 28.066057617619482
-16.753371945758374 28.067352144987616
-16.754836779315742 28.068883430993615
-16.756428477638455 28.072269914843243
-16.757059857969303 28.074199896213912
-16.75766887318261 28.076883723905443
-16.75746132267307 28.079135792665141
-16.759667025433409 28.080339408192312
-16.760339122446094 28.080703060117102
-16.761605357599702 28.081280189725344
-16.763490952145375 28.082805969431316
-16.764151124020579 28.083566840954806
-16.765421336549469 28.083586608321124
-16.767836337461084 28.08404511278426
-16.773274063022416 28.086325893198861
-16.77370371257804 28.086715170520854
-16.774233329024156 28.086956503057166
-16.775672002422951 28.088061466965598
-16.779019113393527 28.091909998688426
-16.78122199984379 28.097979819817592
-16.781774631293143 28.098570525976001
-16.782619463115811 28.099281521857606
-16.78392016226567 28.100085857549672
-16.784663789098158 28.100425890579604
-16.785264586137512 28.101052053442821
-16.787692766308194 28.103026154827873
-16.790146896809865 28.106060261411173
-16.790406036563617 28.106774334987406
-16.793882663584462 28.109736358256889
-16.795491076609835 28.111883468412675
-16.79564540965784 28.112307859554598
-16.796030002627862 28.113074424802555
-16.79644649826075 28.114113564584645
-16.797333792243215 28.115211961780215
-16.797679355661977 28.116164036653668
-16.799713630432571 28.118544657774105
-16.800098375783861 28.118945713549625
-16.801125746918785 28.120836403948161
-16.80267337153704 28.122724760109364
-16.804239761870555 28.126025188828006
-16.804412745605006 28.126733594116772
-16.804825926329578 28.126996635552352
-16.805326932992816 28.127526999507214
-16.806810722832779 28.128813754694363
-16.808833974799789 28.131410955704812
-16.809439348594612 28.132413712316954
-16.809739426882636 28.132948966260127
-16.810029611555599 28.133482094054042
-16.81054099734969 28.134418401619904
-16.811131206556212 28.135141590698687
-16.812435037783345 28.137757256621857
-16.813493497903373 28.138862295219166
-16.814277294998067 28.141017800967507
-16.81462261103276 28.141477991073607
-16.816075403272986 28.145388911071116
-16.817414071607814 28.146481176637778
-16.820611640380644 28.15019516920831
-16.822819490891352 28.156264091602981
-16.822874481781941 28.156786777519567
-16.823288580025942 28.158146215260906
-16.823655250759199 28.158978352337581
-16.824152613941266 28.161315829569947
-16.825558475981612 28.165254316967907
-16.826275031128255 28.165492937238806
-16.826842504838449 28.16577866479102
-16.827392600866162 28.166005962092456
-16.82831505088204 28.166553167913143
-16.830544760619478 28.167565709567306
-16.833822174660536 28.170540535051966
-16.834358789714418 28.171244021466975
-16.834937017632818 28.172007861955134
-16.835230930357465 28.172419046620096
-16.8356691015744 28.173031345210401
-16.83591862770842 28.173526597862036
-16.836705809772212 28.174346287560791
-16.837901771605988 28.176654022857637
-16.838044059511908 28.177130404834635
-16.838494868934013 28.177977157844843
-16.839088563599123 28.180004182540745
-16.839551439729021 28.180485281326835
-16.843401174002775 28.184891545538228
-16.844847614039242 28.188860827262246
-16.846678238281196 28.19034998138768
-16.849600897108914 28.193820992538679
-16.849863412492301 28.194259637374284
-16.850180060200682 28.194625355364856
-16.850575060417011 28.195603667744052
-16.851701508928929 28.196560805277809
-16.853940202710444 28.199373161077883
-16.854973825033444 28.201319687504231
-16.855147603736711 28.201824949302456
-16.855374907898394 28.202286620066616
-16.855507363021168 28.202776649154632
-16.855716691508711 28.203229537671486
-16.856322505328865 28.205892514740913
-16.856198483709267 28.208073563640454
-16.857101682078653 28.210552013379179
-16.857213157090271 28.211834204717682
-16.857232371552325 28.212889785328553
-16.857177473312941 28.213452292071768
-16.857182552558857 28.21395758345594
-16.857112458258403 28.214745902897114
-16.857018034309942 28.215241264125886
-16.857715087279896 28.216813307054348
-16.858100236194382 28.217268315330674
-16.859230695253284 28.218825437147562
-16.860664591457358 28.221373348278881
-16.861728720506221 28.225250582366034
-16.86133011583852 28.229648563178774
-16.861675249672142 28.230271050786026
-16.861925145903086 28.230680508846728
-16.862257123683758 28.231131714081876
-16.86441203033781 28.236794396110493
-16.864464953131559 28.237265191362024
-16.864335458953533 28.239103387689866
-16.864379728528654 28.239955574140794
-16.864104335291984 28.241653627721941
-16.863918904921192 28.243700143449104
-16.863823293076393 28.244227107617576
-16.863170091750582 28.245589644797349
-16.862389814055479 28.247044151413981
-16.862028774751916 28.251028752872465
-16.8600931216167 28.254380530379574
-16.861094515842961 28.254953476172151
-16.862363455011479 28.255719046083808
-16.862785025614844 28.256051709859094
-16.863241267972555 28.256372620097867
-16.863636419518773 28.256687592517235
-16.865757466701872 28.259032025225991
-16.866308887148492 28.259238822498681
-16.866978403305435 28.259624488288431
-16.868242248228253 28.26009227027615
-16.870912268211445 28.261653031045107
-16.872531899373328 28.262930334083734
-16.875729361785076 28.266638288174232
-16.875918616769816 28.267077875270981
-16.876239989906928 28.267504367203244
-16.877158805706152 28.270232838583148
-16.877435150823455 28.270842685062242
-16.877667283826629 28.271356128503665
-16.878290881872026 28.272613196398513
-16.87916765084703 28.275671607808889
-16.880958930248511 28.280373353382185
-16.882617146210126 28.282317773931322
-16.882994814203563 28.283296199179183
-16.883521416172833 28.283740145276955
-16.885047324699467 28.285501362510331
-16.887067772059869 28.286651113039863
-16.887537319706457 28.286856692912338
-16.887964427157343 28.287148585260748
-16.888293836054789 28.287491460650738
-16.889895755688343 28.288443909892258
-16.890451992575375 28.288876137325634
-16.891173103381302 28.289407601569675
-16.892069328902938 28.290148701169326
-16.892514380723419 28.290544107615421
-16.893080556373924 28.291068682639629
-16.893678631000292 28.291649214278799
-16.894822536259383 28.293052386617461
-16.895564497151035 28.293849745884348
-16.896298997780903 28.294845734148034
-16.897791296378532 28.296397450553744
-16.898643025694721 28.297928727537755
-16.898831365503913 28.298415663623569
-16.8991160696084 28.298964428518591
-16.89927219763905 28.299413460739682
-16.899470812229659 28.299859644925462
-16.90029400039861 28.303126180446778
-16.900280144868265 28.304202491659456
-16.901300417442656 28.304777108577078
-16.903165220986743 28.306711602468539
-16.904454664767197 28.307467434265696
-16.90846569150597 28.311350412780936
-16.90879187161773 28.31196850994089
-16.909127598607402 28.31231800824424
-16.909543933628061 28.313085994474715
-16.910107022455932 28.313863206565266
-16.911218130704199 28.315411065086721
-16.912134109183558 28.317013534155176
-16.912406521655246 28.317776757943342
-16.91279828819453 28.318193140712506
-16.9131406055638 28.318650823679253
-16.914443892084499 28.320380949382308
-16.915415959157826 28.323036156128932
-16.916029685708374 28.323228325281807
-16.916753755629085 28.323504670302736
-16.917310147630772 28.32359160657824
-16.918893418432877 28.324365721503433
-16.919420343390446 28.3245771433938
-16.92120413014516 28.324484364737327
-16.926384978916243 28.325099412641009
-16.927029727933373 28.325207621794174
-16.928062105861947 28.325206577296136
-16.931223937482699 28.325741659968774
-16.931973575048954 28.326080727136883
-16.933095040131295 28.326423547309599
-16.935926621123581 28.327865588765754
-16.937640275174811 28.3286398845684
-16.9395957857048 28.330218360909516
-16.942390667110132 28.333558055919458
-16.94461345999602 28.339619773678127
-16.944647964371235 28.340219370896598
-16.94411700049897 28.346769249516679

