# RBD_F1v3.0 river basin ES ES Balearic Islands (ISLAS BALEARES)
# data from <a href="http://www.eea.europa.eu/data-and-maps/data/wise-Basin-basin-districts-rbds">EEA</a>
1.533219806751264 39.134993575220172
1.5335499674708 39.134935677723014
1.533892967709082 39.134976338266405
1.53399417833936 39.134954382201208
1.534156668223816 39.134975062609911
1.534444010066992 39.134936844122876
1.535160136399968 39.134935934912441
1.536591779550757 39.134654963008195
1.538631836868718 39.134417770930476
1.538829495153349 39.134378537802441
1.539198568695106 39.134274078844975
1.539487055776502 39.134231300112333
1.539750309747292 39.13416699173878
1.540954536451057 39.13380028700383
1.543104801602289 39.133378606448979
1.546582270176242 39.13291851481894
1.546746759974827 39.132880565104934
1.549837368418246 39.131958218548739
1.550557076875837 39.131542830048829
1.551064372806574 39.131441931536635
1.553514687622725 39.130319410235721
1.55422487708204 39.130003431793639
1.554267107428144 39.129974761786634
1.554328798138274 39.129945329716776
1.554546443276665 39.129824240146789
1.557769328847459 39.127586232931336
1.557996461226008 39.12743324610728
1.562276967174127 39.121853220319366
1.562297246001457 39.121753366931223
1.562354292222366 39.121674583318409
1.562363640289835 39.121629190187683
1.562397493089058 39.121582836061521
1.56247481741772 39.121404198894361
1.562947959285568 39.118742581427647
1.562998946019334 39.118659533062548
1.564086922811571 39.115059749805958
1.564114942851077 39.114878544521865
1.564123504789553 39.114698102221908
1.56422984859377 39.114644400135866
1.564449914409055 39.114595240634692
1.564775418521405 39.11441136520515
1.568855011970317 39.11487704974693
1.572382077486756 39.114184620754202
1.573844377672604 39.114352256975508
1.573917008395735 39.114335892914582
1.575103573703723 39.114473832587805
1.576231763866878 39.114379919762655
1.576665627406521 39.114430388073856
1.57828178460686 39.114686468688824
1.578647742613952 39.114703581048722
1.579071198075383 39.114704920896813
1.580550382544408 39.114876309963719
1.582037015945236 39.114583615263548
1.582061088915153 39.114587169484899
1.582481472339748 39.114530083560972
1.582658317557324 39.114527618203411
1.582825914858719 39.114493999297899
1.583003496735756 39.114514017582543
1.583902443285875 39.114339010478517
1.587178130353434 39.113894680103513
1.587407250099296 39.113840617055061
1.587652924975826 39.113763387464004
1.593143420716299 39.114393181160693
1.59733620083432 39.113898834656162
1.597874699211152 39.113791998818051
1.601771044815034 39.112696857383412
1.605122727715347 39.111150380920208
1.605526887234875 39.110922755893938
1.607601634883821 39.109471792690087
1.608182504551552 39.109151608691903
1.608653209871324 39.108781755829774
1.60873466649433 39.108679471647235
1.608866719365306 39.108588689485657
1.609000699363553 39.108416784013656
1.609337418604829 39.108218833975883
1.610739277896782 39.106875528792145
1.611098543647245 39.106492073936224
1.611201985536622 39.106339387446255
1.611957768099663 39.105899685624408
1.613488423959468 39.105600345365509
1.617374751524628 39.103744151878765
1.617843027832751 39.103459909666256
1.620646441056771 39.101439480254342
1.622982302408455 39.099009824807659
1.668855167261889 39.040913951937355
1.670790507818897 39.037761051702965
1.67199353418707 39.031332667735242
1.67181284686336 39.029863090797619
1.605537871356651 38.660719330834709
1.603692141583956 38.655884188518897
1.60364601257718 38.655836478129864
1.603627231083008 38.655778683463133
1.603483798298914 38.655545696949119
1.603412313571996 38.655471970612268
1.601589094461964 38.65305386428377
1.601317493098925 38.652758387725711
1.599657970202353 38.651301881238759
1.599208905470751 38.650801765061914
1.598928326363539 38.650578679039235
1.598696894623394 38.650461721781305
1.598332666393043 38.650142871129496
1.598208360489841 38.650084730142751
1.59805209140944 38.649919783286535
1.5951871558859 38.648209009576114
1.594860222144405 38.648046274362684
1.594460842373943 38.647895395883339
1.594410434953402 38.647870363584843
1.594276953544562 38.647736033185225
1.594185693883171 38.647532499632909
1.593957733873829 38.646897580520346
1.59375941654565 38.646265997162018
1.593555874756008 38.645922794701121
1.593508327051535 38.64587513569451
1.593487837624595 38.645812903884469
1.591707598549768 38.643406445225992
1.591409151908593 38.643071474272624
1.590244227680173 38.6420366350713
1.589682871544617 38.641383298593276
1.589016166357639 38.64081064735074
1.587579423242986 38.639687406124231
1.585111450790345 38.638181401218532
1.585037715364481 38.63813927018068
1.580394463161328 38.636313340592238
1.574659512496593 38.635381035541805
1.386144267844207 38.625433111283932
1.383680449891794 38.625413068738169
1.375639965681067 38.626984541213893
1.368976443513892 38.630850034727906
1.367258638981194 38.632539906405043
1.170891736644695 38.853129651982485
1.168321149354234 38.85700881308032
1.167458956363725 38.859426351711221
1.137750170911395 38.976200012925254
1.137362243443221 38.980208151068908
1.139357642745992 38.986522809683265
1.14429591827818 38.991755534740264
1.147707672820899 38.993741568792963
1.351313204292139 39.088717197238509
1.355040882541094 39.090090712475543
1.363290669201115 39.091051448985688
1.363488114717269 39.091044044100393
1.367126724983381 39.090596827257215
1.367766718479405 39.090527775005
1.367961053425592 39.090493461477195
1.368052013211051 39.090481041089042
1.368196905398465 39.090453086670088
1.368347561762009 39.090424916420652
1.368437244587947 39.090403537680089
1.368622376878849 39.090360562722907
1.369210857806283 39.090194373162412
1.371369153317029 39.089613481765696
1.372249954939954 39.090354884559815
1.377034498114447 39.092912747949072
1.377517859374417 39.093101695480676
1.379883878493808 39.093890713382628
1.380602942952194 39.0940482596395
1.382519883700745 39.094944188368942
1.388735305872518 39.095664505797195
1.38963868184803 39.095986152204254
1.391428729434081 39.096418418390464
1.391837705208208 39.096502043736386
1.39829839125092 39.097027967773819
1.401304829647767 39.096693629022027
1.401435643584868 39.096949846002161
1.401506979219844 39.097028199528751
1.401573901729589 39.097232798701782
1.406539327723406 39.102457262300959
1.408348211696367 39.103302810878091
1.408536432734582 39.103390237792993
1.410039871405036 39.104283356082924
1.410507895862466 39.104513269179421
1.410977601912837 39.104689083005233
1.411023528283222 39.104718861632655
1.411837992428333 39.105151769965936
1.412841047480068 39.105550501413695
1.41332030201086 39.105797988126035
1.414100740207787 39.106079073801318
1.414452819349825 39.106187291242875
1.416225167078181 39.107011584051897
1.417264564160536 39.107516965121
1.417327108247156 39.107523595939583
1.417380685907677 39.107548578141234
1.41771968156899 39.107643772743351
1.418079140662801 39.107742692996659
1.418841894537684 39.108109970957088
1.419034854657603 39.108134160989742
1.419153824654021 39.108188178754098
1.419334251309398 39.108208341553201
1.419502915953549 39.108282984582324
1.419814847580037 39.108361190257362
1.427406195265787 39.109144188979414
1.433430074114856 39.108225835601282
1.433525959619141 39.108199666661619
1.433555947363576 39.108194021092949
1.433662361528212 39.108162948517744
1.435690631714873 39.107513769326467
1.436234061270708 39.107263403361898
1.436307163487728 39.107242604319588
1.436897850425957 39.107755910933648
1.436953566575836 39.107803316748139
1.437945360221729 39.10888218118771
1.438161492626082 39.109045042440442
1.438328579725599 39.109128723225211
1.438448917550141 39.10925021041367
1.438558971412889 39.109300045149958
1.438665052268326 39.109413070518933
1.444526005169112 39.112152130945667
1.448346586907992 39.115869490461144
1.455503007225971 39.119211330472289
1.460246835095962 39.120074166779233
1.460737352281457 39.120118395162429
1.462094254875025 39.120151902363389
1.462557361190105 39.120219689142317
1.462776616034903 39.120224785140245
1.464466703635176 39.120213961030856
1.464926595091746 39.120173794501348
1.465532632431607 39.120479231540209
1.465872880204106 39.120592245522921
1.466325331971855 39.120651420559376
1.466718709413923 39.120838939617634
1.46684915456002 39.120856443352928
1.467058960755875 39.120951950346928
1.467151356768425 39.120961909464015
1.471794314811256 39.121688555539329
1.47194007339107 39.121845051503101
1.472396489092081 39.122183221254154
1.472815250317337 39.12238325073487
1.473039661239609 39.122617769998868
1.473554981227664 39.12285911144636
1.473900840455838 39.123197023956187
1.474163228555809 39.123358036356862
1.476252293576785 39.124259258833128
1.477758618353417 39.12507481181342
1.477921043414081 39.125140603017201
1.479571749247548 39.12570292198793
1.479631563218684 39.125723132329831
1.479854510343604 39.125831616726295
1.480023290000896 39.125883651336828
1.480197822469191 39.125957977930021
1.480439123266988 39.126002715975247
1.48103178855658 39.126209524304677
1.484074264882622 39.126862236327227
1.484307791282936 39.126898260940997
1.489520240133674 39.12719697899594
1.492394329736648 39.126667246363226
1.492469433445229 39.126677853677968
1.493464272330994 39.126481827081555
1.496072495670066 39.127700331048082
1.496112852590461 39.127721284936293
1.498609687559004 39.129016079471398
1.498888176876198 39.129122377950374
1.499479434047372 39.129419199278964
1.499739479260966 39.129508199151566
1.500044237449156 39.129550439758795
1.50006888482388 39.129562994374552
1.500407801065656 39.129630930097697
1.500888951553976 39.129855457888461
1.500980639723861 39.129865417478086
1.501148999060098 39.129944453887923
1.50223152914421 39.130069153769526
1.50268659772099 39.130281175311104
1.504909684472965 39.130793949007945
1.505170042756104 39.130842399487314
1.510780091958881 39.131250825186115
1.512683104000195 39.13213607815662
1.512816460956725 39.132153416823037
1.512909443335867 39.132194836378396
1.513021608077416 39.132208494843219
1.513111706587449 39.132250025349386
1.513338047797751 39.13230878267381
1.515069108437474 39.132493742705165
1.519895248062435 39.133161792311178
1.52008973942544 39.133163238658398
1.52057879080247 39.13308119155122
1.521165287015547 39.13314394439017
1.521232474220297 39.133132327106608
1.521359779420055 39.133145388274691
1.522584420714297 39.132904155998233
1.523018949580209 39.133053856846601
1.523699138908482 39.133405627307397
1.523880361997203 39.133470621278491
1.523936301074651 39.133486456634934
1.524151404266528 39.133595158528102
1.524339840349025 39.13361484439158
1.524433838904089 39.133660717349095
1.524506070253159 39.133671414969896
1.525636822872155 39.134028158407972
1.528265870866863 39.134376090109704
1.528470168882614 39.134417664194729
1.528733867739531 39.134438915069161
1.528862905533714 39.134456403090368
1.529166397787483 39.134512124911673
1.529630646930721 39.134561583352642
1.52968644429582 39.134563913026398
1.532956106066231 39.134994848311521
1.533219806751264 39.134993575220172
3.178701737654444 39.977945376984479
3.179089429264096 39.977866122098007
3.179366687630029 39.977891785109485
3.179532924257352 39.977878387289998
3.179613053047996 39.977883098473072
3.17982440772016 39.977867284859563
3.179940433189029 39.977856573192369
3.179993149712846 39.977849250998631
3.180142485262438 39.977818755459367
3.181853998814196 39.977646115240638
3.182111029813102 39.977609849296861
3.18294265847681 39.97739430044944
3.184244944209853 39.977216538162978
3.184530102186032 39.977151759472136
3.188046464007238 39.976085766500411
3.188137326573593 39.976031392321921
3.188208554184319 39.976018573700017
3.188667326337225 39.975795966618897
3.188878012926572 39.975748669377076
3.189040829445852 39.975681436980771
3.189463200318674 39.97542027460976
3.190817092552868 39.974771638033246
3.193474927751386 39.974836097095455
3.196410568627278 39.974521057842004
3.19654032377228 39.97450059211652
3.19659482937562 39.974529169039691
3.196740982154058 39.974665334938969
3.19696313173646 39.974792920533638
3.19723572595688 39.974904296892028
3.198098783482651 39.97540700349569
3.198413688651201 39.975565609435371
3.20062042823242 39.976387672559511
3.201804463593489 39.9769541163664
3.202158656200972 39.977070096940366
3.202616070288509 39.977131028264232
3.202753061125501 39.977182171680276
3.203060214861773 39.977327680024487
3.2032241291971 39.977377376626002
3.203299827154486 39.977413811836854
3.203553093651901 39.977481207980631
3.20381808927063 39.977556974298054
3.20550036252481 39.978222610612683
3.207573712527966 39.978669180370183
3.207763656473133 39.978699469382889
3.21050519610057 39.97886253486601
3.212486447485849 39.979115954670242
3.212693917633399 39.979113790355882
3.213201945575166 39.979023444777425
3.214056766945368 39.979071940401582
3.214120714498605 39.979059497494909
3.214263917326946 39.979074290181039
3.218749957974949 39.978463691884997
3.218881806455611 39.978434087484565
3.219110809774795 39.978363246712405
3.219843340499979 39.978265277345272
3.223407729473528 39.977186619486694
3.230074464347755 39.97321329991324
3.231279188530649 39.971591183751812
3.477323409774693 39.758773913178366
3.477390803377884 39.758684638417428
3.477532984567837 39.758600170992878
3.481683527067498 39.752958619110984
3.482746631863914 39.746819689128962
3.482735625173628 39.746671811128941
3.482709616995376 39.746596772688385
3.482721720673509 39.74652409586394
3.482697582296725 39.746453452696691
3.48271029365446 39.746371742538273
3.482302032464697 39.745301179044596
3.483011127931582 39.743065476920158
3.483072586324695 39.742774038664756
3.483102410905313 39.742254883448553
3.483195945081608 39.741948146723153
3.483260858117762 39.741616016300043
3.48328437703897 39.741169212357534
3.483293159514366 39.741092221502356
3.483294829356283 39.740970632426873
3.483332948596118 39.740199020056743
3.483347344417124 39.7401352144323
3.483346807682138 39.739928251617279
3.483389782305517 39.739084369137409
3.48341959967874 39.738952201329411
3.48342990207125 39.738659132925456
3.483428824715504 39.738632194431965
3.483425709994046 39.738366877898841
3.483448807813382 39.737915598096983
3.483397861567321 39.737652964418054
3.483379283581918 39.737037527895794
3.483021530142115 39.735388152791522
3.483431752079394 39.735257145404574
3.483683479403521 39.73520702532408
3.483905140552161 39.735131592132483
3.483932443772725 39.735112060841665
3.485371200493534 39.734716347387256
3.485578076350465 39.734592242069645
3.485713662380346 39.7345621347133
3.486228868330473 39.734308229578716
3.486502515140486 39.734243373705326
3.486845393210039 39.734093634992242
3.487419624008014 39.733723916388364
3.489406928237861 39.732748381379203
3.489701489107593 39.732565347754615
3.491212237300224 39.731450047059049
3.491728372371487 39.731160067197003
3.491983129862435 39.730956764876915
3.492131901932207 39.730772915399463
3.492635666080951 39.730398130496191
3.492699089193971 39.730313570621931
3.492890839548612 39.730199302740196
3.496557179473114 39.725214465578986
3.497604848828065 39.724057616940229
3.497699242610157 39.7239308155036
3.49935988803521 39.721025060117455
3.500026573059051 39.719088648147519
3.500087220475802 39.718851247315683
3.50045696999875 39.714353136630727
3.500035160376531 39.712072952313818
3.499979949520862 39.711873565488233
3.499746574107228 39.711360210804628
3.499585549813121 39.710671793402135
3.499444342641827 39.710301748416498
3.498027979866335 39.707528493917088
3.497643338024449 39.707140632790399
3.496948847849161 39.705195247797988
3.495371459887893 39.703632458787276
3.495320357264493 39.703522834245206
3.49434151356746 39.701773402298741
3.494254855750668 39.701688273943724
3.494229279544425 39.701617713784145
3.494041240977683 39.701430285324761
3.49395497955666 39.701210140069783
3.493844195728875 39.701054369965746
3.489071803657899 39.696503043669686
3.486083612386282 39.694830305871108
3.485981508272889 39.694782036287606
3.481670009625055 39.693250912825029
3.478443179811631 39.692941300805501
3.478495351606953 39.692519891766395
3.479055478075274 39.690436572666755
3.479101476570618 39.690042508918054
3.479126455690663 39.687827185832852
3.479157864059025 39.687649932099738
3.479130413027151 39.687264484056193
3.47896999446918 39.686796490130469
3.479244695254007 39.685705633336056
3.479277005293185 39.685289837504307
3.479271682034233 39.684457664793015
3.479318744272652 39.684230035221688
3.47931923494438 39.683847521004843
3.47926705850816 39.683679451244402
3.47926368777838 39.683054162493519
3.479220058575815 39.682930611490285
3.479262311274052 39.682667253131143
3.47839484378213 39.679381480648161
3.478403327605403 39.678494536214998
3.47779577181794 39.676053663811118
3.477879780978597 39.675909461938843
3.47885069440651 39.672448681103852
3.478874861488519 39.672271833712273
3.47894086322234 39.669298241071338
3.477927500515412 39.665323162082586
3.477856943486857 39.665160620914975
3.477344256594687 39.664194876497866
3.477700167957821 39.661983516509032
3.477889718060492 39.661117928761158
3.47789212564976 39.660910800695568
3.477898544218506 39.660761946653928
3.47796683564109 39.660326136482894
3.477886254197858 39.660087659550001
3.477853519206369 39.658978032882708
3.477815936397775 39.658872142772132
3.477988077680923 39.657526046745417
3.477669083197662 39.656265962936494
3.47763940420765 39.655111166602175
3.477021621077292 39.652184877959328
3.476974477039048 39.652039024066873
3.475364333431962 39.64870931843712
3.474716040345247 39.647971645039505
3.474684531169876 39.647914911685966
3.474528272997704 39.647505174642532
3.471148170967963 39.643716503643631
3.471067640581496 39.643649012265016
3.4692957933024 39.642317192168548
3.462001484659081 39.639111615405433
3.46184017166307 39.639098129633574
3.461775000686952 39.639070271754619
3.460560011563727 39.638805160942532
3.460461743231787 39.638765652043745
3.460236708413106 39.63872422421997
3.460148605385772 39.638715645724702
3.459814558956251 39.638644307451422
3.459768851093735 39.638637860681655
3.459745719269622 39.638468157769196
3.459519482868104 39.637868812478125
3.459481492686849 39.63772693857387
3.459455790460745 39.637669875833005
3.459366398639115 39.637413876485915
3.459346293570073 39.637370001377569
3.458518184960659 39.634423838883059
3.458390334057175 39.634160986924485
3.458271424307378 39.633947133029068
3.458266857930411 39.633726894872694
3.457670105271579 39.630857803072438
3.45760498011699 39.630658945563212
3.456229229818135 39.627797336721571
3.456133435515598 39.627519192612631
3.456025544184467 39.627345220017773
3.455998433970437 39.627319734291696
3.455976469722988 39.627271461857191
3.455904239998395 39.627198995570716
3.45586857916435 39.627097489053142
3.454317799699419 39.625258095095816
3.454052605811385 39.624894903942725
3.453906680623856 39.624718551862884
3.453741553008022 39.624570270403822
3.453242524418414 39.623977131893966
3.4530066248978 39.623756300205841
3.452549583637328 39.623394808591613
3.451953112081626 39.622708103617796
3.451740821391481 39.622521950680088
3.451041953075179 39.621984946889626
3.450868740697515 39.621796612773196
3.450687097240684 39.621658247672379
3.45049039722237 39.621561220383526
3.450288272310259 39.621405997278046
3.450109692195492 39.621222461228427
3.449961362198028 39.62111373545121
3.449826307869381 39.621053768779618
3.449652320080336 39.620919474513144
3.449468871355224 39.620839706546413
3.449247465642008 39.620618057469883
3.448597723574891 39.62018629633058
3.448524923750007 39.620154356374506
3.445456149610628 39.618457950567119
3.445005096842402 39.618253589281515
3.440930108775997 39.616824614246568
3.440773189405872 39.616810851919027
3.440640013399323 39.616755268928763
3.440117509008443 39.616626865415832
3.439812352405576 39.616598856131517
3.435989240048196 39.615952158348179
3.435527169149518 39.615910367935221
3.431954201035166 39.615857103469338
3.431808860733461 39.615842685343061
3.431300522165318 39.615866449387859
3.431088237057797 39.61591425148297
3.430707221005932 39.615899435063284
3.430279862307229 39.615824194565811
3.43003011538003 39.61579757904812
3.427512092965845 39.615748526583161
3.426882761528955 39.615675497114694
3.426571838613132 39.615679271688798
3.426341768387816 39.61572355272174
3.425817075254314 39.615712201922726
3.42546173969101 39.615785939686404
3.425153693610806 39.615758051572527
3.424502548939174 39.615888716103555
3.423905899511408 39.615854353536434
3.423553024232556 39.615891949261005
3.422687115598324 39.61610652860243
3.421531738312794 39.616242672823567
3.421278507244282 39.616288229871813
3.421165231095675 39.61632151700563
3.421058560892122 39.616331938285192
3.420999644731718 39.616339708689011
3.42094858020383 39.616338043313988
3.420575639795433 39.616363244267617
3.419962934239758 39.61650074950964
3.415862126199043 39.617124267114541
3.415593597548166 39.617193159521364
3.415169894984077 39.616357172131373
3.414824705682892 39.61594432196997
3.414623112350256 39.615276011602461
3.414628791404506 39.614960701051309
3.414613064381955 39.614916573837498
3.414626885946813 39.61483030865427
3.414616116842296 39.614776906886611
3.414728166086367 39.614181202463726
3.414724408865906 39.614077911680788
3.414645976800468 39.61384376544234
3.414683907763781 39.613531166453328
3.414670043046739 39.613491436292151
3.414680565966628 39.613432353540546
3.414613520444724 39.613242574127156
3.414665921621149 39.61292917320818
3.414654334651297 39.61289831627581
3.41465866497672 39.612866576776305
3.414652248890373 39.612844432328281
3.41465451463959 39.612821807531951
3.414648704671535 39.612759130256492
3.414444680039058 39.61218995314271
3.414456851958013 39.612117278571922
3.414440711267945 39.612068674231161
3.414453915303397 39.611991443649117
3.412233470158342 39.605733640202587
3.412007475576343 39.605507670288084
3.409921975358861 39.599633828928468
3.409489065604949 39.59919882086416
3.409722811455375 39.599131871239621
3.411997040630018 39.598596351158321
3.412417581788957 39.598379544771099
3.412647810798445 39.598321784467601
3.415092518955616 39.597209763474716
3.415191088145702 39.597159298858877
3.41643645567538 39.596302747429455
3.416471995821392 39.596278276538371
3.419367190671147 39.594286196705546
3.420665005528017 39.592522208813541
3.421729280965746 39.591392159028835
3.421932116350657 39.591133404847255
3.422042810173478 39.590947263061466
3.42217996988099 39.590795652819715
3.422331153775175 39.590575764108983
3.422520311249878 39.590232269613693
3.422820851258014 39.589882592251278
3.422940219845984 39.589695968947851
3.423452728184833 39.588731532711009
3.423515104174717 39.58865157138591
3.423525001438504 39.588601523060049
3.423891305946833 39.587910697884389
3.424236602771898 39.587401034385351
3.42433356894652 39.587035657640044
3.424778841155733 39.586443942757413
3.424791616900527 39.586362235298068
3.424843247381375 39.586291869319055
3.424913224292777 39.586121486228102
3.424968038280742 39.585771949728034
3.425929785419951 39.581704620263785
3.425942690390248 39.581451908072246
3.425928534405451 39.580750709603748
3.4259582223781 39.580600563777175
3.425953743716941 39.580285818928779
3.425916082846062 39.580161913331288
3.425905292622114 39.579591024228428
3.425865984567307 39.579480709963022
3.425900398737903 39.579271802833844
3.425608076880852 39.577483574808873
3.425545562268258 39.577217052554509
3.42490297648441 39.575727267471073
3.424495565334216 39.574296420108169
3.424355782056758 39.574011686742253
3.423497349140304 39.572497878305896
3.423474813992858 39.572458630097756
3.422558872560486 39.571186502096076
3.246887819122052 39.349674170492413
3.245765611230861 39.348645607867347
3.244561026541696 39.347270459249536
2.975969611285781 39.113598359976613
2.974098312460753 39.112155434238034
2.967619203148178 39.109243604046888
2.967428202745442 39.109145404011741
2.967289545159609 39.109094020448516
2.966881362455185 39.108912464753871
2.966505670324361 39.108841753460986
2.964887569714999 39.108330788210779
2.956628471424014 39.107485491898252
2.952918929119305 39.108260761371305
2.952503288335851 39.108264061146954
2.952472713044977 39.108261127464985
2.952361613144333 39.10826232052073
2.95232066943468 39.108273419900669
2.952278212564966 39.108266595289514
2.949919014133973 39.108761028999766
2.949485436553176 39.108688726628728
2.949319996392169 39.108679198108106
2.94844908660339 39.108669798023087
2.946053588553696 39.108391904123366
2.945874184811691 39.108396588368947
2.945621970034328 39.108445504726014
2.945362610563682 39.108418275473682
2.945288970520108 39.108435546752261
2.945183205522628 39.108422958348164
2.943230017532221 39.108594929843605
2.943071157630809 39.108612060405818
2.936978514341637 39.110125326866935
2.936385340911863 39.110430185888596
2.933478012187705 39.11113232827995
2.933402101952754 39.111122704016374
2.932962023368945 39.111136184073629
2.93292501107958 39.111142575033895
2.932865331066913 39.111145623533126
2.932676710128043 39.111186763206746
2.932425252158353 39.111159101136693
2.929540494770054 39.111675465609103
2.929461261226927 39.111643506206441
2.921201157174656 39.110795716583688
2.92113038218698 39.110812826480952
2.921090082598497 39.110805880015263
2.920523850486175 39.110933759677771
2.91996019588943 39.110885978638727
2.919849497837379 39.110900622216683
2.918568314674964 39.111199950191512
2.916372088221096 39.111437862838116
2.91616366265345 39.11147548291639
2.913129896863274 39.112300575388851
2.912170435938183 39.112484439503724
2.912010246599573 39.112537600174889
2.911778786956298 39.112670899980898
2.911280143629266 39.112804295881865
2.911225967467453 39.112838558608274
2.911120328957235 39.112861937526759
2.909383966824354 39.113607395065785
2.90927626614929 39.113657881485452
2.906302420636031 39.115613925682482
2.905340064842061 39.116117430327463
2.905184367687737 39.116224362581235
2.904696983847574 39.116604696227967
2.904623041723326 39.116644461392774
2.288919684918703 39.560749251452272
2.287430955337963 39.561924589808449
2.28710778472888 39.56234898234576
2.286874995758914 39.562490150599174
2.286814960075717 39.562551410952437
2.286773500112405 39.562589315594408
2.283915840644508 39.566564042779397
2.283187042758454 39.567524607683751
2.283174776176239 39.567592691610834
2.283155089398405 39.567620598973591
2.28214850482969 39.570921157590988
2.282116474411119 39.571111685906608
2.282093936312169 39.571598887629946
2.282005488866818 39.571927035739186
2.281982409623136 39.572139663934905
2.281950309253591 39.574459458406324
2.282653796872449 39.577119348933216
2.282631476951616 39.577246412152164
2.283877459876341 39.581929789805116
2.283950633323566 39.582088509815293
2.284822901758568 39.583687310132312
2.286528876095018 39.585432627182669
2.286715944594619 39.586121839815341
2.286978277665347 39.586672569578241
2.287808329340411 39.588183238205659
2.288040213962006 39.588420241771708
2.288135042476119 39.588681507439873
2.288478389697568 39.589188020824736
2.288604710539278 39.589375822658141
2.288802358806049 39.589573874125982
2.290193455548872 39.59138302388542
2.290328301154612 39.591529920167787
2.293551076073671 39.594304238435384
2.293876619460784 39.594509940311617
2.295403602103472 39.596123746360341
2.295575894635647 39.596246416473591
2.295766085668909 39.596336757161254
2.295899543695342 39.596474706948342
2.295987772355818 39.596515689057256
2.296072180784929 39.596601862079204
2.300052723562706 39.598540059733288
2.30161006311114 39.599805766577425
2.301772078601973 39.599879379815896
2.301835937340851 39.599943980698008
2.302356088962146 39.600239786032787
2.302511617199005 39.60039022139464
2.302738219845741 39.600528400874225
2.303225421613581 39.60073567810057
2.304817361254704 39.601644130829598
2.307719600762 39.604198626345834
2.307772403153121 39.604223216751102
2.307808839544718 39.604262061285276
2.308157171995046 39.604498187692556
2.308494630453009 39.604649280893661
2.309201945657418 39.605003999526872
2.309354788604488 39.605109533637162
2.309983224224223 39.605611912317457
2.313040251914868 39.607362392606213
2.313167920176999 39.607424060081065
2.317355568169146 39.608955997070531
2.317449390192987 39.608965194766604
2.317496056995392 39.60898556055254
2.31781338830083 39.609016007573885
2.31822201894153 39.609231327907082
2.318651475871818 39.609405175823092
2.319126496201745 39.609603939648196
2.320147768337109 39.60995317430185
2.320524622697506 39.610142935628197
2.321158649066032 39.61036589749984
2.321364965646028 39.610428444066898
2.321414152453035 39.610453193886023
2.321732997964562 39.610560086868269
2.322191611580187 39.610696569830012
2.322766564046059 39.611286863119403
2.32657409100274 39.613376108900184
2.326668158731155 39.613416797911164
2.33010717337551 39.614609055627504
2.333425557830635 39.614960472667079
2.344774144100359 39.619249469063725
2.344798381901711 39.619261854887235
2.345049939132679 39.619353781550537
2.34567138004575 39.619590690064236
2.34747362733333 39.621240578034659
2.348679697730629 39.621887121925646
2.348904371277036 39.622101822350608
2.349001297414094 39.622160366558617
2.3493259364667 39.622293922992512
2.349628561726981 39.622604053782872
2.35110643274018 39.623274029133903
2.35139942219344 39.623647621797993
2.351536288955778 39.62378984787469
2.351804794655961 39.624016020741827
2.351982010260828 39.624228405864628
2.352151096100092 39.62438264616415
2.353805083333715 39.625701667521845
2.354078300577362 39.6259321185373
2.354523548059628 39.62630766638862
2.357898842502234 39.628204249480355
2.358051206737054 39.628273726120391
2.361923944640574 39.629656507002863
2.362781168290043 39.629778869056452
2.36284091177755 39.629798610595429
2.365237719780231 39.630322305943906
2.365439868060654 39.630357955846321
2.366050178197435 39.630392699381467
2.366077353771456 39.630395941057678
2.366147280014374 39.630406205619067
2.366299110219117 39.630421678219612
2.366809796577978 39.630438526097976
2.367791201436834 39.630501077296913
2.368198083522136 39.630558743428161
2.368459778548306 39.630564617895281
2.368814662073448 39.630561670879857
2.371362788056024 39.63071810329162
2.372439183761738 39.630551135010563
2.373174963207469 39.63068355386671
2.373480801262161 39.630714378591421
2.377618183016744 39.630832931396952
2.377661716585076 39.630821906881081
2.377706642510675 39.630828823581936
2.378008998700088 39.630814783016277
2.378078285364505 39.630798060331195
2.378184522743271 39.630788625177217
2.38027283673734 39.631704454503549
2.38237524443358 39.632651100526857
2.383433223566717 39.633286146388528
2.383656891045284 39.633401788930662
2.386847113381481 39.634635383368064
2.387263075704086 39.634818598977169
2.387893293540051 39.635117886403812
2.388017528117683 39.635152619181795
2.390877542346832 39.636423968839594
2.390927924433235 39.636426124970498
2.390971727996411 39.636446593409794
2.391173124319899 39.63650023754824
2.391650038411306 39.636550057009821
2.391986313756527 39.636718959199392
2.392112167402628 39.636821134116659
2.392222952793114 39.636869993335232
2.392258726400604 39.636908840701992
2.392914738506629 39.637202396536473
2.393329025818407 39.637597235438292
2.393476313165653 39.637684906077538
2.394196497813735 39.637979966533564
2.394488719483115 39.638218435519335
2.394562046779259 39.638309550148726
2.394722906056653 39.6384686096401
2.397371786607865 39.640640915753835
2.401973368643382 39.642717576188012
2.402221125788177 39.643448756013498
2.402297044392627 39.643526240168612
2.402324376871278 39.643605991185957
2.402367037262237 39.643649014603419
2.402386817231241 39.643706610703582
2.402490067906604 39.643863845579098
2.402907652664676 39.644281001444732
2.403659305546958 39.645825932692183
2.408738255420577 39.650995024320991
2.415991919864808 39.654270603051174
2.416058599248274 39.654285489276297
2.41643554685083 39.654627970043343
2.418519458041587 39.655889893735498
2.418730573660695 39.656001552127606
2.423901404739879 39.658019146421282
2.424057652570184 39.658034332999591
2.427831191467709 39.659766086088318
2.427943530091389 39.659796831049839
2.428043229118552 39.659805660930388
2.428115302117454 39.659842794581266
2.428264300789673 39.65985831605412
2.428357759336961 39.65989894858015
2.429153506926478 39.659983174606651
2.429755237552044 39.660229541887261
2.429885710202588 39.660259434598174
2.42996910046873 39.66026452589017
2.430481514638779 39.660560091944809
2.430659360635693 39.660646280315909
2.43360860195815 39.661732286529272
2.433956245736084 39.661941039597494
2.434008366413484 39.661983608039442
2.434086971711735 39.662020430354822
2.434120980544458 39.662054845514604
2.434227480455106 39.662103863678162
2.434626544795504 39.662346212984879
2.434764403482315 39.662479285035381
2.434877019119182 39.662550522525862
2.436476133354419 39.663231678626417
2.437163575657765 39.663604521071235
2.437350160037332 39.663681285418747
2.437679185569306 39.663791870790291
2.437854851653548 39.663887152302472
2.438122970121203 39.663991594555945
2.438638998753789 39.664156413278015
2.438823762926184 39.664237761535901
2.4408810988404 39.665189917014878
2.441046715255212 39.665240651967743
2.441211313438833 39.665259924679866
2.441376890616241 39.665328666217867
2.441455563178708 39.665338472315398
2.441542155024706 39.665374915093309
2.443974712192474 39.665904253077144
2.44409578951651 39.665925567083363
2.444704958581873 39.665959939316053
2.445483472535255 39.666341952676269
2.445639665558572 39.666393123548666
2.44571761328538 39.66640296150613
2.445813973377061 39.666452445213878
2.445952775291452 39.666495430784991
2.446478103539812 39.666565247473962
2.447012151605119 39.666801201877618
2.447203592101834 39.666819202748975
2.44745140373231 39.666933580760343
2.447762101968113 39.666977478934982
2.447961744974091 39.667062613344747
2.448106371248525 39.667096319474041
2.449548347812483 39.66723101400575
2.449687750296241 39.667336986323377
2.44988990743374 39.667435503409813
2.453105269814952 39.670282008528829
2.453235344063096 39.670343401736979
2.453295426157624 39.670403590614299
2.453609536564147 39.670564348037601
2.45376880163735 39.670718894346102
2.45395968571964 39.670840441480301
2.455173226587982 39.671363940083829
2.456881521288278 39.67223321680266
2.456946795934075 39.672423698400415
2.457140806273828 39.672621616487646
2.457222308591946 39.672860848154642
2.457415915222295 39.673081290725044
2.457484465247089 39.673267116542803
2.457636370886477 39.673485022941222
2.458547180468451 39.674369361672689
2.460654206313894 39.676772746887302
2.460779861671018 39.676879353724395
2.461425268002005 39.677371063921285
2.461665905969152 39.677670304576466
2.462550454367655 39.680266363433219
2.46763670547667 39.68543685944168
2.471908794173021 39.687710728931577
2.472036029862715 39.687763232243157
2.475024518170345 39.688760755563415
2.475101413028286 39.688766121531046
2.477931030752232 39.692066762921534
2.478030649076774 39.692156576046635
2.478977402719856 39.692890496291959
2.479522915287013 39.693643403845314
2.479656528233685 39.693803627734717
2.480830278785177 39.694864384716972
2.481820384200924 39.695996844484256
2.481962414208136 39.696116155628559
2.483269114465654 39.697116573228143
2.483350249783882 39.697202755484021
2.483477456833097 39.697291257398568
2.483528210564775 39.697315860382567
2.483679323219518 39.697430237480695
2.483748205682139 39.69746298437596
2.483807612536404 39.697523188280385
2.48602053136413 39.698845241133796
2.48615212494341 39.698915525785445
2.488237082221476 39.699716944790914
2.489510357291306 39.700349764856291
2.489657590352955 39.700396797192695
2.490572200302198 39.700677508091765
2.492088992143237 39.702338550508578
2.492147341918093 39.702385296202614
2.492737973490752 39.702676860618467
2.493245944503661 39.703192909831074
2.493269154671678 39.703200810904804
2.493305021574696 39.70323961998897
2.500567874075643 39.706509220340017
2.503089632577472 39.706771950492367
2.505802874722315 39.707745724082663
2.507307639039432 39.708956996392978
2.507475415467044 39.709151570758067
2.507674787873369 39.709322133989232
2.507806023146969 39.709423919556457
2.509223695439559 39.711030922578772
2.509534734379491 39.711295196029411
2.509551774442314 39.711307888084185
2.509746445896922 39.711474170796848
2.511351508387989 39.712689614803608
2.511844692509241 39.712981217408078
2.511908870397082 39.713027674925939
2.512196664684485 39.713329057505753
2.512474406904441 39.713531889691367
2.512610775741423 39.713597414849687
2.512778993592629 39.713742445180117
2.512916457209321 39.713803416040761
2.513056739233515 39.713945275672891
2.514757162571292 39.714994080551129
2.514924718271587 39.715085123818142
2.517090595480916 39.715949665086448
2.518801120171958 39.716795368216189
2.518984679120386 39.716858634408652
2.520672702419584 39.717367786672121
2.52078881480961 39.717380252195234
2.520843224997718 39.717404664947402
2.521638174340893 39.717551289154258
2.521918578125628 39.717668446650691
2.522089102124588 39.717705322754583
2.52280466667647 39.717761200959302
2.525031715295563 39.718168040286862
2.525497583022437 39.718262830368978
2.525601357898336 39.718275879941274
2.52831165801406 39.718421012791829
2.52839547751296 39.71843051207226
2.528621915663153 39.71843769949011
2.531154051828207 39.718568770223641
2.534888130587243 39.71813366031337
2.535003179016466 39.718114654021463
2.539032318348527 39.716990110629325
2.541507263936293 39.717371258854008
2.541606690091077 39.717375500425653
2.544254979248504 39.717374685019536
2.546671296190005 39.716880789100244
2.54746045858493 39.717045515874261
2.548596012841173 39.717504215094152
2.549188723748641 39.717943922739941
2.550666632682842 39.718863314119496
2.550951416311567 39.719025201212482
2.551022525712541 39.719057799929146
2.551227130589984 39.719183022218957
2.551581575084651 39.719377576484348
2.551646157578776 39.719401485591639
2.551797799742245 39.719493237687253
2.552196871876764 39.719708154267238
2.553475095393556 39.720209472283891
2.554156443953782 39.720563876693639
2.554986800744757 39.721257719185978
2.555416622589906 39.721745722640698
2.555601270129143 39.721903403751497
2.55727335782517 39.723177982142644
2.559440509266377 39.724473763122596
2.55975473107326 39.724638714937093
2.560664789267321 39.724991093019042
2.561708704171561 39.725548586667067
2.562058507249018 39.725693816976019
2.562110035452823 39.725709345039199
2.562856060857539 39.726123604241295
2.56302697102497 39.726200911080397
2.563844807743967 39.726809763851961
2.563870207087702 39.726826547554829
2.564019337308756 39.726931907589709
2.564082839592092 39.726960361896282
2.56478825766856 39.727322546183366
2.567651338752622 39.728913284426618
2.56781609118118 39.728986378433312
2.568474396780527 39.729215769879971
2.568846358868079 39.729409425634486
2.569027448202865 39.72947722985348
2.570974828439685 39.730094677517776
2.571607748972225 39.730316270545543
2.571631701035965 39.730324119224541
2.571912951752661 39.730468118331942
2.572004769702602 39.730504207325801
2.572632938224617 39.73097358954157
2.572727644098308 39.731108565985785
2.572827432325223 39.731234294147349
2.572889848447587 39.731294305012199
2.573070556575972 39.73153766922119
2.573254536454483 39.731749366220519
2.573318768418092 39.731804787661055
2.573405858608465 39.731917623657289
2.573452671789732 39.731964882504592
2.573467548742342 39.731986671532411
2.573532507017217 39.732051061282711
2.573615971267158 39.732137064606135
2.573637382127693 39.732158539332779
2.573662421826548 39.732179838668074
2.573909559106842 39.732388492797966
2.574177746017002 39.732614137108058
2.576035456803997 39.73463568778665
2.57617228076224 39.73474162415885
2.576771113408724 39.735261908372706
2.57745740467888 39.736070552341559
2.577631615620406 39.736224197070634
2.578007625982476 39.736521154206265
2.57802758641286 39.736560702722116
2.57810452868015 39.736647016619116
2.578402462530538 39.737582405029819
2.578473598211083 39.737705009246895
2.578650354433043 39.737890037805592
2.578729831528307 39.73812476934971
2.578774111116648 39.738167646290087
2.57880169326797 39.738247337730009
2.578889889857498 39.738364617509795
2.578967557596422 39.738522915144543
2.579412165549358 39.739316191792561
2.579800160714695 39.740076187292914
2.579819034125075 39.740129290996521
2.579959863104875 39.740356561997352
2.580092348341534 39.740489709343663
2.580138442785061 39.740627022968937
2.580233178790608 39.740725980904955
2.5802727409904 39.740836602578177
2.580400870748432 39.74102397384133
2.581710885874513 39.742315640727057
2.584336519925264 39.74513721676
2.584497337904855 39.745259989227712
2.584896294418928 39.745452286764099
2.585238267200053 39.745786870295646
2.585308692610167 39.745819480015726
2.585399088342383 39.74590964124252
2.587334378998173 39.746765944749804
2.587829213332017 39.747232674642134
2.589245878537608 39.74873065364477
2.589458630786088 39.748891419623497
2.589697879851388 39.74900139241096
2.5899135433116 39.74920702902444
2.59001555999658 39.749251613081263
2.590126660599569 39.749363275223963
2.591740110863088 39.750338578653988
2.591886433370754 39.750462039952836
2.593565695893549 39.751735713817688
2.593663362809277 39.751780504807982
2.593730174397051 39.751849293672322
2.594013018676275 39.752038169421454
2.59406421130058 39.752058200609476
2.595406553071879 39.752889017641472
2.595812896363626 39.753332983756984
2.59599517895091 39.753477206425906
2.596423987425497 39.75368602320043
2.596962505395855 39.754177605598599
2.597199240754366 39.754283182923878
2.597373184623261 39.754459314620789
2.597884800659968 39.754754142387299
2.597696219226438 39.755600484511433
2.597695158231172 39.755713064901599
2.597841958276481 39.756210092544528
2.597737544079997 39.756809298435769
2.597749170449209 39.756844745947738
2.597735756653067 39.756921914270713
2.599017929841248 39.761622099410999
2.599077875121412 39.761749731000471
2.599950115750247 39.763323428979639
2.601198984510916 39.76502742174987
2.601308321481379 39.765161663115819
2.605161832917887 39.768616442559193
2.605336903501762 39.768733991472928
2.607673831729285 39.770115109737276
2.608007987049224 39.770287958366133
2.609354712282227 39.770798807003011
2.610026313323154 39.771157836650744
2.610271841826801 39.771262958592814
2.610454527125404 39.77132161535441
2.610559864285768 39.771379521783068
2.610673546858985 39.771423520799893
2.612579773723604 39.772393314828903
2.612783535223559 39.772468949491127
2.615058279404718 39.773182257684915
2.615373516179885 39.773229971323552
2.615479974908297 39.773337331366875
2.615914492615905 39.773694331535147
2.616160502631126 39.773983963695684
2.616307650490006 39.774116354527656
2.616869328336108 39.774557200432533
2.616989230900424 39.774668406948621
2.617225746472533 39.774850470442296
2.617374732792264 39.775014278571
2.617484453507292 39.775098972560308
2.617633389233769 39.775172760393325
2.619128105511484 39.776342471459394
2.619232042359438 39.776463453702611
2.61946785421876 39.776663551658892
2.621238032531768 39.778017900813317
2.621424054827581 39.778143893615166
2.628697834392376 39.781400057576121
2.628798082768582 39.78141318372078
2.628856937457981 39.781437326061905
2.629228513070137 39.781486759725261
2.629481009309971 39.781596001054666
2.629640112104419 39.781633268180222
2.631755451952591 39.781818360680504
2.635664853596406 39.782334615732346
2.635745846054454 39.782335170140286
2.636356999732365 39.782228870559521
2.637196385349675 39.782300491335995
2.637222167302838 39.782294732930978
2.637277376587214 39.782301044380709
2.640098842100929 39.781758393690247
2.640584469184354 39.78221182897893
2.642224381999648 39.783126586019371
2.64381089793982 39.787739329574677
2.643881428219348 39.787807904975232
2.643905469462376 39.78787875014114
2.643985818743767 39.787960349404038
2.644021875744473 39.788062115758983
2.644115721612372 39.78820157111965
2.645463123894073 39.789531149620686
2.645714982037908 39.790761159128863
2.645861445896661 39.791204119871686
2.646021973292332 39.791542867935284
2.64605887096607 39.791752617790529
2.646104083477603 39.791921452691859
2.646612327369497 39.793066925157575
2.646623646672968 39.793124886807973
2.646873454931076 39.79373384125855
2.647100216121355 39.794532967020245
2.647135887665335 39.794603242817409
2.647377757755686 39.795604179232356
2.647454959845408 39.795789455155166
2.648648499753176 39.798085239232293
2.648690684415327 39.798128189282956
2.648783847858307 39.798285678359747
2.648909675795605 39.79841456512856
2.648962504549564 39.79856052098777
2.649009436148016 39.798625745051801
2.649028750356423 39.798683315795074
2.650050295205656 39.800055757630226
2.650068507043824 39.800099878425634
2.650265685776727 39.800360310455709
2.650300230034647 39.800390130350344
2.650425019065372 39.800559576505066
2.650483955275414 39.800637715893572
2.6506702102922 39.800871675006924
2.651949533368138 39.802042456725758
2.653172465574201 39.803423030500369
2.653503014079216 39.803699441827568
2.653717540618683 39.803859995728331
2.653769555989919 39.80391596631771
2.654109554402101 39.80419191452976
2.655366560869869 39.805125189457613
2.655693071324713 39.805352279578671
2.655734874951663 39.805372740997115
2.655764338113761 39.80540280747644
2.656435836341291 39.805806569679334
2.657106506400968 39.806421918812909
2.659041824301323 39.807592031339404
2.65928503791867 39.807719662636131
2.659744851068751 39.807899707976851
2.662121975208072 39.809295702121069
2.662308479806533 39.809390094986753
2.662803200242543 39.809577419940183
2.663470260583031 39.810138893772233
2.663644404597326 39.810224887861381
2.664159141654729 39.810708296935331
2.668384796663716 39.812949819289301
2.668509493058613 39.813002220713315
2.671565143962263 39.814013663760299
2.672392233059992 39.814099124142054
2.672844458028355 39.814256981945604
2.672946938673296 39.814269958808254
2.673002202329431 39.814294254103054
2.673431734723991 39.814336195236237
2.67378693791365 39.814485305867436
2.67394468325998 39.814522576507116
2.677029863140777 39.814785247440774
2.677874094683913 39.815864558695907
2.677980361934954 39.815976368493011
2.679058002036027 39.816886671865745
2.680124156372932 39.817869546105946
2.680197458498384 39.818041486757103
2.680243678989378 39.818088727498441
2.680257911719418 39.818128537492264
2.680452980894365 39.818326002737692
2.680536542641981 39.818551451337242
2.680596996625988 39.818638502729996
2.685370821417774 39.823287510518135
2.686858175446675 39.823952537342535
2.687093651131027 39.824170509151543
2.688426518999732 39.825005150684618
2.688522182515594 39.825058958305654
2.694473416233961 39.827480134221055
2.695989828033937 39.827639492057223
2.697170329140313 39.828526545620136
2.699620386033126 39.829675081704018
2.700578743993121 39.830469525811012
2.700648581324901 39.830502090252089
2.700672244008216 39.830523428719445
2.701399034403458 39.830883681058971
2.701745625000649 39.831208667240602
2.701839126969076 39.831262569019941
2.703884263801895 39.832102405356949
2.706254267310688 39.833268247155843
2.70639246449212 39.833315438761964
2.706594654242135 39.833377475099986
2.706742742429407 39.833464686845616
2.706859154179834 39.833521955211332
2.707809522626802 39.833884632705981
2.70865520481733 39.834234466306327
2.710602269620346 39.835200549022304
2.713096952558642 39.837503341845569
2.71326266916918 39.837670691919804
2.71337804868814 39.83775050914987
2.713412973573203 39.837766787186389
2.713438469573718 39.837792533427447
2.719887196224725 39.84080889887997
2.720002490994506 39.840843703160893
2.720376231474393 39.840888224496616
2.720724767686672 39.841042016189292
2.720774214031537 39.841048570835156
2.720840063284148 39.841076819484456
2.723106800937139 39.841311204798181
2.72366175633372 39.841936373456996
2.72376772617828 39.842025648346102
2.725406129847283 39.843258807128493
2.726412805953892 39.843830083043812
2.727597183429328 39.844851645642443
2.727724533463824 39.844908350324985
2.72777553946778 39.84495983502179
2.728304339582136 39.84524420099337
2.728499229342406 39.845428086297439
2.728678688049375 39.845540720200567
2.729459126928238 39.845866622530863
2.731721804521604 39.84708224789113
2.731929205983141 39.84717098658237
2.735271349586212 39.848297002933151
2.739104036150632 39.849011484076819
2.739424740511013 39.849049573105681
2.740960652404039 39.849094832115227
2.741787559243804 39.849215797790052
2.742050748713558 39.84922072904201
2.744203344655989 39.8491948020108
2.74594699489128 39.84902712787288
2.746168418535813 39.849047628959987
2.750382023050461 39.853289545934601
2.750990437284301 39.853929919865728
2.751081497159019 39.853997404976887
2.751114656409968 39.854027261870733
2.751149598736219 39.854043527294685
2.75117183004153 39.854064925818861
2.751238454028739 39.854102119333874
2.75125777879929 39.854123663084799
2.751314225417478 39.854161362766575
2.751403033062946 39.854201953818496
2.751531192261259 39.854276594016021
2.751652202292345 39.854396599958982
2.751695516171903 39.854416949115752
2.751742537435029 39.854464120348119
2.752165802753281 39.854645601098092
2.75237079102619 39.854765928053553
2.752776974816522 39.855083285259703
2.752907270520905 39.855139814419417
2.752951008847957 39.855182647459337
2.753546464038236 39.855450073571994
2.753940796662627 39.855817526500623
2.754115560434743 39.855916849778886
2.754369965402259 39.856025711144355
2.755291485504245 39.858684902446342
2.756161186504561 39.859915363825195
2.756247644749261 39.860023581921169
2.760500235413627 39.863948092117418
2.761475847687489 39.864385567340854
2.761956380268554 39.864987244515007
2.762065770311935 39.865098815676546
2.765068849666034 39.867595617900776
2.769049550580229 39.86973298061185
2.769262881431065 39.869821352422186
2.772574262256735 39.870934278095767
2.773093847556927 39.87105235652578
2.774775717027265 39.871593963350726
2.782146645424142 39.872476699279211
2.782417884840742 39.872472131242574
2.782763469410729 39.872405330318415
2.783127571123694 39.872445624762918
2.783408819883062 39.872386542544596
2.783704893673569 39.872416735691147
2.784049485702318 39.872381487694554
2.784154594593808 39.87238972987268
2.784461055023363 39.872369890838542
2.78467107466333 39.87232337297322
2.786331517253349 39.872159238473117
2.786842146676676 39.872084162901565
2.787198920875867 39.871994284298133
2.787703520766082 39.872419107395714
2.788373877455786 39.873164191326424
2.788512784527931 39.873278758936536
2.790029095816823 39.87440904662887
2.791355749749144 39.875238255477917
2.791515315270993 39.875329279525495
2.797482889023607 39.877753120727952
2.802194307890705 39.878547383894833
2.802383079683266 39.878560411311973
2.804140270042741 39.878589197679808
2.804638298408973 39.878649701222997
2.804896844635737 39.878650217927699
2.805162854918461 39.878600849640229
2.806023633682432 39.878616119511392
2.806109752295733 39.878598290254459
2.806282179590433 39.878616633437872
2.808461575403646 39.878345087091226
2.810622658154804 39.878348972823254
2.818359947504884 39.876753463636142
2.823348652674622 39.877388866175167
2.823368698120214 39.877401358684793
2.825311959114927 39.878572662184872
2.825538222152349 39.878691781926996
2.83089158508401 39.880771241880851
2.830967968341308 39.880776389920214
2.831017517406067 39.88080089462327
2.831338808409455 39.880852195445776
2.831500892191387 39.880920530760115
2.831626098799527 39.880950219218029
2.832345272761147 39.881017445314477
2.83403581154043 39.881292181671348
2.834679996130028 39.881894277258873
2.83601535717958 39.883478654508636
2.836123403036134 39.883581217648256
2.836146016210139 39.883598079638105
2.836232902946453 39.883683707683552
2.836497368609052 39.883890892246598
2.83751972478332 39.885022971563252
2.837657624541209 39.885133027610088
2.838783203792971 39.885967327264808
2.839088861736268 39.886194927922077
2.839592459623054 39.886448532164522
2.841352099212749 39.887498306996655
2.841516461536826 39.887584516544045
2.84287798822735 39.888109791579687
2.844099897930492 39.888727626663268
2.844298026483386 39.888798621260243
2.844366112017556 39.888817681680756
2.844581495239747 39.888928310823729
2.844686014172181 39.888963531446159
2.846853001352986 39.889632550304121
2.847396940221846 39.889690542576858
2.848590497767442 39.890120728664947
2.849002164132582 39.890203410832058
2.849827506773198 39.890589209621609
2.85009078756493 39.890670398565199
2.850447729270938 39.890710837776759
2.850794940706638 39.890859788322842
2.850903371575373 39.890872301810695
2.85105822371665 39.890940974667608
2.856474873066057 39.89178277679261
2.856722585274663 39.891792726302768
2.857109924963162 39.891795597433656
2.859357156976434 39.892221764653904
2.8595831323168 39.892250813056442
2.860594696150128 39.89228502803676
2.860625278574136 39.892292479079678
2.861641245681094 39.892335462691392
2.862344300832465 39.893015423304377
2.863001666026944 39.893306129039679
2.863063410530054 39.893370507715588
2.86316121204751 39.893446559446687
2.863222072637378 39.893474977221842
2.863314783861126 39.893551287291842
2.863516176496506 39.893779609714876
2.86360563482194 39.893860585958365
2.863967846347868 39.89426978066475
2.864068599138601 39.894354683254633
2.864138305539727 39.894409655680214
2.864239559084734 39.894526038331691
2.864293954979774 39.894572786973498
2.866406273091876 39.896211872805011
2.869536237592702 39.897740717208997
2.869706873877763 39.898078609985177
2.869720469073219 39.898109424789979
2.869874299056169 39.898430167489373
2.869927630335457 39.898481467594692
2.869946781353519 39.8985345044455
2.870024354858644 39.898638582496282
2.870041282594194 39.898682730044541
2.870113422512591 39.898791584929789
2.870246389325375 39.898919853662591
2.871734265746685 39.900838101791472
2.871870958400571 39.900984181410401
2.875216405001652 39.903829643574063
2.879460349799107 39.906066686096999
2.879678281354364 39.906154612837192
2.879924922862361 39.906236578011452
2.880295602569406 39.906631783879575
2.880437592416102 39.906737076504264
2.880834227802356 39.906923925148782
2.881141946028761 39.907232317645594
2.881324929185674 39.907313018772328
2.88146234114175 39.907450048422248
2.881722333044724 39.907585338628358
2.881851318527144 39.907709294749111
2.882028995460509 39.907821769890973
2.882975929585104 39.908223634595927
2.886261375529851 39.909901612769474
2.886381647759177 39.909949494515949
2.888826597375096 39.910720553556637
2.889024744021807 39.910773464692838
2.889065177623617 39.910784906058694
2.890293466359391 39.911050846619915
2.890373651108099 39.911082764501025
2.890444678288382 39.911101646964866
2.890669184147615 39.911189217147125
2.890732167645333 39.911199508483712
2.89085355574019 39.911251828897875
2.891115372324146 39.911305990811982
2.892361018704037 39.911773557293571
2.893510033161535 39.912340556282807
2.893730481798923 39.912414824412501
2.895584488330853 39.912972839545944
2.895773399748991 39.91299470452936
2.895847768437111 39.913026915794219
2.89690812297121 39.913233842551442
2.897142144676776 39.913329915407715
2.897405426246396 39.913383987389153
2.897792619960349 39.913409230485748
2.898235789476546 39.913499125043991
2.898494886080346 39.913589413684484
2.902273734512592 39.914287569212561
2.902445919919775 39.914310277616778
2.906055614258587 39.914418350485931
2.907780848124448 39.915455325245418
2.908001886663761 39.915570042758617
2.913346446020779 39.917636982937303
2.920361939478804 39.918456863209947
2.920427444924663 39.918530017896089
2.921622301500755 39.919589456743225
2.921666996732271 39.919717686414295
2.9255941256591 39.923981023102165
2.925700815114534 39.924065564801388
2.926296498774427 39.924354557184138
2.926805318023557 39.92486403825702
2.926914727574875 39.924912433194059
2.927029568036288 39.925023559828432
2.927424287376612 39.925286851254292
2.927591314363935 39.925359293144083
2.927754412649857 39.925445439662276
2.927764014344115 39.925471950693243
2.927829970379471 39.925558580318281
2.932211219947328 39.929622843335309
2.932307885731651 39.929667386923157
2.932343001660603 39.929701588874224
2.932901412070623 39.929947453363404
2.933263498299278 39.93028891195658
2.933395282547509 39.930367656060199
2.934061911978106 39.930639461035419
2.935143128385242 39.931799101630297
2.935231216840251 39.931871087129686
2.935756915020795 39.932118617371991
2.936195624789863 39.932559645130951
2.936232101088917 39.932575772953641
2.936283326080409 39.932627148628001
2.941641249561748 39.9352771252561
2.941744425350176 39.935312323994424
2.943693433291796 39.935900657215079
2.951016230652809 39.93677480914161
2.951148310044305 39.936772504930246
2.951575420765479 39.936691989438884
2.952053845058424 39.936739349022261
2.952102539758793 39.936727837905082
2.952185924304681 39.936737043403241
2.960326415096103 39.935048085018202
2.961489430472234 39.934438986020311
2.964339168803892 39.933126203203564
2.964503107161412 39.933036725807575
2.965041958113051 39.93266234966346
2.965182384244933 39.932596589086238
2.965285707310057 39.932532745341177
2.966165811501686 39.931906705593882
2.966795511329658 39.931577135800005
2.966865810297479 39.931528498030659
2.967414835804291 39.93109507732936
2.968542725283921 39.930780266306755
2.968870887099933 39.930713802558884
2.969040794360051 39.930651014223088
2.969081035299191 39.930626431866301
2.969160950563169 39.930604299451872
2.969231636985755 39.930560140738997
2.969331585005439 39.930541474063411
2.970010386638629 39.930213850936234
2.973401294075867 39.929403954562424
2.976599819882756 39.927906315663485
2.976755725725917 39.927817236620683
2.977272696490597 39.927452938556769
2.978002324888557 39.928310807981944
2.978087930363373 39.928387388943918
2.980366300317659 39.930168719562971
2.981343080609852 39.93061771373587
2.982506848877394 39.932002146981226
2.98265396096618 39.932138547063133
2.983166812725639 39.932814081246384
2.98334341808252 39.933011962277021
2.985941967749354 39.935267157764123
2.98647373270292 39.935815677948149
2.986760657751787 39.936021337612658
2.986867939549189 39.936069784380173
2.986978077625649 39.936167589622784
2.987124030398828 39.93623203397533
2.987265006870458 39.936373247860409
2.988674314894465 39.937245316144953
2.988853963536123 39.937344016693089
2.994753311602369 39.939706844673672
2.994932459060046 39.939724550475624
2.99501859547302 39.939765085419282
2.995053575916735 39.939772271070908
2.996563887919603 39.940593990407031
2.996685399805921 39.940646189712602
3.000407200185751 39.941924592155523
3.002218779304177 39.942330028684296
3.002402750279154 39.942360973475566
3.002825812601692 39.942392993256625
3.004471924069986 39.943369568357667
3.004626028161773 39.943451568008108
3.005631832879685 39.943835830225765
3.005725609977596 39.943929967033043
3.006245152696287 39.944244995574785
3.006451684748625 39.944441282186595
3.008206169713079 39.945502177409317
3.008368678792166 39.945588235577276
3.013925245922585 39.947760851613857
3.014291828958287 39.947831774136986
3.01445468473012 39.94791330458078
3.014756173270999 39.948100129639123
3.014972053319304 39.948219404166423
3.019757002471425 39.950107870588774
3.020863728043664 39.950590248146327
3.020941311022026 39.95059970469655
3.020998976000527 39.950623702408215
3.021106786538626 39.950636083365083
3.021202409314787 39.950676103951288
3.021338385671175 39.950709519930932
3.024251750731724 39.95098064005019
3.024452942843877 39.951024151118311
3.024658105763021 39.951062954781378
3.025326221679362 39.951104608995664
3.026697034750349 39.951348121375013
3.026925027719634 39.951372228199517
3.027675971340237 39.951391544148208
3.028494599395438 39.951515335183082
3.028682843953005 39.951528011052098
3.029983930338922 39.951527592185208
3.033839601960227 39.953315455850785
3.033943176172091 39.95334604929576
3.034350758312337 39.953392261303293
3.034668805314962 39.953542162713596
3.034713980997506 39.953548802761162
3.034772380349417 39.953572754381767
3.043135278511337 39.954404591606853
3.050172667251764 39.953100003575507
3.050254361515085 39.953073220944333
3.050687184131429 39.952834518532633
3.051274769553197 39.95270921884341
3.051300501985008 39.952694369513168
3.051356462731603 39.952682436162959
3.055486058523498 39.950233706578679
3.058509761181843 39.950264139597614
3.058647867014923 39.950238891783108
3.05873491006937 39.950247827053481
3.059173567949934 39.95016630513188
3.059521673614126 39.950193045576256
3.059745698210858 39.950172290166847
3.06079603331998 39.949932649644452
3.062389780952218 39.949754484440035
3.062540980108806 39.949728545174111
3.062879819663251 39.949634248010533
3.063738197062439 39.949521671993431
3.063832314664825 39.9495032289148
3.063854472294074 39.949497564392288
3.06392385353378 39.949480419813028
3.065301543249147 39.949075032291979
3.065507434953979 39.949014713336176
3.06559354899235 39.948996688543787
3.065779795515825 39.948937400679831
3.067845230171081 39.948333838597115
3.068440116427286 39.947978543694397
3.070109945503777 39.947571249063152
3.070203061027195 39.947516849292064
3.070258285169309 39.947504945781198
3.070811486992354 39.947174332063589
3.07139341667068 39.947035727338175
3.07154248167403 39.946969383831565
3.07552040108421 39.944437919721572
3.078319910709863 39.947229429694858
3.080214698129685 39.948367319488462
3.080297251819898 39.948407977928063
3.083122280445011 39.949501335964811
3.083201129677882 39.949533186061316
3.083272305146303 39.949560940570741
3.083471213731156 39.949635970970562
3.083577917534866 39.949693357038441
3.083768823390383 39.949768809151635
3.084118349456848 39.949885409755453
3.085716328517199 39.950503283729454
3.086226436363497 39.950584411620738
3.08700428633304 39.950840445286111
3.087434747977182 39.95088076081521
3.087780526099091 39.951029050772867
3.088263930787993 39.95113857987662
3.088423072202686 39.951152692065364
3.08888239853355 39.951254488007578
3.088960525704826 39.951286371870687
3.089283453773656 39.951350353025369
3.089321685062637 39.951352837103734
3.089485003043667 39.951389230000636
3.089803567485033 39.951453439636779
3.090374846342944 39.95149081881118
3.091856670810428 39.951763693722683
3.092098165771761 39.951791458075519
3.092884399735233 39.951812983830685
3.09352860071068 39.951914006509185
3.093813349662363 39.951934984689878
3.096308074863669 39.951942823846736
3.096533893571804 39.951966906104886
3.0967925678296 39.951957749295957
3.096856519488406 39.951945372423786
3.097015919874938 39.951945957055273
3.097129273296629 39.951921970444168
3.097274593851929 39.95193679986626
3.097564408795644 39.951907995171844
3.097952396119095 39.951914510102824
3.098245291212085 39.951953049291504
3.098684533423382 39.951952354569954
3.098833535640137 39.951926483051871
3.100125213495484 39.951943765378864
3.100362346121562 39.951971742622398
3.100789804357852 39.951953660482197
3.100965652099601 39.951917367684231
3.101152840577085 39.951934480272975
3.102504809023158 39.951800035374582
3.102553952873278 39.951801938276141
3.104735468868914 39.951601122655227
3.104913239673049 39.951578223454206
3.108519219191801 39.95067195623939
3.11004417261905 39.950379757834995
3.110685318962194 39.950642861208472
3.110758869591558 39.950647970126774
3.11089985967011 39.950712516125364
3.112546860769849 39.951066389772684
3.113198030254674 39.952202034919623
3.115404945517946 39.954402907495293
3.11612205276776 39.955269516247533
3.116189902129344 39.955333428999829
3.116967281601597 39.955958315832191
3.118352468275308 39.957338570490641
3.12029638422886 39.958500174757432
3.120407494905443 39.958557291638137
3.120924472456782 39.958754910071939
3.124126074446966 39.960416825659621
3.12425352469708 39.960468571490907
3.126855149053071 39.961307146584112
3.12729744703771 39.961535700908911
3.128680802666841 39.963266952848372
3.128801587933122 39.963391054110183
3.131925142576738 39.965979471387712
3.133345324376437 39.96666011008044
3.133676868945988 39.966827015029232
3.133726077918772 39.966878405866858
3.135233491921791 39.967797408392123
3.135445253757111 39.967916668282619
3.137543836557705 39.968750218195012
3.139496403692501 39.96969950401207
3.139708847189152 39.969769214188716
3.139872708313793 39.96981900553633
3.139910700025098 39.969834986801175
3.140092505020092 39.969897325650848
3.140167206177407 39.969906853910771
3.141468166065261 39.970292201531294
3.14152936731212 39.970297946897993
3.141650298322655 39.970350019433873
3.142245465370245 39.970480373005394
3.142491772994157 39.970593280942978
3.14265927556524 39.97064287470851
3.142844011309973 39.970664549009825
3.14312153140826 39.970766793286593
3.143197286522462 39.970771763357533
3.143287905281913 39.970811945520566
3.143791500794174 39.970875157247946
3.145284544377533 39.971412253384393
3.145969084823462 39.971731347979905
3.146267235303343 39.971818984897375
3.146383820318772 39.971830780802321
3.146505159489365 39.97188732650767
3.146856185920445 39.971985648556341
3.147213617923993 39.972025123931971
3.147439809342603 39.97212559004651
3.147760522457097 39.972212022721173
3.147949628612033 39.972233455460128
3.14812246611552 39.972309759155479
3.148398478901145 39.972362567078953
3.148453614044659 39.972382132868859
3.148772392548688 39.972455164186442
3.148802305719363 39.972462571569018
3.150954325746592 39.972838483913343
3.151422655325143 39.97302955153674
3.152277071924075 39.973164040926271
3.152919462024745 39.973444834153653
3.153066189486358 39.973531523340725
3.15320766672428 39.973600489661486
3.15327485078169 39.97362391155476
3.153374367691116 39.973681612804064
3.15351107646719 39.973746332495033
3.153617713172332 39.973785653353318
3.153708419444928 39.97383482302574
3.153906491163385 39.973923274356565
3.154142000554194 39.974005229168384
3.154320100609881 39.974099244522328
3.154513001385387 39.97417896926946
3.154797748913118 39.974271799139792
3.15649813127608 39.975022711228725
3.156581895500584 39.975027245272827
3.156618438846493 39.97504329778004
3.157200581963282 39.975093259779875
3.15791270816008 39.975352303690848
3.158261086996199 39.975518238061049
3.158323748442469 39.975523896035519
3.158360292476404 39.975539947893196
3.15875631428146 39.975577328064993
3.159081494089764 39.97571299359209
3.159181103689118 39.975739182684798
3.16071838496878 39.97586417747759
3.165101253121528 39.976521288519081
3.165267329624085 39.976530421403041
3.168079314665424 39.976519732668535
3.168171246764488 39.976501319353829
3.168539380906952 39.976675166376758
3.168676996668694 39.976717317715561
3.16896637918436 39.976755859141733
3.169910938590153 39.977069913176997
3.169960098876497 39.977071785766292
3.170047829034045 39.977112100692132
3.17561441276972 39.97794405481266
3.175902100663331 39.977955668181366
3.178701737654444 39.977945376984479
4.070779951214573 40.110043344035823
4.076504802203075 40.110326232766411
4.077003241083585 40.110372100810849
4.078178739994749 40.110097436204661
4.085122758821229 40.108586367764111
4.085447602273911 40.108386430782133
4.085920972783152 40.108276337148162
4.100346459491095 40.102011969091492
4.150378033311559 40.084741811808343
4.150890484069249 40.084449074429443
4.15123398515986 40.084373768341599
4.154078900101205 40.084678543224598
4.15463504535521 40.084662006560258
4.154877605962164 40.084615451891786
4.155054998991507 40.084631429164084
4.1551855006022 40.084605329714648
4.155270346010857 40.084604560005175
4.155503960654083 40.084626042513435
4.156113501895449 40.084588187133299
4.15704633783595 40.084575235506925
4.165160349923288 40.082802257677507
4.165462949147362 40.082616981149108
4.165699202419712 40.082566298161304
4.165813345242865 40.082496215198653
4.166004502724389 40.082448335467127
4.166541895335626 40.082212463112278
4.167631398533841 40.081519351830536
4.167932018516778 40.081343190413357
4.168141098463801 40.08129869170557
4.168313032194627 40.08119351896962
4.16856433596335 40.081132895371759
4.169052680614538 40.080918058388519
4.171826089480325 40.079143873102865
4.173604192294419 40.078664278913379
4.174894880355692 40.077922584541447
4.174952159841514 40.077896523178701
4.175172624186645 40.077765824981086
4.175656240912153 40.077659226725771
4.17614335721878 40.077349962516486
4.180232491918009 40.07625393148345
4.181185098267818 40.0760551011739
4.181663064548422 40.075881348536576
4.181880599589499 40.075750819908492
4.182165319648632 40.075688084312873
4.183642681784417 40.074871674815533
4.186602811573325 40.07334643667302
4.283389318570904 40.009551164843955
4.285792214743733 40.007689808049996
4.289522939783375 40.002820327526941
4.348426684439714 39.882753309488322
4.348498043246862 39.882357397464872
4.348784936816498 39.881956747917059
4.349740631260409 39.875521540560797
4.348787886191665 39.871826044745973
4.316776200424199 39.794669865371233
4.315416949668863 39.792133432810282
4.315387552321788 39.792103807484864
4.315377932436085 39.792081924431336
4.315130758904234 39.791800694241431
4.31505911481262 39.79162079859158
4.31503166317487 39.791582052601527
4.315011431015965 39.791556343644885
4.314999390206217 39.791539113677452
4.314407061425431 39.790987359073192
4.312350758906988 39.788666006991726
4.312111221849014 39.788456261176407
4.309915526182937 39.786795972646679
4.305146450403839 39.784430354924481
4.304731186005344 39.784281198538551
4.302159815786245 39.783499243384234
4.299443756089307 39.782973797061004
4.298854665966856 39.782889595874074
4.298341223852375 39.782872582402391
4.298237021756892 39.78285218112066
4.297507058291989 39.782745391897429
4.297432264943623 39.782741123986085
4.297283675666584 39.782714530821607
4.296486562354035 39.782647968572654
4.294986708692628 39.782634819668203
4.293420093820312 39.782445928991308
4.292895520215294 39.782447589566218
4.292205381956024 39.782468705059614
4.292120452350948 39.782465074015626
4.288873085779415 39.782481273289548
4.288084775072433 39.7826075316746
4.284229637245568 39.782459543612148
4.283679727711863 39.782579721762346
4.283407591142596 39.782556409506185
4.283050837841917 39.782614910686803
4.282730917705964 39.782594611949676
4.281908865985422 39.782691467764103
4.280644796736211 39.783005140039656
4.278074567968064 39.783428166333699
4.277386962699116 39.783610980273131
4.274644820111049 39.784517116330782
4.274557351987461 39.784572113552741
3.815290356014542 39.907256934303334
3.812547386350223 39.908152292746486
3.805924368123498 39.912156086000032
3.801795379334543 39.917803292041533
3.801732406330014 39.918198450478457
3.801516757266655 39.918512620417346
3.773861352151579 39.994825590428235
3.773649292161095 39.995135008252049
3.773574669322112 39.995620831441904
3.773562792323196 39.995648525538442
3.77353669146208 39.99585703386505
3.772640242055661 40.001574491225199
3.772948450604655 40.002424788094977
3.772460616519115 40.005805530830777
3.772488527736798 40.005880382878914
3.772246266041446 40.006902487713276
3.770046070434591 40.009906813246459
3.769997287843686 40.010211141292174
3.76960085214281 40.010756348590583
3.768633796257175 40.01427769709516
3.768545664881769 40.014966788120454
3.768500913809745 40.017876072014786
3.770187564167194 40.023162937086902
3.770454635771773 40.023642199329608
3.770650521800599 40.023846674366943
3.77075771226641 40.024159842732587
3.770984589723498 40.024528977649702
3.771080635840129 40.024626826535538
3.771553586355045 40.025926399853347
3.772028703247619 40.026393442472411
3.772058645638787 40.026459175806195
3.772236442318353 40.026628713820159
3.772282347091142 40.026752003737386
3.772300327991811 40.026800441821194
3.772312168383482 40.026831242586752
3.772553854562166 40.027172507049748
3.772861368473927 40.027469410177922
3.774774342059857 40.029741761278473
3.775016571925237 40.029970501905403
3.777748345483715 40.032131699519923
3.778882841149669 40.032694939252472
3.778966946925758 40.032775484768067
3.779508948742181 40.033090080009131
3.779631087091297 40.033199885937073
3.780010100212044 40.033420572638484
3.780252546414148 40.0335188042772
3.781185664758948 40.034057864635955
3.781621871875673 40.034279683131111
3.782648538400579 40.034655747551732
3.782956875457114 40.034813090699167
3.784088841653644 40.035232442511237
3.785412356840075 40.036693383200138
3.785773479680471 40.037909481445404
3.785862746041365 40.038232688509211
3.785883205690066 40.038276478231168
3.785898736860341 40.038329558183662
3.78598404950487 40.038495516623634
3.786152421155692 40.038863562062119
3.786948945323868 40.040292502494914
3.78700091758621 40.040446924411789
3.78721888802145 40.040798549471184
3.787243387022336 40.040824104211346
3.787255800414252 40.040845871334689
3.787393734424046 40.04098173473831
3.787472317730606 40.041197581925573
3.79268184226907 40.046299145220161
3.794728235188861 40.047181948116368
3.798149285903293 40.050530354480962
3.798249052008462 40.050825933554492
3.798404345336554 40.05109124313384
3.79841486354027 40.051108620347136
3.798536257707219 40.051312936787475
3.798573746375932 40.051351220752352
3.798592878624645 40.051381588385929
3.798708254092539 40.051496270875013
3.799214636577668 40.052433789224246
3.799922353386432 40.053129960210931
3.799929960505955 40.053147509115931
3.800688947841159 40.055968882411406
3.800766038274564 40.056139813120424
3.801928696848361 40.058253452374963
3.802627661901528 40.058963619881034
3.804481814656459 40.061198408055553
3.804637178769903 40.061346719157989
3.806267000394593 40.062654336141698
3.806575165960373 40.062969100705665
3.806841255044801 40.06315586475192
3.806956223590429 40.063207569432969
3.807035703103146 40.063270368928968
3.807117085636925 40.063337554749978
3.807427280038071 40.063584705168431
3.807485937627975 40.063644233964197
3.807800840079896 40.063850611151217
3.807845283503153 40.063870483836673
3.807877523676222 40.06390007592524
3.808343559503796 40.064183016080577
3.808452257669707 40.064289082905674
3.808689478477007 40.064392058206771
3.809348522708166 40.064789579655248
3.809572982227957 40.064911304744413
3.809792407720484 40.064997331771956
3.809943426406528 40.065145891187584
3.810353615966403 40.065382628317046
3.810373318530927 40.065403960979587
3.810721264986044 40.065603878598601
3.810762800551831 40.065623921389637
3.812042094223214 40.0663672341732
3.812295112243446 40.066496265702028
3.817552357981129 40.068453202946664
3.819178353349624 40.068622501947367
3.820554136654389 40.068910067909272
4.070779951214573 40.110043344035823

