# RBD_F1v3.0 river basin ES ES El Hierro (EL HIERRO)
# data from <a href="http://www.eea.europa.eu/data-and-maps/data/wise-Basin-basin-districts-rbds">EEA</a>
-18.1562652655082 27.690202838693349
-18.159598969034462 27.692027690194692
-18.161130855843584 27.693573421157769
-18.162448794066254 27.694781271491358
-18.163038640985857 27.694986520556434
-18.166089014334489 27.696695908025056
-18.166822107099961 27.697057962491293
-18.168242427021685 27.697947717319657
-18.168818120389766 27.698538856171584
-18.173507446064701 27.703342609855763
-18.173886067754374 27.704344129070172
-18.174490924637809 27.705130748462746
-18.176108256236517 27.706791582020458
-18.176969471216665 27.709089860284585
-18.177429018097058 27.710269900484594
-18.177882657476292 27.711136641887798
-18.178099232742284 27.711855493087114
-18.178393291718336 27.712504916012904
-18.178556712248021 27.713236262546925
-18.17922256019029 27.714986555434304
-18.179218661244249 27.717264103563007
-18.179205031213034 27.717787556629215
-18.179235294770351 27.718404705921547
-18.179175649953621 27.718935980231482
-18.179145155317105 27.720111488848467
-18.17871411409029 27.72189149961428
-18.178610864088551 27.722644758092866
-18.178645743616823 27.72332268424319
-18.178173266454188 27.726993260040953
-18.177938342101289 27.729943569047485
-18.177776346594747 27.730441117739627
-18.176985449794245 27.731807727276198
-18.176424808385928 27.7329007096134
-18.176350763910733 27.733831433284795
-18.173162848255615 27.739505837121431
-18.170846892025686 27.741532027790946
-18.170854171035632 27.74203470640947
-18.173267089564106 27.748311126757351
-18.173589905474415 27.749424404371837
-18.173137313517124 27.756091287894414
-18.172723948150907 27.760648929656952
-18.172380715877281 27.761290438954262
-18.172319049513881 27.761796954624035
-18.169495706134558 27.766425688287633
-18.168329710598563 27.76732508433113
-18.167848854543209 27.76780062373032
-18.166290063024949 27.77057607937353
-18.160901934529214 27.774733525000517
-18.155151350368989 27.776438939458981
-18.151837000072863 27.779046895666138
-18.149518410216633 27.780836085219637
-18.147739555501762 27.781363705193765
-18.145828101259628 27.782900025427267
-18.144770383789712 27.783830599950836
-18.144123394376884 27.784221906090895
-18.142248143961702 27.785676179801353
-18.140495435047551 27.786466947085469
-18.004372341794856 27.839874448415436
-17.973860071415874 27.853730431766554
-17.973151133762968 27.854052417201132
-17.972651225860034 27.854189482441146
-17.969295275088282 27.855396122362436
-17.967536285241511 27.856175928426143
-17.962099077329899 27.857562486738349
-17.96067733455272 27.85766067812353
-17.959607799358345 27.8579745541705
-17.959077040261054 27.857981436083314
-17.957360002428892 27.857997980012176
-17.955490173352505 27.858017778017413
-17.954689728839561 27.85789285950985
-17.953272956732341 27.859075594133529
-17.951893851683089 27.859847072427261
-17.950992178542993 27.86024749476595
-17.950385931651653 27.860711500689419
-17.947007537667776 27.861751218366429
-17.946369027536196 27.862242958794631
-17.945629667372415 27.86271204415565
-17.945117362553326 27.862862808957765
-17.944416143903023 27.863229592462421
-17.943513485541793 27.863607438396304
-17.942310988135755 27.86411120180664
-17.940047512455372 27.864628566723578
-17.937397530468036 27.865411220556119
-17.933902280344313 27.865185716367211
-17.933357134863755 27.86520182829798
-17.931883064031616 27.865506062266853
-17.929546766758296 27.865819586018556
-17.928262150969548 27.865738631587163
-17.921710255518533 27.865473972944521
-17.920995097633256 27.865313224591908
-17.920524210540933 27.865117979308348
-17.919902565259267 27.865061237271636
-17.919019603314769 27.864935604842913
-17.916904738618275 27.864292536939157
-17.91491441250021 27.864165496258888
-17.912705493211813 27.863752124285519
-17.906318507257861 27.860903290083922
-17.905947535654253 27.860563808563285
-17.905092071704907 27.859826344005654
-17.903670215585631 27.859734515339866
-17.900448259098617 27.858365765273138
-17.898161278301387 27.857980855444925
-17.891774645980384 27.855131295894296
-17.891426399123752 27.854773253630537
-17.889259532949033 27.853077642451879
-17.886547062183599 27.849844074000835
-17.885411415951676 27.846985659280577
-17.884446950871155 27.84599098085399
-17.883265242411614 27.845463157924851
-17.880242301934153 27.842815528012729
-17.878537342804787 27.840593627449991
-17.877663245449362 27.838248376077811
-17.876398077690183 27.834853563437203
-17.875517605318198 27.832406938694508
-17.875627570484649 27.831069543020771
-17.871471864387985 27.826697470306566
-17.870976754107922 27.82569291118639
-17.870465073003466 27.825166806146012
-17.870089714286195 27.824157496487068
-17.869708860578463 27.82345726849071
-17.868115768122721 27.821356918969869
-17.867690999688872 27.820215566675845
-17.865216558193083 27.813877817070104
-17.865172826637139 27.813129979185859
-17.865142719174802 27.812587086814947
-17.865075272859503 27.81137064743325
-17.865219909291358 27.810406904638011
-17.86505540446344 27.809551065775132
-17.864924406604889 27.808026972961837
-17.865559224860675 27.803248433408708
-17.865581606692036 27.802663856089552
-17.866124100339306 27.800178574975533
-17.866418941464293 27.799635702708894
-17.866517088941603 27.799196144610839
-17.866740089069264 27.79819920046862
-17.867806531846753 27.795628612468938
-17.868347118023831 27.79482353282253
-17.868799174562248 27.794124033095638
-17.869102778982068 27.79358999485482
-17.869377993478167 27.79295280460941
-17.954305376681809 27.641485741603141
-17.95461790137167 27.640876941488322
-17.956570699403585 27.638113274645139
-17.956932813230356 27.637713146005652
-17.957789100859316 27.636998020486754
-17.958315992117477 27.636240305888482
-17.958966314379037 27.635588204495281
-17.961326063006627 27.631406298896877
-17.961699110354555 27.631037498340156
-17.964119634573567 27.628800485006014
-17.964947345137332 27.628250560372894
-17.966762658766541 27.626696238887817
-17.967800421576655 27.626096700506615
-17.969277525925886 27.624960032519805
-17.976044875822335 27.622963434538931
-17.978963818538968 27.622857901716472
-17.980966010960554 27.622090959134439
-17.982312026831387 27.621822966517367
-17.982959965863092 27.621639890905069
-17.984441485479461 27.621420830392243
-17.986145381842213 27.621302959316282
-17.986828160263904 27.621331101222037
-17.987323681901014 27.621304639394122
-17.987884768009145 27.621315102204644
-17.988943805232868 27.621411800107822
-17.989918481657401 27.621408827224233
-17.992900392631523 27.621910538346686
-17.993676982450253 27.622164391769147
-17.994540207308983 27.62238028613649
-17.995278597239636 27.622556025285835
-17.995822305168854 27.622625463892305
-17.996349238110131 27.622787724333623
-17.999114335930756 27.623704419692853
-18.1562652655082 27.690202838693349

