# RBD_F1v3.0 river basin ES ES Ceuta (CEUTA)
# data from <a href="http://www.eea.europa.eu/data-and-maps/data/wise-Basin-basin-districts-rbds">EEA</a>
-5.314571098418907 35.865866142123529
-5.316812554912375 35.864524943767464
-5.317319577274337 35.864515163128502
-5.343923897719304 35.870806567088472
-5.344205768014117 35.870870922173474
-5.344721799030964 35.871095206251653
-5.344920407867318 35.871140903877588
-5.345916699280661 35.871491010638458
-5.346787211693119 35.871694840219327
-5.347660718618319 35.872000009158882
-5.348363462503085 35.872171051512161
-5.348570784947404 35.872511772403143
-5.348744886867275 35.873274533251909
-5.348711263595093 35.873683060595269
-5.348840317279081 35.873939681146865
-5.348913214793346 35.874357392535849
-5.349054962132637 35.874528134712804
-5.349368137397104 35.874866783007462
-5.349563379753871 35.875313648899699
-5.350162508565672 35.87556107026154
-5.350570236911108 35.875503514946168
-5.35063727024058 35.875207004752859
-5.350656063443356 35.874812287269933
-5.350646946628022 35.874503745778298
-5.350851656761066 35.874251862480136
-5.350920152237284 35.874004897545298
-5.351096564103161 35.87381441019248
-5.35125675912276 35.873590437975828
-5.351320407440648 35.873167801482005
-5.351315348748106 35.872996640253632
-5.3516700843792 35.872692242700126
-5.352305386453129 35.872630225796051
-5.352933195847948 35.872829749691164
-5.353533034888583 35.873113195338362
-5.354127759695222 35.873211957592162
-5.354729760122054 35.873053683489225
-5.355205153264924 35.872722122187753
-5.355978597239961 35.872720472550547
-5.356471138173256 35.87295643243236
-5.356602069185847 35.873287370141441
-5.356662869939344 35.873797704572929
-5.356981223740574 35.874298477009148
-5.357573078372361 35.874311647821422
-5.358087381814198 35.874265496203961
-5.358480946015781 35.874244247282498
-5.358847022746482 35.874311420738799
-5.35894493553766 35.874543854117967
-5.35900708818372 35.875099228392386
-5.359197041366563 35.875365907642085
-5.359835685290043 35.875427722561028
-5.360051336063976 35.875533903486186
-5.360156604498041 35.876014066422165
-5.360185722153632 35.87648220578491
-5.360243864425304 35.876913719627026
-5.360433491730245 35.877169136172753
-5.360683652351415 35.877423362467795
-5.361192258031416 35.87768602795277
-5.361973772174972 35.877954590537669
-5.362482709030319 35.878239777068387
-5.362716934997924 35.878458258349653
-5.36300947723177 35.878612494348353
-5.363421370046971 35.878683258926294
-5.364227114884745 35.878741761974361
-5.364901385379702 35.878976361720191
-5.365623461196806 35.879282125423828
-5.366124378698509 35.879297044866099
-5.36659560470921 35.879326067103761
-5.366888895165044 35.879505067403578
-5.367301732772755 35.879607347383725
-5.36782719340509 35.879423474513523
-5.367959859763729 35.879299174268994
-5.368475998103496 35.879313783741374
-5.368721707470366 35.879405834089255
-5.36897082782797 35.879624008406296
-5.369145672639523 35.879893222119442
-5.369305632990378 35.880173996919211
-5.369450318402317 35.880441552272913
-5.369563547667857 35.880687193302045
-5.369973442911752 35.880690372270045
-5.370351141505333 35.880646862593707
-5.370882843815123 35.880672421195207
-5.371083706481328 35.88079239300771
-5.371379572176002 35.881045694217384
-5.371626489202235 35.881189542685142
-5.371886746810985 35.881270032204732
-5.372102832721532 35.881389701972743
-5.372216350274059 35.881633081267942
-5.372360433094122 35.88189163094934
-5.372428290922761 35.882135912764362
-5.37256936248846 35.882281850897186
-5.372695606736815 35.882452869819211
-5.372914048607057 35.88265135981397
-5.373338728790955 35.883161252576315
-5.373563290862164 35.883564681546531
-5.373724350135126 35.883881482055223
-5.373765480098858 35.88423896142028
-5.373823299711626 35.884656953242761
-5.373717350479402 35.885166065039989
-5.373646767834973 35.885340973296906
-5.37368681276386 35.885673686108085
-5.37382708632335 35.885792597507788
-5.374167222501662 35.886008961181638
-5.37461282207697 35.886198450205434
-5.374757930855446 35.886490777477
-5.374705126542648 35.886750963457104
-5.374700262538251 35.887098085166862
-5.374875816638075 35.887389809644418
-5.375140200795237 35.887607667720665
-5.37542068291114 35.887854501262673
-5.375650787056654 35.888442596101427
-5.375864933241318 35.889006218159565
-5.375950991973275 35.889349287231454
-5.375819188116252 35.889514140361506
-5.375737018077066 35.889810962635309
-5.375563526475414 35.890098324092335
-5.375465066730007 35.890348146981204
-5.375335009522218 35.890571554353926
-5.375178620490226 35.890921672435539
-5.375185618152737 35.891155888581672
-5.375116447362953 35.891378090753761
-5.375062565501104 35.891602244441692
-5.374996411621018 35.891937056959463
-5.374893843468651 35.892049502710755
-5.374887502229348 35.892347078272358
-5.374937599584359 35.892506079191506
-5.375081252080282 35.892737592460549
-5.375192979378808 35.892920161353942
-5.375199977663458 35.893154377875533
-5.375164806568949 35.893506604938842
-5.375077517867764 35.893632269238473
-5.375142502606225 35.893779708569994
-5.375192947540801 35.893938702932438
-5.375348922396083 35.894084341856264
-5.375411283926489 35.894143950538378
-5.375508532798887 35.89435159346943
-5.375709100494062 35.894460295038755
-5.37594152798411 35.894615688131708
-5.376175091465216 35.894820633181205
-5.376543092327643 35.894948553725932
-5.376924904201473 35.895028879211004
-5.377275463126772 35.895082780687368
-5.377582979927792 35.895225416802518
-5.377801672368635 35.895430652025034
-5.377882964545071 35.895613821873731
-5.377935293586416 35.895847139417938
-5.377894754048564 35.896007934561347
-5.3778386546536 35.896157770377364
-5.377628447936404 35.896236295336429
-5.377558943615364 35.896447237986948
-5.377458991569576 35.89665878392448
-5.37740841482707 35.89699328913391
-5.377448484344799 35.897325999852562
-5.377543923756163 35.897472835254518
-5.377747735298279 35.89768963253762
-5.377813874621459 35.89787535525798
-5.377667857736 35.898063026150936
-5.37752460165921 35.898343032088654
-5.377103039506506 35.898450528762901
-5.376912830929625 35.898688648400267
-5.376781350389917 35.898864763565214
-5.376722284331685 35.89891550769039
-5.376802837695553 35.899073905006041
-5.376868176562888 35.899221336802256
-5.376948325966679 35.89936622131539
-5.377168905392047 35.899645782655789
-5.377327802442914 35.899876991139038
-5.37736753654413 35.900198440902408
-5.377624092393344 35.900662068419997
-5.377693476532392 35.900944623102639
-5.377824885177426 35.901286791823637
-5.377894675141928 35.901582858735544
-5.377902760874947 35.901853106955151
-5.377852242034219 35.90220113205114
-5.377843629646156 35.902410868921415
-5.377741450193479 35.902548096937856
-5.37747384127996 35.902733668693564
-5.377322291336109 35.902736669689325
-5.377094619457268 35.902741177456654
-5.376838663185292 35.90280708759294
-5.376781817328944 35.90293215013228
-5.376817105449965 35.903104962992892
-5.376837449800395 35.903275819113368
-5.376918748091791 35.903458989049845
-5.376930941031072 35.903866613763725
-5.376960176104696 35.904334742800614
-5.377006860037978 35.904876888286005
-5.377109719698284 35.90527145097537
-5.377164614532917 35.905590347249642
-5.377419310133027 35.905979649595096
-5.377803391220306 35.906145554868779
-5.378156628534336 35.906287282535921
-5.378424727762894 35.906626741993819
-5.378510830030415 35.906958539558296
-5.378532382123895 35.907181199273552
-5.378451354573015 35.907516307704839
-5.378432306315669 35.907886242738606
-5.378534773090317 35.90826729151258
-5.378618306885676 35.908524777395321
-5.379063303567334 35.908689471135965
-5.379552081795134 35.908801468081293
-5.379967382334721 35.908980267624656
-5.379945430950332 35.909264630752055
-5.379959800331096 35.909744320762996
-5.380063018088132 35.910150139257794
-5.380048489407582 35.910682230067557
-5.380241233657325 35.911036698763937
-5.380544893949779 35.911244750809999
-5.380728040985523 35.911394349866647
-5.382190029820617 35.912068407250665
-5.394858526229075 35.924444340232519
-5.396333189985143 35.925870595966288
-5.395707635967264 35.926635714731809
-5.393241308992857 35.928742260939167
-5.390362723544089 35.93046938638561
-5.387158871460183 35.931761250838257
-5.383712607616217 35.932584633105115
-5.383492721045008 35.93262054791871
-5.381641493048678 35.93279250210756
-5.38005450939992 35.9329411600052
-5.379843627095842 35.932965622849075
-5.37936460648029 35.933022441879757
-5.379154206037902 35.933051399353424
-5.37298167823548 35.933885675339788
-5.372056727714049 35.933890439638645
-5.371079258932779 35.933864686870145
-5.369396641102193 35.934071428898449
-5.369136118231454 35.934092345712848
-5.367618232948775 35.934167367395943
-5.364048468191602 35.933983102767094
-5.362785423748198 35.933753340604149
-5.3624624477773 35.93371237692147
-5.358483835038843 35.932868985132153
-5.358077392402611 35.932746274033647
-5.353109076398422 35.930572352398457
-5.352287293151398 35.930083697855416
-5.350709939051812 35.928978883966892
-5.350148205767471 35.928780316385982
-5.347169949860425 35.927168817730646
-5.344580828490816 35.925162054618134
-5.344198260842696 35.92457913236921
-5.344032795846228 35.924546309917865
-5.3438325607495 35.924473603417297
-5.342623001778191 35.924030759915489
-5.340757423459897 35.923454225835414
-5.338662090924554 35.922318784569704
-5.338458817889634 35.922248382653763
-5.335504687064262 35.920651886977467
-5.335288639409707 35.920511872056693
-5.331547597688753 35.917348680538943
-5.33123515862851 35.917003214398093
-5.330243477236328 35.91580111377877
-5.32950936782647 35.914596258964721
-5.327019162996953 35.915192138827969
-5.323465167538934 35.91551561555297
-5.322227786019473 35.915510264329328
-5.319381390782528 35.91542558051988
-5.317049883881165 35.915245261720685
-5.313574832063704 35.914559638552412
-5.310928305572317 35.913619102724439
-5.307862532407147 35.915742226431483
-5.307283431713836 35.916023770595963
-5.305058118199555 35.916961133931402
-5.304576572692357 35.917132626858951
-5.304284963165249 35.917417651283891
-5.304155462451338 35.917537315243052
-5.302293132794966 35.919053555001888
-5.299412785127305 35.920778560321075
-5.296207699824089 35.922068036469263
-5.292775925050369 35.92288628293516
-5.289221392130313 35.923208762940909
-5.28565217492107 35.923022139509058
-5.283771221523796 35.922715416810838
-5.283446568645857 35.922649482344859
-5.281852349581844 35.922269670699194
-5.278576460002237 35.921103769744597
-5.275599856245507 35.919490428446494
-5.273012719950698 35.917482042244771
-5.272264246443705 35.916653421194617
-5.271296803155785 35.916013720904324
-5.268814954214278 35.915089412640192
-5.265838767464134 35.913475811761259
-5.263252072103985 35.911467197640839
-5.261133782005258 35.909122952916647
-5.259547940677986 35.906516260231214
-5.258542713929222 35.903722853112498
-5.258152081498671 35.900929145194169
-5.258143850722869 35.90068817982349
-5.258372980238994 35.897785914759588
-5.258506714574681 35.897289890828809
-5.258611845227525 35.896055268278495
-5.258764825177986 35.894116663378789
-5.259610134619737 35.891288433903433
-5.260499133884903 35.889962438354331
-5.260787685893862 35.889531101486838
-5.260842980788349 35.889345276541448
-5.261165245644549 35.888663168449085
-5.261550905612011 35.888153382988811
-5.261543283966318 35.887885363915977
-5.264001853921796 35.884438558529659
-5.26424598815072 35.884174806931533
-5.264615351084734 35.88378700645702
-5.267143244455183 35.881724712911584
-5.267379650064434 35.881506170442087
-5.270039665996325 35.880052011704436
-5.270366803329395 35.879908366768703
-5.272172303979566 35.879162127230558
-5.273502774081297 35.878217535111681
-5.276382226869371 35.87649317639994
-5.277479587181494 35.876053227952752
-5.277713877025072 35.875931604603537
-5.280917469991778 35.874642670310209
-5.282375632741243 35.8742949779678
-5.283132438182133 35.873989897162829
-5.283354815488645 35.873936093709581
-5.284266626117973 35.873569469648409
-5.285071678965923 35.873414440936095
-5.285352187765372 35.873348259961936
-5.288681086489066 35.872597567383622
-5.288977909529659 35.872569376678896
-5.289466495586121 35.872181483657272
-5.291547867020457 35.871280969729561
-5.292205919424395 35.871034053133101
-5.293586457038243 35.870590809053176
-5.295016823094493 35.870015897166333
-5.295683959692632 35.869856672537281
-5.297069094738045 35.86929837470079
-5.299005569459964 35.868826408610545
-5.299475585812443 35.868720512278998
-5.301765288315456 35.868174135222866
-5.302189108965244 35.868134463970577
-5.302759329996237 35.867999593545569
-5.306311327820231 35.867676802343603
-5.306832900791396 35.867666786036658
-5.307078991795474 35.867680087266159
-5.307576345870861 35.867634477968444
-5.309485911680407 35.867669886484471
-5.309930989304997 35.867695130105325
-5.311740073767536 35.868047917266388
-5.312021398097352 35.867880254675278
-5.314571098418907 35.865866142123529

