# RBD_F1v3.0 river basin ES ES Gran Canaria (GRAN CANARIA)
# data from <a href="http://www.eea.europa.eu/data-and-maps/data/wise-Basin-basin-districts-rbds">EEA</a>
-15.690647597768917 28.186341795367927
-15.688066199656651 28.186749691097656
-15.687259372833001 28.186686039179854
-15.6866306014232 28.186835871959829
-15.639718297729193 28.187999334188937
-15.422083663107312 28.197184938685481
-15.41442335169887 28.196707308116267
-15.41122172309794 28.195279422486966
-15.410335954250307 28.195252737512185
-15.407973609226135 28.19477459210556
-15.404007247207542 28.194456850496977
-15.403465302749284 28.194320786738533
-15.402879040167623 28.194220957560429
-15.402339435399023 28.194071342067421
-15.396385138119555 28.191202344757333
-15.395544528513112 28.19063156731956
-15.395086585612724 28.190201855249665
-15.394550433278631 28.189867148795081
-15.390710624885877 28.185527198421099
-15.39024258418846 28.184858287210908
-15.389289001691743 28.183694276124619
-15.388983017750142 28.183331812310321
-15.387578067198193 28.181548471479054
-15.386983755877115 28.180369887847654
-15.386714340570233 28.179835805411557
-15.386432065444286 28.179276936407422
-15.385630882880315 28.176327406750307
-15.385172212116286 28.174841520041763
-15.383599882827374 28.172535045813596
-15.381352037926645 28.167310237413876
-15.346296207726558 27.99484514290695
-15.346339362115527 27.994163487233063
-15.346076122953235 27.993385558866084
-15.340024958470266 27.93253722336101
-15.340554164389394 27.927913990030689
-15.340704938941792 27.926462495045065
-15.363885583585491 27.856460281240221
-15.366566936007285 27.851562666643211
-15.410410121369456 27.796898817338345
-15.410819292691821 27.796577132691798
-15.411123540817112 27.796066185187023
-15.416095970129225 27.79243362774481
-15.416671036174918 27.791982788676272
-15.566505412778138 27.72123887093883
-15.567074371894504 27.720934129886768
-15.570677779152732 27.71967583166445
-15.571696012804276 27.719276691201326
-15.572752337400479 27.718949604770799
-15.573715969320725 27.718758303500895
-15.574482844081686 27.718495592620112
-15.576686944058936 27.718021535540064
-15.578486114047344 27.717745477408275
-15.579938549937175 27.717549836086285
-15.583973820388405 27.717480990738736
-15.5846724973207 27.717536723609239
-15.587277385533959 27.717983849019706
-15.588536332972724 27.718093608185914
-15.589300688719351 27.718225771203368
-15.589983574941149 27.718313139079338
-15.591713994832517 27.71840280765857
-15.592503492829437 27.71855967072139
-15.593195970151456 27.718800446047698
-15.594225286819299 27.718723819166062
-15.5954316397023 27.718346267080037
-15.596314669792047 27.718308619173449
-15.596830841297411 27.718166475394977
-15.603064800468923 27.71839226057747
-15.678878950867094 27.733211896649252
-15.679421254630826 27.733443945740554
-15.6801814997542 27.733505662504282
-15.68243978903344 27.734248327441072
-15.686595747685953 27.7365071569638
-15.690906244047518 27.740999313022026
-15.692092647302788 27.741433464684448
-15.693874669813408 27.742282130158802
-15.696786484510859 27.74400072790721
-15.701383977497455 27.748919887825252
-15.702528141053032 27.751191185160891
-15.703410494621721 27.75337353135777
-15.704014175038264 27.7557197751558
-15.709516244257502 27.758210261073383
-15.710873750202785 27.759133092005687
-15.711467170782372 27.759552061506355
-15.715030683625843 27.762934669777284
-15.715471824523698 27.763496585062892
-15.716051812705921 27.764328594531683
-15.716830710929603 27.764491565146368
-15.723196093926655 27.767471252638803
-15.724723918788589 27.768433675920441
-15.725955667757631 27.768957562841099
-15.727442910932435 27.769926937404545
-15.728305351339282 27.770673907739173
-15.729532290538417 27.771457316085769
-15.731532705309498 27.773132565791343
-15.731992785659738 27.773579230474642
-15.73325062793252 27.77411419718235
-15.733874121508808 27.774629948535154
-15.734380144089045 27.774866482723716
-15.739252609358301 27.779949861708488
-15.739574479675355 27.780762834726193
-15.740123894698874 27.781254128431641
-15.74066921765915 27.781585211562778
-15.7415755392196 27.782613955567072
-15.743932288593186 27.782840522313926
-15.750299205505273 27.785816663681334
-15.752234231285655 27.787561916611335
-15.753560480776356 27.788182078285868
-15.754665573376709 27.789042650042351
-15.758295334572292 27.793150410642887
-15.760599255243346 27.794227774079406
-15.762048816196412 27.795386538244514
-15.764844110147997 27.798641145295051
-15.76523460027002 27.799070025422893
-15.766291157034237 27.799075459567145
-15.771402741460227 27.799746637064857
-15.777771134294701 27.802721472640851
-15.779105682681351 27.803781401528006
-15.780151800351936 27.804696256627615
-15.783190869780745 27.808280842717771
-15.783839487063741 27.808888744269986
-15.784318549637195 27.809199714723061
-15.78484232129891 27.80956233577502
-15.786760222404046 27.811713395041568
-15.789446836172329 27.814476128107035
-15.789722171251965 27.814984579683877
-15.790020319325084 27.815488385015168
-15.793774777914328 27.817446039336478
-15.794361655742549 27.817914326376076
-15.794838728557981 27.818236554352822
-15.795298336922563 27.818556624254587
-15.797191637089057 27.820123177602937
-15.797705655944728 27.82061443664962
-15.798524169479062 27.821622984737957
-15.79986477077766 27.822648818260376
-15.800360487775439 27.823074728512104
-15.803762749124866 27.82704263197467
-15.804452904165176 27.828218886272861
-15.805268320629631 27.829328962579627
-15.806113563674959 27.831027866076088
-15.8069996036836 27.832403812867376
-15.807862023366786 27.833639974829293
-15.809032558179075 27.835964325100438
-15.809216189174867 27.836421365744474
-15.809630942510465 27.838037009270259
-15.811457093222824 27.839856500880501
-15.811799862578813 27.840502166788767
-15.812129755879514 27.840919979013137
-15.81337311365478 27.84417814372031
-15.81475964645672 27.845657152962605
-15.815032723378875 27.846314505620672
-15.815476719801429 27.846952794205659
-15.817019109564356 27.851924260766829
-15.818275415980265 27.853264085700797
-15.820417864355846 27.859369334605312
-15.820363390805095 27.859902243615405
-15.821436639400675 27.862267670932049
-15.821788927842357 27.862737228458709
-15.822689758909396 27.863393081610152
-15.827298918382105 27.868305485607493
-15.828143933952699 27.870430754362165
-15.828674436930639 27.87119259577906
-15.830818239254278 27.877297645397569
-15.830835865205719 27.877850432593018
-15.830913805411914 27.878402856594274
-15.831039956748445 27.879022691342815
-15.831482444771552 27.879911425129546
-15.831682964821969 27.880427002381367
-15.831828575103774 27.881006098598945
-15.832338299340545 27.881531094326206
-15.832815742522957 27.882130754441487
-15.833961495188168 27.883762203544574
-15.834348063798128 27.884504579674754
-15.835507377870421 27.885517595565243
-15.837675433432155 27.888318559952612
-15.838265223346237 27.889998477055514
-15.839573973563832 27.891552157114237
-15.842769031853107 27.89495609091113
-15.846062246514741 27.898023095941188
-15.846595865714615 27.898672007553277
-15.847906384014291 27.900505422002176
-15.848162868565222 27.900955184292517
-15.849142534289228 27.902375387704737
-15.850497693735429 27.905176621401242
-15.850779028885029 27.905948930884318
-15.851131325779839 27.907420376599639
-15.851559756819386 27.908505457137874
-15.851626018209334 27.909222675286362
-15.851701956947592 27.909989480502517
-15.851866124937168 27.910577462678052
-15.852105666106416 27.911271043130245
-15.852612480361689 27.913714161309734
-15.852670519041478 27.914201246931512
-15.852763407649007 27.916470900191548
-15.852734234424531 27.91725640755822
-15.852709316246314 27.918220167158665
-15.852639030589959 27.919655853819808
-15.852591179561243 27.92029704879231
-15.852480044919295 27.921444132615331
-15.852269181761924 27.922438377458228
-15.85224590185388 27.92299366607374
-15.852050461918411 27.923940424134166
-15.851858131396909 27.924808179334505
-15.851462025898645 27.926239107907634
-15.849338905016157 27.93039547507826
-15.848962679230375 27.93092134296927
-15.848889935698837 27.932079469467059
-15.84877815405811 27.932529238249025
-15.848574777658053 27.933166874715624
-15.848462914243989 27.933616643520946
-15.848189663736196 27.934153158514
-15.848183955507871 27.935620036987899
-15.84853437406804 27.937116317179441
-15.848552868911371 27.937563026417518
-15.848619286943794 27.93802523733984
-15.847916423516676 27.943833746296658
-15.847055399893552 27.945294599473893
-15.847776245492486 27.947343744198697
-15.848039753265974 27.947895009540947
-15.848319404837113 27.948886226213933
-15.849001238894619 27.95082502694801
-15.849261568150444 27.951211571477607
-15.849596379151413 27.951870713444897
-15.849927621876978 27.952732977678323
-15.851418057725164 27.956605257927563
-15.851790073808703 27.958024662947363
-15.851847538808233 27.958536572826777
-15.851919360499174 27.959025826487885
-15.851894305416794 27.959648823781215
-15.851786745519505 27.960466403935435
-15.851492015491727 27.962979903269936
-15.851750485567193 27.963732034356166
-15.85174261571858 27.964612184753182
-15.852066070061028 27.965436125776069
-15.852221294443396 27.966319781058033
-15.852468172734248 27.96702007806854
-15.852637566333708 27.967583196874113
-15.852668063425904 27.968088502885909
-15.852733047809254 27.96910134495668
-15.852761465638787 27.96968564745379
-15.852742961496071 27.970545552631542
-15.852683367354722 27.972251963946778
-15.852085123612067 27.974776365322889
-15.851774372616632 27.975301834982972
-15.851275458964507 27.977642828773369
-15.851218278212341 27.978110311410799
-15.851064570319091 27.978677685393119
-15.850707764919846 27.97960286703157
-15.850544977478011 27.980025869799451
-15.849311054236365 27.981971963113399
-15.847665889092802 27.984760058196382
-15.845816537554278 27.986129945063752
-15.845393694192634 27.99030286140923
-15.84480050605092 27.991816212762714
-15.841934928373732 27.996222982942879
-15.841041014495044 27.996885136968583
-15.840993348952878 27.997357070680362
-15.840399507739471 27.998870406192477
-15.839449940414363 28.000383652846651
-15.839371903562542 28.001449274796599
-15.839198597808853 28.001980647960316
-15.838937488438274 28.004554835929397
-15.839464888413865 28.005115786226309
-15.8397234988769 28.00575961374328
-15.840120598546608 28.0062897622979
-15.841714307953559 28.0114116713737
-15.84154119008917 28.015989236037726
-15.841023070195373 28.018014369597708
-15.838667157922503 28.022490165160811
-15.724283532584822 28.174442686164021
-15.723293504751965 28.175634907003559
-15.717748764015804 28.179735031900183
-15.713436602835547 28.181231128769504
-15.690647597768917 28.186341795367927

