# RBD_F1v3.0 river basin ES ES Fuerteventura (FUERTEVENTURA)
# data from <a href="http://www.eea.europa.eu/data-and-maps/data/wise-Basin-basin-districts-rbds">EEA</a>
-13.693800972601066 28.768961309987155
-13.693789508504263 28.768953351737782
-13.805055750298864 28.586135893156484
-13.805325658817104 28.585332758877733
-13.805950014820672 28.583928048109602
-13.806198258383681 28.583436096319677
-13.806653270012591 28.582792533427316
-13.807137184672971 28.581824308943133
-13.807411709297469 28.581409301745936
-13.807981879152814 28.579938668191424
-13.810044987885881 28.576820476275667
-13.809482478863963 28.575879154314901
-13.809149247952709 28.575183529473627
-13.808359519882009 28.572527640559493
-13.807416701564049 28.569710199721417
-13.807659292819976 28.567683877694432
-13.807640136223192 28.566826296773179
-13.807990480741969 28.564918250527622
-13.808182610271874 28.56331341978721
-13.808189809649942 28.562724576129078
-13.807729093706012 28.561772859216305
-13.807263009465952 28.55999526993466
-13.806976609594447 28.559457995993522
-13.806131562108618 28.556580483223922
-13.805646950410608 28.555132152138864
-13.805579674209664 28.554626136888828
-13.805556785108754 28.553195409972737
-13.805541647119254 28.552252121675032
-13.80564556618868 28.550468262873814
-13.806314576096984 28.547825194407693
-13.806820596177509 28.546645061193612
-13.807106258458219 28.54597743670568
-13.807443280909157 28.545456925473296
-13.808459505130024 28.543520876976714
-13.808855741468431 28.542973806498093
-13.810218190096721 28.541331852821823
-13.813034392166431 28.539321285958589
-13.813505009336401 28.538332604979789
-13.8142001509552 28.537386498448168
-13.814170735004488 28.536377648400414
-13.81425932546564 28.535469109487451
-13.814267414390171 28.534248488865764
-13.815054941070027 28.530674523153689
-13.815341186047101 28.530209954950831
-13.815404441424089 28.529680262575773
-13.815852943596193 28.52879968233081
-13.815759103752459 28.527774474516011
-13.815733130805661 28.527291386229269
-13.815777068314322 28.526682551356608
-13.815826440130264 28.524160367362299
-13.815892788190435 28.523696135076776
-13.816051730374515 28.523047687940252
-13.81647328589882 28.521332014498405
-13.816588957649131 28.520861442550594
-13.816723102275821 28.520316572142672
-13.817002798266907 28.519863223727558
-13.81721890822611 28.519341630342467
-13.818444379887449 28.517522389515996
-13.820202507170521 28.514665323485669
-13.820704836927721 28.51415298046393
-13.82142981466837 28.513647080085327
-13.821856640177801 28.511768971658501
-13.821981832265353 28.510948739093699
-13.822182985342073 28.510368340173496
-13.822809776984878 28.509349383532264
-13.823191120357523 28.508608086783916
-13.823427392638525 28.505446699550593
-13.823833437814757 28.504096392266607
-13.824364984767231 28.503232291388795
-13.824457343150224 28.501613013656858
-13.824594229340459 28.50105236154614
-13.824831896598859 28.500163150329829
-13.824985400455176 28.499557512948346
-13.82523708002222 28.499081339055632
-13.825300341202329 28.498551637624097
-13.826048685968441 28.496789108571878
-13.826357478447477 28.496286349444922
-13.826630529443733 28.495695281034422
-13.828963403825121 28.492551972890176
-13.830028126521869 28.490938810482369
-13.833546834688438 28.488058341459002
-13.835212912677013 28.487118187420496
-13.839564944280999 28.484208595510211
-13.843121436968181 28.483277709248984
-13.846178920337369 28.481092449632413
-13.846889028835133 28.480908942546968
-13.846497113660574 28.480467874749767
-13.845991895586558 28.479885947956205
-13.844222899392049 28.478081591612554
-13.843503781473936 28.477116505412784
-13.843163051849519 28.476777402148343
-13.842795758960388 28.476232740442061
-13.841913065550024 28.475268509094281
-13.840073126977332 28.470550494711734
-13.839823903425085 28.468975661320133
-13.839949127045923 28.467929763797596
-13.839409079091761 28.466061371863844
-13.838072407876222 28.461575521904866
-13.837865929566528 28.460844941253669
-13.83789673851553 28.460384899667861
-13.837861718501939 28.459597118872139
-13.837833476618881 28.458962830509709
-13.837934300277508 28.458243902436269
-13.837992541423358 28.457107177149798
-13.837976941279191 28.456170639818154
-13.838071789482649 28.455559966685776
-13.838066466255773 28.454923617463621
-13.83816879055396 28.454351367626451
-13.838181216776762 28.453288710926785
-13.838261735469173 28.4528132996073
-13.838337622643033 28.452177643995352
-13.838828724328534 28.450212004374425
-13.837838136296652 28.44736273486404
-13.837768689848687 28.446520504407964
-13.837835796247312 28.445848671225178
-13.837920693238244 28.443040179217814
-13.838216771124511 28.441790407231007
-13.838345897003707 28.439860031185656
-13.838622441167473 28.438856038566392
-13.838779578000649 28.438324869515622
-13.838999187266076 28.437661105820766
-13.839704097753579 28.436525382958745
-13.839994082161551 28.435961499779271
-13.839410267634131 28.435345033074043
-13.836156174977372 28.432016106342292
-13.835899401439701 28.431506218720831
-13.835216092803261 28.430758011125771
-13.834813078715236 28.430251381663293
-13.834628354721811 28.429762416301553
-13.834307616566573 28.429303874424104
-13.834028297740709 28.428807327264906
-13.831967047688604 28.422638687378207
-13.83185270619423 28.422134528017875
-13.832031202964414 28.420145911675313
-13.83205082485458 28.419383415403793
-13.831212326985506 28.415856222234879
-13.831028850928151 28.415213826647964
-13.831004588558617 28.41421403056686
-13.830993788567906 28.413767169185491
-13.830973507376001 28.412927611235855
-13.830901597516227 28.411270791466873
-13.830975471512614 28.410637375155023
-13.83172894853025 28.404350723383775
-13.831913598940018 28.403853642063385
-13.831606673796514 28.402878494403573
-13.831773587212963 28.401047722863794
-13.832329771623257 28.396101928415874
-13.832550569337569 28.395695411469173
-13.834943376193047 28.39173108602909
-13.835043886962444 28.391282919900132
-13.83512791876352 28.390453278330099
-13.835299354345722 28.389935769241017
-13.835425733875541 28.389440438794558
-13.83571631003322 28.387477585837495
-13.836184266248569 28.386457173530776
-13.836257554812288 28.386011029256224
-13.837505729252221 28.384110506997658
-13.838486973902258 28.382365643317176
-13.83894633627456 28.381967919408545
-13.839317599258658 28.381416005453133
-13.845069526849258 28.37725442988301
-13.845895479929334 28.377006457203432
-13.84631690640815 28.376448178604218
-13.84667740825091 28.376096973973944
-13.847204171454072 28.374659578218939
-13.84725781783613 28.374211003729428
-13.847428708144932 28.373743112981245
-13.847566391693716 28.373256890273023
-13.84776971109317 28.372665170433613
-13.848087225783143 28.371568976685651
-13.848223906684154 28.371042128780314
-13.848290331432894 28.370487609364552
-13.848463820068654 28.369970098314102
-13.848634141116568 28.369420969638067
-13.849113420818902 28.368262960276439
-13.849344037527274 28.367836187106242
-13.849633476550968 28.367188780449606
-13.85080285515987 28.364752681492515
-13.850823550928062 28.364215825643615
-13.850911080472837 28.363742713706198
-13.850905548065311 28.362400091073695
-13.85141580396021 28.359996781574417
-13.851584409406957 28.358590189392661
-13.852952760956724 28.355702199978676
-13.85521722139468 28.35267957194355
-13.855663347062814 28.352256852669242
-13.857982946279844 28.350338035746454
-13.857763230831379 28.349679570092178
-13.858528957482088 28.343284468388678
-13.858799613510763 28.342555647615267
-13.859624977098692 28.340888277469976
-13.859629209697394 28.339180185860627
-13.860402433313959 28.335704961930524
-13.860798950497154 28.335038112800508
-13.860882839550658 28.334339316355848
-13.86156716520253 28.33315363025574
-13.862018519530226 28.332058510932068
-13.862277754289927 28.331618411654535
-13.862569471382235 28.330986784081844
-13.864151902941206 28.328833790154679
-13.864620075829265 28.328041164295538
-13.865014624297771 28.327606698169824
-13.865368636332896 28.327124508985246
-13.865855557471683 28.325555815664064
-13.866036344716337 28.325108286039121
-13.866089513583558 28.324664207965149
-13.866410032774859 28.323987681389639
-13.867470292663807 28.321755837487657
-13.868443709208902 28.320450664703291
-13.868593043875242 28.320014152453634
-13.869785123054339 28.318065437886073
-13.870442500348773 28.316838861281973
-13.871012614712196 28.316139569270579
-13.8719647283559 28.314646906119872
-13.872384110184317 28.314214878912448
-13.876229986802013 28.311534364214801
-13.876336214691968 28.311002715552409
-13.876658919400301 28.308956509436999
-13.879282982781543 28.304280146075584
-13.879886163955385 28.303705189684703
-13.880131340457639 28.303307809102098
-13.881150462779653 28.302483537558775
-13.881299293706096 28.301965772023724
-13.881815924918516 28.301056140043464
-13.881887951999001 28.300454254688386
-13.880757700941921 28.297324295277065
-13.880763142321562 28.296789557920803
-13.880639510024801 28.296339507100317
-13.880529270142954 28.295812845755385
-13.880130760813081 28.294620417628149
-13.879115122487013 28.292308226058164
-13.878530052128042 28.289446732512008
-13.879295354957641 28.283049165378184
-13.8795124684912 28.282565807652851
-13.879788422078702 28.280259705258995
-13.880216457492649 28.279547916747561
-13.880605347784023 28.278648519050844
-13.881805647585784 28.276905081033192
-13.882281551181705 28.276114700914896
-13.882259310280844 28.275011103943733
-13.882469778480525 28.273880077940042
-13.882573140513115 28.272059950658033
-13.883135780005832 28.270015676450178
-13.88335281977238 28.269550362417377
-13.88348759059331 28.269106938938204
-13.885456476239288 28.265352457133389
-13.886997787994222 28.263458307651362
-13.888574343395868 28.262329373198888
-13.889335386855489 28.261640571156519
-13.890887352847205 28.260673875260352
-13.892646506874257 28.259415499281943
-13.894967696129909 28.258807002308483
-13.895566180767423 28.258638095689275
-13.895837458164193 28.257500766230116
-13.896057502651209 28.256419432389627
-13.896186763601609 28.255337365512609
-13.896426433495984 28.254815797839921
-13.897084685166927 28.253442403553628
-13.897416707150912 28.252698188140499
-13.897681659728578 28.252303185547625
-13.897798338515116 28.251327068798371
-13.89930334028457 28.248663014013722
-13.899771533180376 28.247039857740674
-13.903241585248228 28.241390436783004
-13.903615678204302 28.24108655793621
-13.906608876825448 28.238876621775471
-13.907823870341558 28.237979230700855
-13.908144192796493 28.237300329912074
-13.908842821224153 28.236353671282803
-13.909149105069945 28.235699476867207
-13.910721428433982 28.233568350860807
-13.911455133064154 28.232597135488923
-13.911910527233152 28.232271314138586
-13.912163799488543 28.23184008352785
-13.91263719419703 28.231309061709297
-13.913068585937642 28.230931145590596
-13.915484021456036 28.229269248198765
-13.918283246973697 28.227265099961766
-13.919014415109565 28.226763173532447
-13.919756253859694 28.225983777340979
-13.920228346724347 28.225536207945499
-13.920560871347181 28.225143947076333
-13.921216584839664 28.224305193029949
-13.921641431819774 28.223764728470552
-13.922061071862295 28.223440846167499
-13.922526398598396 28.222959367302145
-13.923592824312124 28.222229894681504
-13.924006995311306 28.221680312397371
-13.92499842461361 28.220805821134242
-13.92786671153512 28.218917091444052
-13.929652093476772 28.217638105855936
-13.933171683899984 28.216386184058678
-13.933839502642369 28.215955888603112
-13.935452811501607 28.215101963350932
-13.935980330836001 28.214873650745471
-14.32410577189032 28.029912204311401
-14.331173974972101 28.028010590426415
-14.335281907532352 28.028073431430247
-14.504866245606543 28.047318227202329
-14.505438688657152 28.047189402635532
-14.506317812336821 28.047145180383605
-14.50950143583392 28.047152096034456
-14.510855438083473 28.047378095175169
-14.511513882653592 28.047398496846032
-14.51318630471896 28.047736187186231
-14.513816171621286 28.047792585117818
-14.515733022438715 28.048417717328817
-14.51705899940622 28.049121985117598
-14.518543395265713 28.049725243107964
-14.520558105304389 28.051007363992653
-14.521107144551536 28.051548644403169
-14.521823241910127 28.052135640150979
-14.522429792944951 28.052850885167995
-14.524204710215663 28.054597004752658
-14.525208408621035 28.056080907485232
-14.525650616471106 28.057064120591296
-14.526136924320863 28.058144523785575
-14.526557312912503 28.058714675067222
-14.527182254969482 28.059393854470372
-14.528102188506477 28.062107368580119
-14.529265957369248 28.065541612859004
-14.529338574814398 28.067710585733025
-14.528534170813884 28.072038494782479
-14.528091929613975 28.072768153872829
-14.526658349441165 28.075726298784442
-14.52489776797783 28.078026584104553
-14.524564620836337 28.078402302283138
-14.522351135189433 28.080231580029817
-14.521853359862909 28.081184440882843
-14.520858944684708 28.082417653033048
-14.520728133906912 28.083071647560917
-14.520509183998614 28.083589928887072
-14.520280292100809 28.08412622892191
-14.519789684998081 28.085282211307415
-14.519407202123906 28.086084264452545
-14.518811122310328 28.086975835536023
-14.518421003812385 28.087757549144577
-14.518103453057886 28.088225831564881
-14.516512673474349 28.090221940788886
-14.516103432621247 28.090651529737258
-14.515720135190122 28.09094354910502
-14.515852089183552 28.091503683979258
-14.516295237904027 28.092015270459505
-14.518379713868805 28.098163167364454
-14.518437910603978 28.098851672968372
-14.518286338336399 28.100182606873329
-14.517750712556602 28.10488598785734
-14.517586724471503 28.105336754362895
-14.517319499031908 28.105823264207945
-14.516224791387653 28.108125768141818
-14.515816471452995 28.108688504510759
-14.514337324580028 28.110633070384409
-14.513913448111428 28.111175434553672
-14.513528916717995 28.111476468998056
-14.513063861018869 28.111871997569416
-14.510616412820463 28.113968786418376
-14.510045301661837 28.11435715511486
-14.509600154775761 28.114689554720634
-14.508425686545781 28.117140649537276
-14.50664753861459 28.119636948611483
-14.506338908175373 28.120166163323741
-14.505724572070077 28.121001186719674
-14.503444813702915 28.123037515586283
-14.215631042149557 28.342495474224474
-14.031685562742101 28.722345467965461
-14.031344163988523 28.72283942546024
-14.030883371117358 28.723797341908007
-13.972706710670138 28.817076829490752
-13.849952473315083 28.823919521671105
-13.850134222052128 28.824214230793309
-13.779669767591008 28.82550279587743
-13.780000009357339 28.824769464432002
-13.780024607825469 28.824714841801722
-13.779786042012963 28.824631073773226
-13.693800972601066 28.768961309987155
-13.681390181338557 28.789301871689883
-13.677931563848102 28.794976245790476
-13.677925686922936 28.794976855371726
-13.681449001741505 28.789198004419735
-13.681390181338557 28.789301871689883

