# RBD_F1v3.0 river basin ES ES Lanzarote (LANZAROTE)
# data from <a href="http://www.eea.europa.eu/data-and-maps/data/wise-Basin-basin-districts-rbds">EEA</a>
-13.677931563848102 28.794976245790476
-13.681390181338557 28.789301871689883
-13.693789489447369 28.76895338160347
-13.693800972601066 28.768961309987155
-13.779786042012963 28.824631073773226
-13.780024607825469 28.824714841801722
-13.780000009357339 28.824769464432002
-13.779669767591008 28.82550279587743
-13.850134222052128 28.824214230793309
-13.849952473315083 28.823919521671105
-13.972706710670138 28.817076829490752
-13.833670090942338 29.039457537738677
-13.833006163051417 29.040313636456524
-13.832762037932138 29.040760497212407
-13.539407019106189 29.419638381315714
-13.53849317045038 29.420699927510707
-13.53824127733715 29.421105486433866
-13.535730072653784 29.42329096801701
-13.534879836839158 29.423798222697407
-13.534435367963937 29.424154279002686
-13.532149267360667 29.425392415996583
-13.531634272720362 29.425555929529484
-13.529571798382699 29.426907027064686
-13.52789031854515 29.427590035706167
-13.522112546419857 29.428875052733112
-13.519335610153245 29.430533881549991
-13.517151550798163 29.431389376379091
-13.511834303521987 29.432505361405241
-13.509853675041173 29.432571179096744
-13.50885199675451 29.432494538026386
-13.508110557329688 29.432520065752424
-13.507014094664871 29.432525816411999
-13.506219999510456 29.43245148310892
-13.500312733537143 29.431904533565856
-13.497906727884807 29.431085568735124
-13.497145163267062 29.430772421428646
-13.49527781930591 29.429733902672275
-13.494522176664777 29.429533602768238
-13.491841991469927 29.429248338896731
-13.490879113806646 29.428914827029814
-13.489240960485919 29.428350309430488
-13.486367960962378 29.426767851054162
-13.484901314452927 29.4260676218172
-13.484495852192342 29.425661452646313
-13.483096286773435 29.424253609545836
-13.482646605090547 29.424038683911537
-13.480291700757268 29.421487447885728
-13.479578665140535 29.420714550990056
-13.478023771025313 29.419029660781675
-13.47769641618495 29.41863790022402
-13.474103608460709 29.416889039122815
-13.473572642947914 29.416567124410935
-13.472919367950698 29.415927976742722
-13.472484760922681 29.415559789488775
-13.471809978654459 29.414841431520323
-13.471309065932278 29.41439577854155
-13.470453633598328 29.413515170477154
-13.326304555684239 29.292191755770759
-13.323898738932536 29.291040402463707
-13.322780512734525 29.290151079740383
-13.320882627390489 29.287981892113965
-13.319501340104324 29.286464359538982
-13.318289212190971 29.285176787486371
-13.316121026038207 29.278821757556319
-13.316033553413549 29.278046893789337
-13.316060204561243 29.277451680429408
-13.3162225298534 29.273830808960856
-13.316751810407856 29.271836527075489
-13.317548581576103 29.269728308411775
-13.447670477653833 29.01189327238577
-13.450431735874956 29.007992911761598
-13.450944740955029 29.007538598405809
-13.451427953240669 29.007027542680095
-13.451834646002748 29.006495297864547
-13.45249313587078 29.00602912120258
-13.45437108933165 29.004401589134918
-13.456977125721139 29.002852334306755
-13.457399126753515 29.001286983203798
-13.458486570615754 28.999537505393317
-13.459268983309501 28.998032683884229
-13.459941405410962 28.997194381572818
-13.460909148671453 28.995637528084952
-13.462473432907082 28.994527423766325
-13.463506858169106 28.993133736181917
-13.463756618316376 28.992696665281038
-13.464346645228956 28.99197019932145
-13.464789231314485 28.99125783651689
-13.465092245028174 28.990884540337685
-13.466240232801102 28.990035845247377
-13.466750650798115 28.989213704374144
-13.467204549168063 28.988699993411885
-13.467307029657107 28.988189040892102
-13.470816241861664 28.982537027166202
-13.4765176862436 28.978495782248558
-13.479229908537944 28.977479696659653
-13.48171138034421 28.976997888603329
-13.482587576582354 28.97674382840324
-13.483166525536555 28.976727802618431
-13.484701898167575 28.97635482752813
-13.485719463586417 28.976357273607533
-13.488369614044373 28.975674196186169
-13.489431267405674 28.975665830377014
-13.490378690883155 28.974877832563546
-13.49239591523088 28.973749885693763
-13.492859837477939 28.973493387433582
-13.494267595067312 28.971309505845213
-13.495037566836137 28.970756371176229
-13.496094411721694 28.969924431934892
-13.496659854006872 28.969409607448256
-13.497153229351044 28.969087995342782
-13.498448953925326 28.968066943378858
-13.499737045870869 28.967384202904213
-13.500323797098208 28.967079413107914
-13.500938699912252 28.966912556322441
-13.50122657302728 28.966529979288271
-13.503746256294217 28.964338078565561
-13.504192615482051 28.964015916357322
-13.506600418351166 28.962616851376289
-13.507935974046823 28.96166833964827
-13.508478632860481 28.961493875877672
-13.509471908615554 28.960798742286144
-13.509756460580991 28.959906235690777
-13.509915215807633 28.959434218345315
-13.51342124777773 28.953783205997091
-13.519118979831626 28.949742271353305
-13.525451017500176 28.948104003486876
-13.527471892313285 28.943947873215649
-13.52911836001282 28.941919617027697
-13.529714394984907 28.941497479018121
-13.531496692372528 28.94012945447631
-13.532045644598917 28.939645875642288
-13.533531947117821 28.93875739722602
-13.534404073468636 28.938169037993543
-13.534814843313839 28.937877966208227
-13.53548912975598 28.93761006698022
-13.535973988957423 28.937452906344692
-13.537819521385195 28.936775848415209
-13.540452048025731 28.936294564793194
-13.54266283587852 28.935720670597384
-13.54647241708351 28.935761894636276
-13.547188206065021 28.935882433662162
-13.548645499902154 28.935659020963687
-13.554848789616823 28.936077768857579
-13.555415926011221 28.936295936633602
-13.555922296670589 28.936341982629795
-13.558932125775611 28.937743724048243
-13.560690124982344 28.937764806767216
-13.562180759283686 28.938028921725003
-13.562790460215471 28.937848181429612
-13.563796888048646 28.937725822397319
-13.565361857330373 28.937365755366915
-13.565963202198448 28.937302228262347
-13.566642788863764 28.937237277105751
-13.567375095835571 28.937150322927156
-13.56789748035559 28.937140094223157
-13.569137795174257 28.936735914515921
-13.570375675553112 28.936286573797442
-13.572633043418181 28.935881887549243
-13.574684112928283 28.935382475778248
-13.577606034538404 28.93565707041013
-13.579986479749012 28.933829948394724
-13.580762804109204 28.933533565250265
-13.581222804442536 28.933206767699883
-13.582934931826392 28.932459991164414
-13.588725046245958 28.931160423355681
-13.590102466193313 28.931190660803921
-13.590380081236662 28.930528013760149
-13.590565058006726 28.929000297435788
-13.592981361501016 28.924610347136383
-13.594065058206889 28.923335681957735
-13.594328178835559 28.922912021474865
-13.596035513971586 28.921217444737284
-13.59784328109062 28.920058595707257
-13.598944110638003 28.919205963356319
-13.600261283098314 28.918520270603999
-13.600695886110358 28.918213443997935
-13.603094471109383 28.917590857908095
-13.677931563848102 28.794976245790476

