# RBD_F1v3.0 river basin ES ES La Palma (LA PALMA)
# data from <a href="http://www.eea.europa.eu/data-and-maps/data/wise-Basin-basin-districts-rbds">EEA</a>
-17.827042747723084 28.441183928313883
-17.827699884968816 28.440746302842836
-17.828349183168026 28.440457677644297
-17.830756745907269 28.43880644999901
-17.831162026348974 28.438504847958356
-17.832160084720982 28.438116486218902
-17.832637674817597 28.437835926406368
-17.834483662194479 28.437362236670388
-17.835685274871359 28.436906464635619
-17.83740103210744 28.43657301419384
-17.838235703465873 28.436325580101009
-17.839285373594276 28.436283381588261
-17.842489643673197 28.436112736918879
-17.843146668985057 28.436139599957475
-17.844152666843165 28.436265156483035
-17.845333043022436 28.436281067961453
-17.847496978603409 28.436680052937287
-17.848659425063136 28.43675268868963
-17.850523059355929 28.437297729491327
-17.855269190986814 28.439654022890458
-17.856895868661372 28.441311206859258
-17.859142676352 28.44245018916882
-17.862333832305531 28.443812815574226
-17.862781168153738 28.444128136670891
-17.863940371020888 28.445307960818301
-17.865630551496544 28.447029087744632
-17.866209915861365 28.447603206156913
-17.868250559878799 28.449260532681539
-17.868611375425228 28.449665606685478
-17.870286731730843 28.450572889641023
-17.87080237799087 28.450852913638357
-17.871293447784996 28.451261994482216
-17.873772275029804 28.452251490630726
-17.874339023758104 28.452722102587984
-17.874924588771588 28.452980336546162
-17.875584162637633 28.453509867804001
-17.880276382692749 28.458265765924018
-17.880713088859089 28.45926679204381
-17.881385876500833 28.459951612169135
-17.882327511317815 28.46232655010321
-17.882758998999421 28.46279322405891
-17.884439686742454 28.464577427268019
-17.88598679217613 28.467688170792144
-17.886653029543254 28.470298931095993
-17.887048039797566 28.471345916876665
-17.887042973816218 28.471898517282245
-17.887566824264795 28.473037477378757
-17.887818564153239 28.473449318220855
-17.888310304297111 28.474638568105593
-17.888957934208179 28.476034223098349
-17.88911514402043 28.476664556783685
-17.889226832866104 28.477169573096909
-17.89001917348871 28.479355929382933
-17.889873958911888 28.48118111123706
-17.891005987288285 28.48269499051203
-17.891989998637651 28.48529669415769
-17.892280383902389 28.485942227507167
-17.892949283975646 28.487621541276901
-17.894636459272203 28.491538732412323
-17.894944721679067 28.493094920618955
-17.89476613785596 28.495342509717148
-17.896099431190528 28.498865808929892
-17.895734017728998 28.504143664416581
-17.896280029665647 28.505674481163823
-17.895980138059716 28.50944907075036
-17.896881729743367 28.511179764475152
-17.897908249896332 28.514851638260339
-17.897706615517482 28.517397382521999
-17.897980251369244 28.51789216381836
-17.899479176573607 28.522564195486812
-17.899461417922936 28.523069705803628
-17.899299191723316 28.527671208964225
-17.899029503766648 28.528312891472034
-17.898952787594954 28.529241353243304
-17.898262380993682 28.530464798459747
-17.89869654397274 28.531610112411879
-17.898745499803848 28.532617072711208
-17.899892366048331 28.533783240481657
-17.902166917254224 28.539685682050273
-17.90260070593677 28.540127413985282
-17.903619126401139 28.540574677514012
-17.905099355151577 28.541704345822637
-17.907893604742476 28.544835376029944
-17.908443544234448 28.545459510775565
-17.910292664264784 28.549481174835574
-17.910505676906254 28.550412442852117
-17.911817550488244 28.55387282315268
-17.912729268111221 28.55471692869704
-17.915052686773191 28.557551202247165
-17.915368436391184 28.558060817383748
-17.916278912619717 28.560501475311515
-17.916722012960964 28.560893342838909
-17.917211319733152 28.561108322959011
-17.920361754341016 28.563854797522939
-17.921526594713011 28.565360869046383
-17.92331242951991 28.567627014152478
-17.924144318366263 28.569074837702559
-17.92479399549612 28.571056511658984
-17.926037374784496 28.572233865592523
-17.926337116772057 28.572784385113355
-17.92672412106614 28.573211249668692
-17.927809937344243 28.575269180996397
-17.929003757199602 28.575795877891888
-17.931455804918524 28.578099369145683
-17.932559640777953 28.57858062176426
-17.933157962763151 28.579106625252123
-17.934096523462092 28.579442610279717
-17.936112746082703 28.580580584660702
-17.936624934546568 28.580855876916608
-17.937288087376405 28.581231627069201
-17.93796262388469 28.581821350499041
-17.938684200336915 28.582425836641654
-17.939943192441042 28.583465153955878
-17.940388285381434 28.583944834549637
-17.941301893021482 28.585068296432187
-17.941779416031466 28.585565307576921
-17.942928948893574 28.586730992673253
-17.943157521268496 28.587152222254495
-17.943555469274205 28.587783997911583
-17.943784046417512 28.58820522714273
-17.944016459790351 28.588901479843695
-17.945930911398971 28.594325961421635
-17.945582778594861 28.598755538663493
-17.945433162059373 28.600661991433977
-17.944900261954555 28.602098716963905
-17.944774723685896 28.603208638012703
-17.94462358041401 28.604179307585333
-17.943845977855492 28.605558207197294
-17.943641086871477 28.606926919929442
-17.943828630278642 28.607421195738461
-17.944001114573958 28.608199926169942
-17.944172072520672 28.609564982492508
-17.944161406520237 28.610018464964018
-17.944559812090372 28.610422468139902
-17.944917099680094 28.611138550916319
-17.945456070362052 28.61206941610271
-17.945717519028911 28.612681595619726
-17.946642951922477 28.61348453838399
-17.948393759493289 28.615726227905498
-17.948834493908802 28.616237534682845
-17.94912059685387 28.616907798071693
-17.94983893377271 28.617636300069741
-17.95096983894252 28.619706536646188
-17.951389246378174 28.621030084680228
-17.951942615201823 28.62127283944529
-17.952425681071233 28.62172007075959
-17.952982990582594 28.622034892935396
-17.956844333477505 28.626199011727895
-17.958327973470347 28.629116100338916
-17.95865752696993 28.630283734069195
-17.958872589313856 28.630763851994647
-17.959268762927955 28.632631318661819
-17.959136127597237 28.634325431795183
-17.959766237973707 28.634965599262269
-17.959994609947707 28.635407089037528
-17.960497225297786 28.636478479501303
-17.961662891097042 28.638962752488808
-17.961933471224036 28.640041464971194
-17.962929926126396 28.641050176660862
-17.964628212772656 28.642541859899456
-17.965369918188383 28.643477205108379
-17.966379889514634 28.644282647869485
-17.967289263593482 28.645236857096656
-17.970215440879404 28.647867349755774
-17.971546415443854 28.649639838377443
-17.973225715927775 28.653540084529176
-17.974801010042022 28.654499901625996
-17.975245695036218 28.65489150620667
-17.97595625509123 28.655509522969613
-17.976620149792712 28.655923362010558
-17.977774580149696 28.657185535807177
-17.979341256750214 28.658628038592742
-17.979721014696697 28.659106743133911
-17.980486541525913 28.660185781616946
-17.982938908417761 28.666413966682555
-17.983084275992969 28.668115481455047
-17.98261978492749 28.671855356161807
-17.982793215443611 28.672268692898921
-17.983484779319689 28.673146394302542
-17.983801756295843 28.673978233790262
-17.984628584991068 28.675455007508745
-17.98493663909192 28.67641106143089
-17.985302837328753 28.677613870937567
-17.985762133175612 28.679123547575035
-17.985958850725076 28.679770876750364
-17.985889946731987 28.680654068242447
-17.98592899646254 28.681174091238734
-17.985743132048878 28.682542415761645
-17.985694597562045 28.6831635872418
-17.985848898318359 28.683644988242705
-17.987498028989116 28.687971830690746
-17.98752476362052 28.688519182845805
-17.988779265075234 28.691878340785568
-17.988717472105574 28.692673433475679
-17.990855577149254 28.695086271426479
-17.991170362510132 28.695588917919491
-17.991449964326197 28.696281753968361
-17.991974307910514 28.697183390244646
-17.993536593351248 28.701956264461572
-17.993387307356823 28.703876234010821
-17.993831077906613 28.70433768310037
-17.99558682146122 28.706513105967932
-17.99608391259763 28.707016208895215
-17.997032084044509 28.709502637069338
-17.99734348680202 28.709939947530877
-17.999214108537586 28.713815208879446
-17.99940350638845 28.714413062682645
-17.999934494927913 28.716717051055635
-18.000084615283239 28.718984391743117
-18.000078637028587 28.719446777060522
-17.999897814430533 28.720594018341878
-18.000288360435896 28.720912308743554
-18.000742728316062 28.721416336277624
-18.004745848124127 28.72500060902015
-18.00580765871657 28.726449434908378
-18.006219443094793 28.727173112102548
-18.006954705510946 28.729098205380051
-18.007332354036436 28.729500189160927
-18.008144190702989 28.730636617623453
-18.00850545074864 28.731571113170418
-18.010326315329031 28.733826024622953
-18.010959294877392 28.734087016483119
-18.011345185892619 28.734373805031932
-18.011887679571334 28.734679651511247
-18.016624720771532 28.739467038585264
-18.01819798370931 28.742764590018236
-18.01951371546755 28.743966343015217
-18.020678008966925 28.745539010148232
-18.021954720918369 28.748881467155147
-18.022343987322898 28.749382356012109
-18.02263291629928 28.749786274490791
-18.022858087053169 28.750275049456054
-18.02328037018026 28.750822547240372
-18.023644532124216 28.751894470985754
-18.024227118173151 28.753608645741807
-18.024995631869817 28.755868836629439
-18.024819571847424 28.761009329615053
-18.024601578373353 28.761580178726543
-18.024572708322665 28.762043070491025
-18.024397043362121 28.762495719063189
-18.022984344543943 28.765197095531871
-18.023115269216657 28.765721799426839
-18.023354319889947 28.76640192196728
-18.023523425862027 28.767351936608961
-18.023604335769956 28.767828153105111
-18.023720080555538 28.769090531637378
-18.02396121702748 28.770097558681769
-18.024156435166422 28.770532882190395
-18.024279290858143 28.770999138490019
-18.024632608576322 28.772711672665245
-18.024651494494265 28.773155454424622
-18.024689318029466 28.773756651896445
-18.024714360656851 28.774369409486546
-18.024812101418487 28.775893750474832
-18.024755816515395 28.776382058122753
-18.024511539443157 28.777916317228417
-18.024533398409183 28.778551693858255
-18.024416417826391 28.779408902022443
-18.024413056939409 28.78234027656152
-18.02464854932137 28.785410608667014
-18.02402071233448 28.789041446939013
-18.020817007562062 28.794730016654086
-18.020494718834652 28.795215258924031
-18.019419318696212 28.796136754861159
-18.016722551834441 28.798445156228361
-18.015063182106896 28.799402224247739
-18.013974021140175 28.799893311412376
-18.013732758148109 28.800949462468402
-18.010544277440513 28.806619448716546
-18.006964863527152 28.809788432527991
-18.00484414483002 28.81103752780432
-17.998429168237667 28.812941318904404
-17.99832181581553 28.813584087638137
-17.998299091182083 28.814466245059908
-17.998138335102741 28.815144024254469
-17.998006958451178 28.816847113333086
-17.996586827708096 28.819368045568929
-17.995173705382804 28.822035375506228
-17.994801134110045 28.822537465539888
-17.994463703654606 28.822869659161181
-17.993066823184254 28.82425133578672
-17.989793613430045 28.826459305719553
-17.989088281137942 28.827000327258517
-17.988063996546018 28.827368023008056
-17.987135508515159 28.829016614369952
-17.986630188987373 28.831361603586966
-17.985051736785824 28.834844263185989
-17.983282049637495 28.83728262138639
-17.97784627363874 28.841459327550922
-17.974900754392454 28.842658567080687
-17.970679227876413 28.843590479716887
-17.969968804864415 28.843712112835561
-17.968162313697562 28.843801508701773
-17.967538842761634 28.844200821131743
-17.96700437129191 28.844611702437465
-17.966493184396114 28.845188931487503
-17.966376721611677 28.84630766661174
-17.966207472745037 28.846830016621944
-17.963089696084573 28.852238184929956
-17.959070844352993 28.855618632074361
-17.95740086983194 28.856568523810399
-17.95056137266042 28.858594522289799
-17.949988230768898 28.858604815534161
-17.947886687694229 28.858641782909711
-17.946564668949225 28.858663930478592
-17.945192646304282 28.858479705518612
-17.944507265432861 28.858438309140752
-17.942929778862435 28.85845021764495
-17.942485362173205 28.859165711698388
-17.94142712562963 28.861369319403035
-17.940076992960819 28.863135071001444
-17.939467099811587 28.8636038701021
-17.93891784586609 28.864680173283073
-17.938448548693565 28.865139137123546
-17.938088274601707 28.865706213479381
-17.937377387449267 28.866330541340172
-17.93705995504601 28.866770405860105
-17.936305883971674 28.867749693564573
-17.930742105872707 28.87206499384973
-17.923900656127259 28.874089750721126
-17.922299257358954 28.87402302561685
-17.918613085066884 28.874044306350953
-17.917661702142343 28.873895793043999
-17.91704570886365 28.874037664347838
-17.916255903086146 28.874113391241941
-17.914097621744691 28.873966169300989
-17.913546667377297 28.874075047721359
-17.90898397221428 28.874083448308028
-17.786143278261523 28.860567321326588
-17.784425049488824 28.860266823565595
-17.783255661587571 28.860110571278561
-17.779591667874559 28.858851174567114
-17.776564636583231 28.857170382741
-17.775840500827325 28.856549361081921
-17.775095735573554 28.85622417792845
-17.773254498552319 28.856110983375174
-17.772758696644722 28.85603323455457
-17.771141492951536 28.855324565508521
-17.768704137219594 28.854416234604816
-17.767567213969812 28.853754032259157
-17.766296666206777 28.853196040766324
-17.763186272135332 28.85050409478864
-17.761448746602756 28.848277822993367
-17.759495356589138 28.843135571280683
-17.758625279549911 28.842375362121718
-17.757009634049084 28.840281833119992
-17.754984081615003 28.834949283643923
-17.754687102485214 28.834576490314447
-17.753851694464615 28.833657677204155
-17.753273331425021 28.833053838727579
-17.752318839996597 28.830540818037733
-17.750983987398339 28.827025249159657
-17.75093589690907 28.825817482666263
-17.748948584367927 28.823803577621572
-17.74800149029328 28.821308404266375
-17.747539449486389 28.820571368171812
-17.747121033372384 28.820142393560712
-17.746893184727188 28.819668945515645
-17.746682755535051 28.819188376929013
-17.746307405924401 28.8184608451541
-17.745492911501987 28.816928146766948
-17.74519085213646 28.815894676413492
-17.74354481254505 28.814042865406012
-17.743001544729669 28.812707594571656
-17.74095065841545 28.808311157265564
-17.740760236167297 28.807455816190885
-17.74055569360166 28.8068555925509
-17.740447965952644 28.806273698304789
-17.740479345555219 28.80573633720212
-17.740301959448658 28.805268614847336
-17.740228767404609 28.804722100974082
-17.740212521123375 28.804199237859891
-17.740159302368259 28.80355985727784
-17.740383819762044 28.801597833577098
-17.74038773276709 28.800463416300811
-17.740348545918689 28.800017693507844
-17.740348083908984 28.799474213494037
-17.740013594540308 28.798260971569881
-17.739961494525389 28.797639608664269
-17.739553420720707 28.79650002331763
-17.738247709624467 28.794968213168151
-17.736238227703705 28.789867222232623
-17.735907362435668 28.789352988607973
-17.735544244792933 28.78833876365097
-17.734250556218264 28.785421997577448
-17.733893772753877 28.783692753517713
-17.733853402832228 28.782942604920311
-17.733758147845936 28.781805679823186
-17.733756093419938 28.781138194751449
-17.732288042831922 28.779823838011907
-17.731720720514769 28.779393306253876
-17.730868408654288 28.77874527635371
-17.729225642389267 28.776936024802893
-17.727509615153814 28.775247754615783
-17.727224358319173 28.774822779439603
-17.724521817197989 28.773262635371765
-17.72328465982611 28.772698991713494
-17.718554565197298 28.767898315693074
-17.718252120157551 28.767412775052335
-17.716444174916667 28.762422360481054
-17.716102001642881 28.761748177839678
-17.71554546552418 28.759664305124421
-17.714704523899051 28.758740798322567
-17.713991325470211 28.756856265687954
-17.713489735970963 28.756634058210292
-17.708761169246834 28.751832943479602
-17.707905257894279 28.750336869519469
-17.706413990588654 28.745673694857729
-17.706251450493593 28.741937839866587
-17.706356718018093 28.741306532497443
-17.706245267122803 28.740792324391059
-17.70640691398102 28.73580961781099
-17.741607708154174 28.567134222954543
-17.7419586626573 28.565780773803656
-17.742378485918692 28.565039346910066
-17.744175010583891 28.561868288796965
-17.745180131097896 28.560095664727822
-17.745462099949979 28.559715596257661
-17.746015246964372 28.559253362175419
-17.747624463496223 28.557716566510393
-17.748040208586126 28.557189450748073
-17.749538939161706 28.555715762863088
-17.750822966253317 28.55483952996823
-17.752496113159317 28.551887378405262
-17.755669238899582 28.549457282594361
-17.756690664954061 28.547819566045067
-17.757060232755652 28.547103928132731
-17.757409840661776 28.546663828888246
-17.757867933528189 28.546135826735174
-17.760596487450073 28.543685343861849
-17.761004434780428 28.543341022545
-17.762018834960287 28.542711483163455
-17.762076912548459 28.542245732703627
-17.765005479046675 28.537414133102232
-17.765463913159635 28.536987585171655
-17.766108589931353 28.536358784179491
-17.766611616802802 28.53584337251397
-17.76745676819953 28.535239797754077
-17.768519943571611 28.534307025409216
-17.770621444213194 28.533055375009852
-17.771823499658066 28.532588821910405
-17.772642089516484 28.528120380897981
-17.772890021209118 28.527519950253453
-17.773033841847163 28.527002832035123
-17.774041255310962 28.525042798415164
-17.774632711792265 28.523666330169736
-17.775164589259788 28.522854872439733
-17.775441526092756 28.522314734594353
-17.775746974343047 28.520682506838632
-17.778291298304442 28.516187776811595
-17.778504031170868 28.515062601056346
-17.78004609998144 28.511519734168932
-17.780317047996345 28.511106001537218
-17.780550013100292 28.510704321804951
-17.781403220630324 28.509554753872361
-17.782211284967769 28.508448954626431
-17.784203424247778 28.506631059153619
-17.785573841928851 28.504521439458451
-17.787982553988314 28.502676910117444
-17.788589192393488 28.501475984198365
-17.789141354284453 28.500752015277957
-17.789436695947845 28.500261089767459
-17.791003334777361 28.4973693605777
-17.791369060110362 28.496886006213739
-17.79165628414232 28.496523788377129
-17.79218353218155 28.495861210601468
-17.792402190069481 28.495464317696506
-17.792941936899357 28.494537626140836
-17.793260474000096 28.494007879161728
-17.794968701108537 28.491676992514897
-17.796636306356394 28.490397830343717
-17.798104493237595 28.489023528932194
-17.799275347935431 28.48826874217287
-17.799975338382986 28.487239497850812
-17.800270363658989 28.485325552127399
-17.801157518835289 28.483108486357214
-17.802695152504821 28.48076975639059
-17.803548715921334 28.478636812587258
-17.805197414169189 28.476146928134181
-17.80544840403973 28.475600509802298
-17.805527389399071 28.474617885183434
-17.806415264593564 28.473050263260696
-17.806463240627462 28.472451656078242
-17.806574298672235 28.471017336810327
-17.807047660846795 28.469000472312146
-17.807669412820495 28.467902902006966
-17.808571070295823 28.465834339140518
-17.809928201070885 28.463909710855027
-17.810264029851758 28.463316428984712
-17.810755827371917 28.462891314496837
-17.811528315478764 28.461610200903831
-17.812059693887718 28.461150437028781
-17.812983353480277 28.460351048139344
-17.813334957298352 28.459728116736919
-17.813875319977647 28.457128017854476
-17.814485350964013 28.454810625805194
-17.814715551683832 28.454181183523222
-17.814993609684183 28.453419951323539
-17.815779634593042 28.452064117374679
-17.816520058041725 28.45042056534886
-17.817815561623316 28.448589609012831
-17.818094125265922 28.448209482003545
-17.818445924084777 28.447728610766099
-17.818889048491378 28.447336051664266
-17.81924269363552 28.446888967828137
-17.819789449347684 28.446471706680793
-17.820266608321838 28.446004018761457
-17.820788074683716 28.445643656642773
-17.821595692590027 28.444925555122083
-17.82270460486685 28.444228258014483
-17.825632307503362 28.441993512500154
-17.826208554649238 28.441823681436905
-17.827042747723084 28.441183928313883

