# RBD_F1v3.0 river basin FR fr Corsica (Cours d'eau de la Corse)
# data from <a href="http://www.eea.europa.eu/data-and-maps/data/wise-Basin-basin-districts-rbds">EEA</a>
9.219632970670311 41.368010971231548
9.218725015438423 41.367961021711352
9.216386974689554 41.367831995552415
9.21580900644026 41.367800008870496
9.212043964367052 41.367591978620062
9.199105013439244 41.366877991755466
9.196634007827399 41.366741978272934
9.195923033412267 41.366701986822719
9.195618015215206 41.366686004329267
9.192363033306782 41.366506001228736
9.187550994460212 41.366239978951448
9.184040005348065 41.366045969528635
9.182806026452003 41.365977965817791
9.182343023598303 41.366595013694571
9.177794964472023 41.372654011013324
9.175522987971378 41.375680994194049
9.17496403513328 41.376425990281561
9.1748510328656 41.376575990044074
9.174752020177539 41.376709006415879
9.174644033306063 41.37685296981428
9.174143023982197 41.377519990091734
9.173941972782686 41.377787984228249
9.173619012898346 41.378216980636289
9.169897999071432 41.383174974594453
9.169789003591678 41.383320002209189
9.169757964329092 41.38332496946137
9.152256009567509 41.386166001272272
9.15312699193581 41.386776011259826
9.155224024230849 41.38824300142678
9.155552997974324 41.388473980877762
9.15413698955995 41.388621993074437
9.152720973148709 41.388769984198618
9.147443980938773 41.389322004771159
9.14013099904415 41.390086999960538
9.138083000906258 41.391149021751097
9.137126989182153 41.391645016501045
9.134928977118577 41.392784974759834
9.132627017699157 41.393978967379709
9.128193028889511 41.396278978582316
9.125700017576786 41.397571967466902
9.122598023990998 41.397021973660294
9.119549981961885 41.396480993788515
9.107849989055465 41.394407001131739
9.107741016129347 41.394388017758814
9.102955966844185 41.393538972870225
9.100507021487809 41.393104992456969
9.100148028925277 41.393041990425608
9.099577984563689 41.392941008716519
9.094923973707708 41.397126994023509
9.092994016258588 41.398864017951759
9.091646974767064 41.400075010269596
9.09164401300368 41.400077994024429
9.091788020431723 41.400530971852497
9.09241203220714 41.402501973219479
9.092550012475625 41.402937965941241
9.092714006381192 41.40345798326927
9.093385026216868 41.404864012977029
9.094035990277929 41.406230998986636
9.094559006432679 41.407325966382174
9.094626969947356 41.4074689959007
9.095346029923697 41.408978999078798
9.09627497133131 41.410926994048097
9.097289970554129 41.413054976406819
9.097380975234024 41.413245984542172
9.097439031469907 41.413289001126607
9.100594995309649 41.415640011488485
9.100993990035608 41.41593701009598
9.101321000802571 41.416180983512533
9.106902974034258 41.420337985490114
9.106897003288394 41.422035997954438
9.10687797716289 41.42718102015133
9.108837995093822 41.428922973909266
9.111875995250422 41.431623011362682
9.112025988758797 41.431756985339071
9.112358983013468 41.432051980570996
9.112510012481001 41.43218698551037
9.118702987081893 41.437691017205879
9.11369203699387 41.441106004494436
9.113011003844655 41.441569998302754
9.107906996380429 41.442245017043398
9.104655990036866 41.442675020641893
9.104289036891382 41.442723018464804
9.103477973995449 41.442830983565862
9.099506026023837 41.44335601316277
9.095531021450645 41.449451008386845
9.090721966047244 41.447009996500974
9.086554017419557 41.444893969135144
9.085577018388047 41.444397979775687
9.081036016298894 41.442091976141796
9.080827988079113 41.441985993686018
9.080586975071416 41.442048982079392
9.077857985483039 41.442762968757457
9.07725002339004 41.442922018607184
9.073579014553907 41.443883009863484
9.073343035684999 41.443943982452232
9.072385972650984 41.444195017435852
9.0718450346842 41.44479698910726
9.07179003656664 41.444859017780324
9.070424004148867 41.446381980829855
9.07023100759231 41.446597000716665
9.069978964248316 41.446879009642096
9.069689995537408 41.447201003073218
9.068922999919032 41.448056009736476
9.067352992306018 41.449805997387209
9.067354997290435 41.449826976545154
9.067575976483132 41.452485966287469
9.067628987402518 41.453113968595616
9.06800698639544 41.457658975490645
9.068367985711475 41.461993006103022
9.068453018661561 41.463013012879493
9.074128013156885 41.469900965884129
9.075326975016216 41.471356968804557
9.075991017716788 41.472163012275551
9.077698002130068 41.474234991686863
9.077881027932042 41.474457019373965
9.077886003077126 41.474465017537156
9.079939966856491 41.477468020234227
9.079942035548024 41.477469970394999
9.079940011236554 41.477470008680243
9.079929028329589 41.477467976300481
9.07782497580669 41.477113018569334
9.077503013429215 41.47705801093273
9.076227993418101 41.476842008759803
9.072157979134895 41.476154021957385
9.071008014823427 41.475960018651875
9.070544989834369 41.47556502123556
9.067951992931123 41.473355987623819
9.067064996406151 41.47260000773732
9.065779032344389 41.471504013415014
9.065344015822641 41.471134017229211
9.062413017130106 41.468636000513555
9.060672001098126 41.46715201129912
9.058851989355375 41.465601977401434
9.05711097632255 41.464118999960668
9.055777969832933 41.46298197738998
9.055500996797063 41.462880971998125
9.04963398310435 41.460730003419968
9.04757799832292 41.459975982455475
9.045680026690802 41.45997601626415
9.043024979370131 41.459975965872076
9.03994302704017 41.463010983440334
9.035063965572455 41.467814976968072
9.028991028564471 41.467077019112111
9.022630004541494 41.466302977716765
9.022138974955279 41.466243975099665
9.022074030380496 41.466328997204478
9.016390003051358 41.473853999792638
9.015586013182853 41.474917988819094
9.011490007592226 41.475383990043767
9.002493031199338 41.47640798261488
9.002342004728261 41.476424990388558
9.001430006304759 41.477005020548852
9.000743992140789 41.477440017385291
9.000631037235438 41.477511990038963
8.999906992864522 41.477971990859956
8.998819000894336 41.478664007702164
8.998816978602616 41.478663987405604
8.997658009652726 41.481965004233025
8.997378998324743 41.482757998865914
8.997101002749542 41.483547992742594
8.997086036354874 41.483593000470336
8.995917029217026 41.484573007094319
8.99572398625066 41.484734994840764
8.994791974326995 41.485516009390771
8.992872018739277 41.483843021635629
8.991109976785999 41.482307973096304
8.989442009660582 41.480853992137853
8.989150983357989 41.480600999199986
8.988612036204392 41.480131006522832
8.983135967124536 41.475361007196774
8.981554035323295 41.47687899488097
8.9785249936171 41.479785965888176
8.976293032811363 41.481927999165059
8.974868978892257 41.483294979042356
8.970418997594855 41.484394969638004
8.967134976964747 41.485206979950021
8.966377979288383 41.485393972249106
8.96219198013396 41.491066005094346
8.949556030688283 41.490191021687252
8.946239022915421 41.489960984770981
8.945301009014987 41.489895974667128
8.945030036159094 41.489876978456529
8.944953004290859 41.489872016924338
8.944560008919863 41.489888991078004
8.94048603299882 41.490070008418691
8.936672013735201 41.49206499557728
8.935949985462653 41.492021001411722
8.929327968164971 41.491615991934133
8.924252979306225 41.491306018617372
8.921594965267266 41.494964015047138
8.913457969748261 41.506161017849941
8.909218025426091 41.50643597552309
8.908935989937143 41.506454021961481
8.89079497483972 41.507629993582455
8.886093971616017 41.507934970642346
8.88567697689879 41.512204973386126
8.885168970775279 41.517394007804931
8.885114023339375 41.5179629964193
8.884138003495096 41.51860797118065
8.87819997398878 41.522529976981026
8.867472018569366 41.520699968280987
8.863966031308495 41.520101996557777
8.856039021103914 41.518748989894135
8.856036996347461 41.518748966687042
8.851190017141601 41.518468020080334
8.850533973732832 41.518430021692296
8.849995014588602 41.518397967965818
8.849549967318888 41.518371993294359
8.849474012313719 41.5183679933345
8.848779018806582 41.518328000200434
8.848441007409662 41.518307969771513
8.847770964093488 41.518268995182815
8.8475029664696 41.51825397278337
8.847217984229701 41.518236992388246
8.846644030412067 41.518204005539395
8.842238994961365 41.523250981906592
8.846349966140636 41.528043002217331
8.84707197066801 41.528883988026728
8.847400983100792 41.529268978030665
8.847522017280752 41.529409991934664
8.847596006720087 41.529495991053651
8.848346001977033 41.530370006726677
8.848588005310589 41.530651973994303
8.849231012716608 41.531400978581601
8.849288974113989 41.531469978047753
8.852421974925683 41.535121969375233
8.852077016126174 41.538208002242619
8.851635966443752 41.542155997185993
8.851401989204433 41.542229985931698
8.849538001415947 41.542819011992826
8.844280031474131 41.544480010022063
8.840332983359055 41.545727011826571
8.838018013855464 41.545801996155525
8.836086975588115 41.545863966192364
8.829578026129573 41.546075001298448
8.8214940259159 41.546337011679917
8.81463097099685 41.551761965398299
8.813391023519772 41.552741974555367
8.812012003392356 41.553831980931818
8.812011008386756 41.553832991552355
8.810233028372357 41.554853019601005
8.809492987102342 41.555277013521952
8.808366995238162 41.555922971947261
8.807112001681082 41.555975010700017
8.804968992935981 41.556062021440553
8.803908016599326 41.556106004984805
8.802230980042268 41.556174000181443
8.797230006422422 41.556378008194436
8.79463898146779 41.556483994358132
8.787824972874841 41.560028973135331
8.787378030523932 41.560260969204577
8.787557981992846 41.560787017570497
8.787711011276405 41.561236001958243
8.78779101924588 41.561467977435534
8.787807969870787 41.561517996889897
8.787882005143237 41.56173700559161
8.788603002977498 41.563848018354264
8.788697967384493 41.564124988199097
8.789101030842534 41.565304999035583
8.789299011994123 41.565884992492272
8.789365013632038 41.566078001441021
8.78939998797985 41.566181004870309
8.790013032467606 41.566611021242444
8.790663997683101 41.56706699523653
8.799289025804256 41.573112014417447
8.797193017753369 41.575869994256948
8.791545976037211 41.583297998475274
8.790249966390091 41.585003018322375
8.786894990828785 41.586060982309441
8.781880981675833 41.587642973244769
8.781879985622684 41.587643983529702
8.779214007800212 41.590380977446983
8.779149963695845 41.590445967413423
8.782241983093268 41.595039015776344
8.785368965059158 41.599682974748603
8.785473988551374 41.59983999069371
8.785655995944323 41.600110003101236
8.787417021880174 41.602724989281612
8.787564985487181 41.602943977820182
8.787718028295986 41.603172002533604
8.788015985454251 41.603613978593145
8.788145973395309 41.603807984994454
8.788377027298942 41.604151001996165
8.788516973664132 41.604358021255024
8.788870022369299 41.604881996757271
8.78926900498046 41.605475988891001
8.789294034124261 41.605642992264578
8.790627025210135 41.614843996914011
8.790676979810948 41.61518401819832
8.790773988141526 41.615854995391594
8.791435016051958 41.620416993337564
8.792377026085605 41.626915985020986
8.792584016968602 41.628347019148755
8.792697015547477 41.629123989310749
8.792990989664096 41.629274981345134
8.795112973438004 41.630363971909013
8.795419010736035 41.630521008442138
8.800028021496312 41.632887008632991
8.800030987783028 41.63288897510887
8.80017499806485 41.633070007751833
8.80032298870592 41.633255006601651
8.804461010933359 41.638442016004461
8.804486008488739 41.638474006844014
8.810036021584175 41.635395976770333
8.817861035606219 41.631057974342689
8.824025982570156 41.633935990400488
8.824287986112623 41.634058968113081
8.824392014063671 41.63410699048395
8.827943973275683 41.635764980567444
8.828706013682448 41.636120987737044
8.835465968023305 41.639277975055172
8.841476033327043 41.642084011613306
8.843014968398542 41.642801998778339
8.851308988597062 41.646674989976475
8.85152396647236 41.64677497548336
8.852028012272653 41.647011008969152
8.852233017526961 41.647105994378883
8.853778010651476 41.647208967852663
8.857422037426605 41.647452978589058
8.857567993324963 41.647462995268206
8.858215025202616 41.647505996362831
8.85988399456987 41.647618014278521
8.861045990841399 41.647694981459253
8.865757965778204 41.648009970852407
8.868940974089083 41.646367019635548
8.869098986086748 41.646284978045642
8.869487968011654 41.646084009273814
8.869502992620816 41.646076000277873
8.876100032460988 41.650726000575844
8.877897002828087 41.65572899798623
8.877940015211284 41.655846986698009
8.878807024864219 41.658258972231124
8.883205965019869 41.6705019979456
8.885698019165046 41.671287979193231
8.891509978307459 41.673123021864406
8.900555968888447 41.675977991756696
8.903783018285063 41.676996999700727
8.904289986977728 41.677156973681733
8.910651971496769 41.679165012802777
8.91200598350512 41.67959200499088
8.912658001230644 41.679930988806746
8.915781004128362 41.68155296700364
8.912396996006235 41.690694991774286
8.912302972609536 41.690947998960752
8.91015498908644 41.690823987281895
8.903956965889657 41.690463967301724
8.902247966841056 41.690364982449204
8.902107976114285 41.690356006213989
8.901297005689521 41.690308996295585
8.900553033718106 41.690266009040236
8.892594011170551 41.689804021326808
8.890629978423842 41.689689974180574
8.889314002734906 41.689613014685222
8.885081983343532 41.69170801520805
8.878116992702095 41.695156011962801
8.877361012871022 41.695208014630516
8.871018991672031 41.695638972686098
8.862519015904283 41.696218005132039
8.859383968207231 41.696431003388433
8.854673990980963 41.696752021817943
8.842191976650458 41.697601019000267
8.830505989836935 41.706032019416156
8.82897202575276 41.707137981772348
8.825457972759743 41.709346984824172
8.825427975409415 41.709365998687083
8.825410035205399 41.70937197888594
8.812774990027703 41.713516011337646
8.807074974260807 41.711340017107872
8.804732031227369 41.710444966901711
8.795455996451732 41.706903011812869
8.786211003505452 41.703372988451981
8.786210006820193 41.703373998679162
8.780291965247555 41.709454014172003
8.773257971471432 41.71667898308857
8.776664972934048 41.721520004208763
8.780378028472713 41.726797017355317
8.781255008481162 41.728043012533867
8.781753032193748 41.728751008552521
8.78233003003113 41.729570988244795
8.783324032801557 41.730983020844107
8.78367399323619 41.731479988784891
8.78394401109618 41.731865015313495
8.784010983671172 41.735191021573783
8.78401400726916 41.73533098969056
8.784014002908618 41.735335021843603
8.784013983805748 41.73533598695473
8.784011988113713 41.735338007287076
8.777766987996607 41.740329969429325
8.777026027831601 41.740358003505591
8.776711010696964 41.740369999531381
8.769523996079508 41.740641002368172
8.768769031585604 41.740668974094035
8.767600963826714 41.740278991351403
8.753081024639952 41.735426012534099
8.751381020650104 41.734857984494916
8.749888973208378 41.734358969800354
8.747745994222253 41.733642971897893
8.747406011240273 41.733530020329425
8.747133980261959 41.733438987707274
8.746183970183601 41.733120990434003
8.746004986371936 41.733060991782928
8.743878977660879 41.732350970998077
8.743385977144701 41.732185996205239
8.739866028223513 41.731010015267643
8.735497032114251 41.729550020357379
8.734739993155712 41.729296989511404
8.733869981653124 41.729006008391835
8.724034033137769 41.725719020858904
8.715184979065238 41.722761015461657
8.714517000163353 41.722537992280763
8.712562968834829 41.722422008820431
8.711392036601849 41.722352021995832
8.709897034737581 41.72226302150014
8.709880981471079 41.72226798307215
8.706923993660846 41.723109979634515
8.705530985700296 41.723507005628626
8.705535981329465 41.723576980631449
8.706019014784431 41.729973972843979
8.706040019993345 41.730252011339324
8.706166982070974 41.731937001836222
8.706237980950316 41.732870998417177
8.7062629692612 41.733202982158424
8.706300001164912 41.733691977445375
8.702514007014718 41.739600974656511
8.702245031943363 41.739627018984081
8.701729023451401 41.739677005583587
8.691466987972918 41.740662967944026
8.687780020350855 41.741017978264274
8.685542022192863 41.741232989123262
8.678540975521225 41.741906018836637
8.676621005202383 41.742089988109271
8.67521502328808 41.742225011652906
8.674731994929772 41.742272001185817
8.674571978718143 41.742286977085406
8.670291972492404 41.742698971868428
8.664892017236713 41.741670001729155
8.66125803464538 41.74097796978306
8.659332970411635 41.744151987927381
8.663199990469273 41.750312970289912
8.671989009150089 41.752350021239572
8.674569028112249 41.751417010620038
8.674841976802377 41.751318004094294
8.678315018382147 41.750063011146977
8.684417034422303 41.747855970036525
8.686182990419406 41.748588019077793
8.688138022317764 41.749399010977982
8.688930028275379 41.749727014764055
8.689339980095244 41.749897017834058
8.691809967573654 41.750920994695853
8.692047000853005 41.751018988005562
8.69746497772611 41.75326496973738
8.707657997378426 41.757490983203354
8.70802396339205 41.757641996610211
8.708289980461062 41.757752988440387
8.708507963866232 41.757842973199118
8.709472962473052 41.758441996568216
8.709518011106871 41.758468984640288
8.7106709648437 41.759183997432373
8.7120789826712 41.760056972516267
8.712108037245804 41.760075007808013
8.716629965894505 41.764902019086257
8.71692400769539 41.765215970488121
8.718135975727101 41.766511011962223
8.718717987852953 41.767132010885888
8.719063980788585 41.767500967192561
8.719355979173349 41.767813009697967
8.730464021040541 41.779670986495553
8.729558000281752 41.780881982691746
8.727914002964793 41.783078986555282
8.727862001589569 41.783149993070083
8.726643980701324 41.784777003463965
8.723742002573134 41.78865799782178
8.722590967045942 41.789358004015547
8.717731974266941 41.792316987975298
8.713304034802217 41.795013005129562
8.713008016027354 41.795192968603295
8.712636024255866 41.801220001255956
8.720159999029748 41.800124995040107
8.731558005652325 41.79846598235325
8.731792986117055 41.798430966277074
8.731942034684261 41.798409967822444
8.73405602751431 41.798101997354095
8.73451899288411 41.798034987348856
8.73954497661104 41.80156197375937
8.753967023899547 41.811683982166599
8.757333019269181 41.809307013186796
8.757334979185494 41.809306981456061
8.766063963825671 41.810506972476176
8.767438019779931 41.810696003995297
8.771296994540958 41.8112259678038
8.773132012706883 41.815829968411933
8.777282970641229 41.826249001435841
8.779986024800129 41.833034970039058
8.77740899434799 41.83438600621939
8.767784018009165 41.839435022377131
8.761290982589848 41.842840002981823
8.756269028971108 41.845473965994394
8.76557296929837 41.846834019897059
8.787317030515311 41.850014021295166
8.789585035063174 41.853029977443825
8.789589006627553 41.853035022387125
8.789924008210399 41.853974979909921
8.790672025863866 41.85607098475311
8.788528035403782 41.868258966495283
8.788525033700724 41.86826199671404
8.786327032234103 41.869866006824459
8.78212203688064 41.8729360001891
8.782066983023993 41.873242982731377
8.78174699444061 41.875030997760966
8.780827971039891 41.880174007554388
8.78045801026613 41.882244006695892
8.786756983168917 41.884606004402187
8.798933025068782 41.889172010260985
8.800068986312173 41.889598978293122
8.800314024879279 41.889689978400369
8.802517025700377 41.895962019440006
8.799361011461533 41.902030017505695
8.799271977939856 41.902202987363395
8.797664031451433 41.905354001178772
8.797660974013139 41.905356008788125
8.778836036253548 41.925171000433593
8.769875028603993 41.926609002208004
8.766658982025977 41.925753995069769
8.761158013888572 41.924290010526676
8.758603972418232 41.926664014137209
8.752378030241527 41.932448986791144
8.747728022384946 41.932949001501896
8.740905983523747 41.928638001165105
8.74085803198011 41.928269007611405
8.740761015148161 41.927511984481868
8.740289972034596 41.923849000628188
8.739563988114858 41.918205003019139
8.73604598435502 41.916628004591786
8.730379002602882 41.914088011427239
8.726527016226582 41.912361989553503
8.722138009763878 41.910394980625455
8.719485981808333 41.909206004499758
8.702512024102241 41.907787009662393
8.676586995123969 41.905619001490592
8.673891973714666 41.905392969656553
8.673325030303912 41.905346010536618
8.673273967475238 41.905351978817976
8.66712300928447 41.906132014216404
8.641071976703079 41.909431006750545
8.638065979302219 41.908395988160883
8.63753803550285 41.908213987271893
8.636843013025512 41.907974975059147
8.636807965424449 41.907962971488352
8.636198997946583 41.907689010630072
8.625654991844963 41.902949987222236
8.623384009933471 41.901929010855547
8.610136993526973 41.895974970336852
8.60925797371914 41.895580010535859
8.609978983419795 41.896839012133313
8.610295034790806 41.89738998782537
8.610453969511882 41.897667021004786
8.610605990192074 41.897932998991983
8.612291032672113 41.900872995228305
8.612880985444392 41.901900978922008
8.611984995795112 41.906781977158936
8.611018986420209 41.912041001660135
8.612956981456175 41.915168988029308
8.613221021426343 41.915596007174898
8.613330966662351 41.915772983959201
8.615680990118603 41.919566973594748
8.61875203243088 41.924524002054326
8.620703011167745 41.927672981394018
8.620734029827643 41.927923985562742
8.621196018215542 41.931638966160527
8.621958014776732 41.937758989011186
8.618801026258557 41.939861016586093
8.618497022347766 41.940063005187866
8.618494002193099 41.940063020557282
8.617505004804002 41.940036968951595
8.612305003266977 41.939896000319784
8.611390029398681 41.939871990777036
8.611077963208199 41.939863017251007
8.610934982364176 41.939858994516115
8.609456006875483 41.939818984920379
8.608967966439689 41.940564970804104
8.608596990437588 41.941129968373602
8.606909037760117 41.94370599554297
8.604855036434365 41.94683999789865
8.604571971550408 41.947271970861514
8.601474030478178 41.951999012138231
8.598789997229346 41.956094019326606
8.596054989083939 41.960268007254541
8.593906027980092 41.963546972630454
8.607358986734395 41.967661010075823
8.610890963699701 41.968740993912462
8.618327977560442 41.971015014855816
8.618381021816553 41.971031018202432
8.618416011169057 41.971027014486545
8.622867027884586 41.970463009356493
8.622911028838663 41.970457991700435
8.623307985602773 41.970410970642526
8.629115993896892 41.969729978659949
8.644458029612899 41.967930018655416
8.651499034895787 41.97131801188074
8.652750032770298 41.971919967894785
8.657763993557188 41.974331966549741
8.658236028202417 41.974559995573145
8.658642972493189 41.974755981715205
8.661767990314793 41.976258988371512
8.662961023791679 41.97683301316259
8.665085011909955 41.978889003135286
8.667013030935612 41.980754008438957
8.667434018643871 41.981161018809907
8.667820019777457 41.981534006432213
8.668233011663769 41.981933980214848
8.668421014250685 41.98211600618923
8.668421975333931 41.982116984071425
8.66864498415856 41.983003979770523
8.668647009858748 41.983015021684729
8.669014985559306 41.984478022042282
8.66907497435661 41.984717001852836
8.669093974367826 41.984794983373739
8.669092036260135 41.985050005320851
8.669090968188966 41.985092007193643
8.669042021794521 41.990159997263959
8.669041966218698 41.990166015055216
8.669035001410101 41.990176993789326
8.66740802871699 41.993045986947621
8.663722967725953 41.992823975559617
8.65905297528418 41.992542014030498
8.657617995259573 41.995349989412475
8.657421979613616 41.99573396969636
8.654616986378221 42.00122499935307
8.655481962889407 42.002457976587202
8.655794971920084 42.002904971864524
8.656350974919803 42.003697982176412
8.656558996908991 42.003994984731136
8.656560971363598 42.003998020365188
8.658292034083935 42.010532019728728
8.677074021024056 42.020503997189657
8.677716999724453 42.020844997934319
8.6781939651305 42.0210989874424
8.683880018484006 42.024117005832387
8.688606010438868 42.026626966551866
8.695412962054437 42.027049002177776
8.704443012435675 42.027609005032133
8.705189035162038 42.027655012622567
8.706754997729865 42.027751992595668
8.707239004182988 42.027782008944918
8.707497034081896 42.027871967421319
8.707872033093867 42.028001014461218
8.70853900707522 42.028231012101607
8.719228964331107 42.031925017021038
8.719992037155633 42.032188013031494
8.720327985092936 42.032771000985441
8.723925010487291 42.038998971619961
8.725383012289377 42.041523001453356
8.731637986480211 42.042070000500651
8.742969037700725 42.043059978203999
8.746188974134096 42.04951898431748
8.745503964177237 42.051497021793473
8.744243977116051 42.055136003772617
8.743846963982293 42.056282020721092
8.743846997589376 42.056284009098427
8.743881969150095 42.057660982788519
8.743927994215044 42.059436986234495
8.743926990925669 42.05943799568881
8.742511036596024 42.060383007509948
8.740811036153511 42.061519006445046
8.740536027923755 42.061702971463205
8.738969000211275 42.062536978562434
8.733730974627315 42.065326007609599
8.733694019072873 42.065345981003389
8.720532990090989 42.064143997889921
8.720257992413908 42.06523401531846
8.717292969859841 42.076958021106861
8.717202012438209 42.07731697236224
8.717189014354267 42.077370002615424
8.716932963922748 42.077763977529365
8.713272033971922 42.083388984910826
8.70648702509709 42.086544981409872
8.705989029281174 42.086777020839946
8.707772001117755 42.092075977607365
8.707932031617331 42.092551968546566
8.708325978709412 42.093720973581846
8.709257979110046 42.096492970917041
8.703979976973026 42.103668985076055
8.700924983457304 42.107822002856444
8.70092797997996 42.107865982688821
8.701007032650217 42.108850003194156
8.701038963431214 42.10924401215695
8.701085979544994 42.109831976566923
8.701192976810717 42.111163001951311
8.701194004885414 42.111168011105946
8.689083006605816 42.113826982463785
8.687842987142083 42.11287499958145
8.679868985109071 42.106753977528967
8.67570598820631 42.106040997541797
8.663222025585252 42.103901992002484
8.662683022046648 42.103808989484371
8.650962009942885 42.116973015479289
8.650961005405609 42.116973967036479
8.644380993165257 42.121180985025902
8.643389009280437 42.121054982142468
8.643002036098061 42.12100497143603
8.64170600834065 42.120838972055672
8.635586999848574 42.120056994158354
8.635580964622754 42.120056004228424
8.633138976012981 42.122992979920895
8.632140988073186 42.123075987864979
8.632052001602743 42.123083009878179
8.631215983523957 42.123152995802144
8.623987023375037 42.1237509958627
8.623971983933536 42.123753003990927
8.623731004294999 42.123933989222813
8.623710997693141 42.123948021988838
8.622765004451477 42.124658973723896
8.617288028299253 42.128772975425782
8.61115301251284 42.133380984544857
8.606638967555794 42.132913984912818
8.604934004836037 42.132737992283353
8.604162007391015 42.132657970769614
8.601363022231954 42.132368978952506
8.597395015500535 42.131958994314864
8.596663992985103 42.13188300638361
8.596149965270024 42.131829966720844
8.584068971362948 42.130580990874108
8.589480994820256 42.138529972474949
8.589511990890529 42.138574971973334
8.589628964885067 42.138746981619462
8.589910017872924 42.139160011979754
8.590073999166581 42.13940199617646
8.591095002260603 42.1409009676373
8.591402971897223 42.141352973708173
8.592285979438248 42.142651016325566
8.585227962768222 42.150863978035034
8.582159028460756 42.151467020463294
8.577877974886167 42.152307981960831
8.576619027680174 42.152554967687017
8.576316981200629 42.152615017816423
8.575533003190461 42.152299978077927
8.57234298497387 42.151017986503334
8.569899991260366 42.150037000882698
8.569455998670232 42.149857996497417
8.564950984198784 42.148048969919373
8.564086003411422 42.147701006304324
8.560186019593639 42.145823974728152
8.560292992903992 42.146072969628264
8.560426984377989 42.146387013033802
8.560486009408425 42.146523993733702
8.562805984665838 42.151939981371768
8.56285001230413 42.152042002733246
8.563799979471222 42.152357976866377
8.568125982378273 42.153799009843851
8.568449029409917 42.153906017532378
8.569065995147199 42.154112009522386
8.569865009109545 42.154377013230608
8.573459031290291 42.155573970982587
8.5771150286369 42.156790010335754
8.578163021281242 42.157138966102629
8.579305974048797 42.15752001965317
8.579594008739145 42.157615994651252
8.580714971462394 42.158545973201619
8.582340987284846 42.159894975238714
8.582658022784917 42.16015796891724
8.583180003367321 42.160590977410855
8.585188986719194 42.162256984754301
8.591732976406245 42.167685985909991
8.584617029297341 42.170881006365967
8.584330973171614 42.171008974607695
8.581521978382588 42.170887980561595
8.580366973878116 42.170839005624323
8.566287007978232 42.170232995416541
8.566056015473656 42.170223007397063
8.566040999404505 42.170309992586155
8.565145973609486 42.175259018535392
8.565079014676375 42.175632004704553
8.564963965342278 42.176266012309732
8.570117986923895 42.177024018812396
8.570722032697558 42.177112979174602
8.577639975934517 42.178130016941807
8.582612026174651 42.178860966420721
8.582964029661655 42.178912981751083
8.584099964697518 42.179675016717155
8.584775020218673 42.180127020269921
8.586414017644639 42.181227002359073
8.586417004711194 42.181228974243965
8.586086992533602 42.181552976902978
8.584864008041915 42.182754968908846
8.583713024161717 42.182984996921022
8.582552032298636 42.183217993607173
8.582371990621978 42.183254005423798
8.582371010906256 42.183257000415239
8.579663024906798 42.190259020695756
8.579291010857361 42.191219974703998
8.579046983879644 42.191850011291827
8.578945018695551 42.192114987204448
8.57863302071163 42.192921011796074
8.579020987719204 42.195122966363961
8.580399999394167 42.202950008979506
8.574096971908618 42.206569979443479
8.57021400329527 42.208800985369606
8.57084601969275 42.209935995974682
8.570901017886866 42.210034983994568
8.572658000825893 42.213193968213126
8.57370799119836 42.215080003299143
8.573162004078519 42.216138987948447
8.572796997900092 42.216848973150938
8.572482978745773 42.217458007746856
8.572354017752531 42.217709987045993
8.572304980669905 42.217805002147976
8.570482974812291 42.221343975888814
8.570947988928491 42.222640999204906
8.572794023172527 42.227795022518684
8.571059032020681 42.229495973830055
8.570620011493714 42.229927021448461
8.570237990837706 42.230301994863929
8.570025974565093 42.230509988788029
8.570024964292465 42.230510996313733
8.568875037434156 42.23059100678563
8.568362033439268 42.230626976752696
8.568198036156589 42.230639009049661
8.561857022074305 42.231081988388866
8.560861008141867 42.231152012237224
8.558088028573589 42.230129007289584
8.552522005892342 42.228076967496392
8.548233009271161 42.23077300791806
8.546797031263539 42.231675000446792
8.546246972910703 42.232021008232927
8.545951965713749 42.232206013125584
8.545468984222421 42.232510011868989
8.545066993898804 42.238609002198018
8.55273697264437 42.238266998193026
8.562230016314334 42.237843996108204
8.56336900937449 42.237792969078811
8.564020970320666 42.237978972759819
8.56557403256015 42.238422973782001
8.568875967916084 42.239366021700299
8.576651964735982 42.241587995518749
8.582153037099955 42.243158978041507
8.583274978914156 42.243479982345491
8.584828996719217 42.243923979416664
8.594023024643834 42.246549982283561
8.595583977859059 42.246996007038078
8.596256025190595 42.247187982622485
8.602988025411326 42.24911099302161
8.603692008768741 42.249311988969453
8.604044977538292 42.249412980604603
8.605300966295523 42.249771978330855
8.605586025601085 42.249853009372785
8.605677985466489 42.249879996188547
8.606027970961943 42.249979009661992
8.606778018455604 42.25019401653072
8.606860965289725 42.250217018019711
8.606903012511314 42.250286000614437
8.608640978073399 42.253137983883981
8.608799965359163 42.253398969876102
8.608803987654086 42.253398968463252
8.609135010156924 42.253392977873325
8.610254024976324 42.25337298825734
8.617101990193817 42.253252017175768
8.623159981391568 42.253143977880455
8.633402973329762 42.252962002754757
8.633550016994706 42.25296002244464
8.635875015837957 42.252917998034484
8.64188597656173 42.256094983935981
8.643453036807923 42.256924010991064
8.647218993909698 42.257471017105829
8.647658971528571 42.257534990001716
8.649230964597878 42.257763990913574
8.64970597175123 42.257833021866311
8.649965014712395 42.257869981495951
8.650075973657774 42.257887021300959
8.655292969831317 42.258645005401597
8.656463011887427 42.258815002475217
8.660096997469346 42.259343985602762
8.669810025010614 42.260755979121825
8.678311019430774 42.261991983997518
8.678427003295884 42.262009000426708
8.679270021412966 42.262131020231195
8.681371031534219 42.262437003047069
8.683043984225415 42.262680020063648
8.683127973588535 42.262692015454832
8.684302998136859 42.26286300179499
8.684783971270013 42.262922974680478
8.688578997796547 42.26339399022649
8.688896030005543 42.263432966690786
8.688913974830569 42.263435015976135
8.69125297098236 42.266097987195721
8.691180008059558 42.267010989589451
8.691064962892638 42.268454978172606
8.690936971735887 42.270068973374329
8.690922990850877 42.270238003589363
8.690890010261613 42.27065001843237
8.690611985180613 42.274155001412808
8.690596972265721 42.274332986100447
8.690553981475473 42.27487400532889
8.690552995387906 42.274894994944887
8.690554004273681 42.274900968081276
8.690652013445177 42.275476002174955
8.691001978628792 42.277532018026299
8.691002997473536 42.277534017924602
8.690432975220872 42.278201018679106
8.690355007428849 42.278292018348218
8.687191974865588 42.281989979095762
8.687189013808082 42.28198999746909
8.68306701988252 42.282000967058117
8.68267797733896 42.282000995280541
8.675391968339769 42.284751994967557
8.675192028330562 42.285386984742715
8.673745007821042 42.289984983787299
8.673671000382429 42.29021900720948
8.673545033559519 42.290619967232985
8.673101989114469 42.292025992509956
8.672399989634959 42.294253988172869
8.668738020591533 42.295709983279792
8.666448010921833 42.296620003170027
8.666196025253704 42.2967199782696
8.665626010183926 42.296946016827363
8.665201015107968 42.297114995115614
8.664240985796811 42.297497011435951
8.663271004999169 42.297882009009946
8.661666975899836 42.298519013384862
8.660497021149395 42.298984998775794
8.660495001340854 42.299291998634558
8.66048702379387 42.300536004655804
8.660474991583323 42.30233298871039
8.660474968941411 42.30233401018787
8.660472008136802 42.302333970874344
8.659284001953061 42.302260973552421
8.65890999526713 42.302238008786802
8.658615020515457 42.302220009871249
8.652437976697778 42.301842014208781
8.646635985336944 42.30148700580682
8.640231992498643 42.301094999194042
8.639531028326958 42.301052002250486
8.638111981926476 42.302383002316013
8.63782497234007 42.302651983812375
8.636821987710716 42.303593005930587
8.6368210003565 42.303592992589216
8.636511985205605 42.303836981150219
8.636211025315461 42.30407398208137
8.630606034536498 42.308492992107915
8.627705981329191 42.310779978158344
8.612371023635349 42.308466973041917
8.611921003091441 42.308398968881505
8.609441996200044 42.308024995763098
8.608960030427959 42.308266005166317
8.603803974144759 42.31084200447075
8.602272025249118 42.311607005187597
8.601101019491603 42.315305001268129
8.600142019717682 42.318336011933148
8.616980981180578 42.326626009288155
8.6234809970651 42.329826011245849
8.626364004606353 42.33634601492988
8.622835014608928 42.339997976659859
8.61757001656315 42.345446009590447
8.61561896207191 42.347465987864375
8.613020030582319 42.348270988262435
8.608038035406896 42.349815992637623
8.607415983590617 42.350008968054325
8.602749976962201 42.3514560164082
8.602363993671689 42.351579973166331
8.598410971445322 42.352858008595
8.598407983261612 42.352858988851658
8.59840600684349 42.352859018325965
8.589432985617755 42.35148599773256
8.589147035163775 42.351286973825388
8.586405982073485 42.349380985587089
8.585795962690923 42.348957012487801
8.585511964434726 42.348759991507137
8.58059100139412 42.345336992706514
8.579293000609823 42.344434003579529
8.578795023401275 42.344088018466358
8.578361001207364 42.343786013245058
8.577804997990132 42.343399984166219
8.569703023322765 42.337764986755438
8.567907033592657 42.336515975062945
8.567593021629746 42.33629798303113
8.567431983851352 42.336185978386787
8.566689010645698 42.335669006118188
8.566189984545039 42.335321974772278
8.565899999763936 42.335119984605342
8.565775003043901 42.33503300980513
8.565387969113157 42.33503596604686
8.556931010544792 42.335101977346945
8.556470024207691 42.338238998232171
8.555404979105337 42.345486001966499
8.554736004717983 42.350041981075641
8.554143966442831 42.354072983485587
8.553934020087027 42.355506016556639
8.553880967766052 42.355863981813002
8.553795002600909 42.356446985572774
8.55255799352989 42.364871993397799
8.552399996132475 42.364944992047683
8.548591995428003 42.366711013924636
8.548358981832445 42.366776002475227
8.545456975931243 42.36759199552926
8.544344011846935 42.367904994182098
8.544833998880652 42.369741994724016
8.545413987433584 42.371921978650434
8.546086020168101 42.374442985958609
8.550011001760536 42.375900016133642
8.552103017673726 42.37456099526581
8.556872004063862 42.371509985329425
8.558989989629158 42.371477002021962
8.560184027401851 42.371459013583873
8.570210963257109 42.37130701726575
8.571950033853419 42.372345973960364
8.572520027990336 42.372686983515116
8.574115967266097 42.373639987176098
8.575352965024926 42.374379991588718
8.577252984309295 42.375515001342897
8.574203980795176 42.380173977920123
8.573409017579403 42.381388971327404
8.573408004796343 42.381389978743265
8.573409982028117 42.381390006672959
8.580266026260723 42.38185600665399
8.583979993014442 42.382109017515958
8.592444964782318 42.382684993030907
8.595271976549464 42.382876977413787
8.601463963373023 42.385523966484293
8.603386000520228 42.386345009538907
8.607196988382043 42.387973982908662
8.604807976153642 42.395089974672977
8.603897008888536 42.397803977837583
8.606240007987468 42.401585004240438
8.607771998176856 42.404056974196443
8.607664009634689 42.406465005651349
8.607649012742158 42.406811018256434
8.607643984276558 42.406919980095637
8.607473996656642 42.410715997802448
8.607392003256356 42.41254800615085
8.60738202110489 42.412755996515855
8.607372982936983 42.412955997088638
8.607322000501579 42.414107971077527
8.611534011703274 42.415773974552131
8.612492962596114 42.416153966155363
8.61275101173716 42.41625598208676
8.613514021335437 42.416556993117418
8.613832984970351 42.416684020063315
8.62167496957389 42.419784978168224
8.623283014318543 42.420421969621806
8.628237015091344 42.420075021035487
8.62848503380785 42.420058011948001
8.632546965983883 42.41977297886627
8.634141998498292 42.419247022318608
8.635135982721408 42.418919007217887
8.63546803568026 42.418809979090213
8.636136010394114 42.418589019673917
8.63641002380934 42.418499013481998
8.636802969089143 42.418369007813922
8.644561023861723 42.415503991580259
8.648877990677004 42.413909970437636
8.65644796558475 42.417568968167551
8.656555980951055 42.417621995729014
8.657345998198197 42.419571968832813
8.660989972873477 42.428568000017059
8.661005979716787 42.42860799735498
8.661836037504488 42.430656006716575
8.661473007626544 42.431021018064719
8.660822031168262 42.431677001384891
8.655360962593448 42.437171006066784
8.651208017768521 42.441348985491707
8.660226977711501 42.444625017655383
8.667066963250962 42.447109018402159
8.667116000707857 42.45399001219424
8.667139006630556 42.457240970718367
8.667225974219638 42.457329972534005
8.670262986938083 42.460421004060173
8.671515017971474 42.461695016522853
8.672112999094811 42.462304008425178
8.672905026410032 42.463109982022921
8.674627000505115 42.464862990963773
8.67535801105789 42.465607019702951
8.676937006800651 42.466245967249066
8.679447019751246 42.467261978130814
8.672716979418214 42.47569997921579
8.670806032545519 42.475823971508369
8.650466961797786 42.477135003635595
8.65342398871841 42.480925978023755
8.653725003269052 42.481311990040517
8.656434993467599 42.484786010090708
8.65670196323407 42.485128995663182
8.65694701196724 42.485443992846619
8.657230987175129 42.485807008854948
8.658302022517596 42.487179997765828
8.664860971868722 42.495589995566725
8.665690022815568 42.502516006185601
8.665950983280162 42.50469701700861
8.666014008856362 42.505222007023434
8.666983006648923 42.5133089945436
8.674205998867498 42.517344983482118
8.680782012252594 42.517615997359954
8.687658991604254 42.517897978621335
8.688321998569462 42.5179250197274
8.689039995233271 42.518394006630587
8.696652016871086 42.523362003377144
8.69908901255913 42.524952014149406
8.705127969487123 42.52511300273467
8.7178690338914 42.525452006224469
8.717438983712277 42.528896968248482
8.717438995896634 42.528899976189415
8.71728799476575 42.529138001561819
8.71643399909731 42.530489005718131
8.715460973171556 42.532027978165438
8.713875014353349 42.534537010018397
8.71337199826602 42.535331981311664
8.71462503579399 42.539165002215611
8.71780499705474 42.548895001734223
8.718703966915884 42.551644978863784
8.720068970548413 42.555820006872629
8.718284000689136 42.559457997215162
8.718280994539549 42.559463009936806
8.718137035083883 42.559757017337809
8.717527005782253 42.561000995321443
8.716129981549155 42.563845000076547
8.714937973139575 42.566274994424141
8.713040998035657 42.570139968860367
8.711850020004928 42.572566977423811
8.711876036259909 42.572677001770188
8.711976963098232 42.573099980352822
8.712038985083868 42.573363001235393
8.712044006615919 42.573384969627398
8.712118021518915 42.573697003583732
8.712505032204847 42.575328999671086
8.712641975931493 42.575904971838028
8.715768985699333 42.578582989882335
8.72372799791173 42.580081977677217
8.724334984700615 42.57750698693566
8.725295005362089 42.573425011219868
8.725665011058087 42.571857014784598
8.725686975665809 42.571763997436747
8.72659003591291 42.567926993250502
8.726645004908326 42.567695017470854
8.726874997699223 42.566717982579014
8.726930028245484 42.566482999512559
8.726999975178286 42.566184986549452
8.727406006466431 42.56604600702012
8.734124972989497 42.563739995964134
8.73770000054706 42.566142967062895
8.737700992232437 42.566142979425713
8.744505030774331 42.567037991201246
8.74533302807288 42.56714699530287
8.758100983558949 42.568825975287901
8.758667992705346 42.56890096776246
8.759769011496166 42.569046000373021
8.759093971966976 42.566762995517593
8.757772003638197 42.562297973496776
8.768274990635614 42.556125998072851
8.782191968046643 42.556842998507854
8.794039026418774 42.562095976496543
8.794153987230501 42.562232007653023
8.795512001593689 42.563840001934317
8.795903001446478 42.564303967578788
8.796456026831832 42.564957975839768
8.796518978474781 42.565033006796995
8.797785980258462 42.565954997699599
8.80004697667175 42.567602014096053
8.800475020977515 42.567913975584943
8.803191985293857 42.569893012353909
8.801816988731797 42.582101983761277
8.801675038156766 42.583362974281393
8.803452999055553 42.585343000611424
8.804607985488696 42.586627986923062
8.806787999290732 42.58905599246561
8.8094279764356 42.591995017516552
8.806670992255199 42.599434998842831
8.80576102140992 42.601891012899252
8.817817980925419 42.604283010715889
8.82012003546245 42.604739977376248
8.823564030144253 42.605423009175922
8.828125998119521 42.603623995233356
8.831852971180897 42.602153977810715
8.842153969476902 42.607697981576578
8.843007966710021 42.608158010143924
8.844200983897379 42.608436002153297
8.844676014637942 42.608547021863991
8.846444021988061 42.60895899132386
8.847094989382953 42.609110987340479
8.84748302888638 42.609200973588727
8.847491997606779 42.60920300475388
8.847507988640039 42.609213003973522
8.848692967611074 42.60995099495458
8.850403011773391 42.61101599299716
8.850830975975434 42.611281987983446
8.853045970477693 42.610858007419928
8.860658006803886 42.609402020704032
8.863088998945539 42.608935988908577
8.863448038186906 42.608889967877587
8.867392028831661 42.608387000449987
8.875236026628418 42.615069978050357
8.875236962672469 42.615072995927079
8.877960029159347 42.619612997055938
8.879325973936988 42.621889989934232
8.880577968979651 42.623977991455241
8.882101000363258 42.626517976880976
8.882563996391456 42.627289010680691
8.889972026206873 42.627868008212801
8.892131008341483 42.628037009495031
8.894421996118972 42.628215972845858
8.91027798631155 42.629456014738423
8.915399963433103 42.634012006787792
8.916432012445206 42.634929970835913
8.917045980734054 42.635475989097365
8.919368980047029 42.637543021060488
8.924091984433749 42.637980990023912
8.933679964980573 42.640304016507137
8.935431017615223 42.640728019335164
8.935768975349205 42.64047900669803
8.935966996088403 42.64033400772918
8.936407993336742 42.640011004319312
8.944113972999304 42.63435697260914
8.944233034837701 42.634269977569552
8.944502004227664 42.634221994418425
8.948383028872653 42.63352598380483
8.948601995187344 42.633567974948718
8.950102001086782 42.633862019056252
8.951166028002971 42.634069989725418
8.95249096989974 42.634327969744447
8.954818002728029 42.63478301244686
8.958191037441537 42.635442022818594
8.968103996318801 42.637378998053514
8.975583027353364 42.638840004372028
8.975881968718582 42.63886997785076
8.977218977494775 42.639005984650268
8.980297984602757 42.639319980863398
8.980306004385053 42.639320004645668
8.98467203598606 42.640289016015068
8.987199973880132 42.640850010411874
8.988369010356273 42.641108967001124
8.988569994385108 42.641119994757197
8.989511992128341 42.641170017247937
9.000244012634012 42.641734968410859
9.000249970221383 42.641734970273419
9.000255019462966 42.641738991961951
9.000780006912622 42.642146980903036
9.001708986703166 42.64286898458171
9.001716965908358 42.642875985512163
9.003083003850234 42.643937000900053
9.003110973702251 42.643959008417625
9.004793980621699 42.643076013992257
9.007306031397274 42.641758015519486
9.00986397992372 42.640414981674951
9.01758098779429 42.642544015967346
9.023244973102523 42.647211974769547
9.024067025197864 42.647888990085086
9.024102009708644 42.647917016975477
9.029903032403643 42.652698978691113
9.038092995643771 42.654197988638991
9.046912983345321 42.655811992669712
9.047824971139255 42.655978982865101
9.048699025631146 42.656465969396443
9.058850012386692 42.662120970321226
9.057555983810856 42.668392005007782
9.057226990271838 42.669989990222895
9.056571005209902 42.673167018659292
9.055396966705903 42.678859998111733
9.056073012101692 42.682202992316668
9.057174992024668 42.687658996339266
9.057218009899248 42.687873020114949
9.05725996191407 42.688081984860965
9.057305987507638 42.688308972943162
9.05755799854777 42.689554021818822
9.057713021563126 42.690323996631292
9.057715995454329 42.690339003445814
9.058128013735553 42.692378975500816
9.062207981026051 42.693901016769502
9.066135978326576 42.692887977814635
9.066716967421263 42.692737972350578
9.07455800438105 42.695992018973833
9.076839022402259 42.698380004899619
9.079125999951161 42.700774966226909
9.082283992801308 42.704083016152623
9.082501977290081 42.704310977078578
9.08263100576287 42.704447011392411
9.082797007634305 42.704619976050722
9.08281802877516 42.704679968134158
9.083539008787957 42.706761974022726
9.086238967728752 42.714560985776572
9.087186011612332 42.714631013433689
9.089297975703538 42.714784969528402
9.089640014660688 42.714809996313967
9.092409017603313 42.715013015219697
9.096085018161251 42.715281970559815
9.100412978180414 42.715599014754332
9.100413973238913 42.715598967587191
9.107678032119699 42.724192008221777
9.107946998981278 42.724510002875313
9.11186902900501 42.725932989648221
9.114449017512779 42.726867982752246
9.118189988707906 42.728224970790926
9.118440965541806 42.728316001339422
9.119387980155235 42.728658971243469
9.119766990953897 42.728797009475961
9.119865966808113 42.728832988542699
9.124660992280646 42.73057197127789
9.132190980544427 42.729998003924294
9.134225005136747 42.729843008834898
9.140074964029887 42.731131988946593
9.145510983464325 42.732329997263548
9.152769031339552 42.733928972697939
9.155950009145181 42.734630015636924
9.160516028833944 42.735635977145208
9.161735984307136 42.735905004783589
9.177323027088434 42.731336007047922
9.181532976231029 42.730101981914451
9.182388998866315 42.729851013001792
9.182442973208047 42.729836016014708
9.183884996118948 42.729413018700015
9.192709965240001 42.726827019619428
9.192786987543144 42.726803972991227
9.193885016508148 42.726481982676169
9.195224966607165 42.726090012851721
9.195627007978139 42.725972010458065
9.19647600049268 42.725722967300925
9.197178025603552 42.725517008241859
9.209974980601094 42.729663997364476
9.212316024958859 42.732046000595382
9.212793999449051 42.732532988691077
9.21569900761755 42.733064005183195
9.21758902739356 42.733409988287939
9.217669986134744 42.733424966713137
9.218180023483605 42.733517972220376
9.221756008921489 42.734173013488579
9.229957977433298 42.725208991183244
9.23112602862345 42.723932990539083
9.23201100710936 42.722965013648633
9.232402999617992 42.722359988714487
9.234002963136829 42.719895974488132
9.234006008868951 42.71989100464063
9.234015032545708 42.719891015862935
9.23753300461043 42.719942019225918
9.23874700808946 42.719959019555283
9.23888398256606 42.719958005243051
9.245890976216543 42.719882999643588
9.248077974183866 42.719859966277326
9.24899602847373 42.719396984191214
9.251315982161611 42.718227988776562
9.255886001860492 42.715922968536667
9.255990965835107 42.71432302083258
9.256563009628467 42.705574997867657
9.256566969405254 42.705521012661428
9.257594990913196 42.704890982831884
9.264573987653067 42.700615012069512
9.269932969558596 42.697332014725561
9.270607966738806 42.696917975214099
9.272772986290665 42.694126984925504
9.276036981345419 42.689918988076791
9.276721019448447 42.689038016392026
9.279131017417175 42.685931000523468
9.282664988066866 42.681375969228775
9.283311964239712 42.680542006454402
9.286961003876334 42.675838000564852
9.295993994845764 42.676104969516153
9.301102000573525 42.680148020572958
9.308873968194479 42.686298988455036
9.320228981126531 42.695287010307894
9.321138992493234 42.696006975248835
9.321139963845271 42.696008967530631
9.322201030052964 42.702167978113145
9.324878018451056 42.717704984792164
9.326345991226448 42.718089994562035
9.326354980689507 42.718093005310173
9.32900299928308 42.718787980773833
9.32900497639007 42.718789015162649
9.332446964106445 42.721221986177056
9.33297503470172 42.72181500349653
9.333343000168883 42.722228021526732
9.333559998392003 42.722470972219341
9.333914973922566 42.722870001558555
9.335035987406648 42.724129008136607
9.338686011208667 42.728225986992825
9.339166989370348 42.728766010925192
9.339580967183464 42.729230988650691
9.341823973814455 42.731749021587653
9.341957012414566 42.731898985438448
9.342193033772773 42.732163996175352
9.342800027891961 42.732845011177922
9.342802026060921 42.732858016596005
9.343717977016459 42.738971000816115
9.343799975250921 42.739521011874615
9.343821985409285 42.739661971113158
9.343824007097343 42.739666012476867
9.343907968091985 42.739814974504938
9.344595995001018 42.741032020882457
9.344762963990647 42.74132698692415
9.345461013431679 42.742560996339968
9.344834005520195 42.744583017061373
9.344798972468638 42.744693991638179
9.344685018744864 42.74505999089606
9.344548031094952 42.7455030005815
9.34453303481374 42.745551979893868
9.344448962783369 42.74582297031413
9.344326969439875 42.746217001046531
9.339855991350289 42.760623971277624
9.339483003897781 42.761489012141617
9.339340992380283 42.761819019048502
9.339242035008445 42.762047978224132
9.338438966845635 42.763911968709074
9.3388680261017 42.766647981189863
9.339837008426096 42.772831970586758
9.340386022222177 42.776339005554014
9.340917966679005 42.779733979903654
9.341826980091717 42.785534996247314
9.342644030107397 42.790748990085802
9.338001976516409 42.80375602079905
9.337943979913744 42.803916988913073
9.337747028497418 42.804108991489827
9.335985008104283 42.805827990604875
9.335926017660679 42.805885017452908
9.335142018150831 42.806649970739926
9.332962037209059 42.808776009659219
9.330332996930819 42.811340016643207
9.328470985300362 42.811760988612114
9.328088974635069 42.811847986026201
9.32770896606883 42.81193397401595
9.326307017440358 42.812251010365237
9.326303023703636 42.812252005120257
9.326299991803012 42.812256013068222
9.325026019951451 42.814186989494829
9.316796988696717 42.826661984773416
9.311961025131319 42.833992021457128
9.313166976077982 42.835532986736439
9.315201031285486 42.838133004720859
9.321832005535125 42.846606966448014
9.321840014358713 42.846617004380327
9.325414967401308 42.851185997659208
9.333594006699865 42.861638022395589
9.335610006828162 42.864214981228436
9.335722998492422 42.8643590179638
9.335747029599165 42.864389978514637
9.335780968683387 42.864432974516099
9.336297997081662 42.864571989595731
9.337029021777605 42.864769013283592
9.337744008449068 42.864960992826838
9.339349993496766 42.86539401470219
9.340302002053138 42.865649973276511
9.340302998799134 42.865649979742855
9.340301990723454 42.865650994389071
9.337324991953386 42.8682149672034
9.336898023714339 42.868583020926231
9.336424988766518 42.868990993809291
9.328553006985109 42.875769988440723
9.328269007885455 42.876014996219475
9.328266032158176 42.876162982373906
9.328103976995109 42.88477397462097
9.32810096464266 42.884959002362471
9.328096997102614 42.885181010711634
9.328071995778323 42.886523999570642
9.325113991019805 42.89081399319285
9.321680979768072 42.89579399171005
9.326384967137994 42.901163997717667
9.326388975574726 42.901169016276832
9.326395997973931 42.901172012478099
9.342864970830719 42.910445015674995
9.344158030191579 42.911172995663868
9.346592968377795 42.912543979677885
9.347452035601956 42.913027983022189
9.347716997783161 42.913177001075688
9.348595000511322 42.91367098685155
9.348793999708777 42.913784012129469
9.34941002984783 42.914130014847757
9.351444030710182 42.915276001188381
9.352476968256157 42.916251016860066
9.354656005296027 42.918310021913641
9.359480965828412 42.922869994141898
9.359481031744926 42.922871015691477
9.359480023632456 42.922871973601204
9.358649035717077 42.92360196963849
9.354174995711102 42.927535999741721
9.350614010020784 42.930667989601517
9.354726005835541 42.937956966715724
9.355047021195727 42.938525008712205
9.35510296214227 42.938624973492672
9.357782022230847 42.943372981020559
9.357855980133523 42.943503971787926
9.357753972009487 42.943609972258876
9.351523970986911 42.950087971618593
9.351151014780728 42.950475976977081
9.351003000055345 42.950630971096729
9.347170966353691 42.954614993891767
9.34711100484488 42.954677970491275
9.347185961582348 42.954843010245177
9.349906019380105 42.960845998812637
9.349905009839125 42.960847013470044
9.349255034532264 42.961443970564737
9.349018006687951 42.961661015612336
9.347779980805063 42.96279801919664
9.347072020535428 42.963447968194757
9.347756012005712 42.964892980264764
9.348118993377533 42.965660004842427
9.348528965768766 42.966525972058072
9.349859977513526 42.969336992262924
9.350025027172181 42.969684969926632
9.349434006260807 42.970477999395762
9.349277017899681 42.970689995249799
9.348984022164071 42.971083999341104
9.345350965294509 42.975965003280031
9.345093008745366 42.976311004783902
9.344263037780967 42.977426980431105
9.343588968649913 42.978332997041854
9.343588010388833 42.982239999215366
9.343588037351715 42.982500983588402
9.343588007769391 42.982683974204605
9.343587968552704 42.984094969180731
9.34358799071846 42.985028977536992
9.343588016837941 42.986648995652821
9.343586004847609 42.997715022781541
9.348674976359424 43.000796981492059
9.348986002189434 43.000985019570372
9.349006988709029 43.000997973445983
9.354618024029653 43.004396008990362
9.356225026199512 43.005368981234938
9.356455029639891 43.005507985321309
9.35760801843065 43.006206990486326
9.360629972344972 43.005986006022667
9.363801000759089 43.005754972494437
9.364506007345589 43.005704010808913
9.368590022911103 43.005405970793902
9.371368966891627 43.00520301525053
9.371913978010941 43.005376996737539
9.377513987677331 43.007158010084474
9.383899971733724 43.009189980548378
9.384996016528829 43.009090985008164
9.392103995633454 43.008447983123148
9.392185980934661 43.008440984450466
9.398863003548467 43.007837992168113
9.400956009415799 43.00764799121923
9.40210703621405 43.007014019148208
9.403704033249568 43.006133975789353
9.404643998319651 43.005615019829513
9.406627981078422 43.005674977462419
9.406987013736407 43.005685972859808
9.407370009890302 43.005698013681624
9.409435962889122 43.005759981356739
9.415305010075409 43.008953981191901
9.416830989424984 43.0097849664675
9.423950018751711 43.009247976573455
9.424564979125389 43.009201989263353
9.425739003507228 43.00911298008225
9.4297819702336 43.006412012950037
9.43863499013441 43.000495997156172
9.443415966332054 42.99730096989618
9.443647980473516 42.997145967463865
9.444579972543979 42.996523022510466
9.457371021907994 42.987975009525009
9.460572024349533 42.98583597819713
9.457126986527769 42.97675702007821
9.455386981306489 42.97216998275411
9.455081962155413 42.971367018896856
9.455013965900079 42.971187010836239
9.452972003675345 42.9658059758763
9.45192503333247 42.963046969122402
9.453597032114017 42.959717008885129
9.453906996343013 42.959099017427484
9.454410981274538 42.958096000632068
9.455230983364103 42.956462989656892
9.455230992744101 42.956461968608984
9.455338975444867 42.956181988047142
9.456420017470325 42.953369020460769
9.456428032170425 42.953348982505723
9.456442036494806 42.953312016864892
9.456517017350317 42.953213999632865
9.456584008412619 42.953125016749254
9.456815978326421 42.952818013885917
9.462523990540483 42.945299003057357
9.462965016797016 42.944717973007485
9.464169021105061 42.94313301618768
9.465256995736668 42.941699967475657
9.465775025258331 42.941016996815499
9.467042033673563 42.939347981767334
9.467114035891038 42.939253004362925
9.46817802763892 42.937850992432743
9.469236993184905 42.936455976661364
9.469243981300002 42.936446993706475
9.467016998309454 42.93429999367762
9.46633603510279 42.933643007607238
9.468960963393654 42.926023983175213
9.470236964294866 42.92232099709674
9.470725017013486 42.920903972020234
9.470958012698331 42.920226968511599
9.470828001885589 42.918629967244549
9.470791990264939 42.918194010308788
9.469991009493212 42.908341992511581
9.46981903807314 42.906235010108787
9.472176027538429 42.903133991242285
9.473115029664783 42.901900002625354
9.473971980911543 42.900771998489006
9.47449697537121 42.900082020232574
9.47502800734884 42.88925600465199
9.4750720020093 42.888355967278216
9.475260000041841 42.884521985840053
9.475261025918488 42.884510021631989
9.476541984387785 42.883030016667213
9.477231968737003 42.882233987534981
9.477582965790145 42.881827975699615
9.476918963426487 42.87847098353263
9.476967962065837 42.878183000844885
9.477994981695071 42.872117012499075
9.47824201645513 42.870655996045706
9.478423003240065 42.869583000746367
9.480022013709712 42.860133970258218
9.480247969498981 42.85978397500682
9.480332986471076 42.859650982550981
9.483947013867862 42.85403002279061
9.484100003061736 42.853789984621542
9.484044027031132 42.853378017522736
9.483531029690488 42.849648985373932
9.483506968715112 42.849481000819303
9.483419965581129 42.848847970433809
9.483175025108322 42.84706797639803
9.483054984274551 42.846189988351192
9.483048979843899 42.846148999086445
9.482776006698076 42.844167014062116
9.482768967242132 42.844112971458593
9.482325001898703 42.840886993699073
9.48171101531581 42.836425978783744
9.481961961771246 42.835975007002745
9.486628015322914 42.827582990991282
9.486897964236364 42.827096019009957
9.487027992505135 42.826861981659327
9.487050020974056 42.826048012462351
9.487105038313214 42.82403696778352
9.487119017138848 42.823516989950612
9.487256994373993 42.822688001777777
9.487939002573789 42.818605981165028
9.491462992813361 42.797506992241736
9.491464014095207 42.797503990538253
9.491463026709612 42.797503021247564
9.479339014847136 42.780083977441905
9.479282023183528 42.780000969440486
9.474186971902155 42.772680970295426
9.473800009073749 42.772124967042238
9.473031017429744 42.771020016766911
9.471167032414913 42.768341994426365
9.470440979937266 42.76729896953767
9.469849993369731 42.766448970613389
9.469776006635101 42.765749969189379
9.469665018949113 42.764693977292687
9.468449998219514 42.75312897275721
9.468416988666373 42.752815004086131
9.468413962730517 42.752811016920155
9.468070024363389 42.752220996378533
9.462917012953932 42.743415990517114
9.462698995479249 42.742964988065879
9.462372985086352 42.742291014206138
9.462266033286991 42.742070998885367
9.461722021091269 42.740946982159244
9.461336022877861 42.740149968701708
9.456544018691494 42.721081998723363
9.456494031391889 42.72088599291817
9.456264037339693 42.717574003153892
9.456264024727332 42.717566967720003
9.456091963051627 42.714377998951591
9.456091015510655 42.714373001105578
9.455257993586621 42.711065982444914
9.454510978055554 42.708095969454277
9.454510996189294 42.708093983811942
9.454579966310227 42.706812000297433
9.454735990753992 42.703941010819712
9.454871966154336 42.701438978868936
9.452635993335001 42.697017019887674
9.452122982177743 42.696002007848357
9.451403981223089 42.694579982736556
9.449374026617914 42.690566013906597
9.44697201816947 42.68581401970998
9.447239988062709 42.680844988611653
9.447356979860158 42.678680003890953
9.44806699531928 42.665523980583039
9.448497974437862 42.664264008174158
9.448542014929146 42.664136019414805
9.448622021910245 42.663902010750398
9.448949010136069 42.662947971603096
9.448993991940048 42.662816979548033
9.449197015952189 42.662223973225593
9.449209994320915 42.66219998632004
9.450927017504256 42.658985011677522
9.450930977499313 42.658977997395901
9.451115008706294 42.658677994552413
9.462022021730021 42.640991005610189
9.462646964499712 42.639976979157943
9.462649978420696 42.639972967432449
9.462896022493501 42.639685012819967
9.481981992172548 42.617311972458502
9.482961010206667 42.616164966405954
9.482983033041386 42.616143007258167
9.485503972293582 42.613646988295379
9.485797997174133 42.613355016606072
9.485811009218644 42.613341976064341
9.485816005346773 42.613337972724217
9.486046987431028 42.613107017427147
9.495969032811603 42.603230009111378
9.496128963794442 42.603071021085476
9.499501972647982 42.599712990165273
9.515919010514821 42.583369983051568
9.516568974165457 42.582403986386062
9.518678020244682 42.57926999486827
9.523232002708912 42.572502968350541
9.524539989783793 42.570560003106152
9.526143961868804 42.568177000202311
9.52614396993161 42.568175979708656
9.527543961681278 42.564938011799875
9.533312983435984 42.530913989493783
9.534091999114729 42.526321016604683
9.534098032567016 42.52629000465128
9.534764021485554 42.522792975109972
9.53312199400782 42.515271987373353
9.52957497689169 42.499027009480727
9.529571970591807 42.499012014458799
9.529572009147254 42.498977966566791
9.52957497610533 42.497645008136274
9.529576968671563 42.497156997974137
9.52957901605077 42.496437972036752
9.529581011206519 42.495559999741474
9.529786999319438 42.493428987694472
9.530472010479588 42.486359018775723
9.530635977779154 42.485836004540474
9.531416994374055 42.483348996659373
9.532007025887161 42.481720020407543
9.532597970498115 42.480087012655119
9.534743013741384 42.474164979230707
9.534919036582147 42.473679007717479
9.534956030108168 42.473573003099887
9.535710033776983 42.471423971723027
9.536053014487896 42.470448008718321
9.536053022367346 42.470446987232833
9.536054035761737 42.470443984218846
9.53633700434203 42.469812997885263
9.540010994342204 42.461613971535385
9.541642010510957 42.457973996197204
9.541642018292752 42.457972974699913
9.541252016709205 42.451257001040346
9.540883025139548 42.444900983634426
9.540883002057219 42.44489400342777
9.540875008314918 42.44160098546093
9.541153010697753 42.43943998756302
9.541646037096399 42.435595011675808
9.542200013306035 42.431281998337631
9.542229015936773 42.431200977815095
9.543389005668077 42.427933010020276
9.542497024288947 42.425233977581101
9.542085978780085 42.423990992294719
9.540268012869307 42.418493004578913
9.53929500952216 42.415551000358818
9.53918302997138 42.415211008366811
9.539179987151378 42.41520100639476
9.538516003475152 42.412968982840084
9.538402971339343 42.412588974983215
9.538224966943721 42.411990974388885
9.53822498999657 42.411987966675859
9.538062029038498 42.411015989600983
9.536868971152519 42.403873984623687
9.536641991344563 42.402518010380554
9.535716995668826 42.396983970668707
9.535710967429909 42.396946997784866
9.535648000284208 42.396540992384168
9.535346972695983 42.394595981551277
9.535249997974603 42.393975013567399
9.535250036477692 42.393970019601348
9.535248980367756 42.393968993151731
9.534413972075155 42.390582007852849
9.534233006884222 42.389849019247308
9.5340039784854 42.388920013153083
9.532306001243638 42.382033985924821
9.532506963611386 42.38016197793764
9.532630015959045 42.379010985530847
9.532630975033159 42.379004974153908
9.532632008695371 42.378999020028459
9.532662976683506 42.378750984733166
9.534741966457132 42.362227979600064
9.534742985507892 42.36222401163085
9.53501497335248 42.359915008619481
9.535088998509242 42.359284989663401
9.535142001306887 42.358838017718668
9.535142009177038 42.358836996132069
9.535591969710127 42.35570899890061
9.535700035423863 42.355295989469433
9.536939002546964 42.3505620088673
9.539075006947259 42.342398014453394
9.539678023065076 42.340090980325634
9.540250983939465 42.337902986324664
9.540416971353485 42.337268999995068
9.540480976234832 42.336935972234727
9.540718015598538 42.335700994910205
9.540965999994107 42.334414021216645
9.541536028980554 42.331448001244411
9.542347985520189 42.329141992040682
9.542538968767248 42.328601983324873
9.544037968588137 42.324709017487059
9.544419035220262 42.323720021451905
9.552577010191275 42.302543979731098
9.552578025834356 42.3025400113629
9.552710978554252 42.302132012847174
9.553197970749512 42.300643014215844
9.553661012290677 42.299227007159693
9.553666984997163 42.29921000655159
9.554939001881538 42.295792985252291
9.558879027622051 42.285203980525033
9.559832982352761 42.282641988426903
9.559486966646306 42.28047399762734
9.559326971822939 42.279469999382037
9.557135016668193 42.2657279864424
9.555902992443613 42.257999983490762
9.555493993032567 42.255435988351593
9.555493019437831 42.25542400802815
9.555360028930535 42.254283992495367
9.555093966418744 42.252007022144191
9.555059982262614 42.251820022182493
9.554854024897306 42.250678999036452
9.55467396475818 42.249679986009063
9.553821970375152 42.244956991865962
9.55382199965527 42.24495301891821
9.553317013088998 42.2420140050884
9.553213981767668 42.241418995319052
9.553213996426219 42.241417008838951
9.553210005454986 42.240281974114417
9.553139021900552 42.220077980775791
9.553507022478316 42.218476981015449
9.556120009893538 42.207125021094761
9.558230032696571 42.197955995412464
9.558742006854333 42.195731993974078
9.558220982253598 42.191457992131561
9.555163992665534 42.166342004849319
9.555143987257926 42.166177019352531
9.55443300719398 42.160331967310555
9.554430977389028 42.16017500706365
9.554381027758744 42.156773003427958
9.554750995775425 42.148266986210245
9.554833029079148 42.146386980825696
9.554862987880206 42.145678979544073
9.554877999981498 42.145336019656995
9.556241018294052 42.142648004520375
9.556242009395895 42.142646987069028
9.549286021303498 42.10385497541175
9.545192013877921 42.099528996086605
9.544627033175756 42.098931015190537
9.543976974713443 42.098244997212113
9.499667985530168 42.051413965587571
9.499649991456808 42.051394972085724
9.497001981401532 42.048460975376344
9.496975979538748 42.048432006775045
9.496975004669613 42.048430979985802
9.494766973665172 42.045406013299733
9.481531983881682 42.030186987125731
9.481209004888369 42.029815971992477
9.481113023897507 42.029705966469521
9.48050101018152 42.029001008064256
9.475958016007107 42.023777969609561
9.475022990427625 42.02270199451722
9.46480300644453 42.01094998611466
9.457258988312489 42.002274991289674
9.457177977926086 42.002182015435466
9.453809020124485 41.999493993687018
9.441414023169557 41.989605004052017
9.440148030052836 41.98802501054206
9.439860986909013 41.987666990508444
9.439641964301506 41.987405011426567
9.415342968294693 41.958375013423165
9.415341996227799 41.958373985761348
9.415342005470299 41.958373020741732
9.411861009383198 41.941440978562568
9.412961977106495 41.938085976619639
9.412967018317135 41.93807198245085
9.412970009714771 41.938067003697057
9.414086035245056 41.936222015729022
9.414778013402231 41.93507799205387
9.415583005114504 41.931159986515802
9.415972018484647 41.929264969307866
9.416111013957373 41.928589008219831
9.415563015993092 41.92689798068389
9.41548897927651 41.926668968685583
9.414872980723835 41.924768999064021
9.414597997102682 41.923923019215998
9.414543034393802 41.923751971861051
9.412340967133272 41.91695999304914
9.409541986358651 41.908328979044057
9.409217003195705 41.907323985048933
9.408982972045793 41.906604999720663
9.408386020333671 41.905802966708045
9.402382972002817 41.897742975217909
9.401503983935621 41.894019982921797
9.398178025958345 41.879921969125547
9.397683002822371 41.877823012342709
9.398674971733394 41.869052011954537
9.398704018236725 41.868797020235753
9.398730030237859 41.868566993125533
9.398953999917744 41.866582991502142
9.399540992959327 41.861401007700529
9.399542015721309 41.861388977325326
9.402272018665146 41.858687981475462
9.401518994540712 41.855892989199745
9.401448018454987 41.855627005707241
9.401343963620413 41.855243971685454
9.401477020210248 41.854164016629923
9.40271302970068 41.844098967668216
9.402758978241994 41.843723014120492
9.402847019049352 41.843010999295103
9.403039003250354 41.841446985284676
9.403325034642439 41.839116988080121
9.403363013598426 41.838807985675643
9.403457020018855 41.838038994546636
9.403555972347917 41.83723397704739
9.403872003646415 41.834658967411848
9.404650992723962 41.828315007619359
9.404744030305519 41.827557017817909
9.405087031540379 41.824770006165124
9.405217027725438 41.823711972418046
9.405610978610696 41.820498990437763
9.405310005352884 41.819814006771644
9.405193030145353 41.819547006470103
9.404033022011486 41.816904015951167
9.403864008658294 41.816520016645157
9.403834017240678 41.816451018853648
9.403688975984375 41.816119968506442
9.403464992324235 41.815609982318534
9.402479035529339 41.813365020929702
9.40222796441787 41.81279201146716
9.400303993667711 41.808409017424047
9.400079030906783 41.807896969587716
9.3996840195824 41.806996986998826
9.399619981902879 41.806851978171579
9.399191983189432 41.805875989833325
9.398796988225861 41.804976967239064
9.398644991336793 41.804630987321644
9.396695003278069 41.800187996197195
9.395403037048522 41.797244984864065
9.396413992946448 41.794426007925772
9.396737027414014 41.793526973987667
9.398038963696315 41.789896982823869
9.399041984932003 41.787101989952269
9.398811997773121 41.785812985133347
9.398208031043971 41.782426980511794
9.397369990268615 41.777736019225259
9.396650980568824 41.773708021174862
9.396650031259185 41.773705005858886
9.396661016253292 41.773697974623204
9.39989801562157 41.771788004345957
9.406697028504492 41.767775976005218
9.406408007539479 41.762337981304327
9.406343003550639 41.761112973444057
9.40633701282578 41.76099300820826
9.406014004291107 41.754919974534587
9.405936015418568 41.753435996496002
9.405860019377686 41.752010972218457
9.405827007384673 41.751385966046307
9.405630993047161 41.74770498842306
9.405088032626024 41.737482007608584
9.404479004029962 41.726012971638077
9.404182968008536 41.720443989807983
9.403994965215414 41.720260981443424
9.403158023278481 41.719445983184187
9.402732984310756 41.719034012296582
9.402706985513918 41.719008018480281
9.401836974023386 41.718162996965553
9.401386999019124 41.717725998243544
9.401377995681672 41.717716006780201
9.403151000030974 41.716140981398524
9.403240980074008 41.716060993828691
9.403847980830067 41.715522974074432
9.404388984713922 41.715041969083934
9.403925034969427 41.713036996961506
9.403427015501638 41.710887971121537
9.402832972595403 41.708323021115298
9.400555032776946 41.698487974037597
9.400392985533419 41.697786974600653
9.399991029372515 41.696050986508887
9.39964202963518 41.694545987728141
9.388528015860032 41.689960007122423
9.379903022110033 41.6864009999396
9.377402028983237 41.682974996763221
9.377193977076795 41.6826899831674
9.373291984531702 41.677345017156888
9.380699009747596 41.670153988619084
9.38399997719667 41.666950012097871
9.384020014884914 41.666704973074829
9.384536980378696 41.660482018915395
9.385102966581284 41.653673020322003
9.385124964160385 41.653403967521882
9.384995024466489 41.653195995923461
9.384364994251156 41.652181981349088
9.383153031669703 41.650233968560407
9.382118033444783 41.649323977247533
9.3808230193649 41.648184008246623
9.375881008111984 41.643836981922888
9.375332015499529 41.643352985843627
9.375318013771748 41.643340972367064
9.374960974685132 41.643027012708203
9.372688979723076 41.641027980851334
9.368241982510112 41.637114980427548
9.362542018566126 41.639435991704019
9.360275003300934 41.640358004233498
9.351248982821968 41.63955399758936
9.351242007427402 41.6395529869596
9.35123896956647 41.63954899189288
9.346917024965174 41.633513981823818
9.349522003289005 41.628456988485986
9.353389021247294 41.620949017406296
9.350580962870866 41.618568008105122
9.344065034609844 41.61836399508779
9.330157996501887 41.617927990532387
9.327486977594688 41.617844003193845
9.327025976376422 41.61782999616517
9.323207994478743 41.617709995996798
9.322301995105104 41.618392016316811
9.320192034942256 41.619979985022674
9.318474978282067 41.621274015221999
9.314377001583097 41.624358967290824
9.314310967440626 41.624407981126268
9.31338302579487 41.625106975542892
9.313387975909951 41.625174990319699
9.31341403696004 41.625566015985882
9.31343103149352 41.62582698090079
9.313479993851784 41.626548980016999
9.313617022430369 41.628588996945865
9.313617011045201 41.628590019192792
9.313614995156172 41.628588983025473
9.313060036914935 41.62840599093213
9.311558012025515 41.627910991089088
9.305294011913139 41.625846974662622
9.305357030607386 41.619329022559654
9.305394013048502 41.615546975813629
9.303117014132084 41.614356982037712
9.30258903352949 41.614080010685491
9.296395990329541 41.610841975143813
9.286818015975067 41.605834966656865
9.286643993862405 41.605742968634416
9.286451028321929 41.605042970644838
9.285697037088422 41.60230500216035
9.284742967397499 41.598841975475018
9.283976019805531 41.596056006980653
9.2838220144207 41.595497012180466
9.284268981344146 41.594589971768478
9.287013996311771 41.589011987141397
9.287695016894689 41.588627971645479
9.291738032551006 41.586349997342289
9.292493030065591 41.585923990860209
9.294447002054604 41.584824006414323
9.294521966600765 41.584844982305469
9.298803034265935 41.586044015690156
9.299904979785302 41.586978974851462
9.302882989138416 41.589505976110864
9.305994995772471 41.592147004003408
9.306353972219085 41.592451983740425
9.307761968135798 41.593646990589299
9.30786896632042 41.593737977900865
9.309371974531997 41.595013981537974
9.320068975991569 41.60409197058005
9.328027015103315 41.602937970767648
9.331159021812551 41.602482994871664
9.333668977239046 41.602119018615419
9.337873999267545 41.598916994113033
9.338360010366934 41.598545998378903
9.339182972237149 41.597918987107128
9.339698030427725 41.597525970575965
9.34007698382822 41.597237973117544
9.343300988940687 41.594782995246462
9.343314017676446 41.594772005814875
9.343383003922803 41.594778991065496
9.345091963730365 41.594934009579738
9.346098978799906 41.595025966796698
9.355429989792301 41.595876999807111
9.356666982569166 41.595989018904454
9.356672011652424 41.595988994337077
9.357494967471014 41.595997015953856
9.35912197345524 41.596012009131272
9.359988994545766 41.596020008093845
9.360837034288059 41.596026970557929
9.361263976853113 41.596031006972716
9.361652035211069 41.5958679887746
9.36781401953955 41.593266020076861
9.367306031434355 41.59276398210659
9.36728003506907 41.592737010260421
9.36530002931883 41.590779990497509
9.354998972981281 41.580596018693626
9.353906012446176 41.579515988417086
9.353578971240312 41.57919201612755
9.351797024026931 41.577429991753327
9.351342017609499 41.576980970433759
9.349660994889298 41.570366974330298
9.347988981429223 41.563793006486556
9.336630964239509 41.559036012301412
9.336628028000712 41.559037015187734
9.33511203304233 41.559260989551682
9.334775015555618 41.559310997397581
9.33209397341043 41.559707997899103
9.318536966409015 41.552447978874859
9.315865997629647 41.551017980659033
9.315653997117423 41.550904013315218
9.315609994992695 41.550880993844267
9.307942995060845 41.546775987377323
9.306246019048569 41.54586699108723
9.298611033794602 41.541779015112176
9.298572002194087 41.541741992882933
9.298533035426118 41.541705993503193
9.298308003118709 41.541496989378111
9.297841998365271 41.541063020429711
9.296688969738574 41.539992001254269
9.295736005458402 41.539104982348327
9.294873006594573 41.538301966742651
9.291886024324027 41.53552399076009
9.291420022380027 41.535091011308268
9.287106009193071 41.53107798471359
9.282759020214611 41.530044990143452
9.274275014402811 41.528026983269676
9.278244023560218 41.522836974191563
9.283003018974393 41.5166129930059
9.273336964627031 41.504052987154964
9.271633036672409 41.501839019809779
9.274010970115807 41.499251010989838
9.274584004510348 41.498627996982989
9.275137007302677 41.498024998207114
9.275177995611999 41.49798099225697
9.276758011620752 41.496261997133942
9.278981999225582 41.497238972804738
9.284677029963921 41.499740009464489
9.284677993343651 41.499740981869948
9.28468303262281 41.499733009231186
9.285949965923333 41.49761999416306
9.286505983872999 41.496692968501456
9.286562998562649 41.495706993343127
9.286567967230097 41.495626997894
9.286590002169687 41.495250005309579
9.286771965826318 41.492142991907834
9.287151035647366 41.485662993000773
9.28726099628048 41.483779996723513
9.287236019386462 41.483743011225627
9.284102993409318 41.479135016474665
9.283048988100246 41.477584001153517
9.283036009713703 41.477566015922733
9.282906008325536 41.477488969040337
9.280324986462796 41.47597697496635
9.276058974497667 41.473477993062914
9.272209980367453 41.471222019317672
9.272052988181127 41.471129992149677
9.272026988502523 41.470798992755135
9.271987016982917 41.470279993086741
9.271730991900872 41.466996998039058
9.271556012972932 41.464747974814621
9.269332017840679 41.464171985105132
9.262849988592382 41.462489991362915
9.259233972508474 41.459776987928649
9.248461986770339 41.451697013351556
9.248043024611043 41.451382975905119
9.243114027744571 41.447684994861795
9.232625999816278 41.444541009143116
9.231973997121591 41.444345983651893
9.230699033079775 41.443963983030223
9.229152975571608 41.44350000590417
9.227184000357134 41.442909976015734
9.225857987417422 41.442512974799357
9.224608966761769 41.432799008813269
9.224605984826777 41.432773992087341
9.224606009697343 41.432772004189594
9.227408004406641 41.427081983135729
9.227799964962463 41.426284995681677
9.227167027667194 41.424366993157605
9.225477006250115 41.41924701966812
9.224478006724656 41.416218002274242
9.21707898014914 41.414357013531358
9.216089034820564 41.414107982725639
9.216358993475374 41.412842000730933
9.216799989790898 41.410768006654273
9.216813996052212 41.410701995639485
9.218627986273718 41.40751301141713
9.222885983004687 41.406227010608362
9.226476993837984 41.408332017286888
9.227069006560837 41.408678972325184
9.230603974991924 41.410751011089232
9.234699998599888 41.413151012996771
9.235204035746545 41.413446971071878
9.254737980394722 41.424894978152587
9.255298031983422 41.425223967119038
9.259003025335405 41.427395005544476
9.263394013007746 41.426407014027895
9.263277010915344 41.423748020927704
9.263252997822917 41.423185997244779
9.26324200990482 41.422938989913703
9.263062995119025 41.422594969751913
9.261761985300284 41.420096991019747
9.261635967279954 41.419854981143132
9.260386023591622 41.417453013676493
9.260197973416599 41.417090969337536
9.260055994301922 41.416819982079097
9.259883032440056 41.416485995544946
9.258690990282112 41.414197980694361
9.258214037308566 41.413279995855433
9.2555869968183 41.411881993163156
9.254735984574447 41.411428979465342
9.253130007016299 41.410573979014558
9.250738995655851 41.409302014475038
9.250642006959461 41.409158989687093
9.250101979095682 41.408363980273833
9.249706023998169 41.407780001335915
9.24665200692502 41.403281990588482
9.245917034027883 41.402199976768664
9.244525022097445 41.40015001712414
9.244514980962821 41.40014499910496
9.240744030492507 41.39811298926719
9.23998202895552 41.397241012792911
9.238355019494257 41.395377983650953
9.236347010303904 41.393078976412951
9.224558987997511 41.379580010189436
9.223737035192089 41.378638972366332
9.223107966811352 41.37791796642756
9.223042969812218 41.377731986726758
9.221412990531487 41.373084975363163
9.219632970670311 41.368010971231548
9.266763964039335 41.364674968109675
9.26659201916806 41.363788990098691
9.26257499918402 41.363036971075985
9.262295991318883 41.3632429896996
9.258541985075469 41.366018995592626
9.253583001361612 41.369685992987343
9.259116983391818 41.372562017022865
9.26027597122229 41.372505984408932
9.263682000300619 41.372338985713235
9.265977965466826 41.372226979531099
9.26732197163075 41.370404008736685
9.268166966434389 41.369258976427858
9.272214016340032 41.369167004778163
9.272683026399585 41.36915600126845
9.272849965888133 41.36600097808094
9.272004998877412 41.365508993620615
9.271035009587701 41.36494598668898
9.271033013088761 41.36494398386494
9.270894965905228 41.364962003870126
9.266919026074881 41.365471009474767
9.266763964039335 41.364674968109675

