# RBD_F1v3.0 river basin IT it Serchio (Serchio)
# data from <a href="http://www.eea.europa.eu/data-and-maps/data/wise-Basin-basin-districts-rbds">EEA</a>
10.830403006242443 44.117148998266515
10.835376034303362 44.113808010166963
10.838162002910106 44.11047702160257
10.844239035289879 44.109371022986629
10.847151002083594 44.104011985687023
10.845525993736301 44.101878982233821
10.849393005682442 44.097797010998718
10.849338987085918 44.096111005988064
10.848571030262931 44.09549298398391
10.848942971015786 44.087382969825484
10.846640013045628 44.085621011917702
10.843379987029461 44.08522398963639
10.843319021219544 44.083243996351783
10.839922960956912 44.082488997694426
10.838383004751872 44.081161018753832
10.838469034418143 44.079902994518974
10.836408006698617 44.077861986528809
10.836585028819162 44.075520000693999
10.834934001297531 44.074645978502829
10.832850989820155 44.07188801979482
10.834548968172021 44.07024000019404
10.834368989650031 44.0684429820707
10.836181992423732 44.06652502215691
10.835144970628559 44.065280989315561
10.835025026781283 44.061408991469747
10.839011997167701 44.057113994945581
10.836865026876477 44.052287991666951
10.837569991288037 44.050835010754547
10.838562005108525 44.050639998899605
10.838531012954446 44.049647968371083
10.840764021601059 44.049164021226076
10.839548988897032 44.04621097991285
10.840144996625018 44.04530300571993
10.837744034063245 44.044349975091677
10.835406012753808 44.041415999275998
10.830107035250181 44.039519997392915
10.829557012708191 44.033858975640136
10.827250976890022 44.031914001188589
10.824474020589113 44.030880010622205
10.823522038333991 44.028281996840057
10.820605964647614 44.026797975250886
10.820155009529136 44.024284022069729
10.817384008070114 44.023429966947106
10.817365037479552 44.022799982179478
10.81192197429753 44.020275003891484
10.810673029031882 44.02020596661437
10.80912702497155 44.018607995353541
10.80774403014652 44.018272002527873
10.805917015003951 44.015598005880115
10.806235038642626 44.014514974538628
10.803560024417171 44.011944004884775
10.802302017316423 44.011604020007553
10.80500300700068 44.006068980246525
10.811410007456894 44.003447982969142
10.811360999013457 44.00330400920064
10.81006097280801 43.999466005602009
10.810989003709365 43.997771990926914
10.810427976596667 43.995707982229213
10.811001034476169 43.994030007705213
10.810946962196097 43.992279017615829
10.807572012252058 43.992862989125705
10.805403975149586 43.992000999172703
10.805595974480081 43.990107977409714
10.806926015958805 43.988734995941982
10.804294003521164 43.986712993939221
10.803564971839174 43.987353974945052
10.801138017551056 43.987026003206168
10.79789997836181 43.983025011199786
10.795415984711523 43.983337019995936
10.792346006350268 43.985363000893784
10.788484981088864 43.985512012373121
10.78814001914605 43.986506968933156
10.788899026661527 43.986855020579981
10.788549030975613 43.987670969524181
10.789624970407861 43.990264967292035
10.786221994484315 43.993202015730425
10.780892999107289 43.994366003381614
10.780554986085201 43.995540997424577
10.778303028183362 43.995304007047146
10.776452016287747 43.995964001523298
10.774433027229177 43.995185998895231
10.76981799374833 43.995166973669861
10.767617018648794 43.996642969051273
10.765616995819245 43.996489981419089
10.763031006198345 43.997611998436724
10.762026024176057 43.997355975450795
10.759642036554789 44.001086988232402
10.754310978910569 44.002158979001088
10.751497979043197 44.004093013472989
10.746628003736982 44.003895021626391
10.739732962396552 44.006972976933724
10.733626007669606 44.007155981580041
10.724623964385476 44.010711974494804
10.720997036667216 44.010406001543032
10.718794020659816 44.011882984312273
10.714703001344523 44.012752999494481
10.710319964258758 44.016509986959967
10.708070037831623 44.016364969101808
10.701250987865288 44.013045987492333
10.701092988469911 44.011879007711173
10.700085031019979 44.011535973564207
10.698758016360557 44.009209015419671
10.696072998149582 44.006907967028411
10.696004031785064 44.004478007314205
10.695115024155585 44.003952018475779
10.696088032074584 44.002589980385139
10.695759036858847 43.999804978985956
10.689141967572102 43.995669980375787
10.688233983139648 43.994423006086741
10.685849998860016 43.993916003980807
10.684067010083142 43.992591989152068
10.683097978883985 43.989184990008738
10.677985000733633 43.984759992579605
10.675123026442678 43.984981976405486
10.672544011237312 43.986369999082029
10.671175020491953 43.986480976283325
10.668756024396773 43.984714994313826
10.665992002203458 43.983944003193344
10.664924981949833 43.981438005116786
10.663279007988535 43.980564010893694
10.663007004140963 43.979754978719015
10.659378035999119 43.979267021327722
10.656346009134964 43.977871019516634
10.653254007858932 43.978728994849895
10.648761967508808 43.978611011120798
10.648736975566194 43.977711008960704
10.646166968292102 43.974959977052677
10.643020008533032 43.973834995116206
10.642241027539384 43.972763012204481
10.637358991727107 43.971484998854493
10.636204995864508 43.970332984717224
10.631707020070797 43.970486013465958
10.630976990889215 43.97112697122914
10.628715981572928 43.970528007196847
10.624754007697355 43.971485021151523
10.622252034344047 43.970710990004825
10.621141025956558 43.971088011361651
10.618980982302514 43.969588970983786
10.618194993367242 43.96815898089109
10.615910982214814 43.967197019381629
10.615870992556594 43.965758988703151
10.614222988871157 43.964698995355604
10.613306976735759 43.963093013584626
10.614011019304673 43.961463971109232
10.610024971232837 43.961608992445008
10.609936036837063 43.958278970503855
10.605389019554002 43.955554988761875
10.606094979209917 43.954014003062838
10.604174009887721 43.95206099405263
10.602787001747839 43.951987990579049
10.602396007512013 43.95136300658141
10.602471974412564 43.949561985747316
10.601437993210403 43.948134996138513
10.604278009642014 43.946655020573516
10.60621703031806 43.944649003010234
10.605783034419927 43.942405972415962
10.604614027506027 43.941157998871901
10.604402977343778 43.937920003465734
10.605983025887012 43.936454985380017
10.605573005135827 43.935111986207907
10.609253005369162 43.933764997940365
10.611303026159609 43.934581993423819
10.612246967496462 43.932590002341719
10.611585969402677 43.931140988327073
10.60608496107128 43.931301011511152
10.603648017188984 43.93304101618331
10.600832029305645 43.933722972841132
10.597563009025814 43.932597976561468
10.593572973148223 43.932476003551976
10.590771025746587 43.93082001964158
10.590658037554828 43.926589967731552
10.589367022063032 43.924895982171144
10.57195900251493 43.921355991366447
10.571939986822288 43.920635012545873
10.570549034271723 43.919846012775942
10.571636037374715 43.918570986300786
10.571127973770253 43.913445021847089
10.567336022198768 43.9113349727442
10.564731020843663 43.906959967092561
10.560569001959159 43.904944981994603
10.558604009467048 43.901088981233329
10.556461001705429 43.899585984804233
10.555990978442349 43.895901017626045
10.554211968579732 43.89448199473081
10.555926027428249 43.893378997306385
10.554658022454262 43.892498021396271
10.554119978648959 43.890971989648229
10.553305990862979 43.883590981408382
10.551597009992307 43.883159998418492
10.550690983548238 43.882148988203454
10.55137298839975 43.880596006097079
10.555958029174322 43.875835003773943
10.55786203349826 43.875870015339736
10.560510997738042 43.866168999044625
10.560173964059125 43.86439899147399
10.561179036179309 43.861499993382722
10.560510995285197 43.858199984455688
10.561306020047097 43.856803984155071
10.561054028832194 43.8503420152419
10.561715021221879 43.850181971271297
10.560467994808638 43.840606994844592
10.557363983454158 43.839473991861624
10.5567170396998 43.836986974652987
10.553066023621616 43.837188973919879
10.552815004120264 43.835536968043762
10.550453026919911 43.835777019535094
10.550850007981939 43.831832989960724
10.544234992376458 43.831500976893579
10.544303036685942 43.83089801134232
10.539403991847848 43.829402982848535
10.536993007887428 43.82934601683322
10.53714799509625 43.82889202092953
10.534503032589651 43.829468015368583
10.534232036828966 43.828629022577992
10.533026985854562 43.828587021483237
10.531085022744787 43.820881021961831
10.528843029324484 43.820910970360089
10.525513034240088 43.819030999352584
10.521749979713713 43.819714001702714
10.509026993720315 43.819220970037534
10.505343985826647 43.819751970236311
10.505608994385021 43.817615994409302
10.502668993605543 43.81531101551704
10.505470987256102 43.813023015926504
10.505439963262839 43.811763976015499
10.507007999110403 43.809852972234872
10.507214025254214 43.803187968952102
10.508070028910275 43.802634984404492
10.507544984622598 43.801562992570638
10.508207021592703 43.798962018703406
10.510965015904082 43.799151994028009
10.510950005831052 43.798545990129121
10.513898028401979 43.797156996673863
10.514730998186977 43.795704018280787
10.518635010888708 43.792770016705923
10.522145986332486 43.793987010690394
10.524698023057756 43.791701976630087
10.527414977341728 43.791034974354019
10.528510032328446 43.790118991954209
10.528836973195176 43.788314991359314
10.534726971182156 43.78535501041349
10.53498503652032 43.780849000892836
10.537786038225892 43.778651999899751
10.538849019386985 43.776474000021977
10.538063978779546 43.774956016911943
10.536067992112459 43.774623979887529
10.533418023433258 43.773037022527078
10.530705989656608 43.769019991592074
10.530148000142512 43.766597977804615
10.526439002347344 43.762417014982184
10.525305025185112 43.761802989607602
10.524449998521794 43.761966977123329
10.52431596584845 43.761992998723834
10.522017025485315 43.759502002059968
10.517163995326758 43.759208980120562
10.511995029205712 43.756214005930808
10.507022025520858 43.75601197270538
10.504145987821728 43.755237969644149
10.501475005564627 43.753760986349491
10.5009980069036 43.753570968665755
10.499166018211902 43.754765023116725
10.498586966878133 43.756480969070921
10.495509027857644 43.758250966983461
10.490919018530596 43.75849198599802
10.48623601723518 43.759991007766473
10.480389997702202 43.759708021951617
10.478967993659108 43.761779972647545
10.473161983498432 43.763114966833598
10.468772028452983 43.766501996488664
10.465024026101803 43.765652020777445
10.457586968475434 43.766375994987371
10.453585002328987 43.765259001813298
10.451282968110235 43.767718988801356
10.450286005108262 43.772681985032946
10.447572970898991 43.773524997450508
10.440848999215802 43.778113983591346
10.439342038019593 43.782634993161501
10.439683967129769 43.78650300805581
10.438972020852425 43.78795197763575
10.439879003354411 43.78947102147059
10.439693038670212 43.792083989768642
10.440209021134159 43.792888984628298
10.441964023979844 43.79349497695916
10.441878977766882 43.795115972089249
10.450446025341142 43.794738996480383
10.452779020939269 43.793537021876745
10.452068025424587 43.794986977334553
10.45010998253337 43.796271984521148
10.451391992425982 43.797877991870543
10.4519660269222 43.801022004294218
10.451244002718196 43.802021008451554
10.451904966555565 43.803634991548506
10.451926017980595 43.804534997029762
10.45094800109702 43.805176020623477
10.451342984530363 43.806072008369682
10.447160002941631 43.807925973191232
10.446316996771456 43.80901700749034
10.442126008239132 43.805378004467308
10.438873015341011 43.804519983035931
10.43593299894486 43.806357990411037
10.435370015161013 43.8087959940217
10.433148030766754 43.809452012218195
10.431699980447748 43.811271989698298
10.428603008522488 43.811759986329392
10.428126966918725 43.812668007238621
10.425636989520195 43.812518979260588
10.419821023963431 43.813671018225001
10.417451003347525 43.813339008006537
10.415243978354486 43.814644007317533
10.413479990461994 43.814281006921028
10.413192983531642 43.815043993547349
10.40770897062599 43.806904019347066
10.403040979855561 43.803989008754463
10.402376966906242 43.802199969633264
10.40834200084444 43.79681400664083
10.416324009323608 43.792664010657973
10.419206000499097 43.788394978033047
10.419486976326072 43.7845189850729
10.418575973598768 43.782822008460599
10.415701989451495 43.782134993511171
10.408780961903775 43.783751979495626
10.405170964813165 43.783526968352355
10.402409986201526 43.782298982509658
10.394578970298465 43.776905014527358
10.390327963218416 43.77578397684249
10.386362986339726 43.776283019661705
10.374395024534866 43.78173099555611
10.371529978161949 43.782272000544197
10.366799982766096 43.781524996948669
10.347355003727237 43.765586969889853
10.345193020343057 43.763358986162544
10.34480703319595 43.762732988051333
10.345417035856116 43.762275979663897
10.342738007772464 43.759159014022956
10.333326008987372 43.749275008854639
10.33143803040706 43.748127014125281
10.331674969262759 43.747580978954716
10.330034039293379 43.746428986230548
10.328301998200404 43.746723003146663
10.325396998377155 43.744503005579055
10.325380989185426 43.743786020949088
10.321233975582484 43.741580986507032
10.317689015036724 43.744143982465623
10.314965016498199 43.744533967968387
10.313134000220586 43.745997995249915
10.311881013416459 43.745472000915974
10.310165982296684 43.746571012874412
10.306334007021324 43.747425020492827
10.30664298728195 43.750214000929041
10.301694970083116 43.756844000358008
10.294044989141469 43.765029968048047
10.288174961388023 43.76932901323736
10.281110991249502 43.772967976682082
10.279024006633424 43.771194001672043
10.27831602785867 43.771235993236623
10.280555995868458 43.773288970888139
10.275639037961149 43.775771980081529
10.272140995014219 43.774910022237627
10.273920999861303 43.776783013876226
10.269204036956925 43.779536982827999
10.270392036200692 43.773159016072441
10.270768989672863 43.771544977553248
10.270905027556971 43.770171972995826
10.271090029987079 43.767253978093514
10.27169301620636 43.764687007367527
10.272073989503603 43.763252013572675
10.272051974533353 43.762227016615022
10.267122024257864 43.779133019848167
10.267211975073055 43.781600980482871
10.267301992385162 43.784064967307927
10.263871997967575 43.795478986739482
10.262264032525593 43.804263970563511
10.260924994644022 43.808097974247033
10.259051969783672 43.813457011375775
10.258478032559442 43.815387970080266
10.258463000590949 43.815441006550714
10.255038000862394 43.822776971559364
10.249064967854403 43.835090971481883
10.243092978863215 43.847403990199034
10.239384975349495 43.854739967772794
10.242117005344008 43.855540969166555
10.239599012887977 43.8592409786567
10.242171017429753 43.860260005443457
10.24153802048602 43.861979966458186
10.240803010121938 43.863983000293729
10.238841978472632 43.871478975275949
10.235471977826741 43.877007011781444
10.227425009988634 43.887604019927871
10.218412004159624 43.89947097002397
10.206698967350382 43.914966992764569
10.203091011483542 43.918944985574115
10.200378989881829 43.921935968202483
10.188095030399234 43.935481988196074
10.165709015982504 43.956813992747612
10.154371999636261 43.966267007964824
10.150487981643801 43.969504966977368
10.143816970125755 43.974945005434734
10.143718022272004 43.975020976479428
10.14358000297474 43.975123979010803
10.143512013975243 43.975177973007916
10.143489016114291 43.975196991701829
10.140923026652695 43.977153994176234
10.11400202762009 43.997748983871055
10.10422198975508 44.003685010258351
10.099418990777629 44.006808976656274
10.101451006823366 44.00899500236779
10.106995969613937 44.005428001387671
10.108787966080421 44.004279986766186
10.11002797028603 44.003402984176681
10.111234992122681 44.003193013134712
10.113217026245632 44.001942020140369
10.115165034660453 44.000134018105527
10.116703032789831 43.998572979627482
10.118247025975124 43.997307019011011
10.120170027342684 43.995837979092379
10.122686021291102 43.994232007063459
10.124486002472104 43.992638002261046
10.125735009096225 43.991992992511243
10.125818969368861 43.991935988553848
10.127854031449544 43.990600983767116
10.128831995792996 43.989937001587691
10.129653010451529 43.989750020817162
10.132740038751548 43.987216992134158
10.134449013649366 43.986012002458494
10.138800027176368 43.982780015269014
10.14269101188078 43.979301022307808
10.145667991342021 43.9768869848984
10.147821003776141 43.975139989238009
10.150080008470955 43.973197994662954
10.152106978399226 43.971450974680877
10.15396703830732 43.969523984806102
10.155464985079854 43.968112980951695
10.157413991848163 43.96660196970948
10.158872968983784 43.965278991653904
10.16008199692452 43.96383701720945
10.16178102646219 43.96221198764492
10.162758983421327 43.961604968952997
10.163653963126627 43.960995011426292
10.165034001459727 43.959914984730851
10.166006028347176 43.959011011089849
10.167062003472758 43.95816798988028
10.169910966101856 43.955615976767547
10.170423996406253 43.955436993578694
10.17195301096671 43.954329985033034
10.17456497976711 43.951633020947398
10.176711000860218 43.94959997017061
10.178976008690885 43.947509987031196
10.182334003055132 43.944458015222942
10.183711998938589 43.943435993045838
10.184368011380791 43.943310018661059
10.184524972054048 43.942828995277878
10.185172036519941 43.942229996797806
10.18598002651011 43.941444006125579
10.186537988880145 43.940487009440929
10.187756025652961 43.939522010131839
10.188642020797198 43.938498997218218
10.191091025267815 43.935229992870724
10.192863023510721 43.933246977113704
10.195576035294184 43.930804980233134
10.196384998107964 43.930140985763316
10.1976019734426 43.929114990197299
10.199049996577187 43.927375970024293
10.200902018658402 43.925209009468801
10.201869988466148 43.924187015071865
10.202674028571559 43.923167996592014
10.203562971272458 43.922263975679577
10.204932030626347 43.920760973512394
10.206619018566011 43.918659010241718
10.207905005623921 43.916976967575799
10.20862502027436 43.915958010000047
10.209504993479326 43.914639000543062
10.210792018802069 43.913074014097937
10.211741966144103 43.911220976030577
10.214991995206676 43.906924974526738
10.216595992531483 43.904765977914124
10.21832502566174 43.9027520153927
10.219697974347859 43.901428007030674
10.220745032811264 43.900284012229093
10.221953015634885 43.898959983747631
10.223228005854271 43.896861997742079
10.224348980950337 43.89524497601181
10.2253069844507 43.893802983920637
10.226512007808477 43.89230296653033
10.226991977545882 43.891582014740671
10.227353027808087 43.891131971196678
10.228111013459923 43.889960980964013
10.228830963086359 43.888942993178233
10.229873004616252 43.887561979970023
10.230597024232605 43.886718998809194
10.231313984414388 43.885520979620168
10.23187699339063 43.884917993601796
10.232676974858608 43.883777987743422
10.233315019677068 43.882759015090862
10.234515995980138 43.881080977640814
10.235790995575069 43.879039996879087
10.237141968070727 43.87664399992272
10.238575984275762 43.874366988602233
10.23880600385403 43.873527971413466
10.239522962314886 43.87239098537637
10.239997019774382 43.871432990068136
10.240290980672835 43.86970097526649
10.240680998651252 43.868626010604686
10.241167971742414 43.868381994020602
10.241602016648832 43.867454973080662
10.242246986093159 43.866790968109179
10.242787019922867 43.865058985013398
10.242991027284077 43.862971997204284
10.242887026816142 43.861899995179691
10.242872963914811 43.861243994183411
10.242681979329953 43.859936002025776
10.242511018980334 43.85565199101422
10.243302971296657 43.854213973878018
10.243807965602146 43.852748966677751
10.244684998778689 43.851372008055804
10.245641036962354 43.849811994571603
10.246130020313934 43.84962496774547
10.246847004993036 43.848488021563199
10.24908698721897 43.845425018485848
10.250761014546605 43.842845989250712
10.251477015603312 43.841648016072796
10.25202096837482 43.840091997054024
10.252695965784188 43.838923985483937
10.253793005944805 43.836292003227186
10.255119023383221 43.832820982229386
10.256587985706853 43.828338975080648
10.25869596313674 43.8228990224572
10.258682003208719 43.822303994910698
10.259401995379484 43.821341966714442
10.260178007838997 43.81906898417121
10.260679010849262 43.817486018031857
10.261361963875643 43.814796004627254
10.26188897668543 43.812468984722557
10.262436972987713 43.811152976496359
10.263137979703608 43.807774010030009
10.267273997164756 43.809177013015102
10.272757973336047 43.809837017341202
10.288148028623002 43.808586013784357
10.290982971236875 43.807471970918378
10.292165996826705 43.804667967878764
10.298939993937415 43.801712007175411
10.298891977939642 43.799549008378094
10.304986031476414 43.799659998670187
10.305740978938811 43.800101998670158
10.306720026106087 43.799370012037706
10.307362031696266 43.794589975818241
10.303898974933547 43.789679996267395
10.305556035317093 43.785876967304127
10.30884702353223 43.782958974315378
10.310846032278688 43.777713980678037
10.315784012205585 43.776217994958103
10.320319025199407 43.779045020231557
10.321021000879405 43.772418999676901
10.324717003395014 43.761776000002634
10.323754037051717 43.760204001940373
10.320925988075325 43.75818296850894
10.318107005221941 43.754021000367558
10.319027998107533 43.751239993788609
10.321597022189541 43.748997011566331
10.322391972928715 43.746361022081501
10.325136965948124 43.746960018915352
10.327664970939495 43.749001012500806
10.328529034006461 43.748721967899066
10.3292860210236 43.749252010306982
10.329945029120136 43.75095402033169
10.335767005827144 43.755840021125259
10.341400030196446 43.7633359716638
10.341304026866318 43.764598976122286
10.342162975394713 43.764136968196816
10.344933977679373 43.765816011744448
10.353820974873676 43.774265020192964
10.361842036580502 43.779391990989353
10.366569997426307 43.78302798159767
10.370569994337256 43.784057988671861
10.375038963819071 43.783824997097177
10.385362980737497 43.77883898502337
10.388945037834809 43.777892987961366
10.393183000918777 43.778473008743639
10.398609968819935 43.782096987464541
10.397294008714947 43.784274997878654
10.393996016142063 43.78674701694267
10.394526035173268 43.788180998449768
10.392836021325497 43.790272000079497
10.393387036403194 43.792606007570626
10.388070961315107 43.793842002214625
10.387791996971032 43.7978969908906
10.388554031550186 43.798606990067462
10.387058039212267 43.798446986315334
10.38342302346113 43.799637010826295
10.382252982200981 43.802803003391155
10.381885004731293 43.808391987112579
10.380215005739782 43.811469998223039
10.381915023326265 43.815143989618818
10.381409011130286 43.817599998682525
10.378375974230437 43.820877019225577
10.377556979325202 43.823138984071868
10.373844007678974 43.823906011447242
10.372114963495651 43.826965018792286
10.371008030975258 43.827517987964534
10.371696025246628 43.830391005180857
10.370219983521732 43.831130989264757
10.367063988057959 43.834498999311094
10.36862903153448 43.837722994245993
10.366102008582606 43.841442010873116
10.36710198912664 43.841609978141562
10.369137027209195 43.843567001027552
10.372877974024664 43.843971010723742
10.373147015752064 43.844871974248413
10.378258967486021 43.848231979154633
10.378811022427346 43.850586021028761
10.38046900582362 43.852367003680477
10.378311000495097 43.855903985631279
10.380918980228548 43.861091972493583
10.379452032762156 43.862189981981359
10.37697399207042 43.862671002320994
10.377021977040375 43.864741984609026
10.379528998912345 43.868110971682881
10.378789011762409 43.86838899458418
10.379338008545185 43.870635992940471
10.377500032978169 43.871826020512735
10.379151980690137 43.873336986992484
10.376117978101005 43.876704994209909
10.377388976514256 43.877861017303289
10.377291966039509 43.879032010339564
10.373936020304187 43.879252984359724
10.372420024476853 43.878280999467719
10.369559996383213 43.878406969590024
10.369329966994693 43.879219014987498
10.366970023718203 43.879424969606148
10.366491993350834 43.880333000712149
10.363138982231291 43.880641979171202
10.362695031888393 43.882987983998369
10.361463022725282 43.88354500410216
10.36315796618282 43.886943990710556
10.361849001928871 43.889572003560083
10.355256008803757 43.889832006815851
10.353224018661729 43.88805399235634
10.349016997526046 43.889182990471198
10.34853703488891 43.889999001428215
10.344339962712903 43.891579008389179
10.343003026454015 43.893036013580549
10.339667025895627 43.894154018211658
10.337920988736862 43.896987990922419
10.336308965680105 43.8972780181019
10.333113992209757 43.899117000199006
10.333773977685802 43.900817995396245
10.332307961305867 43.9020959883185
10.33308903505757 43.903617995094748
10.332398017370641 43.906147017675885
10.336259978359683 43.906193002303212
10.33693196672267 43.908436015930185
10.341122033427512 43.911987016197187
10.343107989111338 43.911693975460928
10.344330980547207 43.910685991086346
10.348077983289755 43.911182011436878
10.348954995029034 43.911446012032236
10.349744973770498 43.913326012244802
10.352639003007264 43.914642017641761
10.355970033756794 43.913249981553179
10.357974967983671 43.913768979031296
10.359246969025909 43.914925019677753
10.364978975510994 43.915034993147522
10.366489023811583 43.915737005497121
10.367022015218788 43.917262966936143
10.368391974147205 43.917243973762524
10.369473995781636 43.918109967982609
10.370173000750162 43.921431997793697
10.37390701924399 43.921299004641007
10.37592800172429 43.922534984573993
10.376076033106058 43.923522989663844
10.375099978328958 43.924434996119359
10.375621003885758 43.925418980684924
10.377880964181909 43.926204979604968
10.380862969267822 43.925896003131058
10.382511970092393 43.927139003802267
10.38253701332996 43.928218988184859
10.386430999459746 43.929610979878383
10.387898983665748 43.93382601953855
10.389733028135558 43.935154014068445
10.386202000673771 43.935824981504688
10.384610974726561 43.937106986084331
10.381748964218367 43.937228979631939
10.380526994609866 43.938236022690461
10.378327975187634 43.937652999754
10.37661398629913 43.938933968691892
10.374699988644212 43.942378995691556
10.369987039565077 43.943335999062825
10.36852097985582 43.944614011669614
10.360256030302757 43.94831501636699
10.359900966042712 43.949126978920823
10.358046997073512 43.949780006315279
10.355232004555083 43.952065010180768
10.357694014280879 43.956176998658108
10.357270973880642 43.959514968617889
10.358068025199417 43.961666015532295
10.356479023944525 43.963035967265697
10.354812020639832 43.966476019476346
10.355621000075425 43.969165976884348
10.358643980851751 43.970570021067964
10.358171027905792 43.971656973236527
10.355883025211876 43.975196995063229
10.352688961476757 43.97730300960071
10.349200962229856 43.977435975283363
10.34703304037158 43.980792992135065
10.342064993129284 43.981658971041377
10.340223984149441 43.982944013837454
10.336382013733036 43.98397801738313
10.341001983648958 43.989776971537871
10.340705997266307 43.993290004632804
10.338412020600877 43.996646985029862
10.339177971820618 43.997451994598414
10.339354021914243 43.999699014285177
10.341098991929224 43.999680008359277
10.342239036444203 44.000477012776969
10.34592902098043 44.003673996552351
10.346087981820581 44.005202971738292
10.340080968977846 44.009864976612953
10.33889097992178 44.012397966829027
10.335061029015645 44.014064972941007
10.335585969169456 44.015228003025122
10.334492013435002 44.016501978082005
10.335747004812442 44.016846009665592
10.336399020089356 44.018100999847306
10.335982961967328 44.021796996316816
10.330080004585001 44.025645981269271
10.328991973383275 44.027191000327726
10.32334700669349 44.031486999018277
10.324161970202395 44.034446989183877
10.323185997137008 44.035450005231759
10.318091968207549 44.036498971698734
10.314339967087363 44.036090997715995
10.309045972423023 44.033721987150138
10.306973976015971 44.030322990433532
10.304821965592129 44.028908016645552
10.3020359995202 44.02972799720019
10.300079015971015 44.031551017728589
10.295636988887313 44.03385198298691
10.294670031872858 44.035304980590624
10.288956034608686 44.036541015664724
10.286207038070478 44.036392013526729
10.285185973857681 44.035320007585426
10.280547993367367 44.034381984169585
10.271064033273836 44.03440098758054
10.268507025718614 44.03739897697379
10.264429973899924 44.039332998440138
10.263668015008138 44.038711983411218
10.261667018398681 44.038554977447546
10.258205961469653 44.040123004648962
10.257787021381869 44.041141970744178
10.254924992380456 44.041530990029806
10.247034975741405 44.040268003096656
10.243801969887199 44.040844001256332
10.243437000899412 44.041297968502235
10.244696982730222 44.041823988989456
10.245737978295029 44.043883994405583
10.243646961188283 44.045345002397987
10.241463027669989 44.048339997780332
10.236859999948006 44.049110009740005
10.2346790399467 44.052283989970064
10.232574032392172 44.05311997258115
10.230581025973917 44.053321997850581
10.225010036247681 44.052367985378403
10.222219030524473 44.056270986590782
10.222922017057233 44.057274006316973
10.222450970393822 44.058627977051671
10.225985002825139 44.060481970810308
10.226406026262218 44.062728982744972
10.227541966913789 44.063347002532737
10.227697036535632 44.064785018797679
10.230125964257295 44.067550999587596
10.231118972648543 44.067267973131202
10.23556002813014 44.070643978319843
10.239809999678902 44.070866006372178
10.239594968246884 44.075347994645711
10.241635983144322 44.077395978111099
10.241116029432979 44.082354988738935
10.243051036765005 44.085303981695283
10.24205202123906 44.088489980462739
10.239581014402473 44.089774982501908
10.238614027633494 44.091315967765333
10.238557973483767 44.094646008705595
10.236526974670786 44.095909004440053
10.235596025068153 44.099158966537303
10.232565980992886 44.103694985898514
10.233397008647072 44.107555023127667
10.23291297053755 44.108372005457966
10.226464980919189 44.110782980401829
10.223769011989623 44.113330980344507
10.218578988616207 44.113319003270256
10.216128007858371 44.11568499148364
10.215430022138552 44.118214009647694
10.2140170104328 44.119198019432929
10.211019008456903 44.119231998646825
10.207252040256115 44.11836999827247
10.205751994335788 44.118385004259615
10.2047689814368 44.119204991728971
10.201009962229083 44.1187060069851
10.197041966089477 44.12027700082394
10.193410036768437 44.119864997915947
10.191694975479074 44.121593006634285
10.189710024240378 44.12179597146379
10.18868100674214 44.122314005273928
10.188004006366416 44.122535967398228
10.187717975657705 44.122657986929781
10.187495986179695 44.122795022042489
10.187251031881067 44.12302401599274
10.18711697718439 44.12320299597711
10.1869959905305 44.123402013738996
10.186898993182361 44.123585007864627
10.186864018988587 44.123692007404898
10.18677901303939 44.123829019064324
10.186744981979428 44.123961971866727
10.186677005185029 44.124325011027558
10.186646007558318 44.124667977761661
10.186776028527882 44.124907968746996
10.186868963065185 44.125159982934164
10.186980009491748 44.125298000784213
10.187088974282087 44.125565004401707
10.187078991233209 44.125697970511517
10.187083029951372 44.125904015655394
10.187087995688897 44.126128986854376
10.187015988252345 44.126265975867796
10.186833029903203 44.126511007725028
10.186639025783244 44.126780993965383
10.186580015500065 44.126964993984345
10.186607997955582 44.127163006191822
10.186574977082328 44.127341972349882
10.186581973071352 44.127686004489938
10.186550004736516 44.127972018391922
10.186542982567683 44.128268982237714
10.186537000108123 44.128524971499317
10.186443038592323 44.128849010008437
10.186437975858899 44.129001971530414
10.186360023183328 44.12914299324607
10.186231020097026 44.129531981749139
10.186175013997328 44.12989397648488
10.186193968364073 44.130206987804577
10.186236985796087 44.130450987153736
10.186267022007778 44.130703001183448
10.186357036662844 44.130898010515175
10.186321038860864 44.131751977808314
10.185899994920609 44.134700981095577
10.185860977714283 44.135158999784842
10.18578502905323 44.135365017446439
10.185717962996117 44.13574998143104
10.18559298752163 44.136371985645589
10.185439972793041 44.136851968472996
10.185371038136157 44.137168987887527
10.185253962903774 44.137547014279157
10.185219974188758 44.137671974659042
10.184475967011181 44.138701969383774
10.183874977056327 44.139262990402422
10.183430981002674 44.139530011086485
10.183084999459188 44.139774019046136
10.182713968106482 44.139976984062706
10.183062996128793 44.140071969748249
10.1829409942019 44.14019000068965
10.185572030999598 44.140857987443766
10.18772798703441 44.142998020681055
10.187830035519141 44.14319997544883
10.187898009749334 44.143451974614706
10.187925020456232 44.143589008252491
10.187890036046499 44.143696007425916
10.187858031266607 44.143948017367229
10.187859970786764 44.144084983694363
10.18776796924584 44.144463021397449
10.187761012730043 44.144779022651598
10.187769015506337 44.145164018690735
10.187735990101213 44.145344003792367
10.187702000671843 44.145587970643675
10.187612969960872 44.146083987726833
10.187551026158078 44.146716981898692
10.187507005986378 44.147057020875913
10.187474962742735 44.147345978579615
10.187357998606826 44.147736017323695
10.187326024231037 44.148021971208962
10.187327976796702 44.148140009652245
10.187359032214969 44.148411002438856
10.187388977259351 44.148677973566862
10.187510032294043 44.149081975463631
10.187732027752695 44.149512995230609
10.187880002122801 44.150023995595724
10.188132973225422 44.150840987926593
10.188384992833509 44.151558016975621
10.188439020084678 44.15178300817049
10.188560011811175 44.152187008028399
10.188718010522056 44.152572976110022
10.188873966380458 44.152884995042427
10.189004962517926 44.153136989482554
10.189094983591506 44.153296971451134
10.189221977793558 44.153404013620815
10.189132973528102 44.153481019393851
10.190145994227857 44.153831022807083
10.192302990031674 44.154171021380094
10.192812977465421 44.154349997470327
10.194215973623745 44.154971981274528
10.195362986897628 44.155415015501809
10.196795969508402 44.157493976168368
10.197584994392454 44.15894296817978
10.197845038554929 44.159306002251085
10.197981020064487 44.159759998336327
10.198886003069585 44.16075098706672
10.199526015588033 44.16110999876171
10.201177981075004 44.161452993214127
10.201690981339215 44.161815978283578
10.203714999974157 44.16188398791806
10.204092988209267 44.161789003664289
10.205108980822503 44.161960970233352
10.206625996453061 44.161944978748657
10.207962985504826 44.162383978496415
10.211428009698654 44.164806007078113
10.214235971826424 44.166050005244344
10.216269962073103 44.166575969526725
10.218548983613983 44.16664100302831
10.221981012074774 44.167427008675901
10.22261500130554 44.167510990862645
10.222506019176869 44.16833099069791
10.220010027995025 44.169998005586066
10.219393020923079 44.17073101466454
10.219286963531205 44.171733984022133
10.219813023528985 44.172728982505376
10.220837020713434 44.173267022938006
10.221099024977217 44.173716976183343
10.222145988939781 44.175438013880168
10.222916990604963 44.175976008404064
10.224305996144009 44.175868968639449
10.225194983454706 44.176041011779446
10.225835015820804 44.176399007719361
10.229994015248803 44.17562501119518
10.231904996453073 44.176242968216137
10.233182974528081 44.176864978590046
10.234430010805365 44.176032997996188
10.235436014886105 44.175751004230037
10.236826009512662 44.175644020718053
10.237989026868243 44.176815008905834
10.237874014823614 44.177360985653898
10.238400007759816 44.178267994902718
10.239801982160285 44.178798969099091
10.240070015771616 44.17952301804128
10.239702028038224 44.180072981726539
10.238953033169068 44.180537971903789
10.238585025429799 44.181086967955451
10.23884598030301 44.181450004323423
10.239102011275392 44.181628994494844
10.239618991328609 44.182166994758184
10.239754031734272 44.182529016326939
10.240231026806335 44.184166007268551
10.240749990922845 44.184795004444098
10.240519994800735 44.185890018266484
10.239162971391414 44.187545982852996
10.239439004281593 44.188636989197427
10.239613978786585 44.190909970746326
10.239375034600485 44.191638982840701
10.238128988457522 44.19256598463496
10.237123017872191 44.192848001284304
10.235366980657059 44.193595989034577
10.234513008724916 44.195151967955582
10.234951996641772 44.197971016620237
10.234711974647949 44.198612011713294
10.233960032630794 44.198981991726889
10.233210984161342 44.199448009371196
10.232580017892509 44.199542983740535
10.229320974708749 44.20112598436836
10.228837007138969 44.202133005807333
10.230954033129468 44.206572975702684
10.231849968228136 44.207020003049799
10.232119974400122 44.207835966674338
10.233029966549521 44.209011005472732
10.232373991285298 44.210930019611382
10.230380994097411 44.212498010695278
10.226949030811463 44.211806994441389
10.225825001315497 44.212547019777517
10.225828972123111 44.212737977612015
10.225841970620738 44.213367004080204
10.227393009193101 44.214897007369672
10.229824017365409 44.216144994611476
10.229979982211544 44.217510023115238
10.22938099637172 44.219153991594538
10.229917967025498 44.220698996160785
10.230579982894698 44.222057002850185
10.230226963903913 44.223334983811675
10.23013502694281 44.224976008723104
10.231555985642048 44.226325972179069
10.231441965691149 44.226962981010068
10.232233995880234 44.228503995091216
10.232760968439353 44.229500019279797
10.23304103017853 44.230770006006459
10.233075028989173 44.232410005509642
10.233855985847581 44.233401992367
10.236177994091634 44.235470010941071
10.237346981861677 44.236823971490814
10.238392004122426 44.238361005163782
10.23877403132073 44.238448978057249
10.239421013931414 44.239079022415211
10.239171025329528 44.239262005680096
10.238572016884584 44.240910023002826
10.239353023204906 44.241901000115476
10.23938800204834 44.243542001099932
10.241333004783923 44.245704993558654
10.243787022709647 44.247954978275082
10.244685024904124 44.248488971506148
10.244824967970708 44.249126009450841
10.245728026823601 44.24984397284252
10.24650898279126 44.250838969255348
10.247315961710409 44.253105002553845
10.247265007401801 44.253593008562049
10.247464012359471 44.25350198336919
10.249968015931705 44.253821972623818
10.251574962216282 44.254600968972198
10.254086038764219 44.254817995589086
10.254685980528709 44.255066019026934
10.254785025506388 44.255481978352208
10.254904968905523 44.255794983396328
10.255006987320577 44.255908968435293
10.255118030829683 44.256373969876655
10.255461001260244 44.257823967429125
10.255492998408497 44.258166993050594
10.255263026034793 44.258548968001527
10.255230978605923 44.2587740059342
10.255194009176359 44.258934004365727
10.255102999696375 44.259071016007411
10.253878010341193 44.261050989696436
10.253852979972905 44.261955019555025
10.253420976284941 44.262870978814384
10.253016037196568 44.266193007841046
10.253007961416181 44.267116994380579
10.253417965511339 44.267975023527391
10.253509009353644 44.268477978828777
10.261233993636589 44.26956898393545
10.265883988358198 44.271347022554743
10.269774981747013 44.273642979948193
10.269842965141592 44.27526497884395
10.273506006468697 44.276103988222815
10.282236005542272 44.280127998090478
10.288174989742105 44.281936985156079
10.290342006740621 44.282051016239109
10.29655498752291 44.286284976587247
10.30585500259037 44.284313011527701
10.307803028789948 44.284358987281372
10.310798003660741 44.28169599184389
10.314338002734095 44.28028902248645
10.315324987721889 44.277328003875965
10.317855999014137 44.275528001570883
10.320333030840123 44.275192017436723
10.324478983392217 44.276314004393306
10.328477033450882 44.274089998427492
10.334768002026367 44.2729149674323
10.342622014099423 44.270084000121216
10.349007004677139 44.269302003031768
10.354429024720815 44.271766996698126
10.359649026241126 44.272171015270281
10.365047981560776 44.269786994398409
10.371688017829765 44.269271973393892
10.374174975918146 44.270023018971024
10.375903003740333 44.268981967075376
10.378412035008617 44.264553013052776
10.380989982465442 44.263507976523499
10.384222974063212 44.259791992027232
10.388877029920396 44.259421970658053
10.392016023195273 44.256461992753273
10.399298008563104 44.252597993905077
10.400762004219301 44.252430002641916
10.40181800115449 44.25028601043423
10.407608025554902 44.249347993705058
10.4083109967415 44.246024974127394
10.410523983597443 44.245196969931875
10.410498993215064 44.242637992962699
10.412318964590813 44.240817981638074
10.412162007232206 44.239189010747445
10.413561006001176 44.237392007695568
10.413791964028446 44.235451014695926
10.418904017872931 44.233748986421276
10.42012599906675 44.232983017799675
10.420747037601128 44.231360982077327
10.42435500096208 44.23063999401618
10.431091984916469 44.226909971905414
10.438082986758094 44.22537601144068
10.442985982698822 44.228866971801921
10.445563983605851 44.229411994515409
10.449368027906765 44.229690982670292
10.457904000314141 44.228241008857317
10.462412995193281 44.230922968746633
10.464999971068051 44.2310029742777
10.472552033868459 44.224449017237006
10.484909010235606 44.222819980083777
10.48843498890577 44.219841002801594
10.489017984139322 44.218379988480528
10.493656018968339 44.21680097192074
10.489378999925195 44.212292012359285
10.488612967799124 44.20956800238438
10.485456032413913 44.204651008860289
10.488934964076821 44.200293975840907
10.48868598150611 44.19903196818403
10.489823972085956 44.196548002554984
10.493504007863169 44.195507011540442
10.494774980286556 44.194077000035904
10.500900012835078 44.191627967586342
10.501518961864047 44.19051699860772
10.509549018957843 44.186374989588018
10.51120403832422 44.185519987157946
10.5138360107991 44.182902996904843
10.517002027882976 44.182060002729635
10.524556032552859 44.173053972281359
10.519741004631907 44.168026012981088
10.519702011370692 44.166640985481443
10.52209901392065 44.160915014509889
10.524688006444029 44.157257001416902
10.526834035961128 44.156058992694255
10.532926976374716 44.154633013214905
10.53630297625806 44.151278978651035
10.538384003226554 44.150276004334238
10.543959993913109 44.149562978709952
10.547866971756852 44.147742997590541
10.55193402164319 44.145247975550774
10.553341988329104 44.142910006308419
10.556281989734433 44.141041020088338
10.559428022661018 44.1414029741645
10.563756963041602 44.139884985943105
10.574516010473713 44.132091996018708
10.577363001905875 44.131858999126131
10.580657979903584 44.128719018817627
10.583592022727569 44.119816001598814
10.587086022866194 44.117443016405737
10.589779984870342 44.116890005278357
10.593515039204052 44.115005009947687
10.602892014570228 44.114246002714957
10.60532299525034 44.115203967424144
10.607794994411465 44.118175975660016
10.612511991354161 44.118309012431844
10.61475403615122 44.119780977857744
10.619738038623202 44.120342012034996
10.625585028114834 44.120112976063723
10.628066003811456 44.119449971464419
10.62888801268282 44.117546022615116
10.632098987036912 44.116150021680653
10.636329017281987 44.119961022994488
10.637382999019065 44.121925017231447
10.640545968288301 44.12332200846938
10.641352992559916 44.125380993148418
10.643669032449173 44.127776976718259
10.645422966453921 44.127933977348498
10.649391005027109 44.126796990864129
10.652419982648693 44.127831021652568
10.653451963624613 44.128985997063438
10.657124015359683 44.130646016665196
10.661640973197889 44.131297993531533
10.663851987147073 44.143241975005388
10.665030021444167 44.145114984734953
10.665090983715908 44.14727397832511
10.666108035705575 44.147887987359525
10.666714992250281 44.151661013344537
10.669322965223474 44.15313701069504
10.66999496379387 44.152828006237932
10.672090993063984 44.154343002691903
10.677390977116533 44.15537298048244
10.678940007691619 44.156425014572839
10.680356031488099 44.156653966864461
10.682605013577554 44.155711986844622
10.692958033461474 44.157574016344583
10.700271991796368 44.154742989649691
10.704152005696097 44.155642970404024
10.709401971188933 44.154716005571586
10.711757995606581 44.156180989439591
10.712241961010239 44.157215019055577
10.713985980472915 44.156192973324472
10.716918969641467 44.155682005998635
10.724355990604874 44.156035977425198
10.72635402854044 44.156647008702883
10.728816978679699 44.155518000899249
10.734167992612404 44.1565549774107
10.737277968075279 44.156020983834757
10.744897019158067 44.156188968130351
10.747769986138724 44.155116969870214
10.754954992748985 44.153881000813641
10.759144016743837 44.151508002108578
10.762211031501938 44.147830981800844
10.762743011522085 44.146087993249218
10.765264005955471 44.144100009531321
10.7661510178631 44.140105985871649
10.770857003641099 44.138255986177356
10.774410993082396 44.134006966921888
10.781409987570472 44.130084993993648
10.784748989803697 44.128906012692163
10.795517019057959 44.127879972789515
10.797786984784155 44.126059986932759
10.798922021571549 44.124137973604007
10.801768962276844 44.122252971603544
10.8030669935047 44.119456996587274
10.804667034465012 44.11844996730224
10.814817000643156 44.115367998365294
10.815722025243618 44.114039993796027
10.819843991896574 44.111614015230671
10.821149987008862 44.111911966936809
10.82204301357867 44.113490990717878
10.826097997744997 44.114947969999889
10.828435030078724 44.115062986974444
10.830403006242443 44.117148998266515

