# Meuse (Maas) catchment
5.500 47.942 6011000
5.492 47.942 6011000
5.492 47.950 6011000
5.483 47.950 6011000
5.483 47.958 6011000
5.475 47.958 6011000
5.475 47.975 6011000
5.483 47.975 6011000
5.483 48.008 6011000
5.475 48.008 6011000
5.475 48.017 6011000
5.467 48.017 6011000
5.467 48.042 6011000
5.458 48.042 6011000
5.458 48.075 6011000
5.475 48.075 6011000
5.475 48.092 6011000
5.483 48.092 6011000
5.483 48.100 6011000
5.492 48.100 6011000
5.492 48.125 6011000
5.500 48.125 6011000
5.500 48.142 6011000
5.492 48.142 6011000
5.492 48.167 6011000
5.517 48.167 6011000
5.517 48.183 6011000
5.508 48.183 6011000
5.508 48.200 6011000
5.517 48.200 6011000
5.517 48.217 6011000
5.525 48.217 6011000
5.525 48.242 6011000
5.517 48.242 6011000
5.517 48.250 6011000
5.483 48.250 6011000
5.483 48.267 6011000
5.475 48.267 6011000
5.475 48.275 6011000
5.467 48.275 6011000
5.467 48.292 6011000
5.458 48.292 6011000
5.458 48.300 6011000
5.450 48.300 6011000
5.450 48.308 6011000
5.467 48.308 6011000
5.467 48.317 6011000
5.475 48.317 6011000
5.475 48.308 6011000
5.508 48.308 6011000
5.508 48.317 6011000
5.525 48.317 6011000
5.525 48.325 6011000
5.533 48.325 6011000
5.533 48.333 6011000
5.542 48.333 6011000
5.542 48.350 6011000
5.550 48.350 6011000
5.550 48.375 6011000
5.542 48.375 6011000
5.542 48.383 6011000
5.550 48.383 6011000
5.550 48.400 6011000
5.558 48.400 6011000
5.558 48.408 6011000
5.567 48.408 6011000
5.567 48.417 6011000
5.575 48.417 6011000
5.575 48.425 6011000
5.567 48.425 6011000
5.567 48.450 6011000
5.575 48.450 6011000
5.575 48.458 6011000
5.583 48.458 6011000
5.583 48.492 6011000
5.592 48.492 6011000
5.592 48.542 6011000
5.583 48.542 6011000
5.583 48.550 6011000
5.575 48.550 6011000
5.575 48.558 6011000
5.533 48.558 6011000
5.533 48.575 6011000
5.525 48.575 6011000
5.525 48.592 6011000
5.517 48.592 6011000
5.517 48.608 6011000
5.525 48.608 6011000
5.525 48.625 6011000
5.533 48.625 6011000
5.533 48.658 6011000
5.517 48.658 6011000
5.517 48.667 6011000
5.500 48.667 6011000
5.500 48.675 6011000
5.508 48.675 6011000
5.508 48.683 6011000
5.500 48.683 6011000
5.500 48.692 6011000
5.467 48.692 6011000
5.467 48.700 6011000
5.458 48.700 6011000
5.458 48.708 6011000
5.450 48.708 6011000
5.450 48.742 6011000
5.442 48.742 6011000
5.442 48.758 6011000
5.425 48.758 6011000
5.425 48.817 6011000
5.433 48.817 6011000
5.433 48.825 6011000
5.417 48.825 6011000
5.417 48.850 6011000
5.408 48.850 6011000
5.408 48.858 6011000
5.400 48.858 6011000
5.400 48.867 6011000
5.383 48.867 6011000
5.383 48.883 6011000
5.375 48.883 6011000
5.375 48.900 6011000
5.383 48.900 6011000
5.383 48.917 6011000
5.392 48.917 6011000
5.392 48.933 6011000
5.367 48.933 6011000
5.367 48.942 6011000
5.358 48.942 6011000
5.358 48.958 6011000
5.333 48.958 6011000
5.333 48.975 6011000
5.317 48.975 6011000
5.317 48.983 6011000
5.292 48.983 6011000
5.292 48.992 6011000
5.275 48.992 6011000
5.275 49.008 6011000
5.300 49.008 6011000
5.300 49.017 6011000
5.317 49.017 6011000
5.317 49.042 6011000
5.292 49.042 6011000
5.292 49.058 6011000
5.283 49.058 6011000
5.283 49.092 6011000
5.275 49.092 6011000
5.275 49.100 6011000
5.267 49.100 6011000
5.267 49.108 6011000
5.258 49.108 6011000
5.258 49.125 6011000
5.242 49.125 6011000
5.242 49.150 6011000
5.233 49.150 6011000
5.233 49.158 6011000
5.225 49.158 6011000
5.225 49.167 6011000
5.217 49.167 6011000
5.217 49.175 6011000
5.208 49.175 6011000
5.208 49.167 6011000
5.200 49.167 6011000
5.200 49.175 6011000
5.192 49.175 6011000
5.192 49.208 6011000
5.183 49.208 6011000
5.183 49.217 6011000
5.167 49.217 6011000
5.167 49.225 6011000
5.158 49.225 6011000
5.158 49.267 6011000
5.150 49.267 6011000
5.150 49.275 6011000
5.083 49.275 6011000
5.083 49.283 6011000
5.075 49.283 6011000
5.075 49.325 6011000
5.067 49.325 6011000
5.067 49.367 6011000
5.075 49.367 6011000
5.075 49.400 6011000
5.050 49.400 6011000
5.050 49.408 6011000
5.042 49.408 6011000
5.042 49.417 6011000
5.025 49.417 6011000
5.025 49.425 6011000
5.008 49.425 6011000
5.008 49.417 6011000
4.992 49.417 6011000
4.992 49.408 6011000
4.967 49.408 6011000
4.967 49.400 6011000
4.958 49.400 6011000
4.958 49.408 6011000
4.917 49.408 6011000
4.917 49.417 6011000
4.892 49.417 6011000
4.892 49.425 6011000
4.875 49.425 6011000
4.875 49.417 6011000
4.867 49.417 6011000
4.867 49.408 6011000
4.858 49.408 6011000
4.858 49.400 6011000
4.817 49.400 6011000
4.817 49.408 6011000
4.800 49.408 6011000
4.800 49.425 6011000
4.808 49.425 6011000
4.808 49.433 6011000
4.817 49.433 6011000
4.817 49.442 6011000
4.808 49.442 6011000
4.808 49.475 6011000
4.783 49.475 6011000
4.783 49.467 6011000
4.775 49.467 6011000
4.775 49.475 6011000
4.750 49.475 6011000
4.750 49.483 6011000
4.758 49.483 6011000
4.758 49.492 6011000
4.767 49.492 6011000
4.767 49.517 6011000
4.758 49.517 6011000
4.758 49.525 6011000
4.750 49.525 6011000
4.750 49.533 6011000
4.742 49.533 6011000
4.742 49.542 6011000
4.725 49.542 6011000
4.725 49.558 6011000
4.708 49.558 6011000
4.708 49.567 6011000
4.692 49.567 6011000
4.692 49.575 6011000
4.683 49.575 6011000
4.683 49.583 6011000
4.675 49.583 6011000
4.675 49.575 6011000
4.667 49.575 6011000
4.667 49.592 6011000
4.658 49.592 6011000
4.658 49.617 6011000
4.642 49.617 6011000
4.642 49.625 6011000
4.583 49.625 6011000
4.583 49.633 6011000
4.525 49.633 6011000
4.525 49.642 6011000
4.508 49.642 6011000
4.508 49.650 6011000
4.492 49.650 6011000
4.492 49.667 6011000
4.483 49.667 6011000
4.483 49.675 6011000
4.458 49.675 6011000
4.458 49.700 6011000
4.450 49.700 6011000
4.450 49.708 6011000
4.442 49.708 6011000
4.442 49.742 6011000
4.425 49.742 6011000
4.425 49.750 6011000
4.367 49.750 6011000
4.367 49.767 6011000
4.358 49.767 6011000
4.358 49.783 6011000
4.367 49.783 6011000
4.367 49.792 6011000
4.383 49.792 6011000
4.383 49.800 6011000
4.392 49.800 6011000
4.392 49.808 6011000
4.400 49.808 6011000
4.400 49.817 6011000
4.417 49.817 6011000
4.417 49.833 6011000
4.383 49.833 6011000
4.383 49.842 6011000
4.367 49.842 6011000
4.367 49.858 6011000
4.358 49.858 6011000
4.358 49.875 6011000
4.350 49.875 6011000
4.350 49.883 6011000
4.342 49.883 6011000
4.342 49.917 6011000
4.375 49.917 6011000
4.375 49.908 6011000
4.383 49.908 6011000
4.383 49.917 6011000
4.417 49.917 6011000
4.417 49.908 6011000
4.458 49.908 6011000
4.458 49.917 6011000
4.433 49.917 6011000
4.433 49.925 6011000
4.417 49.925 6011000
4.417 49.933 6011000
4.375 49.933 6011000
4.375 49.942 6011000
4.333 49.942 6011000
4.333 49.950 6011000
4.342 49.950 6011000
4.342 49.958 6011000
4.358 49.958 6011000
4.358 49.967 6011000
4.367 49.967 6011000
4.367 49.983 6011000
4.358 49.983 6011000
4.358 50.008 6011000
4.350 50.008 6011000
4.350 50.000 6011000
4.333 50.000 6011000
4.333 50.008 6011000
4.225 50.008 6011000
4.225 50.017 6011000
4.217 50.017 6011000
4.217 50.025 6011000
4.208 50.025 6011000
4.208 50.033 6011000
4.133 50.033 6011000
4.133 50.025 6011000
4.125 50.025 6011000
4.125 50.017 6011000
4.108 50.017 6011000
4.108 50.008 6011000
4.083 50.008 6011000
4.083 49.992 6011000
4.033 49.992 6011000
4.033 49.983 6011000
4.025 49.983 6011000
4.025 49.975 6011000
3.950 49.975 6011000
3.950 49.983 6011000
3.925 49.983 6011000
3.925 49.992 6011000
3.892 49.992 6011000
3.892 50.000 6011000
3.858 50.000 6011000
3.858 50.008 6011000
3.825 50.008 6011000
3.825 50.000 6011000
3.725 50.000 6011000
3.725 49.992 6011000
3.708 49.992 6011000
3.708 50.000 6011000
3.667 50.000 6011000
3.667 50.008 6011000
3.633 50.008 6011000
3.633 50.017 6011000
3.625 50.017 6011000
3.625 50.008 6011000
3.617 50.008 6011000
3.608 50.008 6011000
3.608 50.017 6011000
3.600 50.017 6011000
3.600 50.025 6011000
3.592 50.025 6011000
3.592 50.033 6011000
3.583 50.033 6011000
3.583 50.042 6011000
3.575 50.042 6011000
3.575 50.050 6011000
3.592 50.050 6011000
3.592 50.058 6011000
3.617 50.058 6011000
3.617 50.075 6011000
3.608 50.075 6011000
3.608 50.117 6011000
3.617 50.117 6011000
3.617 50.125 6011000
3.625 50.125 6011000
3.625 50.133 6011000
3.650 50.133 6011000
3.650 50.142 6011000
3.675 50.142 6011000
3.675 50.150 6011000
3.683 50.150 6011000
3.683 50.158 6011000
3.692 50.158 6011000
3.692 50.183 6011000
3.708 50.183 6011000
3.708 50.192 6011000
3.733 50.192 6011000
3.733 50.200 6011000
3.742 50.200 6011000
3.742 50.208 6011000
3.750 50.208 6011000
3.750 50.250 6011000
3.817 50.250 6011000
3.817 50.258 6011000
3.825 50.258 6011000
3.825 50.267 6011000
3.833 50.267 6011000
3.833 50.275 6011000
3.875 50.275 6011000
3.875 50.292 6011000
3.883 50.292 6011000
3.883 50.308 6011000
3.892 50.308 6011000
3.892 50.317 6011000
3.925 50.317 6011000
3.925 50.308 6011000
3.975 50.308 6011000
3.975 50.300 6011000
3.983 50.300 6011000
3.983 50.292 6011000
4.000 50.292 6011000
4.000 50.300 6011000
4.033 50.300 6011000
4.033 50.308 6011000
4.050 50.308 6011000
4.050 50.300 6011000
4.058 50.300 6011000
4.058 50.308 6011000
4.083 50.308 6011000
4.083 50.317 6011000
4.100 50.317 6011000
4.100 50.325 6011000
4.108 50.325 6011000
4.108 50.333 6011000
4.125 50.333 6011000
4.125 50.342 6011000
4.142 50.342 6011000
4.142 50.350 6011000
4.150 50.350 6011000
4.150 50.358 6011000
4.158 50.358 6011000
4.158 50.367 6011000
4.192 50.367 6011000
4.192 50.375 6011000
4.233 50.375 6011000
4.233 50.383 6011000
4.267 50.383 6011000
4.267 50.392 6011000
4.292 50.392 6011000
4.292 50.425 6011000
4.283 50.425 6011000
4.283 50.467 6011000
4.275 50.467 6011000
4.275 50.475 6011000
4.283 50.475 6011000
4.283 50.483 6011000
4.275 50.483 6011000
4.275 50.492 6011000
4.283 50.492 6011000
4.283 50.508 6011000
4.308 50.508 6011000
4.308 50.517 6011000
4.317 50.517 6011000
4.317 50.525 6011000
4.325 50.525 6011000
4.325 50.533 6011000
4.342 50.533 6011000
4.342 50.558 6011000
4.350 50.558 6011000
4.350 50.567 6011000
4.400 50.567 6011000
4.400 50.558 6011000
4.433 50.558 6011000
4.433 50.567 6011000
4.442 50.567 6011000
4.442 50.558 6011000
4.450 50.558 6011000
4.450 50.542 6011000
4.458 50.542 6011000
4.458 50.533 6011000
4.508 50.533 6011000
4.508 50.542 6011000
4.525 50.542 6011000
4.525 50.533 6011000
4.575 50.533 6011000
4.575 50.542 6011000
4.583 50.542 6011000
4.583 50.550 6011000
4.600 50.550 6011000
4.600 50.542 6011000
4.650 50.542 6011000
4.650 50.558 6011000
4.667 50.558 6011000
4.667 50.575 6011000
4.683 50.575 6011000
4.683 50.583 6011000
4.692 50.583 6011000
4.692 50.592 6011000
4.708 50.592 6011000
4.708 50.608 6011000
4.767 50.608 6011000
4.767 50.600 6011000
4.792 50.600 6011000
4.792 50.583 6011000
4.800 50.583 6011000
4.800 50.592 6011000
4.808 50.592 6011000
4.808 50.600 6011000
4.833 50.600 6011000
4.833 50.608 6011000
4.850 50.608 6011000
4.850 50.617 6011000
4.883 50.617 6011000
4.883 50.625 6011000
4.908 50.625 6011000
4.908 50.633 6011000
4.950 50.633 6011000
4.950 50.642 6011000
5.008 50.642 6011000
5.008 50.633 6011000
5.017 50.633 6011000
5.017 50.642 6011000
5.050 50.642 6011000
5.050 50.650 6011000
5.058 50.650 6011000
5.058 50.642 6011000
5.083 50.642 6011000
5.083 50.650 6011000
5.117 50.650 6011000
5.117 50.658 6011000
5.125 50.658 6011000
5.125 50.675 6011000
5.133 50.675 6011000
5.133 50.683 6011000
5.150 50.683 6011000
5.150 50.692 6011000
5.158 50.692 6011000
5.158 50.700 6011000
5.167 50.700 6011000
5.167 50.717 6011000
5.175 50.717 6011000
5.175 50.725 6011000
5.225 50.725 6011000
5.225 50.717 6011000
5.250 50.717 6011000
5.250 50.725 6011000
5.292 50.725 6011000
5.292 50.733 6011000
5.342 50.733 6011000
5.342 50.742 6011000
5.367 50.742 6011000
5.367 50.750 6011000
5.408 50.750 6011000
5.408 50.758 6011000
5.417 50.758 6011000
5.417 50.767 6011000
5.433 50.767 6011000
5.433 50.775 6011000
5.442 50.775 6011000
5.442 50.783 6011000
5.458 50.783 6011000
5.458 50.792 6011000
5.550 50.792 6011000
5.550 50.783 6011000
5.558 50.783 6011000
5.558 50.842 6011000
5.567 50.842 6011000
5.567 50.850 6011000
5.583 50.850 6011000
5.583 50.858 6011000
5.592 50.858 6011000
5.592 50.892 6011000
5.600 50.892 6011000
5.600 50.900 6011000
5.608 50.900 6011000
5.608 50.958 6011000
5.592 50.958 6011000
5.592 50.975 6011000
5.575 50.975 6011000
5.575 50.983 6011000
5.567 50.983 6011000
5.567 50.992 6011000
5.558 50.992 6011000
5.558 51.017 6011000
5.550 51.017 6011000
5.550 51.042 6011000
5.542 51.042 6011000
5.542 51.050 6011000
5.492 51.050 6011000
5.492 51.042 6011000
5.467 51.042 6011000
5.467 51.033 6011000
5.450 51.033 6011000
5.450 51.050 6011000
5.417 51.050 6011000
5.417 51.058 6011000
5.408 51.058 6011000
5.408 51.067 6011000
5.400 51.067 6011000
5.400 51.075 6011000
5.392 51.075 6011000
5.392 51.083 6011000
5.383 51.083 6011000
5.383 51.100 6011000
5.375 51.100 6011000
5.375 51.108 6011000
5.367 51.108 6011000
5.367 51.175 6011000
5.358 51.175 6011000
5.358 51.167 6011000
5.350 51.167 6011000
5.350 51.175 6011000
5.342 51.175 6011000
5.342 51.200 6011000
5.308 51.200 6011000
5.308 51.217 6011000
5.292 51.217 6011000
5.292 51.225 6011000
5.283 51.225 6011000
5.283 51.242 6011000
5.267 51.242 6011000
5.267 51.250 6011000
5.250 51.250 6011000
5.250 51.258 6011000
5.242 51.258 6011000
5.242 51.275 6011000
5.225 51.275 6011000
5.225 51.283 6011000
5.208 51.283 6011000
5.208 51.300 6011000
5.192 51.300 6011000
5.192 51.333 6011000
5.167 51.333 6011000
5.167 51.342 6011000
5.150 51.342 6011000
5.150 51.350 6011000
5.125 51.350 6011000
5.125 51.358 6011000
5.100 51.358 6011000
5.100 51.383 6011000
5.092 51.383 6011000
5.092 51.392 6011000
5.050 51.392 6011000
5.050 51.383 6011000
5.042 51.383 6011000
5.042 51.375 6011000
4.975 51.375 6011000
4.975 51.383 6011000
4.967 51.383 6011000
4.967 51.425 6011000
4.942 51.425 6011000
4.942 51.442 6011000
4.950 51.442 6011000
4.950 51.492 6011000
4.942 51.492 6011000
4.942 51.483 6011000
4.933 51.483 6011000
4.933 51.492 6011000
4.925 51.492 6011000
4.925 51.500 6011000
4.917 51.500 6011000
4.917 51.508 6011000
4.925 51.508 6011000
4.925 51.533 6011000
4.933 51.533 6011000
4.933 51.550 6011000
4.925 51.550 6011000
4.925 51.567 6011000
4.917 51.567 6011000
4.917 51.575 6011000
4.908 51.575 6011000
4.908 51.583 6011000
4.900 51.583 6011000
4.900 51.592 6011000
4.892 51.592 6011000
4.892 51.600 6011000
4.858 51.600 6011000
4.858 51.608 6011000
4.850 51.608 6011000
4.850 51.617 6011000
4.842 51.617 6011000
4.842 51.633 6011000
4.850 51.633 6011000
4.850 51.658 6011000
4.842 51.658 6011000
4.842 51.667 6011000
4.792 51.667 6011000
4.792 51.675 6011000
4.767 51.675 6011000
4.767 51.667 6011000
4.758 51.667 6011000
4.758 51.675 6011000
4.742 51.675 6011000
4.742 51.667 6011000
4.692 51.667 6011000
4.692 51.675 6011000
4.700 51.675 6011000
4.700 51.700 6011000
4.692 51.700 6011000
4.692 51.708 6011000
4.683 51.708 6011000
4.683 51.717 6011000
4.667 51.717 6011000
4.667 51.725 6011000
4.675 51.725 6011000
4.675 51.733 6011000
4.675 51.742 6011000
4.683 51.742 6011000
4.683 51.750 6011000
4.692 51.750 6011000
4.692 51.758 6011000
4.700 51.758 6011000
4.700 51.767 6011000
4.708 51.767 6011000
4.708 51.775 6011000
4.725 51.775 6011000
4.725 51.792 6011000
4.733 51.792 6011000
4.733 51.808 6011000
4.750 51.808 6011000
4.750 51.800 6011000
4.808 51.800 6011000
4.808 51.783 6011000
4.800 51.783 6011000
4.800 51.775 6011000
4.842 51.775 6011000
4.842 51.783 6011000
4.858 51.783 6011000
4.858 51.792 6011000
4.900 51.792 6011000
4.900 51.800 6011000
4.917 51.800 6011000
4.917 51.792 6011000
4.967 51.792 6011000
4.967 51.800 6011000
5.008 51.800 6011000
5.008 51.792 6011000
5.025 51.792 6011000
5.025 51.783 6011000
5.033 51.783 6011000
5.033 51.775 6011000
5.042 51.775 6011000
5.042 51.758 6011000
5.092 51.758 6011000
5.092 51.767 6011000
5.117 51.767 6011000
5.117 51.758 6011000
5.125 51.758 6011000
5.125 51.767 6011000
5.150 51.767 6011000
5.150 51.775 6011000
5.158 51.775 6011000
5.158 51.783 6011000
5.175 51.783 6011000
5.175 51.775 6011000
5.275 51.775 6011000
5.275 51.783 6011000
5.325 51.783 6011000
5.325 51.792 6011000
5.342 51.792 6011000
5.342 51.783 6011000
5.350 51.783 6011000
5.350 51.792 6011000
5.358 51.792 6011000
5.358 51.808 6011000
5.383 51.808 6011000
5.383 51.817 6011000
5.392 51.817 6011000
5.392 51.825 6011000
5.417 51.825 6011000
5.417 51.833 6011000
5.433 51.833 6011000
5.433 51.842 6011000
5.450 51.842 6011000
5.450 51.850 6011000
5.458 51.850 6011000
5.458 51.858 6011000
5.550 51.858 6011000
5.550 51.867 6011000
5.617 51.867 6011000
5.617 51.858 6011000
5.667 51.858 6011000
5.667 51.850 6011000
5.683 51.850 6011000
5.683 51.842 6011000
5.700 51.842 6011000
5.700 51.833 6011000
5.717 51.833 6011000
5.717 51.825 6011000
5.725 51.825 6011000
5.725 51.817 6011000
5.758 51.817 6011000
5.758 51.808 6011000
5.817 51.808 6011000
5.817 51.817 6011000
5.825 51.817 6011000
5.825 51.825 6011000
5.858 51.825 6011000
5.858 51.833 6011000
5.883 51.833 6011000
5.883 51.825 6011000
5.900 51.825 6011000
5.900 51.817 6011000
5.917 51.817 6011000
5.917 51.800 6011000
5.908 51.800 6011000
5.908 51.767 6011000
5.917 51.767 6011000
5.917 51.758 6011000
5.925 51.758 6011000
5.925 51.750 6011000
6.033 51.750 6011000
6.033 51.742 6011000
6.042 51.742 6011000
6.042 51.750 6011000
6.067 51.750 6011000
6.067 51.758 6011000
6.075 51.758 6011000
6.075 51.767 6011000
6.083 51.767 6011000
6.083 51.750 6011000
6.100 51.750 6011000
6.100 51.742 6011000
6.125 51.742 6011000
6.125 51.733 6011000
6.142 51.733 6011000
6.142 51.725 6011000
6.175 51.725 6011000
6.175 51.733 6011000
6.192 51.733 6011000
6.192 51.742 6011000
6.200 51.742 6011000
6.200 51.733 6011000
6.208 51.733 6011000
6.208 51.717 6011000
6.267 51.717 6011000
6.267 51.708 6011000
6.300 51.708 6011000
6.300 51.683 6011000
6.308 51.683 6011000
6.308 51.667 6011000
6.317 51.667 6011000
6.317 51.658 6011000
6.350 51.658 6011000
6.350 51.642 6011000
6.358 51.642 6011000
6.358 51.633 6011000
6.375 51.633 6011000
6.375 51.625 6011000
6.383 51.625 6011000
6.383 51.592 6011000
6.400 51.592 6011000
6.400 51.583 6011000
6.433 51.583 6011000
6.433 51.575 6011000
6.483 51.575 6011000
6.483 51.567 6011000
6.492 51.567 6011000
6.492 51.550 6011000
6.508 51.550 6011000
6.508 51.542 6011000
6.517 51.542 6011000
6.517 51.533 6011000
6.525 51.533 6011000
6.525 51.525 6011000
6.533 51.525 6011000
6.533 51.517 6011000
6.542 51.517 6011000
6.542 51.500 6011000
6.550 51.500 6011000
6.550 51.492 6011000
6.567 51.492 6011000
6.567 51.467 6011000
6.575 51.467 6011000
6.575 51.458 6011000
6.583 51.458 6011000
6.583 51.425 6011000
6.592 51.425 6011000
6.592 51.408 6011000
6.600 51.408 6011000
6.600 51.400 6011000
6.608 51.400 6011000
6.608 51.383 6011000
6.617 51.383 6011000
6.617 51.367 6011000
6.625 51.367 6011000
6.625 51.342 6011000
6.592 51.342 6011000
6.592 51.333 6011000
6.567 51.333 6011000
6.567 51.325 6011000
6.558 51.325 6011000
6.558 51.317 6011000
6.567 51.317 6011000
6.567 51.267 6011000
6.617 51.267 6011000
6.617 51.208 6011000
6.608 51.208 6011000
6.608 51.158 6011000
6.617 51.158 6011000
6.617 51.150 6011000
6.625 51.150 6011000
6.625 51.142 6011000
6.600 51.142 6011000
6.600 51.133 6011000
6.583 51.133 6011000
6.583 51.117 6011000
6.575 51.117 6011000
6.575 51.108 6011000
6.567 51.108 6011000
6.567 51.100 6011000
6.542 51.100 6011000
6.542 51.092 6011000
6.517 51.092 6011000
6.517 51.100 6011000
6.508 51.100 6011000
6.508 51.108 6011000
6.483 51.108 6011000
6.483 51.100 6011000
6.467 51.100 6011000
6.467 51.092 6011000
6.475 51.092 6011000
6.475 51.067 6011000
6.467 51.067 6011000
6.467 51.050 6011000
6.458 51.050 6011000
6.458 51.042 6011000
6.450 51.042 6011000
6.450 50.992 6011000
6.433 50.992 6011000
6.433 50.983 6011000
6.417 50.983 6011000
6.417 50.975 6011000
6.383 50.975 6011000
6.383 50.958 6011000
6.367 50.958 6011000
6.367 50.950 6011000
6.375 50.950 6011000
6.375 50.942 6011000
6.400 50.942 6011000
6.400 50.933 6011000
6.442 50.933 6011000
6.442 50.925 6011000
6.450 50.925 6011000
6.450 50.917 6011000
6.458 50.917 6011000
6.458 50.900 6011000
6.467 50.900 6011000
6.467 50.892 6011000
6.475 50.892 6011000
6.475 50.875 6011000
6.492 50.875 6011000
6.492 50.867 6011000
6.508 50.867 6011000
6.508 50.858 6011000
6.525 50.858 6011000
6.525 50.850 6011000
6.533 50.850 6011000
6.533 50.833 6011000
6.542 50.833 6011000
6.542 50.825 6011000
6.550 50.825 6011000
6.550 50.817 6011000
6.567 50.817 6011000
6.567 50.808 6011000
6.575 50.808 6011000
6.575 50.800 6011000
6.583 50.800 6011000
6.583 50.775 6011000
6.592 50.775 6011000
6.592 50.742 6011000
6.583 50.742 6011000
6.583 50.708 6011000
6.542 50.708 6011000
6.542 50.700 6011000
6.525 50.700 6011000
6.525 50.692 6011000
6.508 50.692 6011000
6.508 50.675 6011000
6.517 50.675 6011000
6.517 50.650 6011000
6.525 50.650 6011000
6.525 50.617 6011000
6.517 50.617 6011000
6.517 50.592 6011000
6.525 50.592 6011000
6.525 50.583 6011000
6.542 50.583 6011000
6.542 50.575 6011000
6.550 50.575 6011000
6.550 50.567 6011000
6.558 50.567 6011000
6.558 50.558 6011000
6.567 50.558 6011000
6.567 50.550 6011000
6.575 50.550 6011000
6.575 50.533 6011000
6.583 50.533 6011000
6.583 50.525 6011000
6.633 50.525 6011000
6.633 50.517 6011000
6.642 50.517 6011000
6.642 50.508 6011000
6.658 50.508 6011000
6.658 50.500 6011000
6.683 50.500 6011000
6.683 50.492 6011000
6.692 50.492 6011000
6.692 50.467 6011000
6.675 50.467 6011000
6.675 50.458 6011000
6.642 50.458 6011000
6.642 50.450 6011000
6.633 50.450 6011000
6.633 50.433 6011000
6.608 50.433 6011000
6.608 50.425 6011000
6.600 50.425 6011000
6.600 50.417 6011000
6.575 50.417 6011000
6.575 50.408 6011000
6.517 50.408 6011000
6.517 50.417 6011000
6.450 50.417 6011000
6.450 50.408 6011000
6.442 50.408 6011000
6.442 50.417 6011000
6.408 50.417 6011000
6.408 50.408 6011000
6.400 50.408 6011000
6.400 50.417 6011000
6.367 50.417 6011000
6.367 50.408 6011000
6.358 50.408 6011000
6.358 50.400 6011000
6.350 50.400 6011000
6.350 50.392 6011000
6.342 50.392 6011000
6.342 50.383 6011000
6.333 50.383 6011000
6.333 50.392 6011000
6.317 50.392 6011000
6.317 50.383 6011000
6.308 50.383 6011000
6.308 50.375 6011000
6.267 50.375 6011000
6.267 50.358 6011000
6.250 50.358 6011000
6.250 50.333 6011000
6.225 50.333 6011000
6.225 50.325 6011000
6.200 50.325 6011000
6.200 50.317 6011000
6.175 50.317 6011000
6.175 50.308 6011000
6.158 50.308 6011000
6.158 50.300 6011000
6.058 50.300 6011000
6.058 50.292 6011000
6.042 50.292 6011000
6.042 50.283 6011000
6.008 50.283 6011000
6.008 50.258 6011000
6.025 50.258 6011000
6.025 50.225 6011000
6.008 50.225 6011000
6.008 50.208 6011000
6.017 50.208 6011000
6.017 50.175 6011000
5.992 50.175 6011000
5.992 50.167 6011000
5.975 50.167 6011000
5.975 50.158 6011000
5.950 50.158 6011000
5.950 50.150 6011000
5.925 50.150 6011000
5.925 50.142 6011000
5.917 50.142 6011000
5.917 50.133 6011000
5.900 50.133 6011000
5.900 50.100 6011000
5.892 50.100 6011000
5.892 50.092 6011000
5.883 50.092 6011000
5.883 50.083 6011000
5.875 50.083 6011000
5.875 50.075 6011000
5.850 50.075 6011000
5.850 50.067 6011000
5.833 50.067 6011000
5.833 50.058 6011000
5.817 50.058 6011000
5.817 50.050 6011000
5.792 50.050 6011000
5.792 50.042 6011000
5.775 50.042 6011000
5.775 50.033 6011000
5.742 50.033 6011000
5.742 50.025 6011000
5.725 50.025 6011000
5.725 50.017 6011000
5.708 50.017 6011000
5.708 50.008 6011000
5.692 50.008 6011000
5.692 50.000 6011000
5.683 50.000 6011000
5.683 49.992 6011000
5.667 49.992 6011000
5.667 49.983 6011000
5.658 49.983 6011000
5.658 49.975 6011000
5.650 49.975 6011000
5.650 49.967 6011000
5.642 49.967 6011000
5.642 49.958 6011000
5.600 49.958 6011000
5.600 49.950 6011000
5.592 49.950 6011000
5.592 49.942 6011000
5.525 49.942 6011000
5.525 49.933 6011000
5.517 49.933 6011000
5.517 49.925 6011000
5.508 49.925 6011000
5.508 49.908 6011000
5.517 49.908 6011000
5.517 49.875 6011000
5.508 49.875 6011000
5.508 49.867 6011000
5.500 49.867 6011000
5.500 49.858 6011000
5.508 49.858 6011000
5.508 49.850 6011000
5.525 49.850 6011000
5.525 49.842 6011000
5.542 49.842 6011000
5.542 49.850 6011000
5.550 49.850 6011000
5.550 49.842 6011000
5.583 49.842 6011000
5.583 49.833 6011000
5.592 49.833 6011000
5.592 49.817 6011000
5.600 49.817 6011000
5.600 49.825 6011000
5.625 49.825 6011000
5.625 49.817 6011000
5.642 49.817 6011000
5.642 49.808 6011000
5.725 49.808 6011000
5.725 49.783 6011000
5.717 49.783 6011000
5.717 49.775 6011000
5.725 49.775 6011000
5.725 49.742 6011000
5.708 49.742 6011000
5.708 49.733 6011000
5.683 49.733 6011000
5.683 49.725 6011000
5.692 49.725 6011000
5.692 49.717 6011000
5.708 49.717 6011000
5.708 49.708 6011000
5.808 49.708 6011000
5.808 49.700 6011000
5.817 49.700 6011000
5.817 49.658 6011000
5.825 49.658 6011000
5.825 49.650 6011000
5.842 49.650 6011000
5.842 49.633 6011000
5.850 49.633 6011000
5.850 49.608 6011000
5.858 49.608 6011000
5.858 49.600 6011000
5.867 49.600 6011000
5.867 49.592 6011000
5.892 49.592 6011000
5.892 49.600 6011000
5.900 49.600 6011000
5.900 49.608 6011000
5.925 49.608 6011000
5.925 49.600 6011000
5.933 49.600 6011000
5.933 49.592 6011000
5.950 49.592 6011000
5.950 49.583 6011000
5.958 49.583 6011000
5.958 49.550 6011000
5.950 49.550 6011000
5.950 49.533 6011000
5.942 49.533 6011000
5.942 49.525 6011000
5.933 49.525 6011000
5.933 49.517 6011000
5.925 49.517 6011000
5.925 49.508 6011000
5.908 49.508 6011000
5.908 49.500 6011000
5.900 49.500 6011000
5.900 49.483 6011000
5.892 49.483 6011000
5.892 49.458 6011000
5.900 49.458 6011000
5.900 49.450 6011000
5.942 49.450 6011000
5.942 49.417 6011000
5.933 49.417 6011000
5.933 49.408 6011000
5.925 49.408 6011000
5.925 49.400 6011000
5.917 49.400 6011000
5.917 49.392 6011000
5.900 49.392 6011000
5.900 49.383 6011000
5.875 49.383 6011000
5.875 49.358 6011000
5.850 49.358 6011000
5.850 49.350 6011000
5.842 49.350 6011000
5.842 49.342 6011000
5.833 49.342 6011000
5.833 49.333 6011000
5.825 49.333 6011000
5.825 49.325 6011000
5.817 49.325 6011000
5.817 49.317 6011000
5.800 49.317 6011000
5.800 49.300 6011000
5.808 49.300 6011000
5.808 49.267 6011000
5.792 49.267 6011000
5.792 49.258 6011000
5.783 49.258 6011000
5.783 49.233 6011000
5.750 49.233 6011000
5.750 49.242 6011000
5.733 49.242 6011000
5.733 49.250 6011000
5.700 49.250 6011000
5.700 49.258 6011000
5.692 49.258 6011000
5.692 49.275 6011000
5.675 49.275 6011000
5.675 49.283 6011000
5.667 49.283 6011000
5.667 49.292 6011000
5.650 49.292 6011000
5.650 49.300 6011000
5.608 49.300 6011000
5.608 49.292 6011000
5.575 49.292 6011000
5.575 49.300 6011000
5.558 49.300 6011000
5.558 49.292 6011000
5.550 49.292 6011000
5.550 49.283 6011000
5.525 49.283 6011000
5.525 49.275 6011000
5.492 49.275 6011000
5.492 49.267 6011000
5.467 49.267 6011000
5.467 49.258 6011000
5.442 49.258 6011000
5.442 49.267 6011000
5.433 49.267 6011000
5.433 49.233 6011000
5.442 49.233 6011000
5.442 49.217 6011000
5.433 49.217 6011000
5.433 49.192 6011000
5.458 49.192 6011000
5.458 49.183 6011000
5.467 49.183 6011000
5.467 49.167 6011000
5.475 49.167 6011000
5.475 49.150 6011000
5.483 49.150 6011000
5.483 49.142 6011000
5.492 49.142 6011000
5.492 49.125 6011000
5.508 49.125 6011000
5.508 49.117 6011000
5.517 49.117 6011000
5.517 49.108 6011000
5.525 49.108 6011000
5.525 49.100 6011000
5.533 49.100 6011000
5.533 49.092 6011000
5.542 49.092 6011000
5.542 49.083 6011000
5.550 49.083 6011000
5.550 49.075 6011000
5.558 49.075 6011000
5.558 49.050 6011000
5.575 49.050 6011000
5.575 49.033 6011000
5.583 49.033 6011000
5.583 49.025 6011000
5.600 49.025 6011000
5.600 49.017 6011000
5.617 49.017 6011000
5.617 49.008 6011000
5.625 49.008 6011000
5.625 49.000 6011000
5.658 49.000 6011000
5.658 48.992 6011000
5.667 48.992 6011000
5.667 48.983 6011000
5.675 48.983 6011000
5.675 48.933 6011000
5.667 48.933 6011000
5.667 48.925 6011000
5.658 48.925 6011000
5.658 48.917 6011000
5.650 48.917 6011000
5.650 48.900 6011000
5.633 48.900 6011000
5.633 48.883 6011000
5.625 48.883 6011000
5.625 48.867 6011000
5.617 48.867 6011000
5.617 48.800 6011000
5.625 48.800 6011000
5.625 48.792 6011000
5.650 48.792 6011000
5.650 48.783 6011000
5.667 48.783 6011000
5.667 48.775 6011000
5.675 48.775 6011000
5.675 48.767 6011000
5.683 48.767 6011000
5.683 48.758 6011000
5.708 48.758 6011000
5.708 48.750 6011000
5.742 48.750 6011000
5.742 48.742 6011000
5.750 48.742 6011000
5.750 48.733 6011000
5.767 48.733 6011000
5.767 48.725 6011000
5.775 48.725 6011000
5.775 48.717 6011000
5.783 48.717 6011000
5.783 48.692 6011000
5.775 48.692 6011000
5.775 48.683 6011000
5.767 48.683 6011000
5.767 48.650 6011000
5.775 48.650 6011000
5.775 48.642 6011000
5.783 48.642 6011000
5.783 48.633 6011000
5.792 48.633 6011000
5.792 48.625 6011000
5.808 48.625 6011000
5.808 48.592 6011000
5.817 48.592 6011000
5.817 48.583 6011000
5.825 48.583 6011000
5.825 48.575 6011000
5.833 48.575 6011000
5.833 48.542 6011000
5.867 48.542 6011000
5.867 48.533 6011000
5.883 48.533 6011000
5.883 48.525 6011000
5.892 48.525 6011000
5.892 48.517 6011000
5.900 48.517 6011000
5.900 48.508 6011000
5.908 48.508 6011000
5.908 48.500 6011000
5.917 48.500 6011000
5.917 48.508 6011000
5.942 48.508 6011000
5.942 48.500 6011000
5.950 48.500 6011000
5.950 48.483 6011000
5.942 48.483 6011000
5.942 48.458 6011000
5.950 48.458 6011000
5.950 48.442 6011000
5.958 48.442 6011000
5.958 48.433 6011000
5.967 48.433 6011000
5.967 48.408 6011000
5.975 48.408 6011000
5.975 48.383 6011000
5.992 48.383 6011000
5.992 48.375 6011000
6.000 48.375 6011000
6.000 48.367 6011000
6.008 48.367 6011000
6.008 48.350 6011000
5.992 48.350 6011000
5.992 48.333 6011000
6.000 48.333 6011000
6.000 48.317 6011000
5.992 48.317 6011000
5.992 48.292 6011000
6.000 48.292 6011000
6.000 48.233 6011000
5.992 48.233 6011000
5.992 48.217 6011000
6.000 48.217 6011000
6.000 48.208 6011000
6.008 48.208 6011000
6.008 48.192 6011000
6.017 48.192 6011000
6.017 48.175 6011000
6.008 48.175 6011000
5.983 48.175 6011000
5.983 48.167 6011000
5.975 48.167 6011000
5.975 48.158 6011000
5.967 48.158 6011000
5.967 48.150 6011000
5.958 48.150 6011000
5.958 48.142 6011000
5.925 48.142 6011000
5.925 48.133 6011000
5.917 48.133 6011000
5.917 48.125 6011000
5.883 48.125 6011000
5.883 48.092 6011000
5.850 48.092 6011000
5.850 48.083 6011000
5.833 48.083 6011000
5.833 48.075 6011000
5.825 48.075 6011000
5.825 48.067 6011000
5.817 48.067 6011000
5.817 48.050 6011000
5.800 48.050 6011000
5.800 48.042 6011000
5.775 48.042 6011000
5.775 48.033 6011000
5.767 48.033 6011000
5.767 48.042 6011000
5.758 48.042 6011000
5.758 48.050 6011000
5.750 48.050 6011000
5.750 48.058 6011000
5.717 48.058 6011000
5.717 48.050 6011000
5.700 48.050 6011000
5.700 48.042 6011000
5.667 48.042 6011000
5.667 48.033 6011000
5.642 48.033 6011000
5.642 48.025 6011000
5.625 48.025 6011000
5.625 48.000 6011000
5.633 48.000 6011000
5.633 47.992 6011000
5.642 47.992 6011000
5.642 47.967 6011000
5.583 47.967 6011000
5.583 47.958 6011000
5.558 47.958 6011000
5.558 47.950 6011000
5.500 47.950 6011000
5.500 47.942 6011000
