# RBD_F1v3.0 river basin NO no Tornionjoen (Finnish part) (Tornionjoen (Soumen osuus))
# data from <a href="http://www.eea.europa.eu/data-and-maps/data/wise-Basin-basin-districts-rbds">EEA</a>
21.625096731593288 69.277675288506245
21.445023947511899 69.294556009237937
21.375681008138063 69.301946861896653
21.37566189422785 69.301948885851331
21.275100944514868 69.312614012685927
21.146979725252947 69.276059999447398
21.146959766749344 69.276054308344342
21.115404324019021 69.267019060810981
21.115560041156218 69.267429978623085
21.115889967269766 69.268389995443854
21.116249997363273 69.269280012081524
21.114479946630354 69.269359953639409
21.108759922398963 69.269470024485713
21.109750044743173 69.270019977782397
21.110499872473049 69.270430020702008
21.111370047823069 69.270699969226769
21.111879919403336 69.270919997904244
21.109689816419198 69.272139950185178
21.107989943055248 69.273210040490781
21.106940079492073 69.274190048813665
21.102440010107625 69.276110013874742
21.104189968268518 69.27642998140368
21.104819972704128 69.276839973618124
21.104289946460568 69.277200033349985
21.102999935237943 69.277639996258827
21.101330043877173 69.278080031740771
21.101079854146899 69.278530009194242
21.100910069135338 69.279520018451635
21.101289950920979 69.279879986292826
21.103549846503896 69.280709964979522
21.104790058380786 69.281160053305541
21.10577988841645 69.281740000900101
21.107410107636394 69.282790043270239
21.107890110858872 69.283329983641551
21.107640095523159 69.283689967517148
21.107600108342027 69.285000043070852
21.108820066327784 69.28616993866099
21.109809880248299 69.287159974032676
21.110019866351433 69.28796999251368
21.109479993878267 69.289689958315776
21.112470071537143 69.290959996397291
21.112950027142361 69.291529988373895
21.111649973461489 69.292349993391568
21.110120040013218 69.293109971601694
21.108319937057061 69.29364003264908
21.108680058734674 69.294319997230602
21.109399924911507 69.295359978071588
21.110009986141868 69.295949967170102
21.111519846282892 69.297030049797996
21.109190000870289 69.297970011070433
21.108009986466438 69.298810031014796
21.107999974899446 69.299360049839862
21.10923993336927 69.299859994655648
21.110230074054769 69.300489994069395
21.111330045405392 69.301940053624676
21.112199929885112 69.302900023405755
21.112669886762284 69.303289988791192
21.11509979810333 69.304020022043318
21.118370080415996 69.304530010686861
21.122859932334187 69.305259998397631
21.123580149158052 69.305199971984791
21.124839966468748 69.305100005841922
21.126609948525001 69.305200018727973
21.129659998332997 69.305569999147025
21.131319974378528 69.305980009657276
21.132929927304758 69.306490026030033
21.133940027153876 69.307300010878663
21.134420011212399 69.308150031251785
21.134390074764703 69.308880019922498
21.131330007841349 69.309360037043731
21.129890110802322 69.310180006095962
21.125409911541528 69.311230044370149
21.124370026172841 69.311759982349741
21.1238399812271 69.312250015138744
21.125739894369094 69.312479941160362
21.125209981407526 69.313200015889123
21.126290035272959 69.315229977382401
21.125610114502653 69.316360027941315
21.12406983918024 69.316839980137331
21.123149883417696 69.317339936102599
21.122500091211251 69.318279967378103
21.123750010419908 69.318869961032874
21.124889870326982 69.319469979210069
21.127159999965869 69.320090021876553
21.129439879186734 69.320160052755284
21.131730011632104 69.320339969145707
21.132229859372455 69.320569984750236
21.137200027212586 69.320140012877516
21.13833999346576 69.319869953940639
21.139129949914025 69.319519957528115
21.140289889467216 69.318890042886309
21.141100062298481 69.317899975130899
21.143530086105201 69.317589971182755
21.144040002783836 69.31727998210701
21.147359937957532 69.317169996543683
21.149899940403174 69.317460027506002
21.151780036743006 69.317810039932866
21.152029953508968 69.318260036767754
21.152899932678576 69.318769954175053
21.154809966354531 69.319260013397297
21.160499956408724 69.320240048970646
21.161109894957704 69.320730060927701
21.16210001678909 69.321370052150172
21.163610173396403 69.322140000263559
21.169470072489389 69.322300052320514
21.171519997916697 69.322080018677894
21.172920190885694 69.321770025103135
21.173969974215655 69.321060014465203
21.17627992382473 69.320029966671115
21.179389907449643 69.318870029403826
21.183089897128557 69.318169970693717
21.186030046248231 69.317859936304473
21.190260108460453 69.317070028148734
21.195520065839563 69.315409979957522
21.202010074081301 69.31535995711414
21.206220083477849 69.315189975678152
21.210409981419893 69.315620022525266
21.21586993306158 69.316269980270903
21.220289994805601 69.316740026646954
21.225620045207194 69.317169977486103
21.231990072294984 69.317270000084122
21.235270145223186 69.31841001988451
21.239190056457268 69.319099999276403
21.241210145874721 69.320010009802417
21.242999869878375 69.320359986508649
21.24601998737068 69.321329964110774
21.247019921771365 69.322140004835916
21.250659901847904 69.323459973591753
21.252040099327075 69.324410015119426
21.253500083204308 69.325390016552163
21.259659842344941 69.325070000199858
21.263729878357225 69.325300003236023
21.267320087216515 69.324110015734334
21.268730003566024 69.323610030350082
21.27178001903378 69.323889988137182
21.274720034298319 69.323769971335793
21.276369913081062 69.323689980017775
21.27766007739891 69.323190039303142
21.281380021785175 69.322580013454754
21.283029821621177 69.322309991848471
21.285500156254937 69.321140016393258
21.28866987953139 69.320890048307675
21.291590087582421 69.321119959364097
21.295289925938444 69.321139997882113
21.299359988510584 69.321510065010159
21.304040135767252 69.322300012651382
21.306420016815412 69.323790027789173
21.30883994174151 69.324240029466793
21.312380067063156 69.325059992893671
21.313900031075672 69.325339941142374
21.316439981499112 69.325570005401516
21.319359899068772 69.325579976248449
21.321530149221331 69.326050001068808
21.323940004341601 69.325950010714962
21.325220035464437 69.325510011018807
21.327530009096485 69.32520003527101
21.329559918359763 69.325159999155744
21.331339853038426 69.325259956944521
21.333279998360798 69.324550040993429
21.340389856788935 69.324839996108054
21.343839927921476 69.32485001191607
21.346640004824149 69.325120020478948
21.348399907552057 69.325760055590564
21.349529864068643 69.326440030560548
21.355140116545417 69.32645999863567
21.356529972857128 69.326409964322551
21.358430129576849 69.32627999029846
21.360220048780466 69.326700027056248
21.362369959692256 69.327690027621259
21.364629990724772 69.329229990245949
21.3662600904198 69.329550037387321
21.366139998115443 69.330089982028582
21.366119852015881 69.330530013433346
21.365979973441362 69.331130001211363
21.366730014516563 69.331929977632626
21.36835004387321 69.333250010244484
21.368719965602267 69.334099994384871
21.369719996437006 69.334730011182856
21.37162991610224 69.334870008657944
21.377620028144928 69.334939965511339
21.381689852574979 69.335310010375508
21.385499949660705 69.335539997614177
21.387050093512102 69.335229983928215
21.388159991788662 69.335819992809178
21.393919949340241 69.334979946336688
21.398399875100345 69.334090015676523
21.400570015041882 69.333479986395545
21.4017000135972 69.333480004646276
21.4040001090709 69.333750065420588
21.406180159670736 69.333310025819884
21.40863002637645 69.332459952650822
21.41079005043753 69.331650012672526
21.415020089405878 69.330719958709452
21.418730086138268 69.330009990466465
21.424089977350295 69.329879948907518
21.425739970457798 69.329569927845839
21.427150061599566 69.329219991421169
21.429060034205467 69.328549972389169
21.430619876569512 69.32755995922787
21.431020058854422 69.327199972090384
21.432040060051712 69.326490010025068
21.432329972143986 69.32545002893319
21.433349909458208 69.324870029683908
21.435399953264138 69.3244300190959
21.440010046521802 69.323310019632629
21.444209915751944 69.322010043203861
21.446419918313001 69.320809968313426
21.450759937547158 69.319870044471472
21.453800062667653 69.319559988021169
21.456360131280476 69.31957000068698
21.457880037765833 69.319260041261899
21.45890991202873 69.318939960582256
21.459429984747441 69.318399988960721
21.460469956316771 69.318140051559865
21.461359918902843 69.318139953652576
21.466560055000905 69.318150047266116
21.468480000651063 69.317969989036541
21.468220110763642 69.318650024125589
21.468839964355755 69.318919962519487
21.469980144860799 69.319049992791818
21.471359911133295 69.319830012609131
21.473400175800595 69.320280003518221
21.473769987774627 69.320869961789981
21.477449804634151 69.321779939574583
21.476809861220378 69.322769987489139
21.477810056052046 69.323220016318871
21.479470050889031 69.323320032279867
21.480349989090023 69.323220029322229
21.48199990370977 69.323590039294515
21.482379857776063 69.324130056769462
21.480960063617204 69.324760000274964
21.482340056347365 69.326109944100253
21.482449966696279 69.326700038902587
21.484220076317666 69.327419951788883
21.486519821701105 69.327920004566707
21.489919967848991 69.330350026899879
21.489910000774358 69.330900034130735
21.487849931004863 69.331929937324219
21.498240042350194 69.334609958502568
21.503530078025729 69.336050036002149
21.508830049405447 69.334399963391974
21.511270014666056 69.33340999233107
21.513179978962604 69.332639997607046
21.512430027904152 69.331929988250337
21.511679902561614 69.331619991084949
21.510020104848106 69.331079952697223
21.509399938573541 69.33049003656437
21.509549976687211 69.329359976446995
21.511219861424436 69.328329987261625
21.517259968389432 69.324830017960025
21.519550091512446 69.325069995562757
21.521590063435198 69.324710015449099
21.522750057262574 69.324210000783566
21.52327005584792 69.322729983549081
21.522770022258104 69.321779992887869
21.521259858379899 69.321199984209528
21.51948981884858 69.320649990390365
21.518479882912686 69.319259981102746
21.519889913433559 69.318219984398638
21.52068985923594 69.316519981658288
21.521090003581524 69.315210055717344
21.5219900133071 69.314629953922662
21.524029957262083 69.313999953626691
21.525080097550163 69.31239000704106
21.525969906863565 69.311709994314768
21.529719968371918 69.308199969893508
21.532410052012647 69.307130021785923
21.536369928338804 69.305560009518373
21.53929997291003 69.305349950781618
21.541179946597598 69.304959972287037
21.540729825642504 69.303460007900938
21.54138006031101 69.301829978854627
21.54307011295878 69.298690039381881
21.545669943258648 69.295989963782731
21.547580019397252 69.295330038248395
21.552290068724197 69.293529999866479
21.557410024986936 69.292459995360858
21.558810142244859 69.291739972356808
21.561099799602918 69.29111996237117
21.563150045003891 69.290759980139086
21.56506008432714 69.290450010050748
21.566469951960659 69.290049996525497
21.570139854093291 69.289970002879357
21.572319907671432 69.289880036483638
21.574359837506648 69.289520031233792
21.580850008965854 69.288759992522372
21.58530987856383 69.287740029810593
21.586839937363759 69.286340015963546
21.587350054875998 69.285530020317282
21.58674000702695 69.284279995106047
21.586470145849429 69.282760006783676
21.590580119369008 69.283059967983618
21.592970055374369 69.283520040877264
21.598060048220511 69.284200024045035
21.601990000853153 69.284340025411737
21.605689920601687 69.284249967774699
21.608739911612982 69.283809998717189
21.612059901255147 69.28295997385797
21.61433005582716 69.281919962083222
21.616519883198116 69.281310062503579
21.618019964288369 69.280479979406152
21.621009997142618 69.27983994089378
21.623269953546636 69.278929979773793
21.625096731593288 69.277675288506245
21.100320478441649 69.262712979451862
21.100320088086058 69.262712864616034
21.098658054824721 69.262238011324996
21.029860961120864 69.234817991668507
21.025414671819807 69.233046249128591
21.025414601168663 69.233046219271259
21.025509928944693 69.233379992623256
21.023870046783568 69.234450015346084
21.02232986303602 69.23546998251814
21.021269955855345 69.237029984868599
21.017800146203005 69.238510000447477
21.015919974063777 69.239560012764542
21.013649896646513 69.2404000336889
21.012070087422753 69.242520016152454
21.011509845995445 69.2427500386258
21.01082993463276 69.243710040624336
21.008620057350967 69.244910028812583
21.007630071059204 69.245879937043284
21.007830063944937 69.24664002598945
21.007790069057609 69.247689996360364
21.005599994619061 69.248860007025428
21.002340098722531 69.249870050900199
21.000239878443899 69.250080016341855
20.995639977547306 69.250429999840733
20.992099859221248 69.251390005740603
20.990500161863743 69.252970050443238
20.989520093778737 69.253599968378182
20.985470074068015 69.25388999244926
20.980199873803219 69.256470038948791
20.978939898006132 69.256870016160718
20.97556985610019 69.257930037925362
20.980650000198917 69.258560003797186
20.984810053141604 69.258739990768461
20.990179994694682 69.25874995059084
20.990929895406115 69.258160010665591
20.993590004572876 69.258789995479447
20.995180053929367 69.259470001901406
20.996170027762538 69.260399954461789
20.99433999473364 69.263239958745672
20.994949937539904 69.265089987749477
20.999709970050379 69.265609980328065
21.002870104363151 69.265839989474983
21.008900138062927 69.268070010583045
21.011469930057466 69.26683000922803
21.014530013607423 69.266069949853645
21.017929979633383 69.266500035070564
21.019810060787293 69.26626000339364
21.021729918579684 69.266320009793333
21.022869931609133 69.266559970485403
21.023369938647924 69.266789944828446
21.024129957104464 69.267149970027546
21.025119898002227 69.267460002460453
21.027149879586961 69.267569981068576
21.030340110346412 69.267489968449311
21.032869893970592 69.267769970800657
21.03489003769236 69.26782997120327
21.037320152110553 69.267610013170213
21.039999970358615 69.267229978919715
21.041930056584761 69.266740047721029
21.042940129354928 69.26628996400963
21.043720001348557 69.265710055491269
21.045139896895936 69.265190006707911
21.045919973894208 69.26455000641414
21.046480114307766 69.263520029798443
21.046250100955412 69.263059957755601
21.047160120909805 69.262579972351432
21.049329821617668 69.261819987399804
21.051380031936318 69.261699952305861
21.05265000500976 69.261379936819438
21.053429912625557 69.260940027468578
21.053960105546416 69.260269978749093
21.054609978969321 69.259639955975899
21.055650050258361 69.259070014631774
21.056810098255152 69.258840006616907
21.058710132405341 69.258899967166599
21.059599954728643 69.258959966574906
21.06178982080554 69.258639996481605
21.063680041273066 69.258040023429416
21.06450003518146 69.257289956489259
21.065369938716337 69.256729969832264
21.066459978126421 69.256530007391873
21.067559804932912 69.256640026648341
21.071739997978128 69.256969995548729
21.075789925770774 69.257300052981691
21.078440147184491 69.257629951903539
21.08236991474325 69.257959980540093
21.083819954010647 69.258140046477763
21.085960012428046 69.258429954122533
21.087769904287814 69.259220024203671
21.088699917459319 69.260040029119835
21.090629825575729 69.261149991431765
21.092150034052377 69.261399974519293
21.093410004746108 69.261439987099038
21.095280065473087 69.261649992475327
21.097060061738578 69.262129971357041
21.100320478441649 69.262712979451862
21.846323836997353 69.144398049626631
21.840427064044277 69.147617993015899
21.840131290783294 69.147779089046537
21.840018731930424 69.147840427092035
21.80730006016541 69.166560065627877
21.789549855769515 69.176710053803959
21.769289904668103 69.188290008318049
21.734409988781866 69.208190038544558
21.736429971591811 69.209180008079571
21.752020011828911 69.208019941081105
21.756609877169112 69.207739961139509
21.758889991760217 69.207139985001177
21.761009996276321 69.206599964443782
21.764579956316755 69.206360009707311
21.767099975742532 69.205279965368476
21.768979819381329 69.205000069139672
21.771279931639882 69.205179948087462
21.776230057448206 69.206029999107102
21.778139922694795 69.206470010387207
21.788099795737921 69.208120017907092
21.792510084283684 69.206570009183352
21.792990039353139 69.205849965746125
21.794259959238502 69.20531001967565
21.795410114658047 69.205080044752293
21.800730044051644 69.204929969768614
21.802509870250343 69.204599952324344
21.80386999485642 69.204160007698903
21.80579996165687 69.204199998458421
21.807449899194395 69.204379958121436
21.810619869234525 69.204770022343908
21.816199872317224 69.203580009570089
21.825380015763997 69.199960019735101
21.831189815050873 69.198090006507528
21.832719961850287 69.198000013274296
21.835000037667243 69.198130026136909
21.836890039254023 69.198170059299244
21.839299891868031 69.1972600590627
21.841989948603906 69.195590028785219
21.843319866801671 69.19481005324441
21.844439910312829 69.193779944512471
21.844660058825617 69.192919995290325
21.842929882765162 69.188560019954551
21.843159911876747 69.187250010498218
21.843779928217803 69.186430018260552
21.845049905922007 69.185940008198543
21.846299905358642 69.185709971225776
21.847479827935683 69.185649978588359
21.849659834835851 69.182759949574191
21.850159964291468 69.181279972642201
21.850129915942961 69.18043002595536
21.848590067610012 69.179800009101598
21.845779903304155 69.178819959245757
21.844259864110121 69.177880014571613
21.843600003179738 69.176659955631195
21.843689886731937 69.174230009328539
21.844149877836081 69.173230006232771
21.845539934956705 69.172690049856115
21.84819989858628 69.17164999977885
21.851209912081195 69.17074000424148
21.852359872087032 69.170369995925512
21.854610062982353 69.169869953259479
21.85890984748843 69.16985998465907
21.863369838420617 69.169709950915376
21.866789865205384 69.169389979605739
21.868919879290335 69.168609999897242
21.873300003396874 69.166080016231646
21.874920003557044 69.164949952589041
21.875920121731006 69.163569985526465
21.8785299420157 69.162010062888143
21.882189784871414 69.161000015892355
21.884079915954981 69.160409937225765
21.885199880690209 69.159870052969694
21.885950019794041 69.159280024475194
21.886830011373871 69.158470038701822
21.883159922983374 69.158700026947571
21.878590005580154 69.158399968866604
21.874389910934436 69.157919938616615
21.871850000573456 69.157389981926556
21.867659880202346 69.157310032601103
21.858500012755925 69.155400028741155
21.853909989261997 69.154019969976218
21.850359892265796 69.153310056342335
21.849460013714971 69.152359974016363
21.849829930243786 69.151319951222916
21.850319848423077 69.151090043565745
21.851310006563899 69.150680024889112
21.851190081797107 69.150139953233875
21.849370038015778 69.147940041640112
21.848830013573963 69.145870054892285
21.84739996531243 69.145250014267504
21.846323836997353 69.144398049626631
20.997754857835886 69.212324640257904
20.996399960778231 69.213849982930029
20.997229850124555 69.215969975930761
20.999859932595413 69.217230064549184
20.999769937874444 69.218739961019423
21.001150007427203 69.219609964618499
21.001719997152868 69.220033990146462
21.00171997168508 69.220033933737867
20.997755026173817 69.212324979629912
20.997754886630531 69.212324698308407
20.997754857835886 69.212324640257904
20.995454381044333 69.183086531024358
20.993000006508055 69.183510030084534
20.990400058927985 69.185429980262938
20.988790048258007 69.188939972492037
20.988850014793211 69.190800008302389
20.993809600942445 69.186420235914042
20.993682951525027 69.184517029181151
20.994111636372608 69.184170875878394
20.995450060487229 69.183090011409945
20.995454381044333 69.183086531024358
21.956570014693572 69.086990019519675
21.93801998615691 69.096640025666844
21.902659822673908 69.115020004486539
21.904840019276818 69.11491999690719
21.908510018697346 69.114790037624672
21.913189960098233 69.114960004254741
21.91521998157226 69.114759976776298
21.916470087082789 69.114499992203889
21.915089991579354 69.113960005882006
21.914429967328815 69.113429961785016
21.915029919281327 69.112110024144329
21.916279940414718 69.111340024873726
21.916529909579818 69.110580006734182
21.917239921544713 69.109679988977135
21.918749952164827 69.108990042648514
21.92152003186067 69.108669966055075
21.923029938199953 69.108120032312144
21.923639935378375 69.10757996411796
21.923629781275455 69.10686000052219
21.923849823962946 69.106360038243409
21.925240060552621 69.104920030816899
21.925979866883623 69.104110007375894
21.928359957956236 69.103380013935492
21.929479923047321 69.103149990457169
21.930359850979247 69.103140017586824
21.931619970837588 69.102060010448383
21.93527994688257 69.101909958083851
21.937530007154777 69.100960013901201
21.940290003611015 69.100949973189216
21.942050062919055 69.100320029272325
21.942039975749584 69.099629956048332
21.940889967669293 69.099059932173418
21.939859878373166 69.098560002148474
21.940099938416395 69.097710032626154
21.938550017892574 69.09659003215944
21.941580011324124 69.095849991956811
21.943580025547742 69.09503002702192
21.945809810749108 69.09389997212233
21.946579954617256 69.093370002594867
21.947309830994108 69.092999969584582
21.948949941121686 69.092720052277258
21.950059935020168 69.091900016237091
21.953069832333231 69.090950016026838
21.955660022229086 69.088059968697209
21.956570014693572 69.086990019519675
22.140279861038071 69.01692996857409
22.136389802975636 69.015719990188927
22.135469947360054 69.014819975409935
22.136439929675426 69.01382004047818
22.137689930898738 69.013230043499206
22.140049879897497 69.012500055859306
22.142759817676708 69.010239968352963
22.147729976080935 69.008679966420985
22.152129902720009 69.007989994703507
22.157129924565712 69.007470013421951
22.160149917807011 69.007399994854438
22.162620104379346 69.006349999231858
22.166249869520922 69.005939984217179
22.167909997203481 69.006020004805336
22.16901980667312 69.005789972455617
22.169639848288895 69.005160000377174
22.171439846847168 69.002889952687667
22.171869857385861 69.000549954997311
22.174489893165628 69.000530031844661
22.176150095433751 69.00110998457059
22.177300015643166 69.00023999265099
22.178619969735784 68.999990009091974
22.177529956441372 68.99933999687795
22.176919949840986 68.998609954940562
22.177449982463131 68.997799984580581
22.176139839397408 68.996630003122064
22.178250119589382 68.995029993128256
22.17664989712987 68.99451997388978
22.17532996440988 68.993559958705404
22.176129869694527 68.992739978402668
22.17391999130998 68.991659999348926
22.173299957449743 68.989450022440323
22.171499983328751 68.988399995080044
22.171019810769231 68.987859989674703
22.170950044837493 68.987049987120571
22.172499926930541 68.986069977968796
22.1706300136401 68.985789980256953
22.169299890184838 68.985190025823883
22.162649983478644 68.980820001353464
22.15688008003735 68.978570025826542
22.155180029025619 68.977520003394815
22.15390991058543 68.975669984077769
22.154139922869586 68.974269986145899
22.156319923766834 68.973479972691749
22.15509000481704 68.972789938430253
22.154529944636536 68.971799956671362
22.155319986769907 68.971220018948856
22.15697003902439 68.970829945580633
22.159509919501883 68.968239965373471
22.160219970312436 68.966890021959927
22.1618560346317 68.965817147192837
22.14483160100939 68.975994497863596
22.098365054305756 69.003720991856042
22.073168548960258 69.018787525484257
22.059633052780679 69.026872081208495
22.053029969890972 69.030880035948073
22.024550027673257 69.048139987486024
22.007399948301909 69.058520028983551
21.984120045019292 69.07259002008702
21.985799920208027 69.072320019465351
21.987330029368607 69.072129970503326
21.989830021911875 69.071950007219584
21.994889961139844 69.071790016429503
21.996640026791916 69.07173995721223
21.998399975902799 69.071369978991029
21.999889893780399 69.07045995307908
22.000759982660856 69.069739965458695
22.004270006517896 69.069100021735636
22.006410050415802 69.068639967054963
22.007489954526019 69.066519979739809
22.009349844527787 69.065470032843379
22.011309920399611 69.063349970586259
22.01259997558002 69.064200009779398
22.014509805771066 69.064870011016097
22.017940041168238 69.065759975857929
22.023630020585905 69.066769970089581
22.027319831301345 69.067399978658457
22.035779931857345 69.068079962532096
22.03703987210007 69.06824997137339
22.042959776470571 69.068399980921598
22.04751985922697 69.067989989454432
22.051799999244114 69.067790023012805
22.058340011982853 69.06721999986469
22.061379941558677 69.067349968126521
22.063779969218071 69.068200018573293
22.066070080489485 69.068820003455173
22.071120006839418 69.068530019762136
22.070830014086283 69.067169999454293
22.071529914427934 69.065599987067088
22.076709927611979 69.061700026213998
22.078819996722888 69.060390026999343
22.080650106065974 69.058299974100535
22.081750035286404 69.057219999630234
22.081569919266137 69.055059975318102
22.081899941570441 69.053570013339723
22.082890059811429 69.05279998590926
22.085140036191966 69.052200009976985
22.087490094472777 69.051160002409731
22.091419824977013 69.048070026052343
22.098280117869713 69.044760020056103
22.104249984380598 69.042990014103239
22.106619912959161 69.042240043860602
22.115819968724342 69.037970026081155
22.121529925089217 69.035510035229237
22.125010051681716 69.033379977502662
22.126469849940669 69.032160010451264
22.132899951289211 69.028619991655262
22.134639950611902 69.027800041696509
22.135240094706962 69.026799975272922
22.133789922884159 69.025050019626406
22.137519899378706 69.023549978597913
22.138249965294335 69.022750063385033
22.138229948444664 69.022239968282506
22.136330019968341 69.021300008926133
22.136169883213231 69.020579994236741
22.139489922236621 69.018489947351114
22.140279861038071 69.01692996857409
20.716800022507567 69.119599953216849
20.70618995884379 69.115779976917864
20.699249981445295 69.113279956885151
20.673220133780017 69.103899984640904
20.667490015159949 69.101830019213466
20.653560040871241 69.096789979870607
20.641540049763446 69.092449979593198
20.631930059162663 69.088960020634843
20.618979951370044 69.084270000723336
20.612210085930482 69.081819947219358
20.600189797360397 69.077459969661888
20.600019919941715 69.07752995120596
20.599129981826071 69.078049950676828
20.590240103650135 69.080409987796386
20.587660097354998 69.082140026305382
20.588479956862837 69.08408005848402
20.594329955493176 69.089150032896754
20.594409981452245 69.090639960762843
20.590550009756381 69.092550039215766
20.584690116955091 69.094020016654454
20.581800097359118 69.094580001312551
20.571280016683918 69.09336998440132
20.571060074228331 69.099350007885946
20.571079953372351 69.102179958972599
20.572360073821258 69.104670001903401
20.581459850433824 69.113939985321963
20.582400031546953 69.116010053034771
20.580919860162773 69.122490034517057
20.575389852325241 69.128959959761346
20.581779855843521 69.129559939727031
20.590579911559654 69.130139993008711
20.593330006242141 69.130920002023672
20.599350128664661 69.131650051515876
20.603639905070366 69.135160014163191
20.619700061431907 69.137749991426972
20.622220087125129 69.137260024924117
20.624279894602196 69.136309975167435
20.630980099285136 69.135740032694599
20.644969945809397 69.135599977200954
20.648430028129827 69.137910051614057
20.655070023857345 69.139480024133604
20.659730036655979 69.13927000732869
20.66823996714054 69.137779978130411
20.67721991435079 69.132809970558725
20.681070130155181 69.126980009335298
20.687659955341186 69.122059982951782
20.699749963985067 69.122290003606878
20.709759864331222 69.120119971769327
20.716800022507567 69.119599953216849
22.188623614108128 68.930682410435196
22.188623578185773 68.930682441368006
22.186267536924117 68.93561939487924
22.188259903111899 68.934969996853354
22.190049916776882 68.934390004944504
22.191229973652245 68.933610019705284
22.188623614108128 68.930682410435196
22.236245138418333 68.892401920535136
22.236245023744281 68.892401986189668
22.19429406933553 68.918793005768876
22.189598148028011 68.928640065228606
22.192689989015765 68.927840030606276
22.199009930760855 68.924960033078719
22.199949769704659 68.923889981062501
22.199809972964612 68.9221199960147
22.199739827111014 68.920880050309037
22.203030036913081 68.920409957708046
22.207259815198512 68.918589992864469
22.209790072547229 68.918430004549805
22.214809989871828 68.918509965789525
22.218160062680383 68.917870019012142
22.220989965053899 68.917150027529004
22.2276099055332 68.914350028781612
22.22911998188102 68.913369982998418
22.231229964860919 68.912870014074826
22.23398995122643 68.912730060057982
22.234349825976754 68.911070036904718
22.235739931674427 68.910120028579342
22.238599905797724 68.90916000265743
22.240349837692168 68.908010035644594
22.243459965368483 68.906789975000777
22.245729857902987 68.906560029602446
22.24860009048065 68.906780021532157
22.252739934072125 68.907230055317115
22.254979866374285 68.906740017084786
22.259099944180846 68.905750009653062
22.259609885809486 68.905070011543913
22.258989907785779 68.904169998287301
22.260839815543633 68.902950010185577
22.257959959648471 68.901780006297173
22.259220010190749 68.900839990022803
22.257829783590346 68.899930001666547
22.255309922165313 68.899040051641521
22.248929919208187 68.898049993258596
22.246420097782831 68.897689976191572
22.238419784351716 68.894309995643766
22.236780037426854 68.893099977969541
22.236245138418333 68.892401920535136
22.430169046991434 68.726589026312809
22.430167126320448 68.726588979457631
22.430166039702193 68.72658899592804
22.4046510352273 68.722304651323824
22.376382945099913 68.717552028660378
22.376382885558638 68.717552206873904
22.375544025834071 68.719073941829294
22.372778968336078 68.724088029135586
22.371799975329463 68.725863211734605
22.369559866411411 68.733449994263125
22.364310059150711 68.751189978758788
22.364189944184616 68.751600012452641
22.353719895650897 68.787030037533668
22.352349943293408 68.791249966755387
22.356789946060076 68.798500018278773
22.357340092208034 68.801489966698369
22.369489998379791 68.798270044019546
22.371979950766114 68.798130025306236
22.380190011948187 68.79780004781847
22.384569988828101 68.797480017000794
22.387639973358443 68.796929948836208
22.390509910416302 68.796790026339607
22.392389847012893 68.797190047476221
22.398229885461458 68.796619980224349
22.401079976560052 68.795840008107461
22.402809937985097 68.794530020813838
22.404559923020518 68.794080029682192
22.407049932107423 68.793809987360973
22.412010017645351 68.793479998818938
22.422729942314042 68.793740004564697
22.425590010918313 68.794000007171604
22.429089978346276 68.794450047264831
22.428189969199519 68.792819975906298
22.427909960358939 68.790260066444048
22.428399907601786 68.788680022833759
22.430110001351583 68.786429996803292
22.430959914660633 68.785430027522381
22.43339997408297 68.782510013193715
22.43275000043106 68.780979980286077
22.431259913736717 68.780029975640957
22.427999867820063 68.778690040020166
22.425609870535908 68.776489986559909
22.424589851363365 68.774509990224672
22.42238996379 68.767989949652929
22.4238498932224 68.766050035588862
22.426219875521479 68.764779965448739
22.429300102050952 68.763740052173929
22.431030071364969 68.762119968247603
22.431130045526757 68.760669997560441
22.429739993173705 68.758330021579553
22.428729878343486 68.75717000775208
22.428959870352326 68.75536003361033
22.430060052837995 68.754380002578557
22.43265984347736 68.753289990284344
22.436369911742066 68.752469947936532
22.436859817320716 68.751750006270456
22.435149927020237 68.750050057999303
22.43432989507706 68.748039989780438
22.435279880197861 68.746340050720974
22.434599826271445 68.745079962153042
22.434449896502265 68.743499992749804
22.434870060873184 68.742250010010039
22.436829961933256 68.740510022299787
22.437610013591186 68.739930041268636
22.437639934064052 68.738899997047582
22.435999774398855 68.737539982134933
22.435190064055359 68.736050027763326
22.434779941393618 68.734340018074889
22.432239949974534 68.733610030147091
22.430529925968511 68.73314999254508
22.429069939978774 68.73232996099901
22.428619812699054 68.731599991433569
22.429169917277637 68.73043999714001
22.429000015781405 68.729000035938384
22.430169046991434 68.726589026312809
23.496247490050461 68.695545149222966
23.486550744315601 68.694943330328215
23.461780027444238 68.693404004726119
23.461779720515096 68.693403954289067
23.461779791635639 68.693549989468536
23.460359880662526 68.694389929991459
23.460829766363791 68.69552998708447
23.462439726405201 68.696249985137825
23.45994987624011 68.697819981754236
23.459679826493254 68.699220011832097
23.460909750810295 68.701380061460924
23.462999719993007 68.702460035478978
23.46470989400671 68.702730008672802
23.470769755360081 68.703510037682435
23.474519798638568 68.702119993494549
23.476619835504806 68.701719965906008
23.480089694974879 68.701410007616246
23.484949865164069 68.699120026167037
23.49449969045666 68.696519969138578
23.496247490050461 68.695545149222966
23.440639694187357 68.69216000930696
23.389739736450952 68.680970016610672
23.363749749712792 68.67523002909661
23.339889775951445 68.669539977065014
23.334689672838515 68.668300040235849
23.334549623719518 68.668399965180257
23.333499693276828 68.669419953879938
23.335579715507063 68.671129951186586
23.335689716702884 68.671929962694946
23.334559797446012 68.672689988715092
23.330809868477537 68.674130062453372
23.331169878899001 68.675570011399955
23.335279835293054 68.679590035586514
23.337199774719608 68.682690016867639
23.338899882445922 68.685439978899666
23.342779692020574 68.68954999637451
23.346689586464493 68.692979946439905
23.34825975766385 68.694280056543192
23.351099785073213 68.695730020183916
23.350799753906546 68.697799968773708
23.352269666506924 68.699160018079198
23.35559987117831 68.699790006216844
23.360029872120585 68.701959962529912
23.362739662144374 68.703539940311146
23.365519682146189 68.706379992318674
23.366509856008484 68.70746005354782
23.367959715654603 68.708209973694849
23.375209762793126 68.706589950065151
23.377599673341109 68.705420004724189
23.378109844333324 68.704659945648785
23.379369781794871 68.703899931631057
23.387069666570824 68.703200079181286
23.391909722498784 68.702810007155065
23.397129804818043 68.701919996850464
23.400009801003371 68.700979983247962
23.399389751090315 68.700039991714206
23.402149765062848 68.698149954503648
23.404159848093624 68.697069967326399
23.407889905234569 68.695869957279143
23.411529879741828 68.693629978531561
23.414879783409809 68.693139993963513
23.418129776833588 68.692969958386229
23.421259662318814 68.69298000830203
23.424949705810665 68.694020020933721
23.424669792022868 68.696189998841064
23.426399915713905 68.697079951487225
23.426379867623762 68.697849983025719
23.426619641279199 68.698660008791535
23.434549841727339 68.698540046101655
23.436679747441811 68.697869970697056
23.437919909457143 68.697059984021777
23.439069657671478 68.694899970447423
23.4404497563355 68.692220029469254
23.440639694187357 68.69216000930696
22.534959872574888 68.744390043989085
22.498129920257067 68.738070033096847
22.499660064304148 68.739370028268738
22.502209927193515 68.740719957737667
22.505729831132033 68.742030026113369
22.509129781282645 68.743399962506231
22.511839871406266 68.743990026859578
22.515929793629819 68.744930035199033
22.520669760714032 68.745730048042788
22.524810021641585 68.746400032918672
22.528110050036791 68.746259945614767
22.531429798452344 68.745749984227956
22.533619859384579 68.745199949614047
22.534959872574888 68.744390043989085
23.056729207520569 68.685416931879345
23.056729027911462 68.685417022262072
23.054858270444697 68.686365528495216
23.054834752992676 68.686377417336729
23.04611799236713 68.690795990363227
23.038864916857566 68.690852564495643
23.007614074215851 68.69109300370404
23.006565288495278 68.691062089981628
23.005444058573229 68.691029009572404
23.005443725465163 68.69102897600402
23.005443597922007 68.691028949061391
23.005129830526545 68.691489993211562
23.00581000462055 68.693020044170822
23.005799950535131 68.693730019709207
23.006899952702938 68.694189987074481
23.008239950671747 68.694509975167961
23.009209955756599 68.695680033262846
23.01092979244283 68.69591999292409
23.01401984058139 68.695929968025254
23.016509912527141 68.696619972277901
23.018189965851477 68.697010049280706
23.021559845455496 68.69718001273705
23.031229761398727 68.697140041946838
23.03703980687369 68.697570040559441
23.040509926185969 68.698029971214922
23.043749951196279 68.697770040535858
23.043399724426397 68.697189967215394
23.048399825743722 68.696220001443805
23.052239807562337 68.695920025191185
23.051509786227879 68.695470019524521
23.052529903425661 68.694839970135405
23.054899901615091 68.694219964348321
23.058519909194587 68.693389994031406
23.058659777561832 68.692979988917656
23.057549964689237 68.692530015866538
23.056439759894015 68.692479972080747
23.055859908977602 68.69180003041599
23.058219866918765 68.691499996569078
23.058349867767525 68.691000016770431
23.061099760395322 68.690620011503754
23.062609824141283 68.689799999881089
23.06250990427899 68.688910019175978
23.062179896497707 68.687820007062172
23.057039841250177 68.685589945652282
23.056729207520569 68.685416931879345
22.678742037520941 68.711982415911095
22.678741888363717 68.711982425307568
22.656359857110179 68.716273511955819
22.654943033159153 68.71654501399739
22.654157989040961 68.716726008390026
22.654157053604759 68.716726014855041
22.654154831780623 68.716726527956453
22.656929874998578 68.716590041617181
22.658529909701798 68.716810004075185
22.660519974389448 68.716300043765258
22.663699932002395 68.717209958350352
22.669049847410985 68.71683002755212
22.673729809511471 68.716989975803912
22.675599790313626 68.716810021600224
22.677799831515053 68.716510025557923
22.680079978452252 68.712799991522104
22.678742037520941 68.711982415911095
23.073548033528866 68.676890998766865
23.063311559004291 68.682080503446372
23.063310345361224 68.682081111837832
23.061744705391266 68.682874665298172
23.06174458551591 68.682874720950835
23.06371983600452 68.682390045049416
23.067199642515732 68.681809978868458
23.072309845740435 68.681379968410454
23.078249709877575 68.681409982465254
23.074939903589623 68.679729981458749
23.075479763078913 68.678609987064803
23.073539785749119 68.677060011484571
23.073548033528866 68.676890998766865
22.801307863113674 68.688464976733755
22.801307709865693 68.68846498745053
22.80130692694431 68.688464984992578
22.767087022178519 68.695029979805028
22.767086611298687 68.69503005919708
22.768920039433745 68.695359949956369
22.772989901078489 68.695650007682445
22.777470013576298 68.694960003744981
22.779819900760831 68.694700013276375
22.783279894849038 68.694759944192839
22.785779913793267 68.694509970719452
22.787889892273274 68.693880007013419
22.792609917468848 68.693280021525212
22.797309747777977 68.693159999103869
22.799439918430902 68.692310019807096
22.800689750715271 68.691649973361947
22.800629831176266 68.690260008105952
22.801530056470813 68.690020007216944
22.801307863113674 68.688464976733755
23.230712730932847 68.644148155345675
23.230712083070685 68.644148008296312
23.230711449025762 68.644147996042349
23.230710967749168 68.644147972718415
23.225534004144262 68.642974983902789
23.203245729906374 68.638341183259627
23.165216020002049 68.630423975590205
23.163395571222946 68.631348937654607
23.10303854764247 68.661966587817176
23.103038474401405 68.661966629083594
23.105209883232472 68.663069968142764
23.108389744133863 68.66411998344951
23.112449753057223 68.664859996357066
23.116909835903176 68.665370000259159
23.119499743828143 68.665379950669532
23.120989754541217 68.665560040941415
23.125049782862398 68.6662999946805
23.131109751451884 68.667259981111116
23.134569829204914 68.66742000551109
23.13767989764769 68.667150015101569
23.141280023332676 68.666629974098626
23.149099845438503 68.665939964271104
23.1533298234196 68.665150000015544
23.154889867496674 68.665210009489471
23.158789790211966 68.665260032777923
23.165209816650602 68.665870045622682
23.169009796199155 68.666959984865741
23.171029956018156 68.665970036739068
23.1747998406146 68.664419951660889
23.177639848778888 68.663980032795436
23.18294996619727 68.66441005269742
23.192759738923012 68.664350037552595
23.197709811206291 68.65937001189576
23.199839682794224 68.658749994278196
23.202489771510947 68.656550005088391
23.203279799474636 68.654390036901191
23.203709769642884 68.652500021779858
23.204699749341838 68.652280054135559
23.20754993744124 68.65234002492052
23.208659755160362 68.652210032160554
23.210359730612932 68.651720053527228
23.211929775730678 68.650920010252818
23.212689871372714 68.649430020065552
23.212989861800672 68.647719976920385
23.214119919932699 68.646879994189746
23.216119830250673 68.64670003545605
23.219569673721089 68.646480039902499
23.223419819582805 68.646269990304404
23.226659681615381 68.645480010587178
23.230712730932847 68.644148155345675

