# RBD_F1v3.0 river basin NO no Kemijoki (Kemijoki)
# data from <a href="http://www.eea.europa.eu/data-and-maps/data/wise-Basin-basin-districts-rbds">EEA</a>
23.95652377945396 68.830972011686271
23.873195936530177 68.837891023623612
23.87130891652016 68.837525981395672
23.871308765167587 68.83752599282343
23.871308545212475 68.837525950178005
23.86937984926918 68.84017998983758
23.867519458755027 68.841909993667059
23.865169636598527 68.842350008598274
23.86737967130648 68.843630015957515
23.869319722567138 68.844680031522628
23.876069603634154 68.844419967356629
23.883169576531273 68.842869994297118
23.8864696480349 68.843579948933836
23.891959625305958 68.843820011072637
23.898769644807363 68.84276004986927
23.90743960913791 68.841889982740511
23.912099530428534 68.841400011712338
23.920929674260815 68.839949992900017
23.923549525195622 68.839840002135006
23.928619750458331 68.840380014316068
23.934289565412261 68.839670028640683
23.93684959336581 68.838930032115982
23.943679685830574 68.837690023185502
23.945449551914987 68.837069957221857
23.947359481438507 68.834940038883218
23.949829586071413 68.833250045250779
23.950609582983304 68.833029979216732
23.953809595341788 68.83194000844702
23.95652377945396 68.830972011686271
24.029108223856731 68.806041630268709
23.997961364209971 68.821636783730142
23.99796116581749 68.821636897033315
24.0015795286917 68.822540004745747
24.002349717114701 68.822580063149886
24.005959665877846 68.821180028231836
24.008339570886861 68.820650009706554
24.015799544962665 68.821160032708448
24.022149691314755 68.820630013551792
24.02785954937907 68.821710035189994
24.032449644932679 68.823799988834281
24.035169682764696 68.824339978210716
24.036459565677255 68.822810033443929
24.035589515468519 68.820149966437526
24.03810968436623 68.818400021509547
24.036869538507013 68.817500002725012
24.04015942828385 68.813990013164059
24.034089455282128 68.81079006237708
24.030019503370081 68.807810006327941
24.029108223856731 68.806041630268709
23.848102387225694 68.833040714488334
23.84916972142376 68.833590012440339
23.851465058962564 68.833690566255711
23.851461996484257 68.833689974173836
23.851460268398011 68.833689988757939
23.851458051389788 68.83368998095979
23.848105990942813 68.833042025854979
23.848105079339501 68.833041570600969
23.848103948233238 68.833041016175301
23.848102387225694 68.833040714488334
24.081131754713081 68.782632054078917
24.079369989884995 68.782470995386831
24.035248052456723 68.803065604307051
24.035247787513814 68.803065682935525
24.03524756974091 68.803065784815388
24.042149521317665 68.801529996440124
24.050629477437361 68.799830005578571
24.05547940615314 68.799159996739405
24.061949618077545 68.799980001407803
24.066419547453897 68.800119999738186
24.072119492508708 68.802010043144875
24.074209464947828 68.804270008502741
24.080049674064259 68.806259997359206
24.085249703635913 68.809320018356246
24.088199437487447 68.811629978528728
24.098049606308205 68.809930025902986
24.098689502092487 68.808659939875724
24.098849520913287 68.804029993263015
24.096289550855026 68.798349974205451
24.094309529022869 68.795830028423666
24.095719610569855 68.792229975518111
24.094739588554866 68.790530016273635
24.085449459078418 68.787010035697179
24.083709534218283 68.784390004527523
24.081729642665042 68.783399995586308
24.081131754713081 68.782632054078917
23.753193084638799 68.785027178316454
23.749609525629463 68.785419951995962
23.74898976491232 68.78619000660558
23.74700985031647 68.787040034335618
23.744529745057505 68.787980018587476
23.741519793647985 68.788789995459666
23.743649714413579 68.789959951526811
23.746879527562921 68.791000030389654
23.742779702784603 68.796339997642221
23.742279721241999 68.797909975511146
23.742899655250458 68.799740051938301
23.743129524133568 68.800990009533862
23.744619714093297 68.804840022001116
23.748599597727672 68.807480033751631
23.752849738707951 68.808660041169205
23.753289734717246 68.809170039270597
23.756059583414793 68.812300031024449
23.758309585442969 68.813739999462626
23.76416956376594 68.815629993428857
23.767769792831974 68.817250013256896
23.771019585087029 68.818189998010368
23.774629668527002 68.818960043059647
23.774879765100664 68.820659980162674
23.776619795314854 68.822550020686492
23.778749676683759 68.823449982824243
23.780609850336859 68.824120060090635
23.780919735899147 68.824779978507465
23.785989714572956 68.825000023791333
23.793959705588623 68.825180044969571
23.800859607775074 68.824750015261174
23.808603503827573 68.825408755500149
23.808602833988662 68.825408626291448
23.775924936405584 68.819091985847805
23.775924833939584 68.819091818609792
23.775815931085987 68.818928810070148
23.771726007620753 68.812805101249509
23.769125534741207 68.808909456983358
23.75983901410838 68.794985981029939
23.75983887781771 68.794985758038408
23.759826509380243 68.794967323417225
23.759766562894093 68.794877397658411
23.759309010616033 68.794190994417804
23.755485347450392 68.788462676977119
23.753193108952061 68.785027218136932
23.753193084638799 68.785027178316454
24.157399165456216 68.753378150788578
24.153546044412082 68.753998974122453
24.15343309517537 68.754017081089913
24.153190005081179 68.754056022426653
24.153103706409919 68.754070148365372
24.153067985187146 68.754075995250005
24.153067144829997 68.754076130654425
24.153259543390277 68.75549000788385
24.15476403957512 68.765252780642214
24.154771933050085 68.765289975798368
24.156786073500687 68.774789017697501
24.157551501666003 68.778401899631646
24.157552528212399 68.778407291641443
24.157592894904568 68.778597546280238
24.16155950798456 68.775780031576687
24.160719555258755 68.773260021474101
24.16233950457487 68.772450023308565
24.169669540856013 68.770289966488505
24.174749522252149 68.769660028799237
24.181839541074925 68.769250006971049
24.182709535498017 68.767650003693888
24.185709394005194 68.766030056820483
24.190439382420024 68.765300026554073
24.188699439985331 68.763779984602337
24.178029523656281 68.759810025997538
24.182149681580047 68.758379973044768
24.174239521992739 68.754900036381599
24.162939668682608 68.753549967301879
24.157399165456216 68.753378150788578
24.188735528017325 68.748328620610494
24.188727066934266 68.748329981947663
24.18872165272624 68.748331391457342
24.18508203152318 68.748917980967889
24.18223280169865 68.749377261564248
24.173700129751456 68.75075223298667
24.173699926381488 68.750752264491723
24.181269565059914 68.75025002246494
24.188735528017325 68.748328620610494
24.200559407929443 68.74644005694617
24.198420472870019 68.746768740062549
24.196456949919273 68.747085019269264
24.19351695317911 68.747558999926056
24.193507794634307 68.747560467522476
24.193504051780959 68.747561070175237
24.200289512317443 68.746580067910031
24.200559407929443 68.74644005694617
24.432628830006657 68.7034837847945
24.362196065168064 68.711280985788804
24.329679347574512 68.715419472702706
24.329679049278496 68.715419496103522
24.329678360707934 68.715419583491752
24.330649439612813 68.719480036596181
24.334849504991727 68.721969936164726
24.335109484270717 68.722139993111639
24.341749433419285 68.723190037307901
24.345819490796753 68.722260052888956
24.351829515202041 68.719509995543532
24.363079517964934 68.717100015373759
24.368359361224847 68.71655004017201
24.375769261726859 68.716549954752779
24.381569291201842 68.715500019325148
24.393149352877877 68.712659978603938
24.404499444203012 68.711680043591983
24.415839485589757 68.709769953602716
24.432419462585521 68.703869973172417
24.432609415187333 68.703510001606347
24.432628830006657 68.7034837847945
24.668289313873121 68.666310010243464
24.65246925677015 68.670430031414369
24.638879243574969 68.673969988933251
24.608389321060397 68.681900016338531
24.607768746786949 68.681978349392338
24.601847000270553 68.683517027592302
24.600131126390814 68.683728987105042
24.577936360912123 68.686469629311716
24.577935913188124 68.686469665103303
24.577935650908874 68.686469697202185
24.581589353433614 68.689929989842113
24.583889286743087 68.690369987632494
24.588649260452968 68.689660035349277
24.598889224904976 68.686230032434295
24.609639291432352 68.682360023061037
24.614829197050543 68.682290017485968
24.618249213472339 68.682789998726861
24.621819270126451 68.683759975368915
24.627119222417498 68.685680063015198
24.638459285389779 68.690660032001475
24.641729369492367 68.688619974231344
24.646969384093723 68.68595998269663
24.658099281699307 68.681720049830346
24.662489125069822 68.679610015594449
24.663489187268521 68.672879999728465
24.663449379637363 68.671379950266527
24.667859267818017 68.666830039666749
24.668289313873121 68.666310010243464
23.731259159420926 68.752156943790837
23.730269758219691 68.75283006388058
23.728649584777912 68.75354996302687
23.728409748471137 68.756059962864754
23.732009692273838 68.757730070935665
23.735299498043236 68.758210695819017
23.735299020565726 68.758209977472589
23.735298567876953 68.758210011412103
23.735297932740259 68.758210000734451
23.73259269652441 68.754155277677512
23.73259075444232 68.754152341968378
23.732399020984673 68.753864984226325
23.732304787940205 68.75372385667734
23.73224728410354 68.753637648692489
23.731259248997038 68.752157078648011
23.731259159420926 68.752156943790837
24.783251107422029 68.636376188689468
24.761530294845599 68.642023794601528
24.736809978388212 68.648445009755562
24.734544038586741 68.649034346597418
24.729301024143702 68.650397688274822
24.71910916666382 68.653060007535117
24.719339202799631 68.653090039302327
24.722749401519785 68.65385004415208
24.729949201408054 68.655090006377762
24.733639170985544 68.654709984641286
24.738739055827899 68.65296997124247
24.750519184799611 68.650750051732572
24.756219228168945 68.649829952940166
24.759149146874297 68.648030022604317
24.765539245183525 68.64401001472126
24.77250910722173 68.641850014710272
24.774899343162119 68.641080003094459
24.782839116146373 68.637639993891682
24.783251107422029 68.636376188689468
23.657278221873192 68.705547157951031
23.657276012995705 68.705547020438871
23.657271456415948 68.705547012018542
23.657270973375468 68.705546989818131
23.593648154687237 68.701604102881802
23.582600597935723 68.700917051451484
23.543649058856488 68.698488993269507
23.54364890826194 68.698489004423863
23.543648625459841 68.698488986532652
23.543129794943059 68.699569987368193
23.542039661154703 68.702889991047741
23.5419697789373 68.70306998677404
23.541849803930056 68.703430023761342
23.542529828206469 68.704530043325093
23.548419786428401 68.705689963328936
23.548789774844256 68.705930052378321
23.550019853232115 68.706730025894387
23.551009730437091 68.708980053026721
23.56002983973794 68.710289959417693
23.561429691513261 68.709110054581629
23.563449641997703 68.707399971831819
23.56513974406549 68.705980024421024
23.568609866756887 68.704540021845119
23.568249690827852 68.702690039693735
23.57259964511692 68.701989966353906
23.573229896783069 68.701129953259013
23.574209751659119 68.700860010878458
23.576069852058914 68.70078002330483
23.578669759104432 68.701859954269011
23.57876978581616 68.701999998689189
23.579659629508829 68.703219978927777
23.581289697787057 68.703479987257083
23.582129656926298 68.703619990277829
23.586099866381598 68.704689955492654
23.586809693849926 68.70610001719588
23.586169667608676 68.709239988798188
23.585839863291934 68.709370008337871
23.580849695761756 68.711160012751947
23.577989746538162 68.712019970229804
23.575239681249972 68.714310018160901
23.575109581730647 68.714409968546789
23.572009568412955 68.714389989982266
23.571389686613966 68.714380017408871
23.570019790479861 68.714720036021674
23.569659643869851 68.715249997352402
23.570279583003913 68.715890010946424
23.571279722469086 68.716210018613666
23.571509814780612 68.716330022435116
23.571309624533821 68.717249984885314
23.570999649701111 68.718680007414932
23.569969769211205 68.719130004631609
23.569749811538994 68.71921999412784
23.569269882398061 68.72007005033673
23.567129619665966 68.721550054994992
23.565389688404075 68.722249977437968
23.564889802267366 68.722450013708027
23.563649691168422 68.723750044503404
23.563009873656668 68.725280008679931
23.558649712377999 68.727569994225135
23.555539707994342 68.729189997115682
23.554069574584201 68.730260005996598
23.554769682077382 68.732330019280298
23.557889637320194 68.732790047934003
23.560809777400372 68.731539976945683
23.561239717757022 68.731349967995257
23.56604977688156 68.730740029282913
23.566819853849221 68.730639964623023
23.570089714588033 68.730379951009226
23.576989649131047 68.730330017564924
23.578979732397844 68.730660004407014
23.580409793212485 68.730499999033128
23.580769785426433 68.730419949091328
23.581379700056853 68.730250000046595
23.586589754822384 68.730380042546969
23.58940977940669 68.729539994979802
23.590409672003425 68.728149975758768
23.589979700992192 68.72717002993582
23.594139618898318 68.727829998542205
23.596369914603525 68.727439977174257
23.597719830362383 68.72721998833515
23.598099755447222 68.727149981634341
23.60057967871251 68.725720042195846
23.602569653898254 68.724149981501199
23.602549798391085 68.723979969240858
23.602459821275534 68.723159958853785
23.602279664517358 68.722929977837794
23.601839731956389 68.72240004076383
23.601369711458318 68.721829976382551
23.598589803624439 68.7212400473814
23.596429701595341 68.721340004723288
23.595019639103882 68.720809969541548
23.595899827119645 68.719509962666777
23.597529768068178 68.718430024154003
23.599739606600433 68.717899979774842
23.602859650917406 68.717130049576554
23.603349814963337 68.716189975560752
23.604969839498498 68.715499961882486
23.609069705534147 68.715250002598054
23.612289756663909 68.714940064245368
23.613529730697405 68.712420017070343
23.616029690781566 68.711380034409729
23.617859895963292 68.711340021816255
23.620099743339335 68.711480036123973
23.621679720528359 68.711570023407063
23.623029787720036 68.711399973354602
23.621809862618115 68.709710039883959
23.621089795645904 68.708379978338982
23.623459802601918 68.707160016167762
23.626809597767547 68.706489990750683
23.629529901063606 68.706330042425975
23.63325964121044 68.706129960325654
23.635079718349459 68.706329940799435
23.636719780068212 68.706540015986931
23.643079630689616 68.706059955481066
23.647999599049186 68.705699973748267
23.649369864163518 68.70568999048453
23.653059653673516 68.705670026927052
23.655679736692665 68.705660015752898
23.657278221873192 68.705547157951031
24.830409113421965 68.589360016164491
24.82854919438007 68.59125001152232
24.812739224371249 68.607280003470436
24.804309309877354 68.615639958901596
24.806919048577139 68.615470018172203
24.811839153552821 68.613860007049595
24.813899204831909 68.611650063206653
24.81606918316929 68.608670001887575
24.821489232696027 68.603089994616013
24.826859238744877 68.598399992752476
24.832009083005882 68.594450031382479
24.832549181736518 68.593420005613098
24.830879110010095 68.590570045680067
24.830409113421965 68.589360016164491
24.880659090751887 68.558319985821583
24.868289240616814 68.560369998943571
24.85774921811711 68.562110020557142
24.857159140160693 68.562210035047528
24.85590914061833 68.563479994066356
24.855719105013605 68.563680043035234
24.863549089280905 68.564270035557371
24.866719004103953 68.564429975565787
24.869739080392932 68.563600060942477
24.87468911731828 68.559569988720625
24.878169071457226 68.559039996213926
24.880659090751887 68.558319985821583

