# Oder catchment
16.783 50.150 5143800
16.775 50.150 5143800
16.775 50.142 5143800
16.767 50.142 5143800
16.767 50.117 5143800
16.717 50.117 5143800
16.717 50.108 5143800
16.700 50.108 5143800
16.700 50.100 5143800
16.683 50.100 5143800
16.683 50.108 5143800
16.642 50.108 5143800
16.642 50.117 5143800
16.625 50.117 5143800
16.625 50.150 5143800
16.608 50.150 5143800
16.608 50.158 5143800
16.600 50.158 5143800
16.600 50.175 5143800
16.592 50.175 5143800
16.592 50.183 5143800
16.583 50.183 5143800
16.583 50.217 5143800
16.575 50.217 5143800
16.575 50.225 5143800
16.567 50.225 5143800
16.567 50.250 5143800
16.558 50.250 5143800
16.558 50.267 5143800
16.525 50.267 5143800
16.525 50.275 5143800
16.508 50.275 5143800
16.508 50.283 5143800
16.492 50.283 5143800
16.492 50.292 5143800
16.483 50.292 5143800
16.483 50.308 5143800
16.475 50.308 5143800
16.475 50.317 5143800
16.467 50.317 5143800
16.467 50.325 5143800
16.458 50.325 5143800
16.458 50.333 5143800
16.450 50.333 5143800
16.450 50.342 5143800
16.442 50.342 5143800
16.442 50.350 5143800
16.433 50.350 5143800
16.433 50.358 5143800
16.425 50.358 5143800
16.425 50.350 5143800
16.408 50.350 5143800
16.408 50.317 5143800
16.392 50.317 5143800
16.392 50.325 5143800
16.383 50.325 5143800
16.383 50.333 5143800
16.375 50.333 5143800
16.375 50.342 5143800
16.358 50.342 5143800
16.358 50.350 5143800
16.367 50.350 5143800
16.367 50.358 5143800
16.358 50.358 5143800
16.358 50.375 5143800
16.350 50.375 5143800
16.350 50.408 5143800
16.342 50.408 5143800
16.342 50.417 5143800
16.333 50.417 5143800
16.333 50.433 5143800
16.342 50.433 5143800
16.342 50.475 5143800
16.325 50.475 5143800
16.325 50.500 5143800
16.317 50.500 5143800
16.317 50.517 5143800
16.308 50.517 5143800
16.308 50.525 5143800
16.292 50.525 5143800
16.292 50.542 5143800
16.283 50.542 5143800
16.283 50.550 5143800
16.275 50.550 5143800
16.275 50.558 5143800
16.258 50.558 5143800
16.258 50.575 5143800
16.250 50.575 5143800
16.250 50.583 5143800
16.200 50.583 5143800
16.200 50.600 5143800
16.192 50.600 5143800
16.192 50.608 5143800
16.183 50.608 5143800
16.183 50.617 5143800
16.175 50.617 5143800
16.175 50.633 5143800
16.167 50.633 5143800
16.167 50.642 5143800
16.158 50.642 5143800
16.158 50.658 5143800
16.150 50.658 5143800
16.150 50.667 5143800
16.142 50.667 5143800
16.142 50.675 5143800
16.108 50.675 5143800
16.108 50.658 5143800
16.100 50.658 5143800
16.100 50.642 5143800
16.067 50.642 5143800
16.067 50.650 5143800
16.025 50.650 5143800
16.025 50.658 5143800
16.017 50.658 5143800
16.017 50.650 5143800
16.000 50.650 5143800
16.000 50.658 5143800
15.992 50.658 5143800
15.992 50.667 5143800
15.967 50.667 5143800
15.967 50.658 5143800
15.958 50.658 5143800
15.958 50.667 5143800
15.950 50.667 5143800
15.950 50.683 5143800
15.942 50.683 5143800
15.942 50.692 5143800
15.933 50.692 5143800
15.933 50.683 5143800
15.925 50.683 5143800
15.925 50.675 5143800
15.917 50.675 5143800
15.917 50.667 5143800
15.900 50.667 5143800
15.900 50.658 5143800
15.858 50.658 5143800
15.858 50.692 5143800
15.850 50.692 5143800
15.850 50.708 5143800
15.842 50.708 5143800
15.842 50.717 5143800
15.833 50.717 5143800
15.833 50.725 5143800
15.825 50.725 5143800
15.825 50.742 5143800
15.817 50.742 5143800
15.817 50.750 5143800
15.792 50.750 5143800
15.792 50.742 5143800
15.758 50.742 5143800
15.758 50.733 5143800
15.742 50.733 5143800
15.742 50.742 5143800
15.708 50.742 5143800
15.708 50.733 5143800
15.692 50.733 5143800
15.692 50.742 5143800
15.683 50.742 5143800
15.683 50.750 5143800
15.667 50.750 5143800
15.667 50.758 5143800
15.642 50.758 5143800
15.642 50.767 5143800
15.617 50.767 5143800
15.617 50.775 5143800
15.517 50.775 5143800
15.517 50.783 5143800
15.508 50.783 5143800
15.508 50.792 5143800
15.475 50.792 5143800
15.475 50.800 5143800
15.450 50.800 5143800
15.450 50.808 5143800
15.442 50.808 5143800
15.442 50.817 5143800
15.425 50.817 5143800
15.425 50.825 5143800
15.417 50.825 5143800
15.417 50.833 5143800
15.408 50.833 5143800
15.408 50.850 5143800
15.400 50.850 5143800
15.400 50.858 5143800
15.375 50.858 5143800
15.375 50.867 5143800
15.350 50.867 5143800
15.350 50.875 5143800
15.317 50.875 5143800
15.317 50.883 5143800
15.292 50.883 5143800
15.292 50.850 5143800
15.300 50.850 5143800
15.300 50.842 5143800
15.292 50.842 5143800
15.292 50.833 5143800
15.250 50.833 5143800
15.250 50.842 5143800
15.233 50.842 5143800
15.233 50.833 5143800
15.217 50.833 5143800
15.217 50.825 5143800
15.208 50.825 5143800
15.208 50.833 5143800
15.200 50.833 5143800
15.200 50.842 5143800
15.150 50.842 5143800
15.150 50.800 5143800
15.158 50.800 5143800
15.158 50.792 5143800
15.183 50.792 5143800
15.183 50.775 5143800
15.200 50.775 5143800
15.200 50.767 5143800
15.233 50.767 5143800
15.233 50.717 5143800
15.217 50.717 5143800
15.217 50.708 5143800
15.208 50.708 5143800
15.208 50.700 5143800
15.192 50.700 5143800
15.192 50.708 5143800
15.092 50.708 5143800
15.092 50.700 5143800
15.042 50.700 5143800
15.042 50.708 5143800
15.017 50.708 5143800
15.017 50.717 5143800
15.008 50.717 5143800
15.008 50.725 5143800
14.992 50.725 5143800
14.992 50.733 5143800
14.983 50.733 5143800
14.983 50.742 5143800
14.975 50.742 5143800
14.975 50.750 5143800
14.925 50.750 5143800
14.925 50.758 5143800
14.917 50.758 5143800
14.917 50.767 5143800
14.908 50.767 5143800
14.908 50.775 5143800
14.900 50.775 5143800
14.900 50.783 5143800
14.892 50.783 5143800
14.892 50.792 5143800
14.867 50.792 5143800
14.867 50.800 5143800
14.858 50.800 5143800
14.858 50.808 5143800
14.842 50.808 5143800
14.842 50.817 5143800
14.792 50.817 5143800
14.792 50.825 5143800
14.783 50.825 5143800
14.783 50.833 5143800
14.767 50.833 5143800
14.767 50.842 5143800
14.758 50.842 5143800
14.758 50.833 5143800
14.750 50.833 5143800
14.750 50.825 5143800
14.717 50.825 5143800
14.717 50.833 5143800
14.700 50.833 5143800
14.700 50.842 5143800
14.675 50.842 5143800
14.675 50.850 5143800
14.658 50.850 5143800
14.658 50.842 5143800
14.642 50.842 5143800
14.642 50.850 5143800
14.617 50.850 5143800
14.617 50.842 5143800
14.608 50.842 5143800
14.608 50.833 5143800
14.583 50.833 5143800
14.583 50.842 5143800
14.575 50.842 5143800
14.575 50.850 5143800
14.567 50.850 5143800
14.567 50.858 5143800
14.550 50.858 5143800
14.550 50.850 5143800
14.542 50.850 5143800
14.542 50.867 5143800
14.533 50.867 5143800
14.533 50.875 5143800
14.508 50.875 5143800
14.508 50.900 5143800
14.525 50.900 5143800
14.525 50.908 5143800
14.542 50.908 5143800
14.542 50.917 5143800
14.517 50.917 5143800
14.517 50.925 5143800
14.508 50.925 5143800
14.508 50.933 5143800
14.475 50.933 5143800
14.475 50.942 5143800
14.467 50.942 5143800
14.467 50.967 5143800
14.500 50.967 5143800
14.500 50.975 5143800
14.517 50.975 5143800
14.517 50.983 5143800
14.542 50.983 5143800
14.542 50.975 5143800
14.558 50.975 5143800
14.558 50.967 5143800
14.625 50.967 5143800
14.625 50.975 5143800
14.633 50.975 5143800
14.633 51.000 5143800
14.642 51.000 5143800
14.642 51.008 5143800
14.675 51.008 5143800
14.675 51.017 5143800
14.683 51.017 5143800
14.683 51.025 5143800
14.692 51.025 5143800
14.692 51.042 5143800
14.725 51.042 5143800
14.725 51.050 5143800
14.758 51.050 5143800
14.758 51.058 5143800
14.775 51.058 5143800
14.775 51.083 5143800
14.842 51.083 5143800
14.842 51.092 5143800
14.908 51.092 5143800
14.908 51.108 5143800
14.917 51.108 5143800
14.917 51.117 5143800
14.925 51.117 5143800
14.925 51.125 5143800
14.933 51.125 5143800
14.933 51.133 5143800
14.942 51.133 5143800
14.942 51.142 5143800
14.950 51.142 5143800
14.950 51.158 5143800
14.958 51.158 5143800
14.958 51.200 5143800
14.967 51.200 5143800
14.967 51.225 5143800
14.975 51.225 5143800
14.975 51.233 5143800
14.983 51.233 5143800
14.983 51.250 5143800
14.992 51.250 5143800
14.992 51.258 5143800
14.983 51.258 5143800
14.983 51.275 5143800
14.975 51.275 5143800
14.975 51.283 5143800
14.967 51.283 5143800
14.967 51.292 5143800
14.958 51.292 5143800
14.958 51.308 5143800
14.942 51.308 5143800
14.942 51.317 5143800
14.925 51.317 5143800
14.925 51.350 5143800
14.908 51.350 5143800
14.908 51.392 5143800
14.917 51.392 5143800
14.917 51.425 5143800
14.908 51.425 5143800
14.908 51.417 5143800
14.842 51.417 5143800
14.842 51.425 5143800
14.833 51.425 5143800
14.833 51.417 5143800
14.800 51.417 5143800
14.800 51.425 5143800
14.725 51.425 5143800
14.725 51.433 5143800
14.717 51.433 5143800
14.717 51.458 5143800
14.700 51.458 5143800
14.700 51.475 5143800
14.675 51.475 5143800
14.675 51.467 5143800
14.667 51.467 5143800
14.667 51.475 5143800
14.650 51.475 5143800
14.650 51.492 5143800
14.642 51.492 5143800
14.642 51.525 5143800
14.650 51.525 5143800
14.650 51.533 5143800
14.608 51.533 5143800
14.608 51.542 5143800
14.600 51.542 5143800
14.600 51.550 5143800
14.575 51.550 5143800
14.575 51.558 5143800
14.558 51.558 5143800
14.558 51.575 5143800
14.542 51.575 5143800
14.542 51.600 5143800
14.550 51.600 5143800
14.550 51.617 5143800
14.575 51.617 5143800
14.575 51.608 5143800
14.592 51.608 5143800
14.592 51.600 5143800
14.608 51.600 5143800
14.608 51.608 5143800
14.617 51.608 5143800
14.617 51.617 5143800
14.675 51.617 5143800
14.675 51.633 5143800
14.658 51.633 5143800
14.658 51.642 5143800
14.642 51.642 5143800
14.642 51.650 5143800
14.625 51.650 5143800
14.625 51.658 5143800
14.617 51.658 5143800
14.617 51.667 5143800
14.600 51.667 5143800
14.600 51.692 5143800
14.592 51.692 5143800
14.592 51.700 5143800
14.567 51.700 5143800
14.567 51.708 5143800
14.550 51.708 5143800
14.550 51.733 5143800
14.558 51.733 5143800
14.558 51.742 5143800
14.567 51.742 5143800
14.567 51.750 5143800
14.558 51.750 5143800
14.558 51.767 5143800
14.483 51.767 5143800
14.483 51.775 5143800
14.475 51.775 5143800
14.475 51.808 5143800
14.458 51.808 5143800
14.458 51.817 5143800
14.483 51.817 5143800
14.483 51.808 5143800
14.508 51.808 5143800
14.508 51.817 5143800
14.550 51.817 5143800
14.550 51.825 5143800
14.558 51.825 5143800
14.558 51.833 5143800
14.567 51.833 5143800
14.567 51.842 5143800
14.575 51.842 5143800
14.575 51.875 5143800
14.567 51.875 5143800
14.567 51.883 5143800
14.558 51.883 5143800
14.558 51.900 5143800
14.533 51.900 5143800
14.533 51.908 5143800
14.517 51.908 5143800
14.517 51.917 5143800
14.433 51.917 5143800
14.433 51.925 5143800
14.425 51.925 5143800
14.425 51.942 5143800
14.433 51.942 5143800
14.433 51.958 5143800
14.442 51.958 5143800
14.442 51.967 5143800
14.450 51.967 5143800
14.450 51.975 5143800
14.458 51.975 5143800
14.458 51.983 5143800
14.500 51.983 5143800
14.500 52.000 5143800
14.492 52.000 5143800
14.492 52.050 5143800
14.500 52.050 5143800
14.500 52.058 5143800
14.508 52.058 5143800
14.508 52.075 5143800
14.517 52.075 5143800
14.517 52.083 5143800
14.525 52.083 5143800
14.525 52.092 5143800
14.533 52.092 5143800
14.533 52.100 5143800
14.542 52.100 5143800
14.542 52.125 5143800
14.550 52.125 5143800
14.550 52.142 5143800
14.533 52.142 5143800
14.533 52.158 5143800
14.525 52.158 5143800
14.525 52.167 5143800
14.475 52.167 5143800
14.475 52.200 5143800
14.458 52.200 5143800
14.458 52.208 5143800
14.450 52.208 5143800
14.450 52.217 5143800
14.442 52.217 5143800
14.442 52.258 5143800
14.433 52.258 5143800
14.433 52.283 5143800
14.442 52.283 5143800
14.442 52.292 5143800
14.433 52.292 5143800
14.433 52.308 5143800
14.442 52.308 5143800
14.442 52.317 5143800
14.458 52.317 5143800
14.458 52.342 5143800
14.450 52.342 5143800
14.450 52.350 5143800
14.442 52.350 5143800
14.442 52.358 5143800
14.417 52.358 5143800
14.417 52.367 5143800
14.408 52.367 5143800
14.408 52.383 5143800
14.400 52.383 5143800
14.400 52.392 5143800
14.383 52.392 5143800
14.383 52.400 5143800
14.342 52.400 5143800
14.342 52.392 5143800
14.308 52.392 5143800
14.308 52.400 5143800
14.300 52.400 5143800
14.300 52.392 5143800
14.283 52.392 5143800
14.283 52.400 5143800
14.275 52.400 5143800
14.275 52.425 5143800
14.283 52.425 5143800
14.283 52.442 5143800
14.292 52.442 5143800
14.292 52.458 5143800
14.283 52.458 5143800
14.283 52.467 5143800
14.275 52.467 5143800
14.275 52.475 5143800
14.250 52.475 5143800
14.250 52.483 5143800
14.233 52.483 5143800
14.233 52.492 5143800
14.208 52.492 5143800
14.208 52.483 5143800
14.192 52.483 5143800
14.192 52.475 5143800
14.158 52.475 5143800
14.158 52.467 5143800
14.125 52.467 5143800
14.125 52.458 5143800
14.108 52.458 5143800
14.108 52.450 5143800
14.092 52.450 5143800
14.092 52.458 5143800
14.075 52.458 5143800
14.075 52.467 5143800
14.067 52.467 5143800
14.067 52.500 5143800
14.058 52.500 5143800
14.058 52.525 5143800
14.067 52.525 5143800
14.067 52.550 5143800
14.042 52.550 5143800
14.042 52.558 5143800
14.025 52.558 5143800
14.025 52.567 5143800
14.017 52.567 5143800
14.017 52.592 5143800
13.992 52.592 5143800
13.992 52.600 5143800
13.983 52.600 5143800
13.983 52.608 5143800
13.975 52.608 5143800
13.975 52.617 5143800
13.967 52.617 5143800
13.967 52.625 5143800
13.925 52.625 5143800
13.925 52.633 5143800
13.917 52.633 5143800
13.917 52.658 5143800
13.908 52.658 5143800
13.908 52.667 5143800
13.867 52.667 5143800
13.867 52.650 5143800
13.850 52.650 5143800
13.850 52.658 5143800
13.833 52.658 5143800
13.833 52.667 5143800
13.842 52.667 5143800
13.842 52.692 5143800
13.783 52.692 5143800
13.783 52.683 5143800
13.758 52.683 5143800
13.758 52.675 5143800
13.733 52.675 5143800
13.733 52.667 5143800
13.717 52.667 5143800
13.717 52.675 5143800
13.692 52.675 5143800
13.692 52.683 5143800
13.683 52.683 5143800
13.683 52.675 5143800
13.650 52.675 5143800
13.650 52.692 5143800
13.642 52.692 5143800
13.642 52.700 5143800
13.617 52.700 5143800
13.617 52.708 5143800
13.575 52.708 5143800
13.575 52.717 5143800
13.558 52.717 5143800
13.558 52.725 5143800
13.542 52.725 5143800
13.542 52.717 5143800
13.525 52.717 5143800
13.525 52.725 5143800
13.492 52.725 5143800
13.492 52.742 5143800
13.483 52.742 5143800
13.483 52.758 5143800
13.500 52.758 5143800
13.500 52.767 5143800
13.508 52.767 5143800
13.508 52.783 5143800
13.500 52.783 5143800
13.500 52.792 5143800
13.492 52.792 5143800
13.492 52.800 5143800
13.483 52.800 5143800
13.483 52.825 5143800
13.492 52.825 5143800
13.492 52.833 5143800
13.483 52.833 5143800
13.483 52.850 5143800
13.475 52.850 5143800
13.475 52.858 5143800
13.483 52.858 5143800
13.483 52.875 5143800
13.517 52.875 5143800
13.517 52.883 5143800
13.533 52.883 5143800
13.533 52.892 5143800
13.575 52.892 5143800
13.575 52.900 5143800
13.608 52.900 5143800
13.608 52.908 5143800
13.625 52.908 5143800
13.625 52.925 5143800
13.633 52.925 5143800
13.633 52.933 5143800
13.667 52.933 5143800
13.667 52.942 5143800
13.675 52.942 5143800
13.675 52.983 5143800
13.683 52.983 5143800
13.683 53.000 5143800
13.667 53.000 5143800
13.667 53.033 5143800
13.683 53.033 5143800
13.683 53.058 5143800
13.700 53.058 5143800
13.700 53.075 5143800
13.708 53.075 5143800
13.708 53.067 5143800
13.767 53.067 5143800
13.767 53.075 5143800
13.783 53.075 5143800
13.783 53.083 5143800
13.800 53.083 5143800
13.800 53.092 5143800
13.833 53.092 5143800
13.833 53.100 5143800
13.867 53.100 5143800
13.867 53.108 5143800
13.875 53.108 5143800
13.875 53.117 5143800
13.883 53.117 5143800
13.883 53.125 5143800
13.892 53.125 5143800
13.892 53.150 5143800
13.900 53.150 5143800
13.900 53.158 5143800
13.917 53.158 5143800
13.917 53.167 5143800
13.925 53.167 5143800
13.925 53.175 5143800
13.933 53.175 5143800
13.933 53.183 5143800
13.942 53.183 5143800
13.942 53.200 5143800
13.950 53.200 5143800
13.950 53.208 5143800
13.958 53.208 5143800
13.958 53.242 5143800
13.967 53.242 5143800
13.967 53.258 5143800
13.975 53.258 5143800
13.975 53.267 5143800
13.983 53.267 5143800
13.983 53.275 5143800
13.992 53.275 5143800
13.992 53.292 5143800
13.983 53.292 5143800
13.983 53.308 5143800
13.992 53.308 5143800
13.992 53.317 5143800
14.017 53.317 5143800
14.017 53.325 5143800
14.025 53.325 5143800
14.025 53.350 5143800
14.033 53.350 5143800
14.033 53.358 5143800
14.058 53.358 5143800
14.058 53.350 5143800
14.083 53.350 5143800
14.083 53.342 5143800
14.092 53.342 5143800
14.092 53.333 5143800
14.100 53.333 5143800
14.100 53.317 5143800
14.117 53.317 5143800
14.117 53.308 5143800
14.125 53.308 5143800
14.125 53.283 5143800
14.133 53.283 5143800
14.133 53.275 5143800
14.142 53.275 5143800
14.142 53.267 5143800
14.150 53.267 5143800
14.150 53.217 5143800
14.183 53.217 5143800
14.183 53.225 5143800
14.192 53.225 5143800
14.192 53.242 5143800
14.217 53.242 5143800
14.217 53.267 5143800
14.225 53.267 5143800
14.225 53.275 5143800
14.258 53.275 5143800
14.258 53.267 5143800
14.275 53.267 5143800
14.275 53.275 5143800
14.300 53.275 5143800
14.300 53.283 5143800
14.308 53.283 5143800
14.308 53.308 5143800
14.300 53.308 5143800
14.300 53.350 5143800
14.358 53.350 5143800
14.358 53.358 5143800
14.375 53.358 5143800
14.375 53.367 5143800
14.400 53.367 5143800
14.400 53.375 5143800
14.408 53.375 5143800
14.408 53.425 5143800
14.417 53.425 5143800
14.417 53.433 5143800
14.433 53.433 5143800
14.433 53.442 5143800
14.442 53.442 5143800
14.442 53.450 5143800
14.450 53.450 5143800
14.450 53.458 5143800
14.458 53.458 5143800
14.458 53.467 5143800
14.500 53.467 5143800
14.500 53.475 5143800
14.508 53.475 5143800
14.508 53.483 5143800
14.517 53.483 5143800
14.517 53.500 5143800
14.525 53.500 5143800
14.542 53.500 5143800
14.542 53.492 5143800
14.567 53.492 5143800
14.567 53.500 5143800
14.575 53.500 5143800
14.575 53.508 5143800
14.592 53.508 5143800
14.592 53.517 5143800
14.600 53.517 5143800
14.600 53.558 5143800
14.617 53.558 5143800
14.617 53.567 5143800
14.617 53.575 5143800
14.633 53.575 5143800
14.633 53.583 5143800
14.642 53.583 5143800
14.650 53.583 5143800
14.650 53.592 5143800
14.675 53.592 5143800
14.675 53.583 5143800
14.700 53.583 5143800
14.700 53.592 5143800
14.717 53.592 5143800
14.717 53.583 5143800
14.725 53.583 5143800
14.725 53.575 5143800
14.817 53.575 5143800
14.817 53.600 5143800
14.842 53.600 5143800
14.842 53.608 5143800
14.850 53.608 5143800
14.850 53.617 5143800
14.883 53.617 5143800
14.883 53.608 5143800
14.892 53.608 5143800
14.892 53.600 5143800
14.908 53.600 5143800
14.908 53.592 5143800
14.917 53.592 5143800
14.917 53.583 5143800
14.925 53.583 5143800
14.925 53.575 5143800
14.933 53.575 5143800
14.933 53.567 5143800
14.950 53.567 5143800
14.950 53.550 5143800
14.958 53.550 5143800
14.958 53.542 5143800
14.967 53.542 5143800
14.967 53.533 5143800
14.975 53.533 5143800
14.975 53.500 5143800
14.992 53.500 5143800
14.992 53.492 5143800
15.000 53.492 5143800
15.000 53.483 5143800
15.042 53.483 5143800
15.042 53.475 5143800
15.083 53.475 5143800
15.083 53.508 5143800
15.092 53.508 5143800
15.092 53.525 5143800
15.100 53.525 5143800
15.100 53.533 5143800
15.108 53.533 5143800
15.108 53.542 5143800
15.100 53.542 5143800
15.100 53.558 5143800
15.133 53.558 5143800
15.133 53.550 5143800
15.150 53.550 5143800
15.150 53.533 5143800
15.158 53.533 5143800
15.158 53.525 5143800
15.167 53.525 5143800
15.167 53.533 5143800
15.200 53.533 5143800
15.200 53.525 5143800
15.208 53.525 5143800
15.208 53.533 5143800
15.217 53.533 5143800
15.217 53.583 5143800
15.225 53.583 5143800
15.225 53.575 5143800
15.250 53.575 5143800
15.250 53.583 5143800
15.258 53.583 5143800
15.258 53.592 5143800
15.267 53.592 5143800
15.267 53.600 5143800
15.275 53.600 5143800
15.275 53.558 5143800
15.317 53.558 5143800
15.317 53.567 5143800
15.333 53.567 5143800
15.333 53.558 5143800
15.350 53.558 5143800
15.350 53.542 5143800
15.367 53.542 5143800
15.367 53.533 5143800
15.375 53.533 5143800
15.375 53.517 5143800
15.367 53.517 5143800
15.367 53.500 5143800
15.375 53.500 5143800
15.375 53.492 5143800
15.442 53.492 5143800
15.442 53.483 5143800
15.467 53.483 5143800
15.467 53.475 5143800
15.492 53.475 5143800
15.492 53.467 5143800
15.517 53.467 5143800
15.517 53.475 5143800
15.550 53.475 5143800
15.550 53.483 5143800
15.575 53.483 5143800
15.575 53.492 5143800
15.592 53.492 5143800
15.592 53.500 5143800
15.608 53.500 5143800
15.608 53.508 5143800
15.617 53.508 5143800
15.617 53.500 5143800
15.625 53.500 5143800
15.625 53.492 5143800
15.642 53.492 5143800
15.642 53.500 5143800
15.667 53.500 5143800
15.667 53.508 5143800
15.692 53.508 5143800
15.692 53.492 5143800
15.708 53.492 5143800
15.708 53.500 5143800
15.717 53.500 5143800
15.717 53.508 5143800
15.733 53.508 5143800
15.733 53.500 5143800
15.767 53.500 5143800
15.767 53.533 5143800
15.775 53.533 5143800
15.775 53.542 5143800
15.783 53.542 5143800
15.783 53.550 5143800
15.800 53.550 5143800
15.800 53.558 5143800
15.892 53.558 5143800
15.892 53.567 5143800
15.908 53.567 5143800
15.908 53.592 5143800
15.900 53.592 5143800
15.900 53.642 5143800
15.925 53.642 5143800
15.925 53.650 5143800
15.950 53.650 5143800
15.950 53.658 5143800
15.983 53.658 5143800
15.983 53.667 5143800
15.992 53.667 5143800
15.992 53.675 5143800
16.000 53.675 5143800
16.000 53.683 5143800
16.008 53.683 5143800
16.008 53.692 5143800
16.017 53.692 5143800
16.017 53.708 5143800
16.042 53.708 5143800
16.042 53.717 5143800
16.083 53.717 5143800
16.083 53.692 5143800
16.133 53.692 5143800
16.133 53.700 5143800
16.142 53.700 5143800
16.142 53.692 5143800
16.158 53.692 5143800
16.158 53.700 5143800
16.183 53.700 5143800
16.183 53.692 5143800
16.208 53.692 5143800
16.208 53.683 5143800
16.242 53.683 5143800
16.242 53.675 5143800
16.250 53.675 5143800
16.250 53.667 5143800
16.242 53.667 5143800
16.242 53.658 5143800
16.250 53.658 5143800
16.250 53.650 5143800
16.258 53.650 5143800
16.258 53.642 5143800
16.275 53.642 5143800
16.275 53.633 5143800
16.283 53.633 5143800
16.283 53.642 5143800
16.317 53.642 5143800
16.317 53.650 5143800
16.342 53.650 5143800
16.342 53.658 5143800
16.350 53.658 5143800
16.350 53.667 5143800
16.383 53.667 5143800
16.383 53.675 5143800
16.417 53.675 5143800
16.417 53.683 5143800
16.433 53.683 5143800
16.433 53.708 5143800
16.467 53.708 5143800
16.467 53.700 5143800
16.475 53.700 5143800
16.475 53.692 5143800
16.492 53.692 5143800
16.492 53.683 5143800
16.550 53.683 5143800
16.550 53.675 5143800
16.558 53.675 5143800
16.558 53.667 5143800
16.633 53.667 5143800
16.633 53.700 5143800
16.625 53.700 5143800
16.625 53.725 5143800
16.617 53.725 5143800
16.617 53.733 5143800
16.608 53.733 5143800
16.608 53.767 5143800
16.617 53.767 5143800
16.617 53.775 5143800
16.625 53.775 5143800
16.625 53.792 5143800
16.633 53.792 5143800
16.633 53.833 5143800
16.625 53.833 5143800
16.625 53.842 5143800
16.608 53.842 5143800
16.608 53.850 5143800
16.583 53.850 5143800
16.583 53.858 5143800
16.575 53.858 5143800
16.575 53.867 5143800
16.567 53.867 5143800
16.567 53.883 5143800
16.575 53.883 5143800
16.575 53.892 5143800
16.583 53.892 5143800
16.583 53.908 5143800
16.617 53.908 5143800
16.617 53.917 5143800
16.625 53.917 5143800
16.625 53.925 5143800
16.642 53.925 5143800
16.642 53.917 5143800
16.683 53.917 5143800
16.683 53.908 5143800
16.725 53.908 5143800
16.725 53.917 5143800
16.750 53.917 5143800
16.750 53.908 5143800
16.767 53.908 5143800
16.767 53.917 5143800
16.775 53.917 5143800
16.775 53.925 5143800
16.800 53.925 5143800
16.800 53.942 5143800
16.817 53.942 5143800
16.817 53.950 5143800
16.825 53.950 5143800
16.825 53.975 5143800
16.833 53.975 5143800
16.858 53.975 5143800
16.858 53.967 5143800
16.875 53.967 5143800
16.875 53.958 5143800
16.892 53.958 5143800
16.892 53.967 5143800
16.917 53.967 5143800
16.917 53.958 5143800
16.967 53.958 5143800
16.967 53.942 5143800
16.975 53.942 5143800
16.975 53.933 5143800
16.983 53.933 5143800
16.983 53.925 5143800
16.992 53.925 5143800
16.992 53.917 5143800
17.000 53.917 5143800
17.000 53.892 5143800
17.008 53.892 5143800
17.008 53.883 5143800
17.017 53.883 5143800
17.017 53.850 5143800
17.033 53.850 5143800
17.033 53.842 5143800
17.042 53.842 5143800
17.042 53.833 5143800
17.075 53.833 5143800
17.075 53.817 5143800
17.083 53.817 5143800
17.083 53.800 5143800
17.108 53.800 5143800
17.108 53.783 5143800
17.117 53.783 5143800
17.117 53.742 5143800
17.125 53.742 5143800
17.125 53.725 5143800
17.133 53.725 5143800
17.133 53.717 5143800
17.125 53.717 5143800
17.125 53.708 5143800
17.108 53.708 5143800
17.108 53.700 5143800
17.100 53.700 5143800
17.100 53.692 5143800
17.108 53.692 5143800
17.108 53.683 5143800
17.117 53.683 5143800
17.117 53.675 5143800
17.142 53.675 5143800
17.142 53.667 5143800
17.175 53.667 5143800
17.175 53.675 5143800
17.200 53.675 5143800
17.200 53.683 5143800
17.225 53.683 5143800
17.225 53.675 5143800
17.233 53.675 5143800
17.233 53.658 5143800
17.292 53.658 5143800
17.292 53.650 5143800
17.317 53.650 5143800
17.317 53.658 5143800
17.333 53.658 5143800
17.333 53.667 5143800
17.342 53.667 5143800
17.342 53.675 5143800
17.367 53.675 5143800
17.367 53.683 5143800
17.383 53.683 5143800
17.383 53.692 5143800
17.408 53.692 5143800
17.408 53.700 5143800
17.417 53.700 5143800
17.417 53.708 5143800
17.433 53.708 5143800
17.433 53.717 5143800
17.458 53.717 5143800
17.458 53.725 5143800
17.467 53.725 5143800
17.467 53.717 5143800
17.475 53.717 5143800
17.475 53.700 5143800
17.483 53.700 5143800
17.483 53.675 5143800
17.475 53.675 5143800
17.475 53.667 5143800
17.442 53.667 5143800
17.442 53.658 5143800
17.433 53.658 5143800
17.433 53.650 5143800
17.375 53.650 5143800
17.375 53.642 5143800
17.367 53.642 5143800
17.367 53.633 5143800
17.342 53.633 5143800
17.342 53.625 5143800
17.333 53.625 5143800
17.333 53.617 5143800
17.342 53.617 5143800
17.342 53.592 5143800
17.350 53.592 5143800
17.350 53.575 5143800
17.367 53.575 5143800
17.367 53.567 5143800
17.375 53.567 5143800
17.375 53.558 5143800
17.400 53.558 5143800
17.400 53.550 5143800
17.392 53.550 5143800
17.392 53.525 5143800
17.383 53.525 5143800
17.383 53.517 5143800
17.408 53.517 5143800
17.408 53.492 5143800
17.417 53.492 5143800
17.417 53.483 5143800
17.392 53.483 5143800
17.392 53.475 5143800
17.383 53.475 5143800
17.383 53.458 5143800
17.392 53.458 5143800
17.392 53.450 5143800
17.400 53.450 5143800
17.400 53.442 5143800
17.417 53.442 5143800
17.417 53.433 5143800
17.442 53.433 5143800
17.442 53.442 5143800
17.517 53.442 5143800
17.517 53.433 5143800
17.542 53.433 5143800
17.542 53.425 5143800
17.558 53.425 5143800
17.558 53.417 5143800
17.600 53.417 5143800
17.600 53.425 5143800
17.658 53.425 5143800
17.658 53.408 5143800
17.667 53.408 5143800
17.667 53.417 5143800
17.683 53.417 5143800
17.683 53.408 5143800
17.700 53.408 5143800
17.700 53.392 5143800
17.708 53.392 5143800
17.708 53.383 5143800
17.700 53.383 5143800
17.700 53.375 5143800
17.675 53.375 5143800
17.675 53.358 5143800
17.658 53.358 5143800
17.658 53.333 5143800
17.633 53.333 5143800
17.633 53.317 5143800
17.625 53.317 5143800
17.625 53.300 5143800
17.617 53.300 5143800
17.617 53.292 5143800
17.625 53.292 5143800
17.625 53.283 5143800
17.633 53.283 5143800
17.633 53.275 5143800
17.642 53.275 5143800
17.642 53.267 5143800
17.650 53.267 5143800
17.650 53.258 5143800
17.658 53.258 5143800
17.658 53.250 5143800
17.667 53.250 5143800
17.667 53.233 5143800
17.675 53.233 5143800
17.675 53.225 5143800
17.758 53.225 5143800
17.758 53.233 5143800
17.775 53.233 5143800
17.775 53.242 5143800
17.783 53.242 5143800
17.783 53.250 5143800
17.792 53.250 5143800
17.792 53.242 5143800
17.808 53.242 5143800
17.808 53.225 5143800
17.817 53.225 5143800
17.817 53.217 5143800
17.850 53.217 5143800
17.850 53.158 5143800
17.833 53.158 5143800
17.833 53.142 5143800
17.825 53.142 5143800
17.825 53.108 5143800
17.892 53.108 5143800
17.892 53.117 5143800
17.908 53.117 5143800
17.908 53.108 5143800
17.942 53.108 5143800
17.942 53.083 5143800
17.975 53.083 5143800
17.975 53.075 5143800
18.008 53.075 5143800
18.008 53.067 5143800
18.042 53.067 5143800
18.042 53.058 5143800
18.050 53.058 5143800
18.050 53.050 5143800
18.058 53.050 5143800
18.058 53.042 5143800
18.075 53.042 5143800
18.075 53.033 5143800
18.083 53.033 5143800
18.083 53.017 5143800
18.092 53.017 5143800
18.092 53.008 5143800
18.108 53.008 5143800
18.108 53.000 5143800
18.125 53.000 5143800
18.125 52.975 5143800
18.117 52.975 5143800
18.117 52.967 5143800
18.100 52.967 5143800
18.100 52.950 5143800
18.108 52.950 5143800
18.108 52.933 5143800
18.117 52.933 5143800
18.117 52.925 5143800
18.158 52.925 5143800
18.158 52.917 5143800
18.175 52.917 5143800
18.175 52.900 5143800
18.183 52.900 5143800
18.183 52.883 5143800
18.192 52.883 5143800
18.192 52.875 5143800
18.200 52.875 5143800
18.200 52.883 5143800
18.208 52.883 5143800
18.208 52.892 5143800
18.233 52.892 5143800
18.233 52.883 5143800
18.267 52.883 5143800
18.267 52.875 5143800
18.275 52.875 5143800
18.275 52.858 5143800
18.283 52.858 5143800
18.283 52.850 5143800
18.292 52.850 5143800
18.292 52.858 5143800
18.317 52.858 5143800
18.317 52.867 5143800
18.333 52.867 5143800
18.333 52.883 5143800
18.342 52.883 5143800
18.342 52.900 5143800
18.333 52.900 5143800
18.333 52.908 5143800
18.350 52.908 5143800
18.350 52.917 5143800
18.358 52.917 5143800
18.358 52.925 5143800
18.392 52.925 5143800
18.392 52.917 5143800
18.408 52.917 5143800
18.408 52.925 5143800
18.417 52.925 5143800
18.417 52.933 5143800
18.442 52.933 5143800
18.442 52.925 5143800
18.483 52.925 5143800
18.483 52.908 5143800
18.492 52.908 5143800
18.492 52.883 5143800
18.500 52.883 5143800
18.500 52.875 5143800
18.525 52.875 5143800
18.525 52.842 5143800
18.517 52.842 5143800
18.517 52.833 5143800
18.467 52.833 5143800
18.467 52.842 5143800
18.442 52.842 5143800
18.442 52.825 5143800
18.433 52.825 5143800
18.433 52.817 5143800
18.442 52.817 5143800
18.442 52.808 5143800
18.425 52.808 5143800
18.425 52.800 5143800
18.417 52.800 5143800
18.417 52.783 5143800
18.408 52.783 5143800
18.408 52.775 5143800
18.425 52.775 5143800
18.425 52.767 5143800
18.450 52.767 5143800
18.450 52.775 5143800
18.483 52.775 5143800
18.483 52.767 5143800
18.525 52.767 5143800
18.525 52.758 5143800
18.550 52.758 5143800
18.550 52.750 5143800
18.567 52.750 5143800
18.567 52.742 5143800
18.575 52.742 5143800
18.575 52.750 5143800
18.617 52.750 5143800
18.617 52.758 5143800
18.650 52.758 5143800
18.650 52.750 5143800
18.717 52.750 5143800
18.717 52.742 5143800
18.733 52.742 5143800
18.733 52.733 5143800
18.725 52.733 5143800
18.725 52.725 5143800
18.717 52.725 5143800
18.717 52.683 5143800
18.692 52.683 5143800
18.692 52.692 5143800
18.675 52.692 5143800
18.675 52.700 5143800
18.642 52.700 5143800
18.642 52.692 5143800
18.608 52.692 5143800
18.608 52.667 5143800
18.600 52.667 5143800
18.600 52.658 5143800
18.592 52.658 5143800
18.592 52.650 5143800
18.550 52.650 5143800
18.550 52.642 5143800
18.558 52.642 5143800
18.558 52.600 5143800
18.542 52.600 5143800
18.542 52.567 5143800
18.550 52.567 5143800
18.550 52.558 5143800
18.542 52.558 5143800
18.542 52.550 5143800
18.533 52.550 5143800
18.533 52.533 5143800
18.517 52.533 5143800
18.517 52.525 5143800
18.508 52.525 5143800
18.508 52.508 5143800
18.500 52.508 5143800
18.500 52.483 5143800
18.550 52.483 5143800
18.550 52.475 5143800
18.567 52.475 5143800
18.567 52.467 5143800
18.600 52.467 5143800
18.600 52.458 5143800
18.617 52.458 5143800
18.617 52.467 5143800
18.625 52.467 5143800
18.625 52.458 5143800
18.650 52.458 5143800
18.650 52.450 5143800
18.675 52.450 5143800
18.675 52.442 5143800
18.717 52.442 5143800
18.717 52.433 5143800
18.733 52.433 5143800
18.733 52.425 5143800
18.775 52.425 5143800
18.775 52.417 5143800
18.792 52.417 5143800
18.792 52.383 5143800
18.800 52.383 5143800
18.800 52.358 5143800
18.842 52.358 5143800
18.842 52.367 5143800
18.850 52.367 5143800
18.850 52.375 5143800
18.867 52.375 5143800
18.867 52.383 5143800
18.892 52.383 5143800
18.892 52.392 5143800
18.900 52.392 5143800
18.900 52.400 5143800
18.925 52.400 5143800
18.925 52.408 5143800
18.958 52.408 5143800
18.958 52.400 5143800
18.983 52.400 5143800
18.983 52.392 5143800
18.975 52.392 5143800
18.975 52.358 5143800
18.992 52.358 5143800
18.992 52.350 5143800
19.000 52.350 5143800
19.000 52.342 5143800
19.050 52.342 5143800
19.050 52.325 5143800
19.058 52.325 5143800
19.058 52.317 5143800
19.075 52.317 5143800
19.075 52.308 5143800
19.092 52.308 5143800
19.092 52.317 5143800
19.100 52.317 5143800
19.100 52.283 5143800
19.083 52.283 5143800
19.083 52.275 5143800
19.067 52.275 5143800
19.067 52.267 5143800
19.050 52.267 5143800
19.050 52.242 5143800
19.058 52.242 5143800
19.058 52.233 5143800
19.075 52.233 5143800
19.075 52.225 5143800
19.083 52.225 5143800
19.083 52.217 5143800
19.092 52.217 5143800
19.092 52.200 5143800
19.100 52.200 5143800
19.100 52.183 5143800
19.117 52.183 5143800
19.117 52.150 5143800
19.125 52.150 5143800
19.125 52.158 5143800
19.150 52.158 5143800
19.150 52.142 5143800
19.158 52.142 5143800
19.158 52.125 5143800
19.192 52.125 5143800
19.192 52.117 5143800
19.233 52.117 5143800
19.233 52.067 5143800
19.283 52.067 5143800
19.283 52.075 5143800
19.333 52.075 5143800
19.333 52.067 5143800
19.383 52.067 5143800
19.383 52.042 5143800
19.375 52.042 5143800
19.375 52.025 5143800
19.325 52.025 5143800
19.325 51.992 5143800
19.342 51.992 5143800
19.342 51.958 5143800
19.367 51.958 5143800
19.367 51.942 5143800
19.375 51.942 5143800
19.375 51.933 5143800
19.383 51.933 5143800
19.383 51.900 5143800
19.375 51.900 5143800
19.375 51.892 5143800
19.383 51.892 5143800
19.383 51.867 5143800
19.400 51.867 5143800
19.400 51.875 5143800
19.450 51.875 5143800
19.450 51.867 5143800
19.458 51.867 5143800
19.458 51.858 5143800
19.483 51.858 5143800
19.483 51.850 5143800
19.492 51.850 5143800
19.492 51.842 5143800
19.500 51.842 5143800
19.500 51.825 5143800
19.508 51.825 5143800
19.508 51.817 5143800
19.533 51.817 5143800
19.533 51.808 5143800
19.542 51.808 5143800
19.542 51.783 5143800
19.558 51.783 5143800
19.558 51.767 5143800
19.592 51.767 5143800
19.592 51.758 5143800
19.608 51.758 5143800
19.608 51.742 5143800
19.617 51.742 5143800
19.617 51.733 5143800
19.625 51.733 5143800
19.625 51.725 5143800
19.633 51.725 5143800
19.633 51.708 5143800
19.642 51.708 5143800
19.642 51.700 5143800
19.633 51.700 5143800
19.633 51.692 5143800
19.625 51.692 5143800
19.625 51.675 5143800
19.608 51.675 5143800
19.608 51.667 5143800
19.592 51.667 5143800
19.592 51.658 5143800
19.558 51.658 5143800
19.558 51.650 5143800
19.542 51.650 5143800
19.542 51.642 5143800
19.525 51.642 5143800
19.525 51.633 5143800
19.517 51.633 5143800
19.517 51.625 5143800
19.500 51.625 5143800
19.500 51.600 5143800
19.508 51.600 5143800
19.508 51.583 5143800
19.517 51.583 5143800
19.517 51.575 5143800
19.533 51.575 5143800
19.533 51.567 5143800
19.542 51.567 5143800
19.542 51.542 5143800
19.558 51.542 5143800
19.558 51.533 5143800
19.567 51.533 5143800
19.567 51.525 5143800
19.575 51.525 5143800
19.575 51.517 5143800
19.583 51.517 5143800
19.583 51.508 5143800
19.592 51.508 5143800
19.592 51.483 5143800
19.583 51.483 5143800
19.583 51.450 5143800
19.592 51.450 5143800
19.592 51.442 5143800
19.583 51.442 5143800
19.583 51.425 5143800
19.567 51.425 5143800
19.567 51.417 5143800
19.550 51.417 5143800
19.550 51.408 5143800
19.517 51.408 5143800
19.517 51.400 5143800
19.508 51.400 5143800
19.508 51.392 5143800
19.492 51.392 5143800
19.492 51.400 5143800
19.483 51.400 5143800
19.483 51.408 5143800
19.450 51.408 5143800
19.450 51.375 5143800
19.458 51.375 5143800
19.458 51.350 5143800
19.450 51.350 5143800
19.450 51.333 5143800
19.458 51.333 5143800
19.458 51.317 5143800
19.467 51.317 5143800
19.467 51.300 5143800
19.475 51.300 5143800
19.475 51.292 5143800
19.483 51.292 5143800
19.483 51.283 5143800
19.500 51.283 5143800
19.500 51.275 5143800
19.542 51.275 5143800
19.542 51.283 5143800
19.550 51.283 5143800
19.550 51.275 5143800
19.558 51.275 5143800
19.558 51.217 5143800
19.550 51.217 5143800
19.550 51.208 5143800
19.542 51.208 5143800
19.542 51.200 5143800
19.550 51.200 5143800
19.550 51.192 5143800
19.575 51.192 5143800
19.575 51.167 5143800
19.583 51.167 5143800
19.583 51.150 5143800
19.600 51.150 5143800
19.600 51.133 5143800
19.608 51.133 5143800
19.608 51.125 5143800
19.650 51.125 5143800
19.650 51.117 5143800
19.675 51.117 5143800
19.675 51.108 5143800
19.683 51.108 5143800
19.683 51.100 5143800
19.700 51.100 5143800
19.700 51.083 5143800
19.692 51.083 5143800
19.692 51.075 5143800
19.683 51.075 5143800
19.683 51.067 5143800
19.642 51.067 5143800
19.642 51.075 5143800
19.625 51.075 5143800
19.625 51.083 5143800
19.617 51.083 5143800
19.617 51.075 5143800
19.608 51.075 5143800
19.608 51.058 5143800
19.600 51.058 5143800
19.600 51.050 5143800
19.592 51.050 5143800
19.592 51.042 5143800
19.600 51.042 5143800
19.600 51.025 5143800
19.608 51.025 5143800
19.608 50.975 5143800
19.600 50.975 5143800
19.600 50.967 5143800
19.592 50.967 5143800
19.592 50.958 5143800
19.575 50.958 5143800
19.575 50.950 5143800
19.583 50.950 5143800
19.583 50.933 5143800
19.592 50.933 5143800
19.592 50.925 5143800
19.600 50.925 5143800
19.600 50.917 5143800
19.617 50.917 5143800
19.617 50.908 5143800
19.625 50.908 5143800
19.625 50.900 5143800
19.642 50.900 5143800
19.642 50.892 5143800
19.650 50.892 5143800
19.650 50.883 5143800
19.667 50.883 5143800
19.667 50.875 5143800
19.658 50.875 5143800
19.658 50.867 5143800
19.650 50.867 5143800
19.650 50.850 5143800
19.633 50.850 5143800
19.633 50.833 5143800
19.625 50.833 5143800
19.625 50.825 5143800
19.583 50.825 5143800
19.583 50.792 5143800
19.567 50.792 5143800
19.567 50.775 5143800
19.558 50.775 5143800
19.558 50.758 5143800
19.567 50.758 5143800
19.567 50.750 5143800
19.583 50.750 5143800
19.583 50.742 5143800
19.592 50.742 5143800
19.592 50.733 5143800
19.600 50.733 5143800
19.600 50.725 5143800
19.608 50.725 5143800
19.608 50.708 5143800
19.558 50.708 5143800
19.558 50.700 5143800
19.550 50.700 5143800
19.550 50.692 5143800
19.542 50.692 5143800
19.542 50.683 5143800
19.533 50.683 5143800
19.533 50.675 5143800
19.525 50.675 5143800
19.525 50.667 5143800
19.517 50.667 5143800
19.517 50.650 5143800
19.525 50.650 5143800
19.525 50.642 5143800
19.517 50.642 5143800
19.517 50.633 5143800
19.483 50.633 5143800
19.483 50.642 5143800
19.475 50.642 5143800
19.475 50.650 5143800
19.450 50.650 5143800
19.450 50.642 5143800
19.417 50.642 5143800
19.417 50.633 5143800
19.425 50.633 5143800
19.425 50.625 5143800
19.433 50.625 5143800
19.433 50.617 5143800
19.442 50.617 5143800
19.442 50.608 5143800
19.450 50.608 5143800
19.450 50.600 5143800
19.475 50.600 5143800
19.475 50.567 5143800
19.458 50.567 5143800
19.458 50.558 5143800
19.467 50.558 5143800
19.467 50.550 5143800
19.475 50.550 5143800
19.475 50.533 5143800
19.483 50.533 5143800
19.483 50.517 5143800
19.492 50.517 5143800
19.492 50.508 5143800
19.475 50.508 5143800
19.475 50.517 5143800
19.458 50.517 5143800
19.458 50.508 5143800
19.433 50.508 5143800
19.433 50.500 5143800
19.425 50.500 5143800
19.425 50.492 5143800
19.383 50.492 5143800
19.383 50.500 5143800
19.350 50.500 5143800
19.350 50.508 5143800
19.342 50.508 5143800
19.342 50.517 5143800
19.325 50.517 5143800
19.325 50.533 5143800
19.300 50.533 5143800
19.300 50.542 5143800
19.225 50.542 5143800
19.225 50.550 5143800
19.217 50.550 5143800
19.217 50.558 5143800
19.200 50.558 5143800
19.200 50.567 5143800
19.192 50.567 5143800
19.192 50.558 5143800
19.158 50.558 5143800
19.158 50.567 5143800
19.150 50.567 5143800
19.150 50.558 5143800
19.142 50.558 5143800
19.142 50.550 5143800
19.133 50.550 5143800
19.133 50.542 5143800
19.125 50.542 5143800
19.125 50.525 5143800
19.083 50.525 5143800
19.083 50.517 5143800
19.042 50.517 5143800
19.042 50.508 5143800
19.025 50.508 5143800
19.025 50.517 5143800
19.000 50.517 5143800
19.000 50.508 5143800
18.983 50.508 5143800
18.983 50.500 5143800
18.958 50.500 5143800
18.958 50.492 5143800
18.933 50.492 5143800
18.933 50.475 5143800
18.925 50.475 5143800
18.925 50.467 5143800
18.917 50.467 5143800
18.917 50.442 5143800
18.908 50.442 5143800
18.908 50.425 5143800
18.892 50.425 5143800
18.892 50.417 5143800
18.883 50.417 5143800
18.883 50.408 5143800
18.842 50.408 5143800
18.842 50.392 5143800
18.850 50.392 5143800
18.850 50.358 5143800
18.858 50.358 5143800
18.858 50.350 5143800
18.900 50.350 5143800
18.900 50.358 5143800
18.933 50.358 5143800
18.933 50.350 5143800
18.942 50.350 5143800
18.942 50.342 5143800
18.950 50.342 5143800
18.950 50.333 5143800
18.958 50.333 5143800
18.958 50.317 5143800
18.917 50.317 5143800
18.917 50.308 5143800
18.892 50.308 5143800
18.892 50.300 5143800
18.875 50.300 5143800
18.875 50.283 5143800
18.908 50.283 5143800
18.908 50.275 5143800
18.925 50.275 5143800
18.925 50.267 5143800
18.950 50.267 5143800
18.950 50.250 5143800
18.983 50.250 5143800
18.983 50.242 5143800
19.008 50.242 5143800
19.008 50.217 5143800
19.017 50.217 5143800
19.017 50.208 5143800
19.025 50.208 5143800
19.025 50.200 5143800
18.967 50.200 5143800
18.967 50.208 5143800
18.942 50.208 5143800
18.942 50.200 5143800
18.933 50.200 5143800
18.933 50.192 5143800
18.925 50.192 5143800
18.925 50.158 5143800
18.875 50.158 5143800
18.875 50.167 5143800
18.867 50.167 5143800
18.867 50.158 5143800
18.792 50.158 5143800
18.792 50.150 5143800
18.783 50.150 5143800
18.783 50.133 5143800
18.775 50.133 5143800
18.775 50.125 5143800
18.767 50.125 5143800
18.767 50.117 5143800
18.758 50.117 5143800
18.758 50.108 5143800
18.750 50.108 5143800
18.750 50.100 5143800
18.767 50.100 5143800
18.767 50.092 5143800
18.800 50.092 5143800
18.800 50.067 5143800
18.783 50.067 5143800
18.783 50.058 5143800
18.775 50.058 5143800
18.775 50.042 5143800
18.767 50.042 5143800
18.767 50.017 5143800
18.717 50.017 5143800
18.717 50.008 5143800
18.708 50.008 5143800
18.708 50.017 5143800
18.683 50.017 5143800
18.683 50.025 5143800
18.667 50.025 5143800
18.667 50.033 5143800
18.658 50.033 5143800
18.658 50.025 5143800
18.633 50.025 5143800
18.633 50.017 5143800
18.608 50.017 5143800
18.608 50.008 5143800
18.617 50.008 5143800
18.617 49.975 5143800
18.650 49.975 5143800
18.650 49.967 5143800
18.658 49.967 5143800
18.658 49.958 5143800
18.667 49.958 5143800
18.667 49.950 5143800
18.675 49.950 5143800
18.675 49.942 5143800
18.692 49.942 5143800
18.692 49.933 5143800
18.700 49.933 5143800
18.700 49.925 5143800
18.708 49.925 5143800
18.708 49.917 5143800
18.717 49.917 5143800
18.717 49.883 5143800
18.708 49.883 5143800
18.708 49.867 5143800
18.700 49.867 5143800
18.700 49.858 5143800
18.675 49.858 5143800
18.675 49.850 5143800
18.667 49.850 5143800
18.667 49.842 5143800
18.675 49.842 5143800
18.675 49.833 5143800
18.683 49.833 5143800
18.683 49.825 5143800
18.692 49.825 5143800
18.692 49.808 5143800
18.700 49.808 5143800
18.700 49.783 5143800
18.692 49.783 5143800
18.692 49.767 5143800
18.717 49.767 5143800
18.717 49.758 5143800
18.733 49.758 5143800
18.733 49.750 5143800
18.742 49.750 5143800
18.742 49.717 5143800
18.750 49.717 5143800
18.750 49.692 5143800
18.783 49.692 5143800
18.783 49.683 5143800
18.792 49.683 5143800
18.792 49.675 5143800
18.808 49.675 5143800
18.808 49.633 5143800
18.817 49.633 5143800
18.817 49.625 5143800
18.825 49.625 5143800
18.825 49.600 5143800
18.833 49.600 5143800
18.833 49.592 5143800
18.858 49.592 5143800
18.858 49.600 5143800
18.867 49.600 5143800
18.867 49.608 5143800
18.875 49.608 5143800
18.875 49.600 5143800
18.900 49.600 5143800
18.900 49.608 5143800
18.908 49.608 5143800
18.908 49.600 5143800
18.917 49.600 5143800
18.917 49.592 5143800
18.925 49.592 5143800
18.925 49.583 5143800
18.967 49.583 5143800
18.967 49.575 5143800
18.983 49.575 5143800
18.983 49.567 5143800
18.975 49.567 5143800
18.975 49.550 5143800
18.958 49.550 5143800
18.958 49.542 5143800
18.950 49.542 5143800
18.950 49.550 5143800
18.925 49.550 5143800
18.925 49.558 5143800
18.892 49.558 5143800
18.892 49.550 5143800
18.867 49.550 5143800
18.867 49.533 5143800
18.792 49.533 5143800
18.792 49.525 5143800
18.767 49.525 5143800
18.767 49.517 5143800
18.700 49.517 5143800
18.700 49.508 5143800
18.667 49.508 5143800
18.667 49.500 5143800
18.625 49.500 5143800
18.625 49.492 5143800
18.617 49.492 5143800
18.617 49.500 5143800
18.600 49.500 5143800
18.600 49.508 5143800
18.567 49.508 5143800
18.567 49.500 5143800
18.542 49.500 5143800
18.542 49.458 5143800
18.525 49.458 5143800
18.525 49.450 5143800
18.517 49.450 5143800
18.517 49.442 5143800
18.500 49.442 5143800
18.500 49.433 5143800
18.492 49.433 5143800
18.492 49.425 5143800
18.483 49.425 5143800
18.483 49.417 5143800
18.475 49.417 5143800
18.475 49.408 5143800
18.467 49.408 5143800
18.467 49.400 5143800
18.458 49.400 5143800
18.458 49.392 5143800
18.417 49.392 5143800
18.417 49.400 5143800
18.408 49.400 5143800
18.408 49.392 5143800
18.400 49.392 5143800
18.400 49.400 5143800
18.375 49.400 5143800
18.375 49.425 5143800
18.367 49.425 5143800
18.367 49.442 5143800
18.342 49.442 5143800
18.342 49.450 5143800
18.333 49.450 5143800
18.333 49.458 5143800
18.317 49.458 5143800
18.317 49.467 5143800
18.308 49.467 5143800
18.308 49.492 5143800
18.267 49.492 5143800
18.267 49.483 5143800
18.242 49.483 5143800
18.242 49.492 5143800
18.208 49.492 5143800
18.208 49.483 5143800
18.200 49.483 5143800
18.200 49.492 5143800
18.192 49.492 5143800
18.192 49.500 5143800
18.183 49.500 5143800
18.183 49.508 5143800
18.167 49.508 5143800
18.167 49.517 5143800
18.142 49.517 5143800
18.142 49.508 5143800
18.133 49.508 5143800
18.133 49.517 5143800
18.083 49.517 5143800
18.083 49.508 5143800
18.075 49.508 5143800
18.075 49.517 5143800
18.050 49.517 5143800
18.050 49.508 5143800
18.017 49.508 5143800
18.017 49.517 5143800
18.008 49.517 5143800
18.008 49.525 5143800
17.992 49.525 5143800
17.992 49.542 5143800
17.958 49.542 5143800
17.958 49.558 5143800
17.950 49.558 5143800
17.950 49.567 5143800
17.933 49.567 5143800
17.933 49.558 5143800
17.925 49.558 5143800
17.925 49.567 5143800
17.900 49.567 5143800
17.900 49.550 5143800
17.883 49.550 5143800
17.883 49.558 5143800
17.833 49.558 5143800
17.833 49.550 5143800
17.825 49.550 5143800
17.825 49.558 5143800
17.800 49.558 5143800
17.800 49.567 5143800
17.783 49.567 5143800
17.783 49.575 5143800
17.775 49.575 5143800
17.775 49.583 5143800
17.767 49.583 5143800
17.767 49.600 5143800
17.758 49.600 5143800
17.758 49.642 5143800
17.767 49.642 5143800
17.767 49.650 5143800
17.758 49.650 5143800
17.758 49.667 5143800
17.750 49.667 5143800
17.750 49.658 5143800
17.725 49.658 5143800
17.725 49.650 5143800
17.717 49.650 5143800
17.717 49.658 5143800
17.675 49.658 5143800
17.675 49.667 5143800
17.650 49.667 5143800
17.650 49.675 5143800
17.633 49.675 5143800
17.633 49.658 5143800
17.617 49.658 5143800
17.617 49.650 5143800
17.608 49.650 5143800
17.608 49.633 5143800
17.600 49.633 5143800
17.600 49.625 5143800
17.583 49.625 5143800
17.583 49.617 5143800
17.517 49.617 5143800
17.517 49.625 5143800
17.508 49.625 5143800
17.508 49.633 5143800
17.492 49.633 5143800
17.492 49.642 5143800
17.483 49.642 5143800
17.483 49.650 5143800
17.492 49.650 5143800
17.492 49.683 5143800
17.483 49.683 5143800
17.483 49.708 5143800
17.475 49.708 5143800
17.475 49.717 5143800
17.483 49.717 5143800
17.483 49.733 5143800
17.475 49.733 5143800
17.475 49.758 5143800
17.467 49.758 5143800
17.467 49.775 5143800
17.475 49.775 5143800
17.475 49.783 5143800
17.483 49.783 5143800
17.483 49.792 5143800
17.500 49.792 5143800
17.500 49.817 5143800
17.492 49.817 5143800
17.492 49.825 5143800
17.483 49.825 5143800
17.483 49.833 5143800
17.492 49.833 5143800
17.492 49.842 5143800
17.483 49.842 5143800
17.483 49.867 5143800
17.442 49.867 5143800
17.442 49.850 5143800
17.433 49.850 5143800
17.433 49.842 5143800
17.417 49.842 5143800
17.417 49.850 5143800
17.408 49.850 5143800
17.408 49.858 5143800
17.392 49.858 5143800
17.392 49.867 5143800
17.383 49.867 5143800
17.383 49.858 5143800
17.350 49.858 5143800
17.350 49.867 5143800
17.342 49.867 5143800
17.342 49.875 5143800
17.333 49.875 5143800
17.333 49.883 5143800
17.317 49.883 5143800
17.317 49.892 5143800
17.308 49.892 5143800
17.308 49.917 5143800
17.267 49.917 5143800
17.267 49.925 5143800
17.250 49.925 5143800
17.250 49.933 5143800
17.208 49.933 5143800
17.208 49.958 5143800
17.200 49.958 5143800
17.200 49.967 5143800
17.192 49.967 5143800
17.192 49.975 5143800
17.167 49.975 5143800
17.167 50.008 5143800
17.175 50.008 5143800
17.175 50.017 5143800
17.183 50.017 5143800
17.183 50.025 5143800
17.192 50.025 5143800
17.192 50.033 5143800
17.200 50.033 5143800
17.200 50.042 5143800
17.208 50.042 5143800
17.208 50.050 5143800
17.225 50.050 5143800
17.225 50.058 5143800
17.233 50.058 5143800
17.233 50.083 5143800
17.217 50.083 5143800
17.217 50.100 5143800
17.200 50.100 5143800
17.200 50.108 5143800
17.183 50.108 5143800
17.183 50.117 5143800
17.175 50.117 5143800
17.175 50.125 5143800
17.150 50.125 5143800
17.150 50.133 5143800
17.142 50.133 5143800
17.142 50.142 5143800
17.133 50.142 5143800
17.133 50.150 5143800
17.125 50.150 5143800
17.125 50.158 5143800
17.117 50.158 5143800
17.117 50.167 5143800
17.108 50.167 5143800
17.108 50.183 5143800
17.075 50.183 5143800
17.075 50.192 5143800
17.067 50.192 5143800
17.067 50.217 5143800
17.042 50.217 5143800
17.042 50.225 5143800
17.033 50.225 5143800
17.033 50.233 5143800
17.025 50.233 5143800
17.025 50.225 5143800
16.992 50.225 5143800
16.992 50.233 5143800
16.983 50.233 5143800
16.983 50.242 5143800
16.958 50.242 5143800
16.958 50.233 5143800
16.950 50.233 5143800
16.950 50.225 5143800
16.942 50.225 5143800
16.942 50.217 5143800
16.908 50.217 5143800
16.908 50.225 5143800
16.900 50.225 5143800
16.900 50.208 5143800
16.883 50.208 5143800
16.883 50.200 5143800
16.875 50.200 5143800
16.875 50.192 5143800
16.867 50.192 5143800
16.867 50.200 5143800
16.858 50.200 5143800
16.858 50.208 5143800
16.833 50.208 5143800
16.833 50.200 5143800
16.817 50.200 5143800
16.817 50.192 5143800
16.800 50.192 5143800
16.800 50.175 5143800
16.792 50.175 5143800
16.792 50.158 5143800
16.783 50.158 5143800
16.783 50.150 5143800
