# RBD_F1v3.0 river basin PL pl Dniestr (Obszar Dorzecza Dniestru)
# data from <a href="http://www.eea.europa.eu/data-and-maps/data/wise-Basin-basin-districts-rbds">EEA</a>
22.745015091689304 49.250554827867816
22.744963350015755 49.248991111124369
22.744911194409493 49.247406002507937
22.743459094177052 49.246631342619381
22.738454994823524 49.243960977923649
22.727452984066279 49.240046998544493
22.725621073655347 49.239034429188258
22.725524774553659 49.238981202106743
22.723093032283415 49.237636562856238
22.720846176660913 49.231220241892814
22.720759212541342 49.22889217597308
22.720687866683971 49.226982113556474
22.72315486161509 49.220878032403881
22.723154708383678 49.220878108192444
22.722303030319278 49.22112997867432
22.721399044142917 49.221302013498111
22.72082497552212 49.221352010826017
22.720427028611176 49.221282967955887
22.720118968440335 49.221137979150775
22.71951299237292 49.221760009838611
22.714885959515616 49.22648999510281
22.71540504352377 49.229149017693715
22.716686007044466 49.235790001566926
22.721312997333012 49.241336985532953
22.730655971808478 49.244403984265034
22.739630022452371 49.247345022612592
22.739732971295293 49.248447015635328
22.740386980014012 49.255656991918322
22.740258984649842 49.255802010824489
22.74012896032281 49.256000980418342
22.740025995658357 49.256210011052239
22.739995968626609 49.256308982377888
22.739939002861686 49.256495989617086
22.739913995849328 49.256735974918875
22.73990996701172 49.256778997999014
22.739909975381558 49.256780026837689
22.739920969564029 49.257043010615838
22.73992703223081 49.257174980473152
22.740040033772207 49.25801101225882
22.740067025971889 49.258369017772978
22.74006701831966 49.258369991082077
22.740055971476956 49.258578975034517
22.740045982581435 49.258788982467024
22.739966996795861 49.25912101092068
22.739815020294852 49.259402981062642
22.739533971537323 49.259681980604491
22.739044029747273 49.260028981092162
22.738589990985808 49.260273990787219
22.738492965823866 49.260325991729978
22.737866995884467 49.260662000308116
22.737635009201281 49.260817993880494
22.737481969951489 49.260948022982774
22.737398019461548 49.261050986615167
22.737360966824273 49.261123987172603
22.737324007264363 49.261196004633376
22.737136999221246 49.261795012569962
22.737041994214017 49.261974009455791
22.737008976287704 49.262034993030518
22.73684697129659 49.262221995245731
22.73664298873528 49.262408991972904
22.73661497582016 49.262429986920871
22.736411963498036 49.262581003408627
22.736150986474652 49.262744997854355
22.735928997363157 49.26285899671695
22.735890012039633 49.262873008758454
22.735740987013109 49.262927978168221
22.735601977255165 49.262956974322528
22.735487034174664 49.262980986655236
22.735193032641206 49.263015977787255
22.734837042412686 49.263026993116249
22.734521009774863 49.262988016072235
22.734165018274389 49.262943023188384
22.733884983875686 49.262936025605214
22.733620035881437 49.262984967600048
22.733268961002619 49.263095984075129
22.732215975558013 49.263545988396032
22.731818972547803 49.263691025526782
22.731588007224399 49.263749978113438
22.731386040192696 49.263802011643023
22.730909022672641 49.263865977099144
22.730378983279341 49.263881998080294
22.729811008088312 49.263835992422528
22.728708008470527 49.263695015373706
22.727435985159833 49.263489021191532
22.725697980099422 49.26317201838723
22.725599976028263 49.263141970801939
22.725470993714108 49.263102991591794
22.725146026130076 49.262988983613781
22.724949002399558 49.262920021574033
22.724694981900058 49.262856026920623
22.724506002987201 49.26283997602107
22.724470974204284 49.262839001239612
22.723834964969488 49.262816986455192
22.723275975503473 49.262767979011535
22.723046977892761 49.262728981475227
22.722588990473504 49.262650011811715
22.722025993368742 49.262515018325004
22.721745017414815 49.2624470029644
22.720972022255523 49.262196009657607
22.720166999622329 49.261905021994387
22.71987498460668 49.261799021505801
22.719703959895718 49.261707003251992
22.71884304046953 49.26134899748223
22.718580009344553 49.261257016161693
22.71837200939072 49.261208004262876
22.718133014223952 49.261170998002903
22.718117032136472 49.261168989924869
22.717516022503187 49.261124010619795
22.714541952728393 49.260943980741573
22.713498966871757 49.260848984406131
22.713372978856828 49.26082498146755
22.713120033925751 49.26077697198987
22.712806983490061 49.260677017320489
22.712377963047516 49.260513014676519
22.71181397015247 49.260198982164326
22.711795986167587 49.260189022084305
22.71172496989276 49.260157026982199
22.711616989168959 49.260109001085297
22.711424019943244 49.260051969636507
22.711070998589094 49.260001992464332
22.710473969553604 49.259972024666254
22.710164975332727 49.259986981236999
22.709855996724816 49.260001991605208
22.709371029045126 49.260065972354489
22.708820034513252 49.260138972911705
22.708535001727569 49.260191976591855
22.708051965138694 49.260281015367795
22.707622980260698 49.260391971499288
22.7074089883412 49.260448021355558
22.707348033139017 49.260470992917455
22.707286992405628 49.260493974199363
22.706883971427722 49.260665976482876
22.706751968183195 49.260750024106137
22.706571980272578 49.260863972710318
22.706202032434312 49.261222972543457
22.705984027096214 49.26152001816709
22.705842979394923 49.2617109805349
22.705476997386331 49.262320990762426
22.705471013748991 49.262337976895246
22.705099980030916 49.263460018116213
22.705099011364656 49.263462016897066
22.704940007823772 49.263574997282369
22.704937021291606 49.263576996799245
22.7048229807911 49.263984022892636
22.704772994735318 49.264164023978793
22.704623959752361 49.264480998466695
22.70450098352763 49.264699012838335
22.704404992085905 49.264870016913498
22.704072971796386 49.265300987978186
22.703464964951461 49.266005976898825
22.702930045503983 49.266529013464968
22.702472031367055 49.266901985165411
22.702386981092772 49.266971976020606
22.701788001066678 49.267390993156241
22.701448034262601 49.267595018757667
22.701109017327333 49.267798993015163
22.700604990573396 49.268032019298452
22.700336037989498 49.268122004011474
22.700066039085787 49.268211020206294
22.699554007803847 49.268318020065706
22.699274023205035 49.268360008195451
22.698994038160727 49.268401995631002
22.697368012546381 49.268599998782626
22.697143984711289 49.26862702191174
22.697042018643632 49.268644021681716
22.696438040887855 49.268745013239503
22.696241034960767 49.268792006837728
22.695894008176793 49.268874976684046
22.695559966505613 49.268997021813711
22.694967009050711 49.269359993575932
22.69495197772039 49.269372975107984
22.694706017106832 49.269588000395181
22.694677967209412 49.269625975717176
22.694632000658597 49.269688016307391
22.694588015274501 49.269779004219878
22.694565969265739 49.269893003228759
22.694517030125464 49.270145008246374
22.694475039608992 49.270271005345236
22.694272992131236 49.270573005216839
22.693998031213209 49.270896985244072
22.693636006922301 49.271278020131049
22.693480978749509 49.271415008759128
22.693398020269068 49.271488013618786
22.693188996660606 49.271615023209485
22.6931079833954 49.271664010118201
22.692715010628671 49.271846986290207
22.692473977397306 49.271911973676936
22.692391000100375 49.271913019103138
22.69222800147125 49.271915002411163
22.691908029865345 49.271865997512798
22.691256997063221 49.271693972319895
22.690969006289443 49.27163297102836
22.690665990508013 49.271597018693939
22.69032098090063 49.271556982790102
22.689760043343352 49.271515002359415
22.688088973090711 49.271603012884583
22.686955992816774 49.271460972448779
22.68677500293623 49.271469000974719
22.686669957461621 49.271483995856237
22.686279025823747 49.271729006858251
22.685775988719062 49.272101986985071
22.685665964380906 49.272190021791864
22.685556009198645 49.272277991220854
22.685548985580642 49.272285025584765
22.6851620429455 49.272655020414554
22.684772005987238 49.272857994205687
22.684667965784683 49.272926012651617
22.684621006902191 49.272981982505399
22.684554974205319 49.273059973079853
22.684423016317851 49.273290989432944
22.684366005748188 49.273391977588439
22.684243991868602 49.273697023635961
22.684059015036748 49.274322987255722
22.684031994612042 49.274651022737103
22.68403399286824 49.27554301823664
22.68395202431455 49.275917008300588
22.683851996130013 49.276168984416145
22.683823028309575 49.276240980669996
22.683726992171994 49.276379014921915
22.683583975027272 49.276501004728111
22.683511994456623 49.276545979411011
22.683395033568733 49.276619013693121
22.683196963404281 49.276721987186889
22.682696972252522 49.276980997844916
22.682385989049468 49.277233018640018
22.682267032094579 49.277355013128393
22.682206984899626 49.277416017230976
22.682173987606866 49.277469996399944
22.682119013442293 49.277557021613887
22.682093964999186 49.277650994439703
22.682061955914026 49.277770984425899
22.681981981775113 49.278747983408678
22.68188897423153 49.279166984498403
22.681708983324885 49.279784992643854
22.68142100456723 49.280525001416635
22.680808972622778 49.28178397867881
22.680166044148514 49.283008998558117
22.679985041999966 49.283309995062346
22.679804039007966 49.283610990239396
22.679436026914406 49.284164013375616
22.679303992161348 49.284335996166106
22.679170988172949 49.28450797519951
22.679013029724466 49.284692974632584
22.678854017616377 49.284877979818837
22.678389000290942 49.285354975893135
22.677923016120822 49.285830992136113
22.677203969545477 49.286521984444192
22.676590031830475 49.28699898060313
22.675771970643137 49.287758996503626
22.6750129808207 49.288464007256366
22.674311006987462 49.28906196865583
22.673661963212055 49.289551001939692
22.672869015562675 49.290099980703033
22.670104974499946 49.291882990432896
22.669510016110461 49.292267002694345
22.669325030714091 49.292378980187692
22.668115974848678 49.293109982547477
22.667674995429127 49.293356988705256
22.667503037830244 49.293453010030355
22.667040004259345 49.293693997792133
22.665944968671447 49.294192995922998
22.66530302634861 49.294456995554768
22.664660017765176 49.294719968578349
22.665383974140017 49.295546987996552
22.665791989925125 49.295940021779799
22.666319022456957 49.296344981842616
22.667209979985412 49.29695899495028
22.667614033663156 49.297236989600663
22.6681460047229 49.29766500520342
22.66823198436806 49.297758991922322
22.668395970899958 49.297939005221778
22.66856904453584 49.298227007205867
22.668634015508477 49.298336022524545
22.668774985847207 49.298576994940575
22.668914999164116 49.29881698908531
22.669355043267576 49.299362013707643
22.669768957451065 49.29978897327512
22.669989021924749 49.29996901712159
22.670143003145977 49.300067970966197
22.670510964913468 49.300232002391105
22.671083004711306 49.300414987862418
22.673603008197802 49.301089996679345
22.675791013602346 49.301796021531707
22.677105010053229 49.302272976191951
22.677660017315283 49.302501970805999
22.678163990249388 49.302734023278433
22.678805988437915 49.30305499267903
22.678974969066264 49.30314502309195
22.679458962587614 49.303401994589947
22.679985977016688 49.303704979468741
22.680321028197255 49.303898010364144
22.681237965085323 49.304458992479582
22.681609966787047 49.304699984012728
22.682385960636761 49.305202005254934
22.682436003872684 49.305246991222511
22.682564024120818 49.305363014467886
22.682704968134264 49.305561022820676
22.682833996993633 49.305809007438086
22.682874960423636 49.305889003948856
22.682910983824485 49.306076984893984
22.682919030314533 49.306122002397274
22.682911998768656 49.306207974321659
22.682897958968649 49.306381002542466
22.682849977731372 49.306560981702766
22.68279998082539 49.306644977747908
22.682749024962217 49.306727996742353
22.682564003092271 49.306949994644619
22.682152003142964 49.307429995138627
22.681944993148225 49.307854008809947
22.681933983088726 49.307876998406883
22.6818860213059 49.308031977287669
22.68184503515344 49.308162996190894
22.681801011262692 49.308429984534492
22.681798960142348 49.308651012499823
22.681850025561424 49.308830018068846
22.681953036703664 49.308994991168909
22.681992958371449 49.309058975951224
22.682107022169937 49.309170010609236
22.682217032453245 49.30927698617834
22.68263103620173 49.309586016125209
22.68386497121832 49.310413000932925
22.684101018608505 49.31061597560285
22.684193977933838 49.310748000051291
22.684221004248954 49.310786967786456
22.684461032028576 49.311568991977168
22.684566019929413 49.311913008043142
22.684615997974358 49.31213698254507
22.684838966179509 49.313145005106129
22.684846044751922 49.313290004536256
22.684852961045387 49.313423010409508
22.684796962733028 49.314025988444001
22.684792963426144 49.314071976112452
22.684819981422695 49.314247025568086
22.684828976410493 49.314306005738565
22.684837005157497 49.314364982051551
22.684938018158739 49.31454099292597
22.685111997920824 49.314692970997626
22.685370996233566 49.314842024613284
22.685551023423717 49.314917007526425
22.685730006569855 49.314991022878637
22.686151969813686 49.315117012479625
22.686447041067133 49.315204986128713
22.686709010875752 49.315258974628627
22.687036991701689 49.315327014533928
22.687764971587331 49.315407017298298
22.687769983286557 49.315407019574167
22.687906034205117 49.31541098401572
22.68853404466034 49.315430000163936
22.689202976982212 49.315384007627834
22.690179958033827 49.315249977209113
22.690602987313579 49.315174022352892
22.691249033652014 49.315034981107175
22.691756989616465 49.314926015387499
22.691921991810684 49.314902024459819
22.692115998516968 49.314873015861927
22.692418997073208 49.314846011818496
22.692766002815169 49.314845973455441
22.693089007677919 49.314884016918413
22.693244993159809 49.31492099879847
22.693400987331025 49.31495700715476
22.693683955791997 49.315033985506318
22.694250004926715 49.315189015509766
22.694427963674762 49.315224980579636
22.694500026799432 49.31523896920627
22.694739976894805 49.315261983356386
22.695294954893878 49.315272975946044
22.695296008352795 49.315272970694444
22.69592501420663 49.315261972693563
22.698337994034695 49.315139990602418
22.699174971675703 49.315127993709126
22.699698977900095 49.315207989767103
22.700179982612621 49.315162975005947
22.700328008874436 49.315158982197943
22.700328976527544 49.315158985763787
22.700346036674734 49.315162018671948
22.700471978127588 49.31518199262738
22.700640010101985 49.31523097777859
22.700758028022662 49.315286976329077
22.700985010516597 49.315394970738929
22.701087994705791 49.315460976866419
22.701293971234982 49.315594015878993
22.701518969486397 49.315795991314772
22.701641964891401 49.315936025160553
22.70174596942687 49.316054998130127
22.701758966938105 49.316075997961633
22.701881044798387 49.316277000404568
22.701953976282326 49.316482972374224
22.702002964537904 49.316775989652037
22.702008962904181 49.317074992142608
22.70200896034925 49.317085002783244
22.701992975767595 49.317225999268381
22.701976998667696 49.317368023691515
22.701911976597295 49.317641997653595
22.701728002307533 49.318120981517183
22.701616039307137 49.318413001053301
22.701555994091564 49.318582984572664
22.701422006458646 49.318962002177038
22.701392015854228 49.319146980639566
22.701351010168594 49.319400999277072
22.701354990760365 49.319507972743423
22.70135897831209 49.319613973062808
22.701382996142321 49.319752985710473
22.701392988596147 49.319812996396585
22.701451975800435 49.319984005915465
22.701453028612271 49.319986001846118
22.701549988116319 49.320168015408868
22.701857019750982 49.320572010807169
22.702332990069916 49.321041018451595
22.70265601080958 49.321296979799548
22.70349299718837 49.321883990606203
22.704009976793348 49.322326983920398
22.704778991567252 49.323024984586191
22.705546976257736 49.323722984689432
22.706153968323083 49.324322004749895
22.706632992781916 49.324832983934861
22.706817954153919 49.325095976451784
22.706971959470838 49.325404999476277
22.7071209936597 49.325820987377334
22.707225992531853 49.326229008034318
22.707282984042603 49.32665302570549
22.707278953355402 49.327044985777228
22.707215965219223 49.327373990534959
22.706943992225899 49.328341976498287
22.706898007701884 49.328799980694043
22.706898007455717 49.32880198280872
22.706897998942061 49.328818973746415
22.706907009595444 49.329165972205452
22.706976012403008 49.329475014844995
22.70708003098331 49.329693004182687
22.707128966663475 49.329796000061755
22.707370984828511 49.330150996249706
22.707736957328041 49.330588997122675
22.708210987476694 49.33108401378189
22.70821203453507 49.331084981537082
22.708675014513986 49.33151198258048
22.709209995684734 49.332004970357517
22.70925096051154 49.332042974598679
22.71012899715889 49.333096010670474
22.71112397381895 49.33460598662257
22.711577975903495 49.335331006852194
22.711805976473403 49.335725980930548
22.712262980585486 49.336517014362499
22.712647961420966 49.337315000160878
22.712686016325552 49.337421008391601
22.712791033823276 49.337707984739815
22.712857991035463 49.337972013188555
22.712891020831414 49.338103993454766
22.713095001991995 49.339478004912117
22.713248975931581 49.339923977007665
22.713345961951322 49.340838996459169
22.71291301119345 49.341497972158585
22.712765028984993 49.341723977125412
22.712706005357258 49.341795002751056
22.712646973289615 49.341864998647587
22.712645997112265 49.341865968482921
22.712605009023555 49.341895981389627
22.71248202895616 49.341987968359398
22.712300043419102 49.342096004720787
22.712174961894679 49.342171012130493
22.712116996311646 49.342199013048102
22.711945019969836 49.342280966672959
22.711802011729759 49.342335021302965
22.711655030592894 49.342374998492318
22.711453962828188 49.342430005948813
22.711384992876468 49.342456972631432
22.711314984839177 49.342484000217603
22.709716997685572 49.343422001919478
22.709216996209008 49.343661971914756
22.708890039679208 49.343804997547672
22.708049974258174 49.344173005522897
22.707589990876187 49.344397997044361
22.707292027429101 49.344581988203679
22.707200975048963 49.344638982445282
22.706638003105347 49.345073968872057
22.706479039516974 49.345184003986212
22.706384993863665 49.345249004361456
22.70623896593527 49.345300990894991
22.706093031678417 49.345351995087427
22.705723021079596 49.345550995835772
22.705552967421948 49.3456419859438
22.705126022212525 49.345897980610609
22.703985001421753 49.346713981363543
22.703524968739938 49.347003024885211
22.702318042172088 49.347763013438133
22.701495993015481 49.348331006566582
22.701276010658557 49.348507985750288
22.701056033276767 49.348685993490911
22.700197005125435 49.349480016094077
22.699101997758355 49.350322973675674
22.699027026079399 49.350397005639003
22.698873981926933 49.350547996155917
22.698404008553677 49.351059002114575
22.698323043971268 49.351134000573417
22.698170005851857 49.351276008468744
22.697396962073185 49.351802974141187
22.696156987449879 49.352848014688206
22.69573301965837 49.353111003886681
22.695469031508054 49.353275013899044
22.695194003729281 49.353508007282727
22.694898004383635 49.35378697403128
22.694600970585856 49.354065027692272
22.693940980095874 49.354603007184515
22.69367398880577 49.354763006958635
22.693478032760808 49.354835984668092
22.693318013291179 49.354838976321226
22.693316958978833 49.354838981570296
22.693014012507447 49.354804981787964
22.692886024535834 49.35478997085481
22.692578004187204 49.35472399863081
22.69240595948391 49.354687000224168
22.692145986745821 49.35457797888067
22.691884974227623 49.354469017984151
22.691594959630606 49.354295000576499
22.691305039137454 49.354122001596139
22.690237025340824 49.353446971324992
22.689484022429518 49.352967021761636
22.688731983170864 49.35248598750298
22.687770966950644 49.35189400941411
22.687314955961245 49.351661985494594
22.687052034234547 49.351553004464897
22.686789013450543 49.35144397683937
22.686331009161428 49.351317997609591
22.686049034360959 49.351277992200551
22.685768028653627 49.35123799063286
22.685130954737151 49.351203986618252
22.684370024795978 49.351176969616041
22.683797989024786 49.351111996827349
22.683455980669596 49.35102098108441
22.682665023559945 49.350726980250791
22.682315985509145 49.350646999167814
22.681878986953063 49.350567008093236
22.680863990399803 49.350412009392862
22.680709990337739 49.350387987584952
22.680383955063945 49.350356981491018
22.680382986721252 49.350356977765621
22.680364960343269 49.350357997222844
22.67975003553947 49.350376015013488
22.679089968060747 49.350406998055476
22.678621042736747 49.350437015169128
22.678076979051419 49.350383992791869
22.677805044425039 49.350357012587232
22.677624020729731 49.350360997428766
22.677266995873278 49.350367995775571
22.67710597770704 49.35034202192837
22.677032012864938 49.350330007316849
22.676677019209531 49.35022797860799
22.676422011735191 49.350154970133218
22.675626961327158 49.349995009022578
22.67510396306897 49.349918015706905
22.674656026014024 49.349895010091849
22.673827982848032 49.34991799218168
22.67292801440837 49.350014002849335
22.672415044389204 49.350113004600324
22.67211697856094 49.350185016618269
22.671329041447198 49.350375994197726
22.670365978566846 49.351058978871627
22.670052011415343 49.351266979732415
22.669550034986955 49.35160100659801
22.669236003650422 49.351776980826408
22.6691129705405 49.351845006692827
22.668957029708004 49.351912994246646
22.668734043633709 49.352009016321851
22.668514962299902 49.352069015752527
22.668343034126984 49.352115995467777
22.66802000790252 49.352153993483284
22.667535992642858 49.352139002197255
22.666941032372812 49.352073000899317
22.666466025431884 49.352019973482186
22.666013967616966 49.351994025977575
22.665646005972704 49.35202402047355
22.665129037178293 49.35212698544435
22.664948026456905 49.352195983165167
22.664815998457613 49.352270973237914
22.664794976416957 49.352283026204411
22.663941996123601 49.352909002518651
22.663500013723738 49.353190999881811
22.663131038894416 49.353392981415098
22.662930008974232 49.353503999902784
22.662387958276174 49.353751991895344
22.661566025859933 49.354060975521847
22.661305016874405 49.354155975701872
22.660848999171243 49.354320980987175
22.660640964373233 49.35440602098565
22.660149008631436 49.354607018933343
22.658977993930112 49.355007014394815
22.657772014135535 49.355362000766732
22.657355044514869 49.355453007602151
22.657303033855751 49.355464971407905
22.656784032811874 49.355555997350805
22.656260999692176 49.355633007930479
22.65567396142394 49.355679982722371
22.655651008388016 49.355682014757463
22.655580972839797 49.355690989021106
22.655086979979927 49.355750971361871
22.654680023338884 49.355849982602834
22.654435001797985 49.355892017295147
22.654147999572277 49.355942015653056
22.653553034148171 49.356052966550109
22.653146988336815 49.356128990245637
22.652239005053318 49.356224014240297
22.652137027351614 49.356245016661305
22.651882031119694 49.356296984230319
22.650927028662 49.356483009622295
22.650098982745277 49.356639989219907
22.649332000662319 49.356841974345208
22.648822027357014 49.357002002993376
22.647847997294537 49.357307009943078
22.646596951883495 49.357612979424161
22.645879999086741 49.357818989731285
22.645086020421267 49.357999979325484
22.644597995282467 49.358111970838074
22.642675023578473 49.358505022236322
22.641963992206279 49.358672984489139
22.641252971045834 49.35884099887938
22.640660994323888 49.359038989719089
22.639941985101451 49.359191998190987
22.639737983749999 49.359251999996673
22.639475011004876 49.359328977703818
22.639097992377458 49.359433972565832
22.638803003875204 49.359516004440366
22.638241000716015 49.359669004405376
22.637950978360443 49.35976797322833
22.637790009815337 49.359820008038618
22.637417001865359 49.359939985985697
22.637251990673601 49.360032971890938
22.637187982067562 49.360068990643342
22.637026998057113 49.360126002697001
22.636971020383722 49.360146012130741
22.636362030001724 49.360444966641268
22.635121972925312 49.361053026640377
22.634085989024875 49.361446016337837
22.63369400219689 49.361595010609427
22.633456020110035 49.361709006373303
22.632230975460484 49.362297026235517
22.631155968840183 49.362834986636216
22.630295010774994 49.363266003227984
22.627337040724392 49.364735000699952
22.626927968056091 49.364917985066874
22.62665602793907 49.365020993422235
22.626299025687448 49.365211009379394
22.626170973887888 49.365278975450856
22.625975036756266 49.365382990357134
22.625529956254017 49.365577993433952
22.624887030412022 49.36586000720817
22.623629034578581 49.366383008185331
22.622999006318867 49.366581992496904
22.622582975271992 49.366713985416567
22.621995992408642 49.36703100293542
22.621752960710548 49.367139992547251
22.621159034543581 49.367404999988288
22.620650038544589 49.367732977453045
22.620525042541477 49.367813001101723
22.6193960407075 49.368416012325525
22.618777958801164 49.368773988049028
22.618164000646683 49.369183023095751
22.617760037375941 49.369414976772738
22.617248981532899 49.369709023407353
22.616507030861861 49.370092998354984
22.616327001215023 49.370185985746566
22.61605699267243 49.370354001948328
22.615609988148254 49.370631990411276
22.615256959652424 49.370864008991958
22.614183038070788 49.371570996114933
22.613849971248246 49.371682020614465
22.613684003084824 49.371738011538419
22.61357095904614 49.371768975605626
22.613456968783897 49.371799016047007
22.613274984124583 49.37181701067545
22.613255970305865 49.371818988476036
22.613152002801193 49.371809004843158
22.613046980920817 49.371799026495658
22.612737977626008 49.371722995367215
22.612411042138429 49.371605008821767
22.612237962822121 49.371531973932584
22.612065968112351 49.371409973252639
22.611967008468291 49.371364994012367
22.611408009381773 49.371196992076214
22.610261996318926 49.37088399235877
22.609406012385637 49.371055974459779
22.608722999835503 49.371193023745398
22.607945979518611 49.371375975602902
22.607783025103444 49.371426012240974
22.607457979234823 49.371525014143536
22.607017999969134 49.371674001771247
22.606872980041786 49.371722983144878
22.606549977687152 49.371848975641974
22.606396984907381 49.371924992634931
22.606319033054405 49.371963995152242
22.606285983319143 49.371985972889078
22.606179986928794 49.372059026768568
22.60605199053628 49.372199993065237
22.605623043682332 49.372932000740242
22.60552800745468 49.373050998740574
22.605390982228052 49.373180001348423
22.605243997804493 49.373318020586098
22.60515204015017 49.373474016945657
22.604901964978893 49.37389802758355
22.60478197774567 49.374068970663878
22.60443902114908 49.374404985611484
22.604028985408014 49.374713973210469
22.603725012729328 49.374896998822592
22.603241039512355 49.375145015378386
22.601572004533995 49.375896008006443
22.601180005004561 49.376089020185347
22.600944972378588 49.376205003171911
22.60060301462207 49.376399970278612
22.600235021246704 49.376636021582527
22.599867000022108 49.37687299020557
22.599528996641798 49.377070994899491
22.597196983496129 49.3782309702191
22.59696198745015 49.37836701270615
22.596083005974595 49.378875980794959
22.595635012049911 49.379066996660832
22.595321960864688 49.37920000423879
22.595068008014632 49.379379014806574
22.594894013754082 49.379493984054463
22.594551000952645 49.379641980044426
22.592511981571768 49.380466009640521
22.591588971999485 49.38082497406856
22.591571023164175 49.380826998775021
22.591386974249968 49.380847988588599
22.590919028906939 49.381020014948767
22.590630986478484 49.381136002695499
22.590147042457858 49.381332018872271
22.589933013085194 49.381438970199021
22.589719966530723 49.381545982216188
22.588823016398944 49.381823973319513
22.588427978664967 49.381973009349537
22.588273960295215 49.382048998727043
22.587969014259858 49.382197995766418
22.587589024419565 49.382408012192897
22.586545961364887 49.382889011555903
22.586184009578663 49.383063017371704
22.585820993591039 49.38323599759606
22.58468104912151 49.383804018374448
22.583098988377849 49.384620995064445
22.582502977443873 49.384937977846299
22.582225989366574 49.385085978288359
22.580178968525765 49.386093020715393
22.579345992905012 49.386578000348621
22.578680037402499 49.386940013106766
22.577496961241994 49.387551006547206
22.576312983996413 49.388160999415831
22.575120965655515 49.388862984382449
22.574540978097549 49.389122009138063
22.574081029156094 49.389342975835397
22.573197978309583 49.389766972097519
22.572990970230681 49.389898027695409
22.572650976522603 49.390113999537085
22.57244496371829 49.390232017684632
22.572312992757073 49.390308012446908
22.572052023369864 49.390464986836314
22.571252972717279 49.390891972318528
22.569759038898887 49.391864982154893
22.569184975799605 49.392212003803991
22.56829103160797 49.392688990343629
22.566438995969616 49.393596973013459
22.565692990370135 49.393982025486601
22.565321010140043 49.394196022439978
22.564348030434054 49.394821001236274
22.56360199350765 49.395203009049652
22.562646979114415 49.395676003349038
22.560488024152615 49.396973013256321
22.559576015227496 49.397437992960377
22.558250023801687 49.398292985903929
22.557897028997264 49.398500012866222
22.557794990884869 49.398559982040766
22.557241024246387 49.398745975610723
22.555735023699285 49.399456020204831
22.555500974911791 49.399535977296082
22.554819041217012 49.399768998091119
22.553649982762813 49.400326009668824
22.552599003079973 49.400702980201963
22.552353972451446 49.400806009256549
22.552251992311817 49.400848009855615
22.551272963079015 49.401389978479955
22.550712970712102 49.401630022432514
22.550203018071155 49.401847970671255
22.549870027198768 49.402007999178942
22.549397960833527 49.402266975292562
22.548170034866438 49.402991968148932
22.547149963338651 49.40344597947135
22.544888971768994 49.404715996111129
22.544766952063927 49.404719981383586
22.543996979420395 49.40507901429956
22.543485993132887 49.405325976746063
22.542497984211181 49.405804011934158
22.541522985200469 49.406302992723511
22.540950967441034 49.406654009407561
22.540318975191465 49.407153973586823
22.54019199444766 49.407241999557662
22.54006596704091 49.407329975636976
22.538806965016143 49.408215015235676
22.538807039479273 49.408215978916076
22.539592982979613 49.409282976902254
22.540012037408999 49.40996199776572
22.54030002940188 49.410492014615102
22.540371044722441 49.41077002011226
22.540747029231468 49.411776968741144
22.540786957421179 49.411935975486529
22.540867006008607 49.412250995768254
22.540894970722093 49.412431989911184
22.540930012133629 49.412655020397978
22.540980033021267 49.412770978665918
22.541142012975648 49.413147021641912
22.541196968615061 49.413437009721733
22.541342011271858 49.414043006342879
22.541670003231289 49.415295004490929
22.541825024112335 49.415700021097493
22.541868020748378 49.415812993720067
22.541957967348207 49.416271006907465
22.542145046002055 49.417247015030625
22.542145036155116 49.417247988182034
22.542127989518153 49.417460970858166
22.542241989029215 49.417694007235959
22.542514029866723 49.418047971154998
22.542631045557144 49.41820101099453
22.542870001855807 49.418453012115648
22.543197973455516 49.418732015343231
22.54350897694723 49.4189529940287
22.543664965492209 49.419040011944006
22.543821029002174 49.41912799241473
22.544268969667559 49.419323013341291
22.544848967104016 49.419575026809781
22.545228982053288 49.419727978159692
22.546118044878817 49.420086007572053
22.54800798569649 49.420814994388287
22.548966975718663 49.421131010671353
22.549264991072722 49.421276007480138
22.549622001934807 49.421501011177263
22.549795039333205 49.421653985559942
22.550027962481874 49.421913001746766
22.550063006186903 49.421968023627194
22.55010802757689 49.422039022065981
22.550139998980892 49.42214202369405
22.550170977528431 49.422436022024407
22.550151992309363 49.422897011969397
22.550123968754626 49.423166015087048
22.550120963168666 49.423195003036859
22.55010300579071 49.423273019525233
22.550060007428879 49.423461987232457
22.550045013238091 49.423497011200062
22.549785996174961 49.424084010798531
22.549707964144961 49.424429026531307
22.549629033057929 49.424773972890605
22.549591997746031 49.424844010332976
22.549574000404217 49.424876969592226
22.549368014487985 49.425144004729638
22.549306979943179 49.425300972981127
22.549303983361074 49.425328986865154
22.549288040953503 49.425513999796998
22.54930202580908 49.425648987573155
22.549318035642386 49.425811997647131
22.549340025511398 49.425897992986485
22.549366001473228 49.42600298355142
22.549442028443675 49.426155020420204
22.549573999772036 49.426323017368546
22.549765021016725 49.426501993559548
22.54990596188993 49.426598016009059
22.550101999239232 49.426701000883398
22.550340008005012 49.426790006761024
22.55045901097418 49.426833994999484
22.550686967083692 49.426875007743092
22.551141992522901 49.42695598658382
22.551408956167137 49.427024982185451
22.551613975174664 49.427108026977464
22.551756005855122 49.427166011078299
22.552174005182906 49.427365975200829
22.552590970374499 49.427567026345656
22.552824003235347 49.427644006453939
22.553290960020632 49.427799007571565
22.55396097727078 49.428122991359231
22.554376991712434 49.428349020012085
22.554750040770926 49.428596002277281
22.554964028551094 49.428790977138817
22.555043996389688 49.428904025194846
22.55517803388739 49.42909197265535
22.555361047764929 49.429504017403161
22.555553020270636 49.430058021492123
22.55592498269835 49.431277973105111
22.556116012979057 49.43180097338562
22.556197978645567 49.431953026387426
22.556531953684555 49.432448982478149
22.556917042703173 49.433441002092238
22.557154007344664 49.433787967281944
22.557209027072776 49.434078008210918
22.557239985814199 49.434699974580958
22.556728037778882 49.435013016952368
22.556571997091041 49.435107982780551
22.55637903451133 49.43521098674583
22.556335995661549 49.435226974868009
22.556235989652762 49.435264976146925
22.556043995597861 49.435314000778206
22.555710015099326 49.435333002783594
22.555652016252086 49.435343980979596
22.555592965013691 49.435355992129182
22.55512997996777 49.435527992868458
22.554620976647374 49.435737987544243
22.553901965776042 49.436034993111477
22.553754976986429 49.436081987683202
22.553496982519253 49.436165014335458
22.55166803304564 49.436993003931256
22.549808973382429 49.437747996688806
22.548240046502503 49.438524012024601
22.547725997983733 49.438777996560013
22.547179973994865 49.43903402412321
22.546343032391768 49.439376981981439
22.54585100388821 49.439579018427686
22.544944980033002 49.439872992726841
22.544678981531206 49.439992978509906
22.54419498532727 49.440212003891752
22.543846965703985 49.440413017935057
22.54349902440828 49.440612992450134
22.541953962677809 49.441443979450248
22.540950977996712 49.44192098067014
22.540488985930711 49.442112013074102
22.539723979611082 49.442492986933196
22.538961017890266 49.442866978117742
22.538174008884987 49.443192023003412
22.537255980240005 49.443664999035406
22.536029982850334 49.444233013636492
22.535231020454297 49.444660018210193
22.534765018567196 49.444896990200085
22.534306026682238 49.445147013176658
22.53400802370939 49.4453089840937
22.533372029796219 49.445657995805156
22.533022027068835 49.445849983876087
22.532077024517307 49.446405018361204
22.531410005986704 49.446795978413462
22.530159034348131 49.447555991790743
22.530028966907004 49.447662009711351
22.530005016110234 49.447680992649886
22.530005020612474 49.447682021503617
22.529776024048569 49.447970965753555
22.529617023006427 49.448276994276569
22.529602967724372 49.448505015023855
22.529602023497997 49.448519987861488
22.529602027994098 49.448521016715034
22.52976996737307 49.449158022107667
22.529833000069331 49.44931301255896
22.5300240193306 49.449782971749698
22.530134032133674 49.449958999858474
22.530269965642006 49.450126975132655
22.530887996269652 49.450733017982458
22.531033996731857 49.451042022295532
22.531778033406034 49.451789988263215
22.532005042295985 49.452045019651905
22.532086970014454 49.452169013581496
22.532168981307837 49.452292998118196
22.532450020303067 49.452830975224025
22.534568973855318 49.452606002532178
22.534592045155723 49.452611020300594
22.534713963717255 49.452638977313583
22.534721009278819 49.452640989492586
22.537841963768035 49.45238100229286
22.538337029695693 49.45236200713363
22.538832009494715 49.452343019421789
22.539974013549607 49.452334984259544
22.541107045333277 49.452328001549986
22.541633974967951 49.452317997427485
22.542705988007118 49.452296972966529
22.542845963601522 49.452384997653532
22.542959028075398 49.452456999105749
22.543051970543861 49.452536978038566
22.543053030124568 49.452538002282111
22.543506980701022 49.453262023126307
22.543735019517754 49.453723987300819
22.5438879943821 49.45403300063311
22.544357967536072 49.454613003124237
22.544737031832508 49.455081977608984
22.545172045322062 49.45576900656706
22.545748019915642 49.456778977108158
22.546075961650025 49.457185980129893
22.546404003512542 49.457591999405253
22.546708976066707 49.458206015214472
22.547261969747037 49.458938985276951
22.547406975829574 49.459167002805977
22.547391024846956 49.45929797423473
22.547376988903959 49.459411975541819
22.547376021760378 49.459412998814436
22.546287982449684 49.460116981174004
22.546187014432654 49.460163996337258
22.54591596675856 49.460289002096957
22.545567036165973 49.460434012071673
22.544881990097348 49.460681989773427
22.54317295907866 49.461231002068871
22.542734005399659 49.461383987843249
22.542628036698034 49.46142401243884
22.54252099558483 49.461463986135264
22.542286021927033 49.46157498243835
22.542155977861881 49.461646014351814
22.541965004250137 49.461750015283059
22.541737981517556 49.461903979201765
22.541565031202961 49.462020996509764
22.541464994184867 49.462078023958746
22.541409011204035 49.462109008890991
22.540932036611892 49.462322005810513
22.540655981040366 49.462436006684747
22.539985968472632 49.462711026451878
22.539572011818393 49.462890986373466
22.539067987448579 49.463127023116243
22.538111024658047 49.463595989130759
22.538112000141535 49.463597023774774
22.539673016788687 49.464747975784775
22.540367008770371 49.465355023805451
22.540425015640889 49.465401012447167
22.540628037899872 49.465565001711205
22.542815994321707 49.467142983116567
22.54303896760954 49.467303988397461
22.543135000928888 49.467391971871372
22.543370961115194 49.467678010869832
22.543729994514234 49.467975974622988
22.543818019149114 49.468039007953067
22.544065009195887 49.468216016318813
22.544444975155692 49.468451986525643
22.544753981060541 49.468643021650458
22.545179023234368 49.468974976723828
22.545603029613925 49.46930699052561
22.546416963302285 49.470020014079331
22.546586980178336 49.470206971760462
22.546627967855734 49.470264017099673
22.5467259616867 49.470401986618107
22.546864035236762 49.470656976276764
22.547171034595348 49.471385998831998
22.547419035998278 49.472178998867136
22.547487008718388 49.472500012014088
22.547571012947284 49.473202022913959
22.54758599424331 49.473526009586976
22.547545982354354 49.47409102629971
22.547496989275828 49.47427402646958
22.547297987769927 49.474688989416528
22.547179017333548 49.474868005412922
22.547149963643975 49.474911008743241
22.547131028951171 49.474932004774416
22.546914993162101 49.475166001662139
22.546536990531227 49.475491025129585
22.545592960776684 49.476260979987252
22.545513010953421 49.476315011270458
22.545264997866028 49.476481968866011
22.545151028097443 49.476611983873283
22.545120995615697 49.476685004835232
22.545071039204675 49.476810011131818
22.544964979972267 49.476999011032369
22.544927995220537 49.477066005749855
22.544927985806257 49.477066979761645
22.544996002196395 49.477348016280544
22.545369993439401 49.477923993898372
22.545747989535322 49.478603026520929
22.546143038505406 49.479213981645721
22.546288025789657 49.479604011779173
22.546313969976541 49.479674983744616
22.546313973553275 49.479676012730962
22.546315020914662 49.479676981944252
22.546388968902949 49.479766012591782
22.546483975853516 49.479880988084176
22.546513006084442 49.479927996109296
22.546589032027725 49.480052992329206
22.546829965807962 49.480272997494858
22.54707099853503 49.480492018282824
22.547222004263194 49.480684999834587
22.547353959684791 49.48085398640093
22.547509980623659 49.481081001994255
22.547587990573593 49.48119399512246
22.547815029225216 49.481486981213607
22.547866968806996 49.481568016852925
22.547971968918699 49.481730992624222
22.548233043499149 49.481972009802618
22.548331034235353 49.482039985779366
22.548429030484925 49.48210899137915
22.548490997878531 49.482142010136116
22.548656019570487 49.482230999344971
22.548751978250692 49.48227398525335
22.548901030317801 49.482342006760398
22.549155986068769 49.482429996485727
22.549569987529733 49.482523010308
22.549663984168525 49.482543970469116
22.550322016988876 49.482615999789957
22.550552026835586 49.482619979509614
22.550775966963329 49.482624010165274
22.551354995826799 49.482586012128642
22.551967969223107 49.482516981440334
22.552653978893016 49.482414014668073
22.552912999673211 49.482362007782278
22.55312896799046 49.48231900633175
22.553361995316784 49.482264025656079
22.553595017043044 49.482208015675084
22.554866973124263 49.481846996108708
22.556139002079075 49.481486980699216
22.556590983780072 49.481444977931574
22.557010038808706 49.481329984814664
22.557161024417933 49.48128901122449
22.558003980874936 49.481146025101928
22.558846046326547 49.48100301849724
22.560339001072293 49.480781976799712
22.561246998608468 49.480736024084351
22.562078004771461 49.480658968227814
22.562283009017634 49.480712967333467
22.562398029408726 49.480759005437861
22.562671996925232 49.480869019295611
22.562926960195757 49.480960981603417
22.563014000489666 49.481015994284725
22.563046028892121 49.481036986401769
22.563325994587586 49.481270020352561
22.563532004368128 49.481460981494543
22.563634979449095 49.481556007504778
22.563840960041738 49.481762011524161
22.563893044707171 49.48183101697871
22.563932032674398 49.481883994649827
22.563994978862148 49.482040017887975
22.564016013807283 49.48220401134089
22.563978009842426 49.482388018856803
22.563870982085351 49.48262398656918
22.563767037549862 49.482773999987295
22.56374897272584 49.482799991220197
22.56369203244131 49.482851966244638
22.563584987501578 49.482947999571721
22.563466001476261 49.483021986174315
22.563369990969878 49.48308201036896
22.563088991955862 49.483199988479221
22.563028029541695 49.483215015378441
22.562861964776854 49.483257003598055
22.562380014572231 49.483349004053693
22.562152964734242 49.483414027037533
22.561946982736004 49.483504989575707
22.561627987669965 49.483680987201723
22.561457032065114 49.483799008534262
22.561295996228154 49.483985969312457
22.561168963124764 49.484187981146704
22.561096040585593 49.484397983432004
22.561079030886862 49.484721967626342
22.561103976555998 49.484992973105307
22.561113030513543 49.485033988355269
22.561146019242177 49.485179997028247
22.561188998773297 49.485285995937538
22.561262005190745 49.485465995804539
22.561600027720569 49.486080009412461
22.561634982507424 49.486185994969688
22.561702970646483 49.486392979312001
22.561725994340676 49.486899981221825
22.561694018635819 49.487248978458567
22.56165104287232 49.487713012341366
22.561647030586396 49.48802598719945
22.561644016202788 49.488335018084591
22.561698966763565 49.488898993798045
22.56178902323855 49.48916200078547
22.561789017892639 49.489164002879342
22.561763991277736 49.489460008580643
22.561776984481515 49.489566974754702
22.56214001490612 49.490482012125668
22.562207993400698 49.490910022472875
22.562446990307564 49.491323970530949
22.562482968733512 49.491385979530996
22.562636969158852 49.491497980380601
22.562757001022071 49.49158497384483
22.562830025671122 49.491612971068754
22.563004008724096 49.491680007409165
22.563133014557483 49.491745006389785
22.563375000351805 49.491898017927362
22.563447044000704 49.491930013340429
22.563477959680316 49.491943010319254
22.565168022342782 49.492455000823583
22.56549304298531 49.492562996004594
22.565979039213026 49.492725016802453
22.566419042054882 49.492903012045105
22.566507036083699 49.49293898975148
22.567404015648304 49.493383023405315
22.568318963391469 49.493834982538701
22.570646029018739 49.495051979651628
22.571190017838759 49.495341968682851
22.57145002425521 49.495538006329603
22.571544993019348 49.495608995106025
22.571667029561542 49.495681974819597
22.574172969150116 49.496876007215214
22.575772987330492 49.497753010423168
22.575772958097055 49.497761991994857
22.575783011892991 49.498035020606032
22.575751992759834 49.498120972949174
22.575709977142527 49.498238013693246
22.575585969072336 49.498435987176826
22.575353962856905 49.498717986943788
22.575209029734943 49.498894007060123
22.574871030159514 49.499199016201537
22.5740379898482 49.499649002038559
22.573789962901468 49.499783023186531
22.572468979699362 49.500385978483195
22.571360021172854 49.500892972389408
22.570367972147139 49.501380982741786
22.569898976991961 49.501644020669659
22.569551018782075 49.501862002729688
22.569211960055192 49.502117012299401
22.568830013004106 49.502441003677795
22.568141963832257 49.503055984560106
22.567701025012248 49.503403011194791
22.567257012527755 49.503677010244623
22.567170011721814 49.503718008387018
22.567037968317429 49.50378002138914
22.567039016684443 49.503780990381898
22.567457014046369 49.504107976003844
22.567690039203132 49.504245980632078
22.568256990385265 49.504494982564353
22.568477958825056 49.504592994067018
22.570277979392849 49.505317974117219
22.571051001219658 49.50564600179603
22.571746976993104 49.50598497099022
22.572015019000972 49.506134988310009
22.57255198073754 49.50643498019334
22.572970976376737 49.506678974850054
22.573389008807737 49.506923990439105
22.573964965533857 49.507228973126225
22.574339012920593 49.507396980612327
22.575548009635781 49.507889003625074
22.57701098104345 49.508597970298219
22.578041005531805 49.509140000862146
22.5787559619597 49.509560011603732
22.579125971538151 49.509804005277282
22.579495986647931 49.510047998366915
22.580019982282934 49.510423994685553
22.580543995145632 49.510799014358149
22.580744028867183 49.510967015344413
22.580943977902113 49.511135024715941
22.581240045718488 49.511429019205089
22.58132599309543 49.51153001333018
22.581410969346294 49.511631002855907
22.581512977893475 49.511841022274972
22.581614974205575 49.51205098571284
22.582816979210726 49.511661999485753
22.583198035505923 49.511517002809292
22.583388961686534 49.511444000841934
22.583901962524973 49.511203982133665
22.585138003530258 49.510550987295595
22.585436003560865 49.510418011847186
22.585663005508589 49.510345007386334
22.58583300278681 49.510315017402775
22.586208019816052 49.51028798238611
22.5864639807772 49.510284005476855
22.586686972004561 49.510299978509821
22.58685700007668 49.510329974602371
22.58696299641721 49.510358024228694
22.587068968192057 49.510386991307875
22.58731297623379 49.510475002266894
22.587608014787751 49.510581976417136
22.588174956509551 49.510814996554636
22.588889981097921 49.511107985162987
22.589362975511239 49.511260984056371
22.589755999861108 49.511352981145414
22.590241950396656 49.511397975294408
22.590878994721319 49.511391019874587
22.59087996646743 49.511391025199408
22.590887982916307 49.511390980432601
22.591023966735957 49.511382997134
22.591557029958167 49.511348965378424
22.592083033951017 49.511281984086175
22.592549997728653 49.511223018409389
22.592891997658477 49.51121100118106
22.592985045409012 49.511227007098817
22.593071028797731 49.511241976746192
22.593191996766091 49.511278972783884
22.593232994251434 49.511291972775609
22.593282973490712 49.511316999946551
22.593380012753922 49.511364010415171
22.593470965976849 49.511405985978833
22.593608988082643 49.511470972293466
22.593878036804995 49.511619003775799
22.593962009517778 49.51166496704861
22.594165004300734 49.511798987692295
22.59456296609325 49.512061982608515
22.594771973392476 49.512229982059338
22.595243018347553 49.512607993281378
22.595556962519659 49.512887994149558
22.595721990384014 49.513034979210346
22.595783035028777 49.513122985470432
22.595990977927613 49.513424012235077
22.596256006245209 49.513637975167896
22.597286015183464 49.514323980323063
22.597582045999033 49.514496018001438
22.597703980591405 49.514543024254948
22.597778024398004 49.514571975049435
22.598005036237893 49.514626994338826
22.598303036361187 49.514697981788174
22.59847300473912 49.514774007589274
22.598641993149538 49.514851000077364
22.60011902701677 49.515484016014057
22.600963961323465 49.515845979845857
22.601176010411262 49.51592898691171
22.601740041110606 49.516151012312079
22.602237979713305 49.516327006179921
22.60271103550587 49.516459991632182
22.603183986161095 49.516559987743001
22.604014971441046 49.516693024435163
22.604777989774337 49.516784986563778
22.605388011554517 49.516834016035929
22.60543600025786 49.516837988641448
22.606083043987613 49.516860996215826
22.608599021608885 49.516827013418037
22.609632039881326 49.516852998970762
22.610333991448517 49.516918007140234
22.611004011555266 49.517020982030822
22.611283965553092 49.517097003570143
22.611567006427254 49.517215970742427
22.611979012820672 49.517466983231408
22.61274501861374 49.518039997586854
22.613069994174268 49.518261012074731
22.613407036615836 49.518444006153075
22.613794002926063 49.518593003382328
22.614075028837338 49.518669013085464
22.614323012448565 49.518715003632998
22.615129033607275 49.518737997012941
22.615561974185411 49.518790984316077
22.617502021204555 49.519114973541342
22.617930985017431 49.51918601558701
22.620089967655158 49.519542979926712
22.621241984769316 49.519771974909688
22.621527038843531 49.519828983571742
22.622056967848636 49.51995799624931
22.622599032653486 49.52011097454249
22.623991042347473 49.52057601442403
22.62501301127438 49.520923968185031
22.625548984613928 49.521107018504573
22.625690973383005 49.521167978883533
22.626080015785647 49.521335978843609
22.626655037610558 49.52167401639602
22.626896027579331 49.521815998875539
22.628617967478611 49.522937972851807
22.629335004527636 49.523356972158879
22.629729983402566 49.523536989136083
22.630694968762239 49.523894994162667
22.6311069830818 49.5240749721629
22.631655035758826 49.524375998808189
22.632868005739759 49.525116016524393
22.633232984474695 49.525301985111454
22.633505011275627 49.525439994896644
22.633894036776923 49.525603972864424
22.63429802246208 49.525744983926174
22.634616994494266 49.525837025574354
22.634750033769222 49.525874965262616
22.634836968620306 49.525886997289604
22.634953014516476 49.525901975923283
22.635086039908153 49.525899995194983
22.635223024570131 49.525897967766205
22.635362968677867 49.525869983487986
22.635502032637138 49.525841010587953
22.635912008369189 49.525718989329889
22.637093003930261 49.525314000167057
22.637551957273423 49.52519599261953
22.638015025667382 49.525100967010523
22.638093967676227 49.525085015847878
22.638710004747963 49.524981975752596
22.639048034900309 49.524934985475973
22.639385001013384 49.524886970957596
22.641531014401274 49.524665985349095
22.641946983913321 49.524614985010366
22.642316957062281 49.524569980209741
22.642865995607728 49.524479003790788
22.642956034328741 49.524463968988123
22.643530018693021 49.524330019620542
22.644202993814343 49.524139009347387
22.644349040881409 49.524092020252269
22.644592029888116 49.524014000302245
22.644489315766155 49.524164405278498
22.647375884055688 49.525653853294266
22.648139953800282 49.520694729143933
22.650966643675723 49.515342709377336
22.653434753629099 49.511585232611381
22.654624613803531 49.509078873289596
22.656084060044982 49.506004330437122
22.663091791454775 49.50210569530087
22.663465973184248 49.501897516665572
22.664866991095959 49.501117997440055
22.666843208933063 49.500295677430238
22.667220745737307 49.50013857023125
22.674053192573748 49.497295376583416
22.684083939105946 49.495029446525528
22.698328018508377 49.493568417462306
22.700713643314067 49.492488644350217
22.700844685224677 49.492429354246163
22.701851034749204 49.491974007908709
22.703280745091753 49.489695688284158
22.703488061594872 49.489365305088349
22.704506029489178 49.48774299402421
22.706291018652035 49.481339013020758
22.706910970416054 49.478844021050527
22.706911052582612 49.478843668475029
22.707442086228887 49.476709051197865
22.71004697674158 49.466236025713371
22.710861447966696 49.462656472512776
22.711479186659403 49.459941860910192
22.715963363720871 49.438198086187455
22.717399914027588 49.436119110791886
22.717577219835924 49.435862573888102
22.718965983057622 49.433852991211431
22.722505978634526 49.426307987232846
22.728880027527808 49.412120978332261
22.73153502232547 49.406173976994459
22.734190024407692 49.400227019309632
22.742841993304115 49.385013981143132
22.745316007851287 49.379524009524495
22.746910030422235 49.374717973378324
22.750624018255326 49.366024002311399
22.750929298715278 49.362703451844958
22.750948050827191 49.36249962472516
22.75135040305285 49.358127590459382
22.751494830453492 49.356285219481258
22.751506902581927 49.356131579763762
22.751718988242448 49.353431994036761
22.750741631796828 49.347956774234312
22.750656207411602 49.347478176717985
22.750513076457441 49.346675869175613
22.749153137879031 49.33510970745678
22.749840970479113 49.332340148001187
22.751283975216992 49.326530004662054
22.752455058872886 49.322879805923641
22.753231049055248 49.320461269663696
22.754131316978661 49.313594815209598
22.753627600156427 49.310374365880726
22.753614082983106 49.310287903588879
22.752931961822657 49.305922979930671
22.751199966127963 49.300425989662244
22.749121041272844 49.294124992222955
22.748173493810924 49.28964867902404
22.747570038490597 49.286796566886622
22.745693206706836 49.273509975641893
22.745920797338652 49.271027298254616
22.746239013262091 49.267558973436962
22.745070034156104 49.252215975367562
22.745015091689304 49.250554827867816

