# RBD_F1v3.0 river basin PL pl Danube (Obszar Dorzecza Dunaju)
# data from <a href="http://www.eea.europa.eu/data-and-maps/data/wise-Basin-basin-districts-rbds">EEA</a>
19.798361966390459 49.376800023118534
19.797883983750811 49.377525018792014
19.793810026331958 49.382720986593654
19.792533971031251 49.388351001315975
19.791871998279696 49.394073014419455
19.791332000671527 49.401970012181458
19.791690981080233 49.409072997803193
19.790949983069904 49.409423003869179
19.790704006437068 49.409538974702393
19.790395986117989 49.409685009705456
19.788136028684576 49.410754999057183
19.772466991028338 49.411860996462423
19.765448008154717 49.411335001437813
19.75409100208493 49.408585018419544
19.746428045766354 49.405758017009759
19.739559029274314 49.399273000316278
19.735089996254224 49.395217979408649
19.729230984882225 49.390693990836851
19.724016030070395 49.388461975247843
19.723023039239873 49.38900998862546
19.714036971355121 49.393969970754398
19.708518961347899 49.396774000177274
19.705702021470529 49.396973005316376
19.701248012718402 49.399334013457441
19.69682501146357 49.400547009107427
19.693472017272022 49.40108099608571
19.692553030655183 49.402676012450286
19.687766960515656 49.404227999745814
19.683553980774906 49.404067973006399
19.675430044058984 49.405582010175806
19.663416041566087 49.407973993325271
19.660453015956236 49.408341004598476
19.659912022287955 49.408408003029422
19.654070038858883 49.409130017281818
19.649297989872373 49.410107018780877
19.644607986154217 49.410055025273188
19.643545029333918 49.410042971426286
19.641866995203486 49.410024979127627
19.641386036416858 49.41001997269403
19.640950981984687 49.410014999194438
19.639002978626174 49.409992983585184
19.638579986126373 49.409987987138628
19.642097028224807 49.416442983369471
19.645292007583222 49.421859987860707
19.647265979953893 49.42692199636388
19.651016013929738 49.431315987657413
19.647970000990146 49.433512009767306
19.643664962333581 49.436615025095577
19.643428968261002 49.437124011324322
19.640863017858109 49.442653977632922
19.642137991849431 49.447594012166299
19.644680013623681 49.451171973718765
19.646019017657672 49.453709016211647
19.643202026307435 49.453788983316471
19.642312978169723 49.453537983549943
19.63814001444101 49.452357993640589
19.633464963324279 49.44955799515494
19.626490042755972 49.447304005065163
19.617392962728868 49.445483973805885
19.614975968260556 49.447577989688583
19.613609003556924 49.448760977108613
19.610825994723005 49.453999020132528
19.604984017219532 49.455307013546495
19.602284996401412 49.457450999098519
19.599770015230348 49.456977000802979
19.589334026492068 49.455009012496291
19.586396029583707 49.456757006983246
19.586084032869024 49.456942016651382
19.585999967340854 49.456991987894739
19.585934032079539 49.457031021485378
19.584557989605159 49.460426016567141
19.583855008492971 49.462162019931064
19.578355982370951 49.463699012000916
19.57294802669735 49.4682200226665
19.571332974440772 49.475528989947613
19.566044011412956 49.481994979068659
19.559183000168254 49.487983995712888
19.558473998714447 49.494274000228103
19.557000985523693 49.500164003278179
19.554358961941595 49.506645009164536
19.55171404441603 49.513241013056344
19.546197989738921 49.521747984421289
19.541312980775434 49.526378998564518
19.537994040963035 49.531707998328912
19.535183022025219 49.537846006943667
19.533743003992488 49.545372008383751
19.533007037915521 49.552902005873484
19.532845965719918 49.558730972501365
19.531282001718612 49.567931991241601
19.531086001591945 49.569079986464622
19.529855991735129 49.569613979811912
19.529475975156622 49.569780007910076
19.529603982935932 49.570522021236577
19.52957902832107 49.570750968642933
19.529446005893025 49.571991019697528
19.529382990937531 49.572556017059554
19.52933096837312 49.57301699256999
19.530156985767412 49.573367980202399
19.530503981096906 49.573592990271081
19.531366044975769 49.573978008930098
19.532164008473764 49.574210977694378
19.533361040881054 49.574409019467865
19.534879974001303 49.574577018493095
19.536320008401169 49.574711011661854
19.537605028380373 49.574737977738273
19.540887956897805 49.575236985397019
19.541426004737257 49.575317001762222
19.543951024380071 49.575755989496969
19.546946972146891 49.576397021290148
19.548894973265902 49.576861975051969
19.55147198267894 49.577601971193957
19.556209995673932 49.579127973799537
19.557916960597396 49.579749991538066
19.559873992944404 49.580597024998561
19.560711028625807 49.581099982713205
19.561528961762608 49.581982004608555
19.563154008969651 49.583884985970698
19.563777974697011 49.584292996476279
19.56413804705117 49.584469014378904
19.564713030516309 49.584614005234748
19.565375988362259 49.584693987401508
19.567614018857903 49.584763018774993
19.570065001155587 49.584742988426299
19.572708011135777 49.584537972066947
19.573490004826663 49.584510993022789
19.574817979207662 49.584595004844772
19.575993959800801 49.584789012737275
19.577103018371094 49.585132998795117
19.578265962008061 49.585716018036571
19.579269036068336 49.586356969721429
19.581475964972732 49.587975016740835
19.583027023252242 49.589005021412603
19.584047017572999 49.589546008252931
19.584662979695647 49.589751991178119
19.586183978915788 49.590068980669564
19.586823040748364 49.590260012044475
19.588815976948116 49.591274012148546
19.590811043397874 49.591934010386261
19.591715030516408 49.592438004935332
19.591927013231956 49.592659007844325
19.592344021138523 49.593501998663072
19.593226961433214 49.595725986261627
19.593660045793026 49.597595011534501
19.593835984429301 49.597892998576867
19.59429195976147 49.598434005048261
19.595161036602732 49.599284966513864
19.595728027206114 49.599956979014877
19.595944998928438 49.600388018907033
19.596032976660311 49.60085299449949
19.595283999793718 49.602551011007677
19.593778995082005 49.604773982704096
19.593007985651425 49.605662999399534
19.591698014761796 49.606647016726725
19.591258977706001 49.607071017989973
19.589514034297924 49.609245007574962
19.587000023503709 49.612681966429392
19.586939020758315 49.613162997905597
19.58719101068565 49.614719000213441
19.588586963507314 49.617518975003442
19.589054024897219 49.618663997436215
19.589669996920193 49.620730981100813
19.589863009011626 49.621989999701981
19.59026701221552 49.62281397535471
19.591110005604449 49.623046974163906
19.592215002392781 49.623158002267864
19.593752007231227 49.623211017579514
19.596191025599808 49.623198974640317
19.598206036200988 49.622870965945978
19.60105097464367 49.622654004169299
19.604690977640697 49.621994021663085
19.605257032429403 49.621914004144479
19.605796990009889 49.621894988328954
19.607828037126509 49.621990010114942
19.616442021170535 49.623291013913679
19.618952020418288 49.623653014794257
19.620072954043504 49.622024973893573
19.620257962100641 49.621345984207089
19.621064997965661 49.620270011651549
19.621569028533646 49.619888009177444
19.622749003711029 49.619307986900154
19.623177011191565 49.619049010924336
19.623975970249223 49.618389015486713
19.624557014725188 49.617737016115449
19.624955988427356 49.617057972236353
19.625324029658913 49.616137982041863
19.625520971400764 49.615505012623579
19.625742001773396 49.614380010918914
19.629220985677346 49.611548979170429
19.630774041336394 49.610462017236465
19.633152037477693 49.608916997209114
19.636868008101928 49.606640019281201
19.640525972403907 49.604210018684228
19.642194993693433 49.603283003301087
19.646467001343364 49.601185010911905
19.647499010680892 49.600555000969308
19.648426003382919 49.59986098377005
19.649896980456145 49.598328022605145
19.650659962155668 49.597686977217151
19.651429999623758 49.597279018828488
19.653644961433336 49.596362983130049
19.654569957235374 49.595917001056087
19.65558600799449 49.595256974585034
19.656233007861101 49.594603989986361
19.65649198187031 49.593971006979785
19.65645803782774 49.593314981476077
19.656251976871555 49.592979023548651
19.65537302089999 49.592105980099795
19.655189998593166 49.591662998757457
19.655119032236748 49.591121967830908
19.655155034052139 49.590716968816295
19.655293988261626 49.59026699627448
19.656061003723782 49.588866973097176
19.657681035267171 49.587859998303514
19.658547987614075 49.587405980466841
19.659406959209793 49.587077998721178
19.661482026169541 49.586437019767757
19.662343964189827 49.586075014859048
19.662927955324612 49.585700984348151
19.664182976048103 49.584682021561413
19.665108004242651 49.584183006005375
19.665976967786204 49.58381302286525
19.666638999384876 49.583588006856367
19.668736981822288 49.583156989414796
19.669932990138431 49.582782972929962
19.670986004127887 49.582348007645855
19.672148045152547 49.581764005575316
19.672872984961618 49.581261018909458
19.673005967294436 49.580994017440446
19.673013983743974 49.580722972820666
19.672543959498434 49.579659005621963
19.672538985961904 49.579276976472791
19.673792008220367 49.577788983501478
19.674293963391825 49.57650002208559
19.674541042039429 49.576077007716599
19.675031978218009 49.575545996346079
19.675914966250726 49.574791001437845
19.676548001317236 49.574397979151385
19.677251964138836 49.574165010337417
19.678104025165947 49.574074010643528
19.68029800938648 49.573939999913584
19.682874988783539 49.573619991838619
19.683854979592557 49.573543989764509
19.684692002168518 49.573581987748781
19.685524028582364 49.573749985187909
19.685971979693591 49.573951983967305
19.686282982931331 49.57421500672298
19.686543966995227 49.574604003947123
19.687153039433248 49.57578700380374
19.687426019562476 49.576095980844485
19.687756035352635 49.576312975716647
19.68842903441174 49.576500010375071
19.690506029576216 49.576842978838386
19.691379980138557 49.57706497022766
19.691759010997163 49.577259006966521
19.692444033763163 49.577784999111245
19.692812013148565 49.578002976018261
19.693975048268133 49.578579021028773
19.694932983775509 49.578948988154671
19.695483977554105 49.57906700852196
19.696349995926848 49.579162975857365
19.697264033014779 49.579150995432961
19.69911797319244 49.578190026603266
19.699968042599998 49.577682020045309
19.700381976383088 49.577347025031742
19.70133002417462 49.576424005418119
19.702406017066853 49.575671977515213
19.703800008398861 49.575027014799112
19.705033992512483 49.574656995938355
19.705716981158332 49.574619022534037
19.706321991307767 49.574703016948966
19.707453001229673 49.575302010653424
19.710420986405172 49.576148982710826
19.711632030069556 49.576282973624444
19.714589988436131 49.576351009168619
19.717868969075003 49.576694026622455
19.719855982590591 49.576785996727018
19.721476030413239 49.576739967394325
19.723862035910891 49.576351020832895
19.725672034131701 49.576198978945719
19.727255017485124 49.575890020035281
19.727929961909275 49.575687001498011
19.7294179884709 49.575134004844507
19.73006098429093 49.574950981831115
19.732170031787568 49.574650016888086
19.733219025439642 49.574267975702668
19.734240992044814 49.573714973811882
19.73459199351349 49.57341402352732
19.734942995479017 49.57297899176509
19.735248956009979 49.572246975279597
19.741378965156326 49.572460008105928
19.742740964105824 49.572272977740816
19.74411998646476 49.571903021761209
19.74539802135671 49.571670992031279
19.746650984729172 49.571518008416902
19.748286978198866 49.571514018678187
19.750342962791713 49.571418991763245
19.752416972925442 49.571441991299466
19.751520035972845 49.569350972270712
19.751370965707146 49.568713976313049
19.751509024715315 49.567637977493732
19.751438021840723 49.565990002094274
19.751923001297719 49.564425985555289
19.752058041727786 49.56362501518705
19.751830976494556 49.563133027015596
19.750833960542664 49.56197699067404
19.750752969518945 49.561793990317689
19.750796964360354 49.561646015820266
19.751467006182327 49.561050000156797
19.752021984535872 49.560650009860403
19.753983003696646 49.559482993413113
19.755539034375282 49.558677999806967
19.756470039596437 49.558318979640987
19.757537972069933 49.558021989689514
19.758172964492456 49.5579069749488
19.759244973460497 49.557792984426605
19.761517014824463 49.557605982731673
19.762404966685089 49.55749099117201
19.763217985227033 49.557301005107064
19.765041001791584 49.556702023617277
19.765890003770423 49.556488001724411
19.76793298951716 49.556121975820865
19.76984801680068 49.555901010340726
19.770798018901214 49.555981002854928
19.771958983359927 49.556182989159495
19.776396018344439 49.557171020124649
19.778985978125291 49.557823026945677
19.780223975095168 49.558196996407602
19.784053992602818 49.559490001047671
19.785825971371786 49.559959022034434
19.787333974960074 49.560249019571224
19.790423968368977 49.560509023811107
19.792477004762393 49.560733992328096
19.793223985871737 49.560790974296275
19.796231987034773 49.560734007813089
19.797479986270403 49.560722010547806
19.798799983512492 49.560753009508296
19.79996500087703 49.56052801427753
19.800412968788095 49.560325993078543
19.801021960067693 49.559681005441711
19.80207400957033 49.558125011958019
19.802709972486866 49.557358021298896
19.803328964421301 49.556777995595752
19.804050025355394 49.556347001462377
19.805002014106375 49.555912013845379
19.806924981557898 49.555145022948977
19.808144022050055 49.55472898313888
19.808891020552853 49.554591996748215
19.810714978173202 49.554553972734759
19.811440973288235 49.554428022976822
19.811989023107991 49.554160974489612
19.813017029644463 49.553420969245913
19.81347303210692 49.553065989339245
19.814632023164677 49.55250200987976
19.815310001482771 49.552246016179623
19.816820010842388 49.551803995406971
19.819142987824193 49.55121599588891
19.820858000643458 49.550899998984015
19.823582037132049 49.550685966370217
19.824594014470073 49.550564002624327
19.825131990027742 49.550429983368744
19.826201969048398 49.550060004473437
19.826452035207723 49.549854001440323
19.82862302036056 49.548144986379036
19.829732996611629 49.547393986468123
19.830161993940688 49.547225988661978
19.830820029469908 49.547046996165136
19.83247602274286 49.546768016375964
19.83308999483917 49.546618992363022
19.833861994031498 49.546307002713483
19.834749034767441 49.545810990771365
19.835637961576772 49.54520398315222
19.83637404135472 49.544585991020455
19.837403973341747 49.543320016671622
19.837834996592612 49.542891971910848
19.838493017357063 49.542403971138093
19.839319038214267 49.541912007022198
19.839787994409331 49.54172100029384
19.840262980688856 49.54162998289064
19.84070599645618 49.541652985162528
19.841647972482953 49.541805018334102
19.842570982923419 49.541633979699128
19.843227002701848 49.541339990066447
19.843927025322241 49.540550011118889
19.844481971187083 49.539668977200719
19.844818045279819 49.538895008390604
19.845684025099526 49.536472003856957
19.846027020443035 49.535838981281714
19.847225024916312 49.534057990872981
19.847654021643518 49.532645979710928
19.847872007135823 49.532188009631092
19.84924899128551 49.530537005995136
19.852308028242966 49.527348013539992
19.85076096990624 49.526450971935375
19.850395025807103 49.52611496854859
19.850225033677429 49.525818013151998
19.850161020028413 49.525436000047591
19.850206042105953 49.525058993463894
19.850783995325262 49.523785013270356
19.850886988326433 49.523284980399374
19.850697024467436 49.522316009584507
19.850283027464943 49.521529998285537
19.848384961169526 49.520363021607537
19.846970026067645 49.519336989122479
19.84592100437149 49.518336971721148
19.844957012329733 49.517173985121133
19.844705987148398 49.516712004286312
19.844536001276666 49.516212010102535
19.844303031035885 49.514736008754689
19.844418033780165 49.514090980244276
19.84480998571987 49.513527025307788
19.842917987465299 49.513935001396476
19.841957044218749 49.514095006833138
19.840975040426788 49.514174998855303
19.839005029655304 49.514247998010575
19.837255022314263 49.514464986595655
19.836534990994593 49.514465008034072
19.835398047156421 49.513691017319566
19.834633022052429 49.513245022571532
19.833487035472629 49.512759990852004
19.83181804238048 49.512211013579503
19.83062602186736 49.511882986387626
19.829634039397792 49.511703010006237
19.82885595987074 49.511641985236835
19.827143030246869 49.51160001002593
19.826412026781778 49.511535985751927
19.825989012318651 49.511429006557051
19.825499036569941 49.511210976535516
19.825043011804112 49.510941022953325
19.824617001691639 49.510604977035165
19.823504968688439 49.509403013644942
19.822633979790709 49.508296975603251
19.822069016440224 49.507214019483484
19.821741006871573 49.506789990792214
19.821319981766809 49.506519012472914
19.820748967918433 49.506336003338838
19.819947986480209 49.506244996946002
19.818152998582608 49.506171998720745
19.817375005064513 49.506100023696206
19.816259012188496 49.505894017914358
19.814873005478109 49.50553101063651
19.81385595993136 49.505115981339806
19.812334043094335 49.504195994631978
19.81172000146799 49.503876005047509
19.80856296807038 49.502644002452548
19.80974596604192 49.501266018719043
19.809977018078534 49.500866016122892
19.81008502658468 49.50048097905961
19.810175021839886 49.500121989921652
19.810169016678071 49.499732972723223
19.810149989108279 49.499123002002335
19.810032031665212 49.498218990857772
19.810010968192731 49.497348971525874
19.810089010603932 49.496426008465676
19.809991967514222 49.496052006091929
19.809765010663615 49.495643994695932
19.809326024614467 49.495250986047026
19.806087000326766 49.49374796955361
19.805349027557291 49.493346978282311
19.804886009574627 49.493003979539772
19.804465971116752 49.492511973519207
19.804106026206945 49.491874985421475
19.803754954512939 49.490622973852993
19.803573968110946 49.490210996446805
19.80324598284853 49.489779986863311
19.802395027508268 49.4889109776894
19.801904971578544 49.488239020804045
19.801808995405963 49.487056989089375
19.801972991801044 49.486702017609232
19.802296018829828 49.486195017647844
19.803092991641801 49.484920980463798
19.804394016081233 49.483173001144138
19.805309040775313 49.482177992328481
19.806126012806715 49.480972012095236
19.806446004595699 49.480559968994619
19.806952035065546 49.479916005223657
19.807935970136302 49.47878602519971
19.808310008831644 49.478042999273711
19.808413017379713 49.477698978203684
19.808449019508441 49.477153977003013
19.808354977502326 49.475750018733912
19.808310967590106 49.474369007640803
19.808418007728381 49.473620974544069
19.808826009579754 49.47249601749899
19.810151997208624 49.469566011938142
19.810788977727967 49.467200984730411
19.811007968137204 49.465836011904621
19.811260001026202 49.462494008568541
19.811485027567009 49.460300005993673
19.811636011699164 49.459660018820898
19.811856987498601 49.459090975148889
19.812892967130541 49.4573099943279
19.815202969863929 49.454040999035648
19.815637982849452 49.453364987893217
19.816052966974176 49.452721007408883
19.816722962851447 49.451420004962927
19.817386987818292 49.449744995675907
19.818906958649769 49.445350992662064
19.820187036631228 49.441254013347866
19.820205972959648 49.441108975968064
19.820426996528614 49.439387971539702
19.821073987584089 49.436520018641119
19.822168035170016 49.430575970908045
19.822351015976238 49.429206969926874
19.82244902575707 49.427856001227958
19.822489020368426 49.426128015250498
19.822389993124457 49.425025970350369
19.822123031737121 49.424098982936243
19.821642043000253 49.423176005559334
19.821000991235209 49.422272004084803
19.819122016294894 49.419895010763419
19.818791966109075 49.4193730046306
19.818530995748887 49.418799981073406
19.817940043090562 49.417065004090233
19.817574996503364 49.415653003780442
19.816757014918778 49.410259016706661
19.815567015791174 49.405304017608003
19.815372023926574 49.404040992489264
19.814976032554338 49.400302982124586
19.814182011779039 49.396914997560273
19.8127020295493 49.395226012853044
19.810653958796696 49.393523979813914
19.809962981040922 49.392857008099668
19.809148993565895 49.391829979179498
19.807359973774222 49.389220996000972
19.805737961959725 49.387188019907327
19.804757971286353 49.385383998479305
19.803795038603379 49.383624981682175
19.803171004398681 49.382716996438333
19.801993987605112 49.381389989126149
19.799516978055255 49.378750009609682
19.798856991514121 49.377723977487136
19.798437024882762 49.377009971503483
19.798361966390459 49.376800023118534
18.955988008002958 49.545928984012704
18.954921988889478 49.545291991102793
18.954096014076182 49.544642978371364
18.953715974692766 49.54422398159786
18.953443994322086 49.54373902007584
18.953155968229005 49.542613988722174
18.953053959224132 49.541594999329568
18.953413036625328 49.540408998043446
18.954049995672545 49.539295000335848
18.954308034187044 49.538563006623399
18.954220017992391 49.537594007639598
18.95423299187037 49.536404016397363
18.954055972117999 49.535797003695365
18.953650038940292 49.535145010192821
18.953191996497154 49.534598979605207
18.952145039062128 49.533584984098184
18.951804974331186 49.533160984640155
18.951612041356093 49.53275300855698
18.951489983985457 49.531836974765056
18.951831972304223 49.531012972800276
18.952874988853285 49.529362002278511
18.953162965427477 49.528439003193192
18.95306196882504 49.526458987399771
18.952902036621676 49.525172996118677
18.952456010989394 49.522895979699491
18.952202013661704 49.522240014571196
18.951273032573599 49.521155974091648
18.950331033397177 49.520297966552135
18.949593016062934 49.519794010425514
18.947361030845855 49.518497008454844
18.946319993650299 49.517421973695143
18.946221036200171 49.517447018661137
18.946220733350522 49.517447270774028
18.945900006109767 49.517703997404908
18.945052010973573 49.517775022361519
18.941667955669626 49.518058992572399
18.936966008961228 49.518456024342072
18.936443970731919 49.518453025800788
18.935514002202577 49.518448978007271
18.935118679562578 49.518447495507552
18.926788008932739 49.518414011841152
18.911632965882447 49.514972979233399
18.903004009002164 49.513317007511588
18.892157034829189 49.514992019504284
18.883909045117857 49.514931018784168
18.876378973436911 49.515666984463053
18.876335001647263 49.515680007367799
18.875243974982872 49.515995982608636
18.87489798572263 49.51609600534173
18.873529970089319 49.516491983508104
18.873231963503475 49.516577981043042
18.871525961321403 49.517072009614147
18.86870004280356 49.517891017529664
18.85514602695714 49.515574980355773
18.853638015980597 49.517030997594645
18.85204303620629 49.518570004160956
18.850945037750403 49.51938601037353
18.843096001877193 49.519183987799991
18.840446959976045 49.521535989807383
18.839084961857818 49.522745997791596
18.837601006402018 49.524062994283156
18.841406941050803 49.526542984565708
18.841407031427263 49.526542983789838
18.842752023274389 49.526737011870367
18.843484970928149 49.527209998064876
18.844023011232927 49.527599018664681
18.844311039193173 49.527866007825168
18.84406900508483 49.527359007626281
18.843910005005739 49.526894014418772
18.84395999920438 49.526607990222473
18.844182972793551 49.526385998000784
18.844574024314401 49.526314021325504
18.845014963958587 49.526352023371139
18.84830302117917 49.527377985990206
18.850675999509974 49.527812995519717
18.851451963260075 49.527930998409097
18.853608967387377 49.527987977425802
18.854897995166517 49.527973012340695
18.855548983086084 49.528033988581342
18.857201025050085 49.528369974451316
18.860450990975853 49.529232010883305
18.860883963918262 49.52978901922765
18.862141029766345 49.530731009707168
18.862543039111692 49.531101006225278
18.862858015589516 49.531536011145953
18.863551981794796 49.53275701920218
18.864746036951889 49.534019021994283
18.866508032706776 49.536610001372019
18.866967998508244 49.537083015863807
18.868273035285071 49.53813900314136
18.868792014933078 49.538691992624088
18.8691580355216 49.539206969992307
18.869307997822137 49.539543004647207
18.869488035377401 49.540329003585192
18.869625036135925 49.540603990549542
18.870151995110763 49.541183004964779
18.870844012112293 49.541698009294706
18.872392999651904 49.542458013994839
18.876074014297231 49.543987024013141
18.877628040641753 49.544703995150144
18.87876902870893 49.545360969059857
18.880726033475799 49.546805994297678
18.881575012296341 49.54735601022135
18.882242037826249 49.547665005957811
18.883777969610026 49.54809600002644
18.885610983711107 49.54805399651724
18.886599961003103 49.54804598579021
18.887931968304443 49.548224976032209
18.891009991793325 49.548789995137753
18.895714011157953 49.549449990284678
18.897715004253694 49.549660016140066
18.900285967536384 49.54971297205924
18.901702973109199 49.549922992330941
18.902711976209101 49.55017501948894
18.903411954049091 49.550410976772312
18.904591019234871 49.550998995000619
18.90774901647951 49.552753005871708
18.908894962726286 49.553298987511141
18.909730976455315 49.553595983015803
18.912672003847785 49.554234002257928
18.915231962841681 49.554653013298221
18.917095027367253 49.555012007780071
18.917922980491849 49.555118988904745
18.918589028907501 49.555098968290743
18.919481011995568 49.554820969936991
18.920328017721257 49.554465983583313
18.921421038915632 49.553912981360504
18.921918979503779 49.553554978106867
18.922888037363098 49.552890999253847
18.924788028454639 49.551460022480413
18.926956033405169 49.549900007822288
18.927897958482934 49.549373989959278
18.92873401770964 49.549068003957615
18.92946803307019 49.548881985377172
18.930324968564392 49.548774990796929
18.931116009762217 49.548759003884584
18.932094982411019 49.548870025342225
18.933000963434736 49.549080006409859
18.934877017979481 49.549705980682297
18.940373957856583 49.551654993793335
18.942676975454141 49.552269016404786
18.943427990863739 49.552356974307223
18.9442350316945 49.552425009527902
18.944594967126054 49.552405986386361
18.945047003540456 49.552291978877072
18.945919010585531 49.551959979477637
18.949403963746278 49.550201024592248
18.95255104178748 49.548186999846251
18.955787960813154 49.546187997006335
18.955988008002958 49.545928984012704

