# RBD_F1v3.0 river basin PL pl Ucker (Obszar Dorzecza Ucker)
# data from <a href="http://www.eea.europa.eu/data-and-maps/data/wise-Basin-basin-districts-rbds">EEA</a>
14.406394979344979 53.342492146929743
14.404334013707901 53.347308975518224
14.390109016443171 53.353744995268933
14.39241901372128 53.357551980093447
14.393462001226093 53.359702995433437
14.39362602097199 53.360043012950165
14.394441988932986 53.362884974663757
14.39515401725172 53.366150016838006
14.395026996310996 53.371986024670086
14.394653015081694 53.375300982048969
14.393902959097925 53.378487014253487
14.391918954776282 53.383174977661731
14.389169031884093 53.388054005104586
14.38903697670427 53.388227981687372
14.388543023153465 53.388877010027279
14.38342901989119 53.395601983815524
14.38064901295833 53.399258989487663
14.38159500001685 53.399440984873955
14.381794997127944 53.399429006307152
14.382193993641708 53.3993259714915
14.38243396084752 53.399219975979932
14.383051985204791 53.3987999820216
14.383323034679874 53.398711974704156
14.383747005132104 53.398632007358586
14.383972043295675 53.39862799741077
14.384737023383504 53.398731013019329
14.38497699351443 53.398711984072676
14.385318971672238 53.398616995315038
14.385651977735291 53.398536976397764
14.385956037048997 53.398482998718862
14.386165982133022 53.398448993518265
14.38639502699726 53.398376013860869
14.387990984017394 53.398017979237395
14.388475977714199 53.397961006668616
14.388761998566157 53.397949011603181
14.388988012658634 53.397961016229281
14.38949799552408 53.397953012014312
14.38966299835581 53.397933973755997
14.389813045326123 53.397937984091399
14.390176026615263 53.397963970238848
14.390594026867959 53.398041005268823
14.390725023685185 53.398101970300196
14.390832997614295 53.398159018755869
14.391129985676226 53.398360998003064
14.391308960685205 53.398468008323697
14.391411969489972 53.398555998557839
14.391511981994428 53.398731013872521
14.391481023906959 53.399124018856511
14.391494961032842 53.39922298427765
14.391623977749118 53.399391010368603
14.391911973592867 53.399567018349813
14.392263980720781 53.399818008850978
14.39259603133185 53.399975002495971
14.392939027219754 53.400032014835077
14.393118956635272 53.40003199799213
14.393244003702964 53.399986015842792
14.393377972619838 53.399967022777894
14.39374199629086 53.399872003065362
14.394287043422121 53.399677000700699
14.394463021174049 53.399596994572107
14.39455599077851 53.39952898882671
14.39463601525657 53.399345017809722
14.394567039101345 53.39889897119528
14.394597047716848 53.398769007560446
14.394732995318263 53.398654995969679
14.394810005330671 53.398556014073506
14.394917957044896 53.39846801132834
14.395009005105097 53.3983499722994
14.395354001610043 53.398208984412776
14.395630030311343 53.398154979578081
14.395921029202444 53.398067011813424
14.396037042445069 53.398040975900649
14.39629397321076 53.398059989343885
14.39642300385559 53.398086977550982
14.396903997669625 53.398227981919369
14.39747501022474 53.398345983672847
14.397626981300336 53.398365012803289
14.397866974419726 53.39837298823236
14.398181961197981 53.398337978844275
14.398375966579222 53.398323021893795
14.398737992500555 53.398334993796936
14.398993977996355 53.398353979212992
14.399428014013747 53.398444992167661
14.399669032568402 53.398578974211539
14.399817048272283 53.398670018928428
14.400187957153257 53.399005973973409
14.400467973195745 53.399150980314651
14.400604957820335 53.399188984559096
14.401175025514167 53.399280991749919
14.401370003272513 53.399280980535828
14.40192702513286 53.399165977992858
14.402143035975541 53.399006015407487
14.402294956259311 53.398879992225289
14.402493043220611 53.398646995926015
14.402843016458011 53.398353969564951
14.403085996107986 53.398101981468898
14.403266036476406 53.397838989952533
14.40343701675229 53.397533010756696
14.403712015733033 53.397216975405421
14.404068027109416 53.396877014957632
14.404657971351204 53.396305013858303
14.404812970438824 53.396071995550251
14.404934974483528 53.395831977542088
14.404995960796672 53.395640999058642
14.404983000494946 53.395480981928273
14.404938964472629 53.395374007891711
14.404871963862423 53.395248018781182
14.404753038737516 53.395137996903415
14.404609967368362 53.395060973211244
14.404481042760873 53.394988976888833
14.404259022681153 53.394908997407484
14.40399002783685 53.394801996670274
14.403879995977855 53.394737004206952
14.403812998066163 53.394611014540011
14.403753001884965 53.394484996372803
14.403725974075916 53.394385999509488
14.403756049302187 53.394268018828015
14.403877036262442 53.394146000609837
14.403983040894003 53.394031990699268
14.404031031012213 53.393929023385077
14.404015981549341 53.393813982756143
14.40398801121308 53.393715020191202
14.40391501445616 53.393630981891995
14.403808040951661 53.393580976598308
14.403674953324339 53.393496973041515
14.403557044222843 53.393393982275903
14.40343699271256 53.393272012591467
14.403347980821728 53.393161978410006
14.403385028166102 53.393016996988472
14.403386040314993 53.392909968253569
14.403552042912695 53.392783996319181
14.403772961608427 53.392707997465884
14.403932988727998 53.392661976189537
14.404047028558288 53.392627974408406
14.404649987570433 53.392516998066682
14.405011019875909 53.392516997279053
14.405177016095955 53.392529002953474
14.405551006215861 53.392493977720363
14.405645012907559 53.392451993702146
14.405916966867066 53.392333985488307
14.406267021093415 53.392127974004403
14.406329044925798 53.39202901898836
14.406344970184696 53.391792006661511
14.406313960651261 53.391623994481378
14.406259991587 53.39147197198632
14.406173025722572 53.391368990154945
14.406098014677463 53.391281011276888
14.405950991991469 53.391182022582448
14.405801025092712 53.391070982026044
14.405616026356418 53.390991016162062
14.405424991965141 53.390925972583091
14.405203970009541 53.390872989336408
14.404929005294882 53.39079697195082
14.40472403374328 53.390762008476464
14.40457101525111 53.390704969495793
14.404453011168419 53.390635969851729
14.404380976928678 53.390552971640354
14.40436404739485 53.390380997680019
14.404441988602668 53.39028497182305
14.404501961137465 53.390166978958575
14.404597988451188 53.390003001968964
14.404689001771091 53.389873984881966
14.404824984630153 53.389758997733445
14.405083049313971 53.389668017384864
14.405186031713862 53.389614001304167
14.405381978986439 53.389507012519701
14.405525002561822 53.38937401244943
14.40558701859019 53.389275001319767
14.405602000300732 53.389141000509326
14.405559008193972 53.389033987996207
14.405456028430393 53.388938995355808
14.405215957403424 53.388823991451233
14.404589006577709 53.388496002548557
14.40438001661242 53.388397001716882
14.40415601099949 53.388278980128923
14.404049954271347 53.388015977844688
14.403977989719547 53.387802008690088
14.40387896371279 53.387646024559288
14.403771034036808 53.387477979279474
14.403524019832794 53.387218006010066
14.403358004497679 53.387062023694838
14.403155024492502 53.386817980042252
14.402954998914169 53.386726002976019
14.402763995684678 53.386673000084798
14.402512021213747 53.386580987107855
14.402322044256865 53.386386968705821
14.40223104101868 53.386157969387781
14.402110954828572 53.386016999548708
14.401870037526194 53.385876007466429
14.401649968894816 53.385704004531576
14.401066952531169 53.385486993078267
14.400634977616912 53.385295992267061
14.400395983162909 53.385204012466545
14.400214007563637 53.385177991673721
14.40001697911061 53.385139001206689
14.399754032004845 53.385162006310104
14.399643047091946 53.385174009120597
14.399520025189346 53.385253969118274
14.399023013896672 53.385501996556378
14.398753007524315 53.385647007057379
14.398568985897937 53.385719000611594
14.39840702078223 53.385768987459983
14.398136002265032 53.38576502588797
14.397908982681981 53.385750022862297
14.397711959035712 53.38571198970466
14.397505011647501 53.385651017867154
14.397089039975802 53.385459990285746
14.396908002056248 53.385338022171588
14.396829950922843 53.385268980329421
14.396786966408571 53.385159024791967
14.396802033409969 53.385044022638979
14.396884983890894 53.384911006635967
14.396913964740886 53.384749977358169
14.39699295710661 53.384548001511114
14.397072974677942 53.384379974842638
14.397138004317556 53.384289002633679
14.397334994400167 53.384006969544245
14.397407020610398 53.383903980633988
14.397453973710959 53.383800996975125
14.397454001832413 53.383675004564637
14.397654964697141 53.383357992331398
14.397791958248042 53.383251005595604
14.397914972059652 53.38317099176151
14.398127028409085 53.383056983607126
14.398319041642059 53.383015010144035
14.398682002094162 53.383041024552035
14.398814971218499 53.383010976935239
14.398910034128058 53.382960985876494
14.399014049468429 53.382801021189024
14.399170994817577 53.382529994845783
14.39929202760473 53.382404019609929
14.399474967544922 53.382317022234872
14.399624013219412 53.382297982527646
14.39984903062742 53.382289981891638
14.400105020907366 53.382286002640406
14.40037404029321 53.382267016724775
14.400635018873476 53.382225023683063
14.400840998349658 53.382144990830525
14.401009039218646 53.38206497730998
14.400986037011348 53.381911998844245
14.400908011088438 53.381729011373814
14.40089901616845 53.381576994864069
14.400825043221877 53.381462001573802
14.400704019219056 53.38133197887074
14.400718996807107 53.381172022832111
14.400691964735335 53.380965977435096
14.400770019629542 53.38076799078835
14.400878034441401 53.380543017223694
14.40100504106096 53.380257014824608
14.401025962694703 53.380095994072121
14.401071981352443 53.379833008467308
14.401179047389371 53.379619999950862
14.401360959465654 53.379513017797152
14.401439965479447 53.379433014260201
14.401558044538751 53.379271970748555
14.401742997976799 53.379074001805627
14.401802990682036 53.378947979075591
14.401867975210431 53.378760985071743
14.401828011725337 53.37859301521798
14.401734030596844 53.37839098519828
14.401725003652212 53.378223021954256
14.401770021089517 53.378093980835821
14.401881953222262 53.377944978637913
14.402003026677384 53.377837999400889
14.402118986042462 53.377753995848181
14.402481969456465 53.377532988474492
14.402695966774269 53.377441011061521
14.402967013150908 53.377338025465399
14.403404962031885 53.37723898323555
14.403544030760356 53.37720497561336
14.403841972872678 53.377129001898822
14.404281016404459 53.377048012013098
14.40445096051138 53.377007000115753
14.40468900568532 53.376952994410715
14.405241003149539 53.376884010964844
14.405606008055583 53.376830985743894
14.40604101694302 53.376812001621118
14.406356005476521 53.376796984666086
14.406762030818728 53.376808004686708
14.406943978902893 53.376834977830661
14.40716497016472 53.37688100128436
14.407632992083085 53.376918999665556
14.407858991400778 53.376930005147813
14.408234019250081 53.376910989157579
14.408508014435046 53.376845997736325
14.408685989586855 53.376792981516786
14.408898998048025 53.376709002142981
14.409067038451205 53.376632992360044
14.409733028650072 53.376178977769634
14.410184983252389 53.376060003492952
14.410439962449905 53.376064011586976
14.410666027167792 53.376072012173402
14.410849042390263 53.376101994461727
14.411054966877845 53.376156023446846
14.411192044678886 53.376201984811559
14.411417046051781 53.376320011614027
14.411695019203192 53.376437976010962
14.412056007339814 53.376594989848201
14.412247988252467 53.376655971728901
14.412520962924141 53.376582977906146
14.412675957674342 53.376395978337534
14.412736967743125 53.376282014120349
14.412844993659011 53.376044980891493
14.412967991024001 53.375697979374969
14.413002037267306 53.375381021949622
14.413103991478781 53.374928019810454
14.413165024867913 53.374682971796787
14.413180984395238 53.374431987996331
14.41322904052759 53.374251992217992
14.413355010214119 53.37378697498648
14.413447997407792 53.373572996317506
14.413555994667156 53.373355982112372
14.413876027465806 53.372897974927909
14.413999013355516 53.372809970369666
14.41416599842972 53.372723020471454
14.41454599567593 53.372523973960973
14.414907958224008 53.372429013816074
14.415042993784594 53.372401981409318
14.415372996539832 53.372387014724097
14.415643969598889 53.372405979450619
14.415915963454211 53.372444020809091
14.416121039425351 53.372477996976983
14.416287974597466 53.372509008647619
14.416429991331018 53.372524020032778
14.416651977083475 53.372555003675409
14.416796999135668 53.37260100825111
14.417009015710093 53.372638970992774
14.417221032655938 53.372665001341069
14.417499992441476 53.372676997805605
14.417786038753469 53.372676973315905
14.418077027229563 53.372634977478711
14.418329011383296 53.372578003454642
14.418513007196486 53.372524016971944
14.419205985339223 53.372268979447796
14.419433003081112 53.372168973862287
14.419599974820718 53.372082016546472
14.419812015794838 53.37197899411246
14.420022023537475 53.371825998728688
14.420275965457341 53.371600995784384
14.420479974893365 53.371421979000409
14.420951979495074 53.370936973070926
14.421687013496935 53.370186023542182
14.421775019103059 53.370135987799394
14.421959033847779 53.370074982585891
14.422183964965674 53.370064001945316
14.422374007860226 53.370109995414822
14.422913039943928 53.370326980621194
14.423126045457826 53.370391984536241
14.423255987622499 53.37042201856778
14.423391976582332 53.370440974281195
14.423557962571818 53.370460983000278
14.423797030184572 53.370421999055182
14.423954980546155 53.370300020262405
14.423986022770578 53.370181997861629
14.424020027372775 53.36999097330358
14.424149023227603 53.369277970262821
14.424231033187041 53.368797012485487
14.424290982027387 53.368674992877416
14.424393019113706 53.368617995479298
14.424517980545518 53.368565024652789
14.424680040693591 53.368514996485047
14.425000030319721 53.368461970843292
14.425223040145276 53.368415992631725
14.425418038659084 53.368401009246519
14.425597015711256 53.368393000359788
14.425869038967651 53.368403986298453
14.426020041234917 53.368420015147827
14.426262979524385 53.368468990505363
14.426527991759976 53.368510994315955
14.426801045597882 53.368542015491222
14.427174026507416 53.368633004222666
14.427411956168628 53.36872502490305
14.427652006221857 53.368854970036949
14.427874981568625 53.368934982375485
14.428715968170442 53.369056984526246
14.428941974783793 53.369072021209917
14.42913704037718 53.36907597305327
14.429332003609098 53.369056969536537
14.4296609812793 53.368949992493974
14.429725042230372 53.368823974297996
14.42986998145992 53.368213979923375
14.429903030675419 53.367873976997103
14.430116961855287 53.367656973842308
14.430649028465803 53.36737099210989
14.430766034847508 53.367328993689924
14.430919978054741 53.367260026532598
14.431238959476824 53.367062024122653
14.431431036566362 53.366867024119543
14.431507045593904 53.366756005538825
14.431559012521639 53.366600004562059
14.431515990401584 53.366504989854924
14.431397015531941 53.36640902102959
14.431006966816938 53.366172996444156
14.430816017015404 53.366077001907854
14.430422955109748 53.365916976468036
14.430041026145231 53.365806985832066
14.429129034886563 53.365551021743904
14.428688993821897 53.365424998441789
14.428467019971864 53.365349023385455
14.42809303350063 53.365238000317035
14.428003038703183 53.365188981129805
14.427898026693326 53.365131009759075
14.427631958111741 53.364933025240141
14.427475044398312 53.364780023899755
14.426963982272779 53.364273009796037
14.426844984837428 53.364161995120888
14.426620041066695 53.364048010656411
14.426184021178129 53.363903000961258
14.425722964295856 53.363727971281456
14.425529041101349 53.363613020791355
14.425039016169693 53.363204985627263
14.424877967372241 53.363074978675684
14.424771955058942 53.36298797491034
14.424431995301831 53.362815981397617
14.424128955321603 53.362658982748094
14.423937965074872 53.362587014091901
14.423768977082906 53.362533977206148
14.423529033251084 53.362400007701872
14.423455962332685 53.362305013491678
14.423396973833615 53.362198025641113
14.423413991825576 53.362099007077887
14.423428979122784 53.361972974504965
14.423603953206291 53.36177798901894
14.423705007753938 53.361663969270133
14.42411798933276 53.361258971554783
14.424365000516508 53.360985011504155
14.424456981216254 53.360740973165349
14.424441956478432 53.360621975216574
14.424443029478711 53.360516017051232
14.424371956995968 53.360302025607631
14.424285972441387 53.359993008755353
14.424259038314828 53.359787018575567
14.424257994539495 53.359633974644886
14.424326021228312 53.359364006635069
14.424385030106603 53.359222002662982
14.424520973270642 53.359108008134747
14.424718980892917 53.359008993097696
14.424918039872521 53.358943983152614
14.425111007408026 53.358775991864917
14.425173037653899 53.358677024080897
14.425312031961676 53.358490023025567
14.425386961752828 53.358352978396944
14.425479977155824 53.358119985348679
14.425512965009476 53.357921985517692
14.425501972208831 53.35772299059353
14.425254990862877 53.357189017609571
14.425166975597605 53.356994986190323
14.42500297227477 53.3567500073286
14.424897994030843 53.356616991321303
14.424756012541421 53.356490981274
14.424560988509944 53.356354016386589
14.424446021228256 53.356312014449998
14.424353027748287 53.356274016923642
14.424129017835252 53.356284970210503
14.423814038746832 53.356415005096231
14.423717007182065 53.356457003303809
14.423553018684229 53.356475999578237
14.423398024721061 53.356518021848295
14.423234952848386 53.356555985338751
14.422826017228875 53.356624981249674
14.422690009917014 53.35663198371698
14.422540994383912 53.356643984716378
14.422262040223938 53.356620975335368
14.421972987086981 53.356555978223859
14.421791015457908 53.356528974162096
14.421628035333084 53.356433982809598
14.421508985779981 53.35632302259873
14.421184978338491 53.356051986896858
14.421067037888829 53.35594901614251
14.420903962856867 53.355853970695065
14.420663978350474 53.355731986291346
14.420469041073511 53.355658969296456
14.420189978698719 53.35554497081668
14.419974978226959 53.355469009478355
14.419599994860077 53.355349970543621
14.419112005012293 53.355217014973896
14.418587986448387 53.355106012057455
14.418215046983045 53.355014999612955
14.417993999915426 53.354983987371803
14.41777598983197 53.354953994427483
14.417458981062747 53.354935021276184
14.417279006714317 53.354941980660392
14.416964975538175 53.354973000055921
14.416745959138382 53.355002985598766
14.416623012545235 53.355022002340718
14.416424023253514 53.35509496988152
14.416209974757484 53.355164019219906
14.416043031185563 53.355269973732
14.415844033594635 53.355464975235968
14.41598202200966 53.355647972491191
14.416232974328439 53.355827020755989
14.416379042152608 53.356026009522914
14.416481045240522 53.356235991649385
14.416467961656046 53.356388023448623
14.416415983702521 53.356537004735536
14.416253001842691 53.35672000624956
14.416064981612733 53.35684997030404
14.415842964243677 53.357029015897091
14.415708985584278 53.357097971786523
14.415615978683489 53.357146998010172
14.415327022895511 53.357216005046979
14.41496402845552 53.357296023114095
14.414602972181308 53.357303981381229
14.414232956829274 53.357257976615017
14.414051970794514 53.357246024355291
14.413705980306599 53.357234995127008
14.413494956518408 53.357227020422336
14.413322035754268 53.357207987695645
14.412988971723431 53.357170020295946
14.412729996700902 53.35710497931472
14.412503029166681 53.357090006258346
14.412309030727808 53.35709401987809
14.412041020694636 53.357146987408008
14.41188599606849 53.357333990278555
14.411880005252502 53.358009016392799
14.411814018779465 53.35818101298976
14.411691010365537 53.358386980710783
14.411542993631354 53.358439986444459
14.411362956435164 53.358429013436904
14.411092954187945 53.358448008520853
14.410907961358559 53.358489975374468
14.410701987693994 53.358578003695747
14.410573962236118 53.358704021308192
14.410498973642182 53.35882901205887
14.41035596911062 53.359439979981104
14.410283035455866 53.359538996773928
14.409929979714779 53.359805985941499
14.409851999137061 53.359889973533193
14.408910026871167 53.360217984042514
14.408614990714108 53.360321012059231
14.408400960168636 53.360408989076241
14.408298012026227 53.360447005197564
14.408196008452011 53.360496974597524
14.408071027736963 53.360660992704638
14.408025037635211 53.360783004665009
14.407962970881178 53.360882019478268
14.407749972968503 53.360980985030466
14.407556995257869 53.361018996765139
14.407226989752665 53.361022974227446
14.40696999151432 53.360992004483812
14.406748960743217 53.360930998855629
14.406627005822774 53.3609120245074
14.406397999321356 53.360847010698407
14.4062779977817 53.360835995173439
14.406068029859334 53.360854998843251
14.405813992414489 53.360896982127549
14.405544042602351 53.360947006804423
14.40540597658493 53.360970011273409
14.404824981523571 53.361053006219464
14.404503997337606 53.36108401769814
14.404264993601167 53.361126016213838
14.40399297586732 53.361224971517522
14.403689001778627 53.36130099914164
14.40355698762634 53.361347022397645
14.403147959653101 53.361552972181364
14.40293596250504 53.361659979354371
14.402755958147951 53.361793984782466
14.402467955534267 53.361881020307649
14.402319011733063 53.361916009045309
14.402031969638026 53.361889005323199
14.401880030522154 53.361857995894461
14.401743012219962 53.361824012155402
14.401641015178782 53.361747984554803
14.401382969545351 53.361529975835111
14.40085196957563 53.361073011009402
14.400643019063038 53.360972988729706
14.400315998274721 53.360889018090127
14.400093028870756 53.360809014445323
14.399794978962881 53.360706007205906
14.399630038531772 53.36048099418818
14.399725956967313 53.360320981852823
14.399920029630387 53.360171993694877
14.400475977083643 53.359950990621805
14.400646992104591 53.359886022690198
14.401233998988314 53.35975300983705
14.401912991839865 53.359675971244847
14.40212403146751 53.35963799065857
14.402462954107341 53.35958099873416
14.402804994870548 53.359500989043525
14.403145999845462 53.359421016901585
14.403448001807387 53.359324987333942
14.403586035974243 53.359240970225855
14.403692967949691 53.35914598081763
14.40351499817648 53.358913021015894
14.403470000876535 53.35877599769745
14.403370020852362 53.358470985271239
14.403292971310242 53.35829899214427
14.40311796126803 53.358138986415611
14.402937999215801 53.358009017689355
14.402503974975165 53.357765006330546
14.402118013774551 53.357582016736096
14.401746020537292 53.357383985370014
14.401496035964247 53.357211999196345
14.401451996070518 53.357098012323512
14.401480988405519 53.356907009786461
14.401574966631422 53.356754021569245
14.401677984352951 53.356666980415447
14.40175395612212 53.356602014634952
14.401939997035894 53.356421986539907
14.402156981151508 53.356140005023711
14.402290982338867 53.355990989585656
14.402355029693817 53.355797015931209
14.402404031633822 53.355590978581318
14.402387035608809 53.355419007354804
14.402334984284854 53.355296999176488
14.402268974052786 53.35520202088793
14.402129958143185 53.355083004409629
14.40191400362413 53.354897001924151
14.401828033962376 53.354836000123207
14.401710975964425 53.354625988120738
14.401829969050302 53.354515011701544
14.401996999750144 53.354358971807173
14.402104015509513 53.354275007828569
14.402287008731511 53.354186982394054
14.4025020419506 53.354003975789929
14.402696964698231 53.353859021990459
14.403068972652784 53.353667989183421
14.403953024612886 53.353218001808848
14.404076010677162 53.353134021271167
14.404183015619161 53.353038971560032
14.404435000804375 53.352843986858133
14.404697007174795 53.352706995202219
14.404903034634719 53.352627004843249
14.405222990147132 53.3525700145969
14.405371961603102 53.352542993716092
14.405626039882099 53.352523968546642
14.406007985381141 53.352508998919262
14.406322003924311 53.352523982481159
14.406423038850711 53.352530994486074
14.406637955300868 53.352486021604108
14.406877031032382 53.352447972629768
14.407116044290527 53.352435995335561
14.407475987039911 53.352436016387763
14.40760201469095 53.352412994075763
14.407795965422132 53.352382976780255
14.408002996005097 53.352322002044055
14.408186979454447 53.352252987755975
14.408386032257473 53.352062011639717
14.408298045089722 53.351952002692897
14.408217991221468 53.351875011230135
14.408144973362699 53.351780008357053
14.407862973521556 53.351565996718321
14.407553023152113 53.35140197339372
14.40746002658836 53.351360005401162
14.407283955770859 53.351287979378228
14.407092034620849 53.351219016760311
14.40689699295487 53.351208018890986
14.406702003963805 53.351215000848875
14.406442009666701 53.351272980936571
14.406292997215038 53.351294971716605
14.406023019853102 53.351311014574129
14.405798028187654 53.351302970368174
14.405569963062526 53.351265010184861
14.40531800673676 53.351196023698428
14.405126031588601 53.351109022205449
14.404728985796824 53.350975021126573
14.404374991802808 53.35085698419325
14.404227953501239 53.350772983214803
14.403840964599778 53.35070002649789
14.403072001667287 53.350566991307744
14.402339973498286 53.350440977350928
14.402022004107957 53.350414025598354
14.401847988398494 53.350383989065868
14.401497005140172 53.350285004734218
14.401290030825585 53.35020097370019
14.400810001039419 53.349914975263324
14.400375984863908 53.349647999661528
14.405500981855708 53.347080025568026
14.406394979344979 53.342492146929743

