# RBD_F1v3.0 river basin PL pl Swieza (Obszar Dorzecza Swiezej)
# data from <a href="http://www.eea.europa.eu/data-and-maps/data/wise-Basin-basin-districts-rbds">EEA</a>
20.757798474018493 54.364815439597194
20.771112025241337 54.363360992456222
20.779659044637146 54.362502995048914
20.781126244962199 54.36235558133572
20.788374042849131 54.361627008928238
20.788373844659809 54.361626627962202
20.788368005431384 54.361609979117141
20.787915974370286 54.360703004055935
20.787693009915383 54.360160991237954
20.787336011860521 54.358894012353154
20.787161022107224 54.35817298419272
20.787096010957256 54.357872014228398
20.787041018138542 54.357402999562943
20.786939994932492 54.357066991841357
20.786803976449431 54.356826989687576
20.786695031602346 54.356689002145679
20.785768994778064 54.355656019306032
20.785666016990763 54.355446012671777
20.785655989195 54.35533098460516
20.785699973456509 54.355197987495046
20.786210991705531 54.354484983897272
20.786256959874805 54.354279005135226
20.78622601139956 54.354087990278153
20.786069967299021 54.353595978081096
20.785626985956924 54.35244801369101
20.784191039120319 54.349322986901463
20.783834030723771 54.348586982977025
20.783577001401458 54.348124987789191
20.783271963275304 54.347686991315086
20.78299101470795 54.347354976562983
20.782756958586322 54.347175974800223
20.782612034605947 54.347095022509222
20.782316053124504 54.347000019634216
20.781754989199403 54.346866992444262
20.781526977401921 54.34678301218603
20.781349025924399 54.346599996418419
20.781016982522257 54.346157011665184
20.780908958619793 54.346035019835718
20.780719991710054 54.345881989781333
20.780320960994846 54.345657029424643
20.77926402103212 54.345176969703168
20.779130983745329 54.345103979326289
20.779049015121387 54.345016017920429
20.778994002818173 54.344845017816837
20.779023964653714 54.344704017965626
20.779217030207288 54.344532002089466
20.77953104070205 54.344307011454241
20.779624964173376 54.344222999663899
20.77969604353996 54.344127992725397
20.779718001905177 54.343952005954428
20.779650012152974 54.343760992923556
20.779525991556376 54.343593995355178
20.779377008788483 54.343448972755724
20.778565949932631 54.342837985614942
20.777781981370907 54.342194001789004
20.777051966792577 54.341537014584411
20.776866997994581 54.341338989362299
20.776629997184045 54.341038003848219
20.776532973404446 54.340877987258885
20.776489010723779 54.340736006235353
20.776472035805362 54.340453972573179
20.776539004384894 54.340053969244543
20.777039029051082 54.338268023034921
20.777169993329977 54.337645983945485
20.777164046727236 54.337303005141109
20.777112964651078 54.337017008970982
20.777084032934731 54.336909969870312
20.777020995957727 54.336681008504662
20.776852044356573 54.336188991720732
20.776654996826039 54.335754001379549
20.776322972306208 54.335174983263684
20.775873003604026 54.334495993813334
20.775396010315493 54.333862020678382
20.774753961282695 54.333110999513487
20.774639037233626 54.332977012478466
20.774358959452247 54.332729008883206
20.773898992483037 54.332427972869006
20.773250988772258 54.332053978582373
20.772408966683649 54.331676020452143
20.77219601388758 54.331557985330868
20.772046980786026 54.331402016933204
20.771584975167574 54.330794999439149
20.771428998073418 54.330639013661745
20.771257001872154 54.330512994289407
20.771030014078473 54.330391001254078
20.770746027398523 54.330264998326811
20.769969964624568 54.329990021666816
20.769421009075046 54.329830013752634
20.768376996317659 54.329563018683402
20.767867996816825 54.329413982304153
20.76725597256663 54.329208014800436
20.766772960134162 54.329002022619491
20.766403007592192 54.328795979246053
20.766045037877568 54.328551997962137
20.764228960030767 54.327168023251659
20.763226052483354 54.326439021482422
20.762734958240323 54.326060982454209
20.76232701436528 54.3256799873405
20.761839039624626 54.32511900995388
20.761615970791016 54.324893983296455
20.761027990266172 54.324408985262835
20.760587959064068 54.324096988245749
20.760496048950571 54.323986004385354
20.760360950341042 54.32367698714873
20.760178028620775 54.323401977399577
20.759748019832653 54.322807012751497
20.759135972870997 54.32187299400352
20.758823030613271 54.32148401075105
20.75862096717627 54.321315975678793
20.758355963561705 54.321128998548673
20.757406039973048 54.320601988936204
20.75715601680049 54.320441974209729
20.756735019455569 54.320091016397001
20.756250023121986 54.319622010475392
20.755986991239716 54.319385998556704
20.755478006754412 54.319038014998448
20.754827008842913 54.318630009443297
20.754383037137178 54.31840499920812
20.754145020390567 54.318328987761618
20.75389102410805 54.318290975375959
20.753613970811468 54.318282974441779
20.753092031539495 54.318309988505021
20.751987006136527 54.318356023550663
20.751389973148473 54.318340008595797
20.750200031478279 54.318191992194642
20.749899006000902 54.318127019609086
20.74950997688563 54.318015991628272
20.749174044736275 54.317889994500341
20.748632028635015 54.317622983705647
20.74808296624715 54.317325972537461
20.747450025860505 54.316955976757242
20.747268991723196 54.316818013109057
20.747128034355562 54.316676997585155
20.747007044181061 54.316504988065255
20.746901961261269 54.316307014724217
20.746796024369967 54.315970983893294
20.746716997215916 54.315333983099478
20.746653027323486 54.315086005933146
20.746574029564094 54.314948973453959
20.746454049153318 54.31480401206796
20.746100978454741 54.314507000322713
20.745763982626951 54.314297002273868
20.745432028917495 54.314137015061107
20.743307016378509 54.313328015087457
20.743081999941026 54.313251019952496
20.742936998940813 54.313221008428791
20.74238405263791 54.313187016653991
20.742075008007454 54.313190000688394
20.741806029572185 54.313221003349931
20.740617953909251 54.313441988925916
20.74016601171018 54.313435008140303
20.739948006915583 54.313403969470471
20.739808975018857 54.313305022573509
20.739547993056952 54.312861980928361
20.739287984400899 54.312565023409419
20.73906304675014 54.312373997535431
20.738571040963823 54.312065009742234
20.738286979725757 54.311913017715845
20.737654014276966 54.311660993809291
20.737017026400931 54.311439989125056
20.736500042806803 54.311301980165574
20.735885965199252 54.311138027639508
20.735435002248995 54.310963000431414
20.734978037396729 54.310710966197711
20.734799982948559 54.310562011544867
20.734683989918558 54.310466975430849
20.734513969107432 54.310199996188793
20.734103994222767 54.309218997127886
20.73378197639768 54.308537009803217
20.733524014713648 54.308113024281269
20.733088976612002 54.307506990423342
20.732823959966154 54.30714399198807
20.732634973455106 54.306938015793335
20.732401010250062 54.306746973280966
20.7318000177047 54.306328008549841
20.731551989046331 54.306109976587855
20.731327011218838 54.30583599991035
20.731113006585744 54.305476977486087
20.731051950365092 54.30527497939454
20.731049975532159 54.304958020718971
20.731222047568902 54.303352015583407
20.731271966853054 54.302795021467773
20.73124501948022 54.302535999108727
20.731037011441906 54.302105024053155
20.73047295352492 54.301055978024287
20.730429051262902 54.300919008238921
20.730505001952043 54.300709023295504
20.730621033982917 54.300647971310404
20.73174297227882 54.300350010484216
20.73218195316338 54.300185982392406
20.732451964524294 54.300037012789801
20.732651011375218 54.299900005038189
20.732757959861647 54.299781996680778
20.732792001546347 54.299667000193956
20.732786039245184 54.299412014063108
20.732722994935081 54.299229003668799
20.73259902962532 54.299052973797117
20.732394972729356 54.298897001353936
20.732155047112482 54.298771016834053
20.731801982167987 54.298626021864891
20.730638968969835 54.298236992143714
20.730278032579509 54.29810299995578
20.729929025587918 54.297924011947387
20.729593011367843 54.297690983616768
20.729308997876885 54.297442977096104
20.729070993199091 54.297183993402172
20.728405050380577 54.296246010807728
20.727942017459625 54.295474993545234
20.727829050770787 54.295242018804281
20.727784962544572 54.295090015799047
20.727715005163112 54.294426015182893
20.727702965799271 54.29404101663085
20.72774104594367 54.293743019151677
20.727842020075929 54.293461015476495
20.727970006557463 54.293269970589336
20.728163021763113 54.293071986736848
20.728276995383343 54.292998972903362
20.728446968233918 54.292937994953064
20.728779010345953 54.292865983503503
20.729229006884346 54.292809025485234
20.729534030036227 54.292788969596096
20.730103982282809 54.292793007767969
20.730528009045592 54.292744017204164
20.730836986378431 54.292644999278572
20.731047008917329 54.292541978182712
20.731288969569341 54.2923890197007
20.731407005636896 54.292232986523068
20.731382035301408 54.292061013246041
20.731200979095252 54.291782005281206
20.731027974081002 54.291592021895603
20.730530009194368 54.291160981756832
20.730408037899018 54.2910119708162
20.730345033779201 54.290886021561661
20.73042097951139 54.290381993262656
20.73049502226382 54.290133979233282
20.730554961390371 54.290042999683799
20.730759027572262 54.289841021171846
20.730843978198731 54.289711027476805
20.730927001389677 54.289532004054678
20.730937974192152 54.28941697307112
20.730893965149086 54.288959975815274
20.730853966569931 54.288463977488995
20.730778030853322 54.288299995600887
20.73055503957719 54.288108969324099
20.730583032340476 54.287921988660742
20.730687973635824 54.28786800394839
20.731527005859711 54.287624005213871
20.732181952361923 54.28739199536227
20.732739977559099 54.287151015656832
20.733271027402679 54.286880011659129
20.73368801625892 54.286612997034986
20.734023976660445 54.286334998605454
20.734267995861345 54.286086989849856
20.734617043103441 54.285614018335686
20.734950960894881 54.285152003070266
20.735136026295216 54.284782022724158
20.735183972760719 54.284484979401846
20.735088028686658 54.284259985188285
20.734884037590252 54.284008016587244
20.734558010676629 54.283767978765958
20.734320026444202 54.283656998476197
20.733656026195508 54.283428000236455
20.733448032184164 54.283328988503634
20.733319990048166 54.283240997374151
20.733240012193889 54.283149998261358
20.733083999861972 54.282882999033944
20.732609028102228 54.282378988671326
20.732449961507001 54.282184998070328
20.732383954658875 54.282054980795316
20.73229002361742 54.281753989762073
20.732110985312268 54.281764976413555
20.731586042318852 54.281746019690956
20.731156952660807 54.281680995550204
20.730631033981325 54.281547991895316
20.730246019285733 54.281386986259385
20.729878995023533 54.281178002847142
20.729637037921893 54.280982993495321
20.729411959180965 54.280719979897228
20.729029027570938 54.280166981531444
20.728117045703979 54.278996003534147
20.727895961433628 54.278739993371651
20.727434038385919 54.278286022831068
20.727109982340338 54.277934979580721
20.726958970133541 54.277813021009059
20.72669001960174 54.277641003982261
20.725428026841474 54.276955018555228
20.724721979928127 54.276554022611833
20.724522022298757 54.27647402268866
20.724273971067056 54.276397998123514
20.723902004535084 54.276317983360379
20.723488016790114 54.276245005077236
20.72229801008017 54.276111988780656
20.721499959230364 54.275974007559519
20.720617026872649 54.275768020905986
20.719715027276393 54.275539010473196
20.718511971501982 54.27518101567
20.71787802037117 54.275001996912401
20.717154027664094 54.274825995658546
20.716732033469818 54.274742010109108
20.716111962862833 54.274670023864282
20.715729003881176 54.274578007106328
20.715284035670827 54.27440299088277
20.714204949271821 54.273883978234373
20.713896017196422 54.273780988230627
20.713732036677357 54.273768973526884
20.712991974305751 54.273784979414984
20.711524999426342 54.273932975919401
20.708649023352791 54.274226987346523
20.70823504891208 54.274235020355988
20.708079958219123 54.274219999274969
20.707952025206968 54.274192972980174
20.707572999767134 54.274025001162101
20.707157006863302 54.273785009014212
20.706807989036971 54.273487012173021
20.706554016554023 54.27320899234693
20.706449966248208 54.273021978835487
20.706378972991097 54.272727988980328
20.706363982910602 54.27241497494856
20.705474951835065 54.272250980037754
20.705018975322275 54.272213018043587
20.704418034573489 54.27223997748122
20.703978971172109 54.272316027543084
20.703604031235571 54.272456993960319
20.703310023769276 54.272639977906366
20.703039014592356 54.272891982741228
20.702737964709328 54.273303994656203
20.702553020407983 54.273438014029615
20.702438028808995 54.273482990215165
20.702322019818325 54.273505993600629
20.701878029967986 54.273517992492685
20.701295990622516 54.273605022024746
20.701105013522028 54.273659018666358
20.70083800729163 54.273795975372316
20.700696959325839 54.273914021122387
20.700621004337769 54.274033001050888
20.700623004584681 54.274178015533245
20.700700967702396 54.274303008064365
20.700917974912031 54.274467004426839
20.701151035957722 54.274585991804869
20.701328003210854 54.274639017136444
20.701702015559878 54.274696001020324
20.701960016336482 54.274775986843167
20.702026014789912 54.274852999614723
20.702003024580055 54.274986000155756
20.701838986424892 54.275269026580993
20.701493993318302 54.275627008692879
20.701163968778495 54.275879023654667
20.700698990925172 54.276127019300752
20.700513955867294 54.276256995717816
20.699907018462859 54.276786997001544
20.699393991721038 54.277321003436633
20.699106041037584 54.277709970433506
20.698905993470952 54.27807599407118
20.698790023033268 54.278640980771705
20.698840962222576 54.278824024516098
20.69949300291141 54.279457022246099
20.699762039405474 54.279674970951618
20.700833960912398 54.280280979234981
20.701903956511181 54.280735004801613
20.702022990125378 54.280827001421784
20.702096975955932 54.280974971748257
20.702079964850093 54.281379988132294
20.701970997604871 54.281779970489616
20.701838023805863 54.282036002356868
20.701628040023632 54.282246022389991
20.701447027106081 54.282359970833582
20.701258012057806 54.282435968526521
20.700486972598469 54.282589005349372
20.70010900245774 54.282707016946254
20.699518017143269 54.282916967989664
20.699335012825639 54.283011989974042
20.699240048124981 54.283225997842081
20.699348009446219 54.283325005146096
20.699908967986527 54.283634016062862
20.700423958365121 54.283809995646791
20.701124011975917 54.283997024773782
20.702406005962978 54.2842479852022
20.702726042899158 54.284336017221648
20.703014013927149 54.284438986840364
20.703169010727997 54.284530981072265
20.703259964413551 54.284622006521232
20.703436049320096 54.285048999475059
20.70348497910927 54.285255020836615
20.703485011869969 54.285426999246695
20.703438002529676 54.285686023289649
20.703363048885723 54.285888998532037
20.70317303355521 54.28615599267809
20.702431025739909 54.287188985701576
20.702169030015774 54.287514015933098
20.701849015789755 54.287891019038518
20.701544041050894 54.288353013635877
20.701191012775581 54.288700001604397
20.701077992989738 54.288924991170887
20.701136007086888 54.289496984087904
20.701184979043454 54.289592983610497
20.70139103560328 54.289844986303599
20.70146803258729 54.290137999734085
20.70144699705267 54.290809974702704
20.701309052938907 54.291874015002392
20.701040050851503 54.291851013602546
20.700763996059184 54.291855019429455
20.699847974447081 54.291920011102263
20.69902401795315 54.291996009553841
20.698639006167554 54.292053003541859
20.698285970645944 54.292156003913171
20.697118973867383 54.292641024594708
20.69663596000246 54.29275899718413
20.69551501837805 54.292950008670395
20.694976969493403 54.293060001538628
20.694510961918709 54.293197973508704
20.694239027908438 54.293327012480816
20.693933036802537 54.293529987804064
20.693684026440142 54.293724006098714
20.693138022285073 54.294265970824434
20.692669008503302 54.294810971223129
20.692086988856914 54.295643021510259
20.691682978503639 54.296169014568605
20.691380034405906 54.296489997063766
20.691172003927267 54.29664999961944
20.690891025081282 54.296829010514287
20.690703993585242 54.296924992526414
20.69050200694619 54.297001014139845
20.690398965046167 54.297020021827123
20.690211951809108 54.297027988457366
20.689832952997236 54.296989003522555
20.6890829806431 54.296745023465085
20.688837046753218 54.29669199638851
20.688595040789536 54.296687990954339
20.68840402161873 54.296733982397413
20.688274026856764 54.296837020826572
20.688243980895109 54.297001012053691
20.68826295613119 54.297134000038859
20.688432979643597 54.297351993569364
20.689111979150809 54.29808001494181
20.689241040740516 54.298251982472244
20.68931396681274 54.298420003869573
20.689265993739401 54.298785979687146
20.68908898617001 54.299110008913878
20.688631010894049 54.299590980342977
20.688470982070751 54.299804996422061
20.688334030452918 54.30009099173855
20.688261049975548 54.300419014056914
20.688219000437396 54.300994985138011
20.688231954405648 54.301319002018062
20.688287992102808 54.301555985183136
20.688480045078038 54.302105015873124
20.688531972791743 54.302405973449908
20.6885359497109 54.302749981789511
20.688496048557909 54.303036019838459
20.688456969934375 54.303142996723381
20.688319957919639 54.303351986321509
20.688208029607125 54.303478017946162
20.687942990629299 54.303658024333146
20.687806982801671 54.303715012659772
20.687634022842254 54.303748997318969
20.687233040524088 54.303733974027203
20.687033052773728 54.303680017549929
20.686917963146417 54.303634972994395
20.68680002895881 54.303523995845183
20.686603986698607 54.303218997412252
20.686273974971165 54.302902005130996
20.686038961211494 54.302765023164874
20.685636957664865 54.302649988285836
20.684931015931113 54.302520993764944
20.684440952732643 54.302539995201045
20.684252031635172 54.302577986536392
20.684123969715081 54.302643000515459
20.684000008026622 54.302733992381953
20.683874026966979 54.302878970110015
20.683638050553004 54.303162004871091
20.683492997679661 54.303406002247172
20.683173974898509 54.304072992959327
20.683080961787805 54.304297981608187
20.682922002916559 54.304676003794484
20.682766002433425 54.304965983991373
20.682342959544936 54.305622015426806
20.681924954261056 54.306182981428144
20.681695986947023 54.30640799938076
20.681423016343729 54.306538003004704
20.681204027141476 54.306579971596854
20.68056097666836 54.306622012506075
20.679770956673998 54.306686012715915
20.679586026457311 54.306743997632481
20.679491033085991 54.306815989459899
20.679467966768488 54.307780989054592
20.679389949116281 54.30831897883094
20.679269998505173 54.308681001584283
20.678829044986358 54.309673003610961
20.678740972444569 54.309981977247141
20.67873396355003 54.310142990344971
20.678762029554555 54.310286987290972
20.678828968830125 54.31040599956264
20.678946988890395 54.310554996997404
20.67922002372552 54.310813978225035
20.67997195994997 54.311473979067934
20.680402988606321 54.3119089747644
20.680492038032199 54.312041966538708
20.68054603483084 54.312180002682233
20.680587978065454 54.31246900363783
20.680587986615254 54.312621996526879
20.680516993634182 54.31280499406607
20.680236977944702 54.313206022972196
20.680005971334403 54.313351009976003
20.678973972883131 54.313914976001378
20.678377012574387 54.314293004312468
20.678036006934107 54.314475997467838
20.67775702760315 54.314545005862932
20.6767730085712 54.314654974526228
20.674901988067621 54.31480802583755
20.674714973922331 54.314853982727634
20.674556992967638 54.314941021843516
20.67446500157677 54.315032982943848
20.674478989271563 54.315291979633088
20.674555026729553 54.315506022473734
20.674788985861188 54.315864971057302
20.674860002714777 54.316321993013219
20.67485000991223 54.316653984959757
20.674780032092823 54.316818020743248
20.674674977253783 54.316977980418365
20.674000029010205 54.31783701538204
20.67343895567106 54.318661009506997
20.673253976015715 54.318863027517196
20.673072995863194 54.318970017761238
20.672039034929721 54.319439000829483
20.671340977649884 54.319789975084625
20.670617956095299 54.320194016246255
20.67018299074925 54.320483986335127
20.669941051096899 54.320713006499723
20.669810986679472 54.320938004614206
20.669796029057888 54.321053021834608
20.669848956699859 54.321365008724676
20.66974594987747 54.321670991668746
20.669511977581031 54.321861013673789
20.669224004413564 54.322036973321673
20.669146042594186 54.322113002426754
20.669084966311427 54.32222398904463
20.669046013762731 54.322369021768047
20.669081010970814 54.322589995855203
20.669186011696752 54.322777014149487
20.669335964128702 54.322956023552308
20.669614974748843 54.323204020587589
20.66985500124483 54.323368021112202
20.67027500194569 54.323592993746161
20.670641023722901 54.323760980585874
20.671089008023841 54.323913977873808
20.67165200843673 54.324078012585879
20.672780962366257 54.324368026598954
20.673219991632109 54.32445099971747
20.673686994753762 54.324504976894353
20.674706998768798 54.324520005828496
20.674852035042104 54.324538978185487
20.6749589907161 54.324576992177839
20.675130958390074 54.324695998679722
20.675283036074628 54.324870999122524
20.675583020491647 54.325343973119416
20.675991000120721 54.326049989046858
20.676215958653078 54.32618701771019
20.6768650298023 54.326473001974939
20.676959983831964 54.326541984676268
20.677037951347277 54.326644992593877
20.677087980630375 54.326756015340138
20.677012981716818 54.327136981998954
20.67692604770178 54.327198007604188
20.676410966843992 54.327442007558339
20.676264044241158 54.327578987448895
20.676190986186864 54.327724023990896
20.676153039891034 54.328030003359785
20.67597804176161 54.328716014878829
20.675903002254969 54.32881197333613
20.675655040145141 54.328999003730814
20.675394024013148 54.329085990087172
20.673951979682759 54.329376002883933
20.672690965177885 54.3296620080785
20.6714269631475 54.330070014063857
20.670126017784206 54.330517012558865
20.669067027856524 54.330914020933477
20.668839978385318 54.331050994642169
20.668753016417483 54.331134986699553
20.668658997597994 54.33128001360398
20.668619005572584 54.331455004067671
20.668615051093091 54.331600017339866
20.668651967711334 54.331791013878103
20.668882051635766 54.332237013788813
20.669502020641122 54.33314101250712
20.670310959248855 54.334323975778972
20.670715015211083 54.334952999892785
20.670750030577231 54.33518600128221
20.670531958278385 54.336178018066768
20.670521020013645 54.336490994668715
20.670569981544418 54.336776993302337
20.670660042659893 54.337024992897746
20.670795037836267 54.337246003542504
20.671616014224153 54.338210974276507
20.671848016503095 54.33853100567152
20.671897981931586 54.338683989141956
20.671923036614903 54.338917001819425
20.671878978289257 54.339581023248641
20.671638035115951 54.339641969236112
20.669991975371602 54.340263023256057
20.669362962328115 54.340465973298713
20.668753039266871 54.340557020518368
20.668339012368868 54.340588017024821
20.667937973938528 54.340588015224839
20.667523996535593 54.340556986835985
20.667078023421219 54.340491969600116
20.666672039685693 54.34040501098108
20.666394982544979 54.340309022609659
20.666141968693474 54.340176004046079
20.665806020846109 54.339930996833267
20.665696971615112 54.339789981799321
20.665409010770105 54.339339993415436
20.665286970389971 54.339278995480981
20.665077013203803 54.339225972194093
20.664579012577132 54.339152981576277
20.664363997596709 54.339110998181816
20.664070027934237 54.339011970373285
20.663236971378776 54.338692004751735
20.663005978700376 54.33863402186465
20.662793980467494 54.33861497385471
20.662626027823855 54.338626986272381
20.662449007852945 54.338660991015558
20.66134795513112 54.338985011978657
20.66109303197506 54.339046009379949
20.66072103289024 54.339103999701308
20.658071997829516 54.339252004853151
20.655956041741 54.339348012809616
20.654881013921209 54.33937097647425
20.654391987681937 54.339405010988294
20.653597029367937 54.339511973458094
20.652330025121145 54.339714011822075
20.649206038279896 54.340210002729876
20.649028966731628 54.340282008790659
20.648885959786821 54.340369986111035
20.648785037447681 54.340469021128726
20.64870495743023 54.34067500438011
20.64849099733653 54.341449988270952
20.648396025660421 54.341670997864313
20.648269992660936 54.34183097558811
20.648044994382747 54.342056015954988
20.647798978577331 54.342266006022911
20.647181023091342 54.342666972165681
20.647044985278946 54.34280797822796
20.647044996954921 54.342941013205589
20.647111971172649 54.343075028262533
20.647618963150663 54.343467990096954
20.64770897601942 54.343574984959581
20.647755011653853 54.343677982827337
20.64787500196849 54.34447497919264
20.647956971452203 54.345348001689707
20.647948971167356 54.345607984417661
20.647847958642402 54.345814013150083
20.647665003562967 54.345958971967832
20.647451004947644 54.346076981344879
20.647177011979405 54.346206971468391
20.646998984707196 54.346271988239067
20.646884991611518 54.346419975434529
20.646800989573311 54.346714017210161
20.646613976849846 54.347172023291762
20.646516973529589 54.347331989737057
20.646267031595215 54.347618008612017
20.646152002979616 54.347496022721572
20.645550017548473 54.347041971187707
20.645372003784807 54.346862971194206
20.645240951177264 54.346652998384528
20.644914950189868 54.346003979994485
20.644833016085983 54.345890012683043
20.644724037281211 54.345790985827939
20.644570967724317 54.34570301643145
20.64432503232986 54.345596018746427
20.643145042252407 54.345169006878926
20.642563003969101 54.344986014854435
20.642333986907911 54.344933008080076
20.641770997286859 54.34484098571069
20.640194004574482 54.344677013073785
20.639884971060315 54.344626998094469
20.639560962888947 54.344524017290176
20.63939503559423 54.34442900590232
20.639264980814431 54.3443180067651
20.639173975042386 54.344180997146658
20.639129958978863 54.34403997562697
20.639125966347429 54.34383398710785
20.639167965182889 54.343356978829107
20.639249979003619 54.343094010737317
20.639637005195187 54.342364999916121
20.639783998475039 54.341987993463704
20.639872036249333 54.34159899194799
20.639846999137021 54.341492008780882
20.63977597601103 54.341418988184337
20.639562978647248 54.341296991310273
20.639144947853342 54.341124977573138
20.638788012096306 54.341018978086794
20.638416020881344 54.34092699114376
20.638083042274342 54.340858016081192
20.637581027174996 54.340777969764282
20.63729998647921 54.340771012400538
20.637028014160691 54.340801000961548
20.636836970625151 54.34085801058626
20.636460963072746 54.341018981884197
20.635562975918845 54.341427027434179
20.634755977353354 54.34172402321704
20.634364960715192 54.341827008141991
20.63358698459243 54.34194199706176
20.633259015132634 54.342017976591457
20.63311397981111 54.34206797676417
20.632980007671776 54.342128988597864
20.632748034626569 54.342274003643553
20.631976960479868 54.342868987712173
20.631686987180458 54.343067011860896
20.631407036514904 54.343181977493444
20.631070973782325 54.343245996309683
20.630657014598508 54.343265970433755
20.630243042357385 54.343238977023198
20.6267379787507 54.342720008850655
20.626810048838038 54.342888015457781
20.627731023687105 54.344433001168767
20.628047982286514 54.34513902530496
20.628195040903258 54.345543011942333
20.628304975539521 54.345932027460243
20.628541996266364 54.34714500403571
20.628566985886319 54.347369977122263
20.628554947664 54.347674984515983
20.628512970644426 54.34787400280176
20.628450011002652 54.348038015633385
20.628304034910904 54.348247967273686
20.628106979743631 54.348430987554224
20.627851008875624 54.348598015061881
20.627501979164542 54.348742996031348
20.626554033861691 54.349068015937291
20.626286985455636 54.349171020424969
20.626108012650644 54.349269998281706
20.625866022068603 54.349444987773808
20.625705959268799 54.349602006029642
20.625648039196623 54.349686012780737
20.625074044062881 54.350886986995782
20.624907007153428 54.351120013286589
20.624659015762798 54.351357017864402
20.62456697376717 54.351439984311305
20.624155003912154 54.351668993984525
20.622972006675912 54.352229977316583
20.622421019266469 54.3525200143227
20.622292991184413 54.352618970091299
20.621780014460512 54.353129999825398
20.621519006396159 54.353333011092396
20.621225041660143 54.353516014984777
20.620772983488983 54.353717981996155
20.619314032858458 54.354266977787013
20.61904896852241 54.354392989374794
20.618753029661978 54.354575985188511
20.618560958240799 54.354770979855878
20.617967955967757 54.355540998977887
20.617756028062452 54.355693991433711
20.617137974099332 54.356032996657312
20.616927988281653 54.356167010514511
20.616780997043687 54.35629301741011
20.616673041916801 54.356491001222338
20.616647976976303 54.356643978628767
20.61675297789704 54.35701000017734
20.616752973583878 54.357131972375839
20.616625011901633 54.357264999181389
20.616488984171056 54.357327019988503
20.61626095330201 54.357383993957605
20.615870007081885 54.357432981581248
20.615318010682078 54.35747097171744
20.614901994548081 54.357470997024585
20.613705029248859 54.357426012549126
20.613123036149581 54.357387985858814
20.612609953767166 54.357329985030844
20.611995957758584 54.357243021893616
20.611302957544737 54.357120985154829
20.610908977494894 54.357021004761805
20.610667982207119 54.356922006561859
20.610521023532574 54.356831019282772
20.610188016950698 54.356548002868209
20.609755998873261 54.356242984609416
20.609389986176815 54.356013999197735
20.609119039301376 54.35587700324308
20.608923034156518 54.355812020952392
20.608568026924676 54.355746970673977
20.608105012842074 54.355724015675335
20.607824025372967 54.355731968183306
20.607587961900293 54.35576197679439
20.607484965320136 54.355788990518931
20.607285981349136 54.355888011093093
20.607172052630812 54.356041015712343
20.606701010953266 54.356940987350733
20.60637504051061 54.357464008977047
20.606255985366499 54.357582004508416
20.606098038327559 54.357692983016094
20.605877034783205 54.357803019236407
20.605597964193514 54.357903019058767
20.605107981805471 54.358013009897547
20.604789963959732 54.358047005866091
20.604390974129451 54.358043986803501
20.603918036583661 54.35800197799653
20.603680020633806 54.357959990111468
20.603462035823465 54.357890968148773
20.602929988743064 54.357604988867344
20.602722027540732 54.357512986048341
20.602392029526932 54.357432993991928
20.602179023904885 54.357402980950567
20.602052954694429 54.357398980268719
20.601863971592373 54.357475012888386
20.601776013875945 54.357563020422404
20.601756956192641 54.357726984939823
20.601796983658257 54.358238024427763
20.601744049240839 54.35843300963144
20.601619980355622 54.358542996592377
20.601513031218914 54.358612009198069
20.601392998558563 54.358668985017864
20.601032017140575 54.358790970955482
20.600615028920302 54.35888701005198
20.600376017338853 54.358925007985135
20.599796024166835 54.358974004014264
20.59884500739928 54.358981982930558
20.597473023040425 54.358966979368311
20.596673968131892 54.358986004492365
20.596315004403749 54.359035020148191
20.595528040030931 54.359241019298679
20.595279984377829 54.359291014005585
20.594933001934333 54.359333008193417
20.594719034743044 54.359341022452838
20.594531991109349 54.359328990390622
20.594241971728312 54.35927197579349
20.592653033265258 54.35887899836704
20.592014009015607 54.358749011527216
20.591473000584511 54.358685009521871
20.58999101215483 54.35857402210695
20.589675951676238 54.358527988748314
20.589175984236423 54.358413991426147
20.588693994194198 54.358237972681032
20.585860956151105 54.356910998747829
20.585159023124035 54.356635994291118
20.584726012568179 54.35649501394861
20.584125948648257 54.356357988066769
20.583809012947668 54.356318998793299
20.583378019050549 54.356323000700435
20.583021025520104 54.35636098050891
20.582849979818619 54.356399987660033
20.582724022449138 54.356460987215428
20.582614984370782 54.356551989865295
20.582548014638832 54.35671596846894
20.582557962219251 54.357196985214493
20.582497005290612 54.35731097629575
20.582392046816434 54.35738401682611
20.582227968849288 54.35745200249297
20.582044977489677 54.357502010258912
20.580967036127337 54.357715982381855
20.580616004148407 54.357811002731879
20.580399983667359 54.357914005558612
20.579933005179846 54.358211981824205
20.579639051159848 54.358341010954327
20.579191013256761 54.358456003855302
20.577821973376004 54.358673001502588
20.576201957920144 54.35878802077093
20.575959986654926 54.358809982155762
20.575589966460338 54.35887498942521
20.575278977744198 54.358954978489415
20.57508903712278 54.359032018081102
20.574923968610815 54.359135013583106
20.574288961765834 54.359638002435496
20.574145959180839 54.35971801203398
20.573931036852333 54.359805974705367
20.573803014983021 54.359840012795608
20.573654017294551 54.359856021734061
20.573014978400398 54.359863007419435
20.572762019290757 54.359886020526325
20.57257504336464 54.359940003699613
20.572123955696604 54.360137982202573
20.57193898474944 54.360187972988051
20.571773985532783 54.360203019177696
20.571575026051605 54.360191008682527
20.571132963815536 54.360110999222265
20.5707090307518 54.359982012309111
20.569307027931949 54.359443985449872
20.568905005313127 54.359309974312886
20.568557957438887 54.359240993089266
20.568203027815574 54.359230021497829
20.567943993003805 54.359252977583118
20.567704978913866 54.35929102445283
20.566506967553966 54.359619022403258
20.566096954218498 54.359699007477666
20.565591968838579 54.359702979266714
20.564116980716303 54.359641974377354
20.563627018053811 54.359668982824367
20.563194029662075 54.359730016229861
20.562829985868138 54.359829007207829
20.562550024863853 54.359939976790926
20.562346959978345 54.360065025304898
20.561966025897469 54.360381972191533
20.561630034471079 54.360554003902202
20.561324975883096 54.360652992715522
20.561067978841923 54.360713999426096
20.560155997882319 54.360889010242765
20.559792969067555 54.360920027181635
20.559041957014781 54.360939008750627
20.556730024082814 54.360934990001617
20.556458999728605 54.360961970988292
20.555728963411163 54.361111006308349
20.555395037676618 54.361122015331631
20.554687993423002 54.361075987025764
20.553791038732648 54.360935016654565
20.553580996392277 54.360916007571916
20.553425046222081 54.360916004496268
20.553854029563826 54.3613929932188
20.553985972462335 54.361590988608782
20.5540369470163 54.361896979383943
20.55399300592649 54.362128996623433
20.553912974614668 54.362217021516159
20.553768012240525 54.362300990074267
20.552856002374021 54.362675010553197
20.552574041430375 54.362797010553223
20.552362034721831 54.362911010867485
20.552278960338644 54.363059989277993
20.552275004405992 54.363326984578102
20.552370020820529 54.363666978014805
20.552492024317047 54.363887997658409
20.553473026390634 54.364924999143739
20.553938008762021 54.365485981669437
20.554200992252635 54.365848997947694
20.554312011412172 54.366119001559305
20.554363004146225 54.366417013045186
20.554342038346334 54.366676009340885
20.554307956191575 54.366810012577609
20.554204953574931 54.367053995972576
20.554058046550249 54.367251997270884
20.553636962581226 54.367607005882846
20.553246025362075 54.367862998207492
20.552459963306681 54.368252010715821
20.552015037501103 54.368426976476051
20.551612990308385 54.368546000231326
20.551205005426411 54.36858397986768
20.550940954135491 54.368571992547821
20.550574967048231 54.368529999098882
20.550315998137261 54.368473008135069
20.550071959859345 54.368384986822242
20.547273947223918 54.367099979082262
20.546828975184276 54.366923989717812
20.546471015084428 54.366839980037717
20.54539899493032 54.366676004909202
20.545177028104952 54.366610986877951
20.544926047273936 54.366454994669454
20.544705986885539 54.366290992871384
20.544265963563838 54.365913000342921
20.543387951830749 54.365055000018984
20.542882992044742 54.36452101128544
20.542660015968764 54.364348993300197
20.542539990098103 54.364276995926666
20.542269017492668 54.36416197947463
20.541533958077849 54.363894994091993
20.541079972732913 54.363708021650126
20.539625014490895 54.362868987321605
20.539372960728464 54.362750975911737
20.538680952357875 54.362480000900234
20.538458040188395 54.362422975446862
20.538054983754179 54.362362017228619
20.537673956930675 54.362324015569563
20.537257967275735 54.362316023021457
20.53678898686745 54.362361979928323
20.535960975235728 54.3624759781477
20.535475009622715 54.362511019239726
20.534892978739219 54.362510979984989
20.533614968258735 54.362460991897379
20.533215017257277 54.362468992599929
20.532825035496913 54.362522012253294
20.531691002230431 54.362750989084354
20.531176026055533 54.362807987376094
20.530822983358757 54.362819996663227
20.530485016024706 54.362807974538917
20.530089973722117 54.362766022055951
20.528042038542129 54.36243800859463
20.527753990430018 54.362414980226049
20.527445037512834 54.362414997379197
20.526989035554124 54.362457012033161
20.526555988758037 54.362526008324856
20.525511015423977 54.362793002772726
20.525183036815502 54.3628620022224
20.525028033235692 54.362880972462982
20.524714971831504 54.362880992359727
20.52448703420945 54.362839018695425
20.52429003391185 54.362761970421793
20.523964013538684 54.362590997697026
20.523833980495272 54.362491973864969
20.523646970753738 54.362217009398556
20.523259966960627 54.361473010262621
20.523115043017746 54.361328019426104
20.522951048228371 54.361239994801814
20.522765999092776 54.361179017959373
20.522571997488903 54.361152999532976
20.522350006148752 54.361155989210594
20.522044988468146 54.361186999148437
20.521793020253725 54.361233014330018
20.521212036745229 54.361411988131614
20.520648965524568 54.361664022223323
20.519950994661649 54.362095023235064
20.519727977144154 54.362206027870428
20.51944199431739 54.362273981906704
20.518659971787834 54.362376973146048
20.518397971040297 54.362453016326164
20.518154042534068 54.36260199256602
20.517800958909909 54.362930014243695
20.517579976380851 54.363105975301011
20.517380033721466 54.363185994833046
20.517124050084359 54.363224021989701
20.516247019409111 54.363227991074993
20.514935952409797 54.36339199896738
20.514616006282044 54.363410988403544
20.514326048436342 54.363403022132495
20.512239013501777 54.363159017594704
20.511393013383881 54.363049004978841
20.511055032036914 54.363007014208613
20.51068498885029 54.362945995315435
20.509790029453814 54.362746988375392
20.50926400946344 54.362690012179534
20.508384966731413 54.362686005240356
20.507124012842233 54.362727970955923
20.506360967337375 54.36278201943292
20.505713018315728 54.362864975726289
20.505428032686471 54.362930017506244
20.50525896340465 54.362995011637047
20.50512499207343 54.363071024439463
20.504900053867512 54.363327019263266
20.504891975473708 54.363433986494343
20.50497195823413 54.363692986869182
20.504968957683626 54.36386499583579
20.504851969956682 54.364040020908732
20.504648038250618 54.364200992495654
20.504395036587617 54.364329970877712
20.50410096299705 54.36443299669498
20.503826011669894 54.364482986806955
20.503376007427558 54.364498014536345
20.503067002212141 54.364493985188965
20.50265303961886 54.364463990700358
20.502256019924797 54.364394994210066
20.501900027539506 54.364306991554265
20.501134968914783 54.364040011197055
20.500508983922682 54.363791976614451
20.4993500402609 54.36329997819945
20.499023016579589 54.363102022183071
20.498595982573011 54.362694013934188
20.498334952065541 54.362388988282135
20.498079039822237 54.361972976067833
20.498016027352037 54.361858006487992
20.497743964194598 54.361458018159759
20.497459010586759 54.361214013789336
20.496674977700316 54.360680009881222
20.496359010613666 54.360484979802301
20.496115012251572 54.360363011819366
20.495816998958517 54.360249017580557
20.495520010429715 54.360171974664965
20.495327030206983 54.360145998374435
20.495051979617536 54.360138027518268
20.49405103928942 54.36018000246478
20.4938160357 54.360222002752835
20.49288204736764 54.360455016937991
20.492326970558448 54.360538011817582
20.492142047564847 54.360580007620854
20.491780999208675 54.360709975624658
20.490895979968712 54.361092022766663
20.489871997459776 54.36143902293778
20.489758954494746 54.361350999385699
20.489350976459693 54.36122500595696
20.4889320337216 54.361038004873166
20.488724026577692 54.360909021030764
20.488589974438437 54.360767002747856
20.488526994242207 54.360634021072869
20.488500966148923 54.360457997946476
20.488540983295124 54.359718017214895
20.488518035942608 54.35930599220336
20.488477987601843 54.359200001186451
20.488397962290644 54.359092977142353
20.488124970422803 54.358871013302384
20.487970007126641 54.358794999425712
20.487791013472748 54.358749014149915
20.487519953446025 54.358710997874667
20.48722297435388 54.358695991389254
20.48658003454856 54.358718988637733
20.485639987625419 54.358821973917586
20.485180033870204 54.358893973349034
20.48476196381398 54.358985989932791
20.484444028112243 54.359080974373008
20.484168961333673 54.359196006406208
20.4836790153199 54.359440024552555
20.483072020064963 54.359787017405296
20.482172042946338 54.360377975184633
20.481803974674435 54.360595978462264
20.481226023087277 54.360873985795337
20.479675002183086 54.361557011026193
20.478090025651916 54.362281997093739
20.477761972024062 54.362361983315274
20.477226025006537 54.36241501218894
20.477254980890539 54.36262497346867
20.477247052592798 54.363155014190092
20.477221985264134 54.363300004310368
20.477115962508908 54.363525002555228
20.476888964568762 54.363738999283115
20.476458003925018 54.364005990223113
20.475606994751566 54.364421996287525
20.475459978573223 54.364547974068643
20.475423978863887 54.364661985432981
20.474629953219047 54.364516984172262
20.473482040334751 54.364284971260346
20.471423987576781 54.363830979638671
20.470646025086868 54.363635980276158
20.470201027665127 54.363495015053545
20.469844997420626 54.363335019069567
20.469392980709991 54.363482974627473
20.469138976927674 54.363510018779323
20.468723030316738 54.363495010913802
20.467702976643427 54.363357989864141
20.46735003635947 54.363338010881385
20.466983966315368 54.363360973975077
20.46583903277509 54.363503008215005
20.464901015953824 54.36350297144557
20.464561002365748 54.363503024280668
20.464215975656941 54.363468004525075
20.463754976275922 54.363392026926199
20.463118017920678 54.363255011718245
20.462837011626949 54.363209012921075
20.462514961259384 54.363196990503887
20.462143031303821 54.36321998077014
20.461982977898675 54.363266023336912
20.461829989944579 54.363360980705963
20.461358979150322 54.363823003420677
20.461095969256721 54.364048006587957
20.460889989081153 54.364140006827448
20.460655042360557 54.364181992272215
20.460084986801849 54.36414297335741
20.459742967443688 54.364094009898622
20.459187967199131 54.363959973003034
20.45860903285951 54.363772984425168
20.458255991836076 54.363707973980446
20.457947021859642 54.363696991522829
20.457677982488875 54.363757996989939
20.457498978397918 54.363838010743777
20.456993034691155 54.364135974930548
20.456780979315347 54.364207971178033
20.456379003020608 54.364268998475708
20.455871982998907 54.364277020530452
20.455414022967279 54.364231010621594
20.455086012677331 54.364159019651353
20.454657016761548 54.363983023344588
20.454098037003014 54.363658990259623
20.4538960404881 54.36356397364532
20.453633975130415 54.363486998599946
20.453371044003735 54.363487019509961
20.453119029609546 54.363524971176112
20.452282034660914 54.363911004256302
20.45201695134476 54.363997985637077
20.451650999769448 54.36409798528765
20.450902960822091 54.364288012836944
20.450729005656626 54.364345990687241
20.450562972127329 54.364494005715443
20.450521047878208 54.364635004131031
20.450516007082328 54.364852981147308
20.450554044405521 54.365012993644093
20.450771029237018 54.365378990340311
20.45116396816622 54.365867977246502
20.452233977758496 54.366820997801192
20.453201019940153 54.367793991782555
20.453442024182337 54.368065010523303
20.453516007781065 54.368228976484474
20.453548017587689 54.36848101206521
20.453449040246408 54.36868999628232
20.453362987310673 54.368774006816622
20.45322401639277 54.368869980893699
20.452654035111898 54.369159975757022
20.45246102912931 54.369246981598955
20.45225002142179 54.369338992604725
20.451831998201612 54.369476007956145
20.451345030234343 54.369586973952231
20.450936955808075 54.369640007236256
20.450478041649131 54.369652004696967
20.449909026122508 54.3696249825134
20.449606014706806 54.369591019648809
20.449341025951615 54.369544993462682
20.448462016337391 54.369286021815221
20.448089954145541 54.369193993120369
20.447851038159371 54.369167001424088
20.447590037969665 54.369178980187144
20.447070995659661 54.369254990242474
20.446936029550105 54.369289021938826
20.446790980483357 54.369415019501702
20.446769963601259 54.369514011502289
20.446785009892661 54.370129019904248
20.44676801451795 54.370270006357828
20.446636047976892 54.370398993806134
20.446336960038632 54.370571012042468
20.44610397955709 54.370659009395254
20.445791048010918 54.370734995009798
20.444272979448023 54.370998021421691
20.443568978041679 54.371159011529777
20.44331197371876 54.371257988859277
20.443037017650038 54.371402990791282
20.442806007126492 54.371632007671302
20.442183949108184 54.371356979836904
20.441799022251331 54.371212007952828
20.440884042964985 54.370975011368508
20.439692992099555 54.370728000989487
20.439394032284916 54.370636007345809
20.439083029806163 54.370522016309856
20.438619970333196 54.370311990904938
20.438173008415053 54.370064017992476
20.437623957163282 54.369701009178478
20.437210043104553 54.369377010387147
20.436759983998954 54.368958019876544
20.436635951077097 54.368865987380396
20.43649096376592 54.368796985880593
20.436314000643854 54.368739986455459
20.436094032571557 54.368702020144106
20.435589008604389 54.368655998105964
20.434836986721827 54.368610025645992
20.434647015557239 54.368579995450624
20.434449983427562 54.368526006280426
20.434225022503327 54.368430970747951
20.434023020784284 54.368304984116584
20.43383202918988 54.368152992671071
20.43335503313596 54.367714001175841
20.433179989424797 54.367599001655748
20.433001028216708 54.367530999734861
20.432805978243419 54.367473991827765
20.432153991018701 54.367362994725895
20.431929049265847 54.36731000269549
20.431724971667759 54.367228973797232
20.431185048633658 54.36697399673151
20.43002504052621 54.366409016714229
20.429727975761249 54.366282998021219
20.429513979971997 54.366238019878551
20.428721971445192 54.366146005779107
20.427636955460692 54.366070006682619
20.425438013092528 54.36610401144133
20.424638955328319 54.366095984486172
20.424485961955188 54.366073972680987
20.424349010215405 54.366034988305735
20.424088971686157 54.365878982796708
20.423918002877123 54.365706992675307
20.423684993336419 54.365597010973865
20.423482978328906 54.365551007401578
20.423086017914105 54.365516971465816
20.421870972148714 54.365508980199394
20.421580973228636 54.365478978633412
20.421306967465121 54.365421011307411
20.421026012699787 54.365325972109879
20.420542015965012 54.365089005774522
20.4200330350954 54.364880022149414
20.418565984541885 54.364414015367622
20.418381001646416 54.364318985501349
20.418283017843443 54.364189007287031
20.418227956239008 54.363964001619749
20.418221015432902 54.363677999689337
20.41838104007784 54.362522008272443
20.418396040604105 54.362151986527735
20.418316035534858 54.361832006968122
20.418200030081874 54.361533994854554
20.41808503679253 54.361327970992427
20.417933034647191 54.361171974028252
20.417736007597838 54.361033979799743
20.417486029344918 54.360924002896247
20.417178995687124 54.360843987694665
20.416818961967063 54.360786009886375
20.41652702363 54.360770976653093
20.415912950018797 54.360774974544142
20.415373035243395 54.360797983717006
20.414840962924458 54.360839982620526
20.413826016139787 54.360957979910872
20.412987013136561 54.361103000759492
20.412448989980778 54.361236996525264
20.410697945773098 54.36172497514341
20.410027985264609 54.361865971924423
20.40971000848922 54.361880988262321
20.409407012188581 54.361835024633464
20.409161009259208 54.361747999103919
20.408619009286518 54.361491975036088
20.408460968132069 54.361458009008082
20.408357994011002 54.361465017548952
20.408254976855549 54.361507012134929
20.408044978273711 54.361686999094481
20.407938004855684 54.361752005180456
20.407773990024975 54.361820016399228
20.407613968980918 54.361847008352996
20.40725697938683 54.361835010412101
20.406956003856216 54.361797017717819
20.406630004248818 54.361698013343656
20.405581969882491 54.361210020564066
20.405148975547135 54.361053009529634
20.404660978290817 54.360976998902423
20.403563032381179 54.360893008169626
20.403134961126238 54.360813002611344
20.402846986024741 54.360709974818732
20.402234957765806 54.360439000031874
20.401773023650946 54.360274970215364
20.401305968979653 54.359954976267879
20.400824041895238 54.359603992254257
20.400306993099122 54.35926800069651
20.399960996677571 54.359077007889582
20.399628040163286 54.358936017165114
20.399051952330662 54.358741981102568
20.398447008510569 54.358585024421089
20.39643102705632 54.358215014460413
20.396263037525149 54.358147007426126
20.396165949559546 54.358020987443162
20.396165960240207 54.357857014877467
20.396286011944472 54.357688987213812
20.39643101036047 54.357574001398802
20.396722952414446 54.357413998562237
20.396945965409376 54.357337992786817
20.397358028903039 54.357235000496843
20.398425975089637 54.357033003025684
20.398891018852353 54.356910995751228
20.399085966520786 54.356841974438709
20.39922295687429 54.356769993581537
20.399352980450814 54.356666980611863
20.399426954294597 54.356566999700554
20.399451998786116 54.356434011493882
20.399403031146736 54.356274010931145
20.399280969605645 54.356097974297711
20.399075033113714 54.355888010828735
20.398756004644248 54.355632976063077
20.398127050115441 54.35521300867245
20.397952994731074 54.355114010820671
20.397678009582243 54.354984009557022
20.396892961285992 54.354664011547982
20.396596984632193 54.354572019602053
20.396375999262688 54.354538008766326
20.39531902869788 54.354453967928279
20.394952995804221 54.354384989003329
20.394698974545836 54.354286026474995
20.393789031864603 54.353840006961406
20.39346302975418 54.353722003956563
20.393235970449158 54.353691007973609
20.393055000207582 54.353694971106222
20.392726977203054 54.353751988435462
20.392196961696705 54.353877984753417
20.391982993999402 54.353892996773538
20.391843964450047 54.353859000475893
20.391676030596571 54.35375201489277
20.391301992901443 54.353576991235272
20.391138024710738 54.353530972759934
20.390908988119012 54.353508002654188
20.390568026531085 54.353507995123245
20.390387042586571 54.353526996512905
20.390288983607931 54.353558017416809
20.389399971270571 54.354069003763129
20.389193958796834 54.35416002483975
20.388972962984113 54.354225021039305
20.388697043824937 54.354282010531463
20.388502003715516 54.35430498876056
20.38768201020476 54.354305003605624
20.387381019534931 54.354278991137988
20.38703704604022 54.354221002187579
20.386635004148786 54.354134019500357
20.386303033981498 54.354037981311627
20.385976986129226 54.353904979217916
20.385148964619987 54.353458021171534
20.384838007959093 54.353310011213402
20.384547978544056 54.353210027821369
20.384295002330152 54.353171976289303
20.383986999719628 54.353183978815636
20.38384200517778 54.353221978726566
20.383722025789965 54.353275014432668
20.383495024703816 54.353457985897812
20.38304304555362 54.353928016140635
20.382919011169996 54.354007999210587
20.382658036189742 54.354136979414612
20.382547037088962 54.354164015879526
20.382346976251451 54.354176013641819
20.382131950035649 54.35416397857788
20.38193703865344 54.354134007551608
20.381747981938258 54.354073004195257
20.381559022179992 54.353980999617853
20.381251986373965 54.353789978068015
20.381080979348358 54.353648998788984
20.380883997789507 54.353408972980716
20.380394019508092 54.352630973793822
20.380294985378484 54.352508984023345
20.379686030381052 54.352180001607202
20.379398003895403 54.352058017869027
20.379154049409955 54.352280013133772
20.37906502305367 54.352385978607671
20.378968948673634 54.352458982088386
20.378391026031746 54.352660974586115
20.377604949424189 54.353038977246229
20.377108032984154 54.353129979510264
20.376918977488955 54.35319100367532
20.376760035187377 54.353302013851128
20.376604034412047 54.353527004072923
20.376430984140153 54.353672020586224
20.376176959210063 54.353816978501726
20.375789977119204 54.353981019818534
20.375582002185535 54.354037998318027
20.375412034063473 54.354046020283725
20.375177002116907 54.353999997723598
20.374987019351472 54.353924022386053
20.373089008707044 54.352885969546648
20.372477042460034 54.352626999415243
20.372236020461958 54.352569969801181
20.371805010173201 54.352566001449446
20.371536039439967 54.352604020703033
20.371291978777958 54.352710980653484
20.370530985125164 54.353095989186677
20.370389968641856 54.353149019122277
20.370219982115543 54.353187971632714
20.369923053471606 54.353233017151631
20.369556031008067 54.353268022989482
20.368541967918105 54.353302000916713
20.367710039429838 54.353294004203399
20.367005999636181 54.353260004878386
20.364239012401892 54.353016023144143
20.362554955564981 54.352917012310314
20.360927957842609 54.352771979173035
20.359552000741374 54.352611979842315
20.358709003885288 54.352477983262801
20.358324012305218 54.352382982249885
20.357914037424688 54.352260974372733
20.357694982890067 54.352160990756062
20.357581989654857 54.352065971541975
20.357523024126767 54.351924982834937
20.357546011400572 54.351787969805144
20.357732973411636 54.351505026410585
20.358335001202548 54.350754021395716
20.358505034553513 54.350506001351299
20.358685000292354 54.350113009198942
20.358706007187411 54.349979011524553
20.35869197835558 54.349834007979659
20.358626976426841 54.349677976091293
20.358334023285785 54.349392004765036
20.357949959743369 54.349113027880563
20.357466003161104 54.348824009040364
20.357019017797317 54.348629007089173
20.356202962808521 54.348343013026138
20.356045049801267 54.348259012987299
20.355686050448654 54.348022013865197
20.355202012364437 54.347770993721554
20.353446951458633 54.347091981365317
20.353226006791822 54.346995969245448
20.353065027555061 54.346897014072511
20.352949034870186 54.346802016680968
20.352835003394038 54.346512019169502
20.352887963209596 54.346347986328603
20.353067037415297 54.346190992029328
20.353560996352396 54.345989014857928
20.353938997969085 54.345866990184071
20.355219001663396 54.345633993822496
20.355587041774537 54.345546984912097
20.355766040365321 54.345474022054418
20.355930012418746 54.34537902457356
20.356030024013204 54.345287023106074
20.356091969353709 54.345183985906445
20.356103995902952 54.345077977923793
20.356052018765777 54.344954972745413
20.355945963807439 54.344814020666902
20.355801039053873 54.344687966138295
20.355350001984945 54.344417990072003
20.354431045104423 54.343967018090439
20.3539029768998 54.34368102340725
20.353478952198767 54.343379996945387
20.353273027839354 54.343181998627394
20.352820959190339 54.342609025176486
20.352657010148747 54.342437969371261
20.352428031609044 54.34224698270485
20.352193965764215 54.342129003467903
20.351964959741125 54.342056002173528
20.351707013662484 54.341995009497282
20.351019036456833 54.341899990930344
20.35041197980626 54.341842989720412
20.349232022483378 54.34178198852306
20.348514991645853 54.34172102157806
20.348206996220782 54.34166697011689
20.347907963329106 54.341591028526423
20.347631017998197 54.341496021580589
20.347376014937375 54.341380993299083
20.347168032123747 54.341258987431331
20.34700797275044 54.341140978366042
20.346646958104692 54.340752024259565
20.346519032987853 54.340575993198698
20.346454983815057 54.340419992702991
20.346418040937756 54.340213970494062
20.346401043303501 54.339882019498141
20.346440991287132 54.339568974251655
20.34669700048368 54.339076971779129
20.346711973633962 54.338871022647524
20.346663973557312 54.33868399066268
20.346548046179798 54.338509000144292
20.34639002859123 54.338394010088152
20.346101953193941 54.338317997743928
20.345557969419009 54.338214990731359
20.344615993639557 54.338017019773766
20.344027957630018 54.337840978430535
20.343132020494455 54.337543015856312
20.342823034901482 54.337486018655973
20.342560007982698 54.337482006536852
20.342396020988573 54.337504978957675
20.342146019849913 54.337588968779691
20.341421038416879 54.337882978800288
20.341161998439269 54.337959010726124
20.340346977871647 54.338096976827217
20.33961303170139 54.338191998200088
20.339314036433308 54.338180979556803
20.339181957880818 54.33813102106793
20.339117007548825 54.337996971082411
20.339106004056472 54.337718980663084
20.339150985459785 54.337466986749767
20.33925603790615 54.337132006354508
20.339357005251415 54.336879973328834
20.339510029666588 54.336642985596733
20.339540048686185 54.336510003567128
20.339520020220249 54.336319022177499
20.339453024537637 54.336135981087764
20.339350005116781 54.336005988567905
20.339191022154772 54.335895971661067
20.338843971341529 54.335742986405769
20.338387970523865 54.33561300984065
20.337716992037464 54.33547998133848
20.336942960621304 54.335365016977903
20.336438989776831 54.335322982662319
20.335979023193438 54.335319970848765
20.335565950710315 54.335349984949673
20.334993013596019 54.33542597134295
20.334734013221173 54.335499023576944
20.334081984682733 54.335773011416919
20.33388098271196 54.335841982228388
20.333659966486401 54.335868998934878
20.333254028373563 54.335856989593346
20.333121952651393 54.335834997118631
20.332951035136514 54.335777019513387
20.331826963846037 54.335335012605299
20.331301036650149 54.335185995722547
20.330754988584708 54.33505997388442
20.330210023696111 54.334969008612887
20.329608985978602 54.334896026640138
20.328647954412592 54.334819974398322
20.327940007346502 54.334789011923796
20.327545003704181 54.334758975538541
20.327096995883903 54.334698015992117
20.325265979277212 54.334353987138471
20.324707027957988 54.334228968651345
20.323296020865477 54.333847003862601
20.323072041733642 54.333800991774233
20.323338032762585 54.33351500521961
20.323431043447556 54.333339995608497
20.323414003144983 54.333213992913485
20.323287952185872 54.333056987519839
20.323151040717438 54.332950966865887
20.323047974932468 54.332870016858571
20.322764988757211 54.332705971181156
20.322482995272807 54.332564970158892
20.322212024834215 54.332442980595268
20.321954967717858 54.332348020509968
20.32166298866585 54.332272000736033
20.320895987406139 54.332129978541964
20.320518007311748 54.332026999626329
20.32023195601748 54.33193600930516
20.320031975134199 54.331851974875825
20.31987402685478 54.331767998803095
20.31971197158342 54.331661011502206
20.319561009164321 54.331532014060208
20.319370004308169 54.331329020752982
20.319017023730964 54.330848988507846
20.318791957353977 54.330597016021393
20.318648958781505 54.330467008296537
20.318532960138931 54.330387027437475
20.318405004486081 54.330325995465927
20.318244965387809 54.330273012317633
20.31805401890734 54.33022302233087
20.317859969899946 54.330193003674864
20.317649958146788 54.330172982901701
20.317388969385338 54.330162028407003
20.317109998571009 54.330161981757051
20.316769045911339 54.330176994002052
20.3164019571119 54.330200009545599
20.316082002419581 54.330230973270702
20.315765019735004 54.330273022722736
20.315368972413303 54.330338000608194
20.315103980805404 54.330414021287467
20.314789005370667 54.330544025018384
20.314386044387334 54.330753019199214
20.314018036720203 54.330943981938525
20.313704002757465 54.331069972956243
20.313307014385 54.331195974894619
20.312891000918516 54.33128700082186
20.312638978672446 54.331321994739262
20.312331977692384 54.33134502455114
20.311793975564921 54.331375020096971
20.311102034720065 54.331390017976808
20.310799026218575 54.331412994465992
20.310605997578079 54.331444001385222
20.31034895552677 54.331504988543209
20.309423018953574 54.331776015202195
20.30919797646267 54.33182901742795
20.308981013126484 54.331870973768382
20.308514041304267 54.331923990370591
20.307591973292187 54.332008002842812
20.307189991355795 54.332024004769444
20.306811999775835 54.332176018897435
20.306496041678418 54.332263984171909
20.306076018042987 54.332325016703578
20.304839993859844 54.332409020601837
20.304118994532672 54.332500013087589
20.303553000518335 54.332614974145649
20.30313102522468 54.332726002847856
20.302784017979949 54.33285899948801
20.302571981103849 54.332988996121422
20.302438961333454 54.333121995502161
20.302319045408797 54.333297985565345
20.302147047118094 54.333782019300457
20.302037965714799 54.334014976538271
20.301653048411289 54.334476014617252
20.30047600507379 54.335631990257212
20.300241029334039 54.335777006007916
20.299810035109555 54.33594898855209
20.29903803702075 54.336242967794853
20.298913958207574 54.336311013120053
20.298816994789263 54.336390970443233
20.298665983303906 54.336590011385859
20.298434994163408 54.336982994989931
20.298365024595661 54.337238019342273
20.298363044353092 54.337474984331777
20.298429004825564 54.337589024418087
20.298599038867966 54.33773000360619
20.299086040978327 54.338019983608383
20.299368033310781 54.338252975452065
20.300125049383649 54.33870300807299
20.30037898011048 54.33888201291969
20.300589037462192 54.339111006060705
20.300700960320178 54.339279012189259
20.300748991568732 54.339451006860799
20.300734992796333 54.339610995837596
20.300682000890795 54.339713985251919
20.300585041587677 54.339817013906135
20.300465043576608 54.339901010698476
20.30034295825952 54.339954022613213
20.300016011118625 54.340012013104733
20.299405982033679 54.340159973803772
20.299084000162228 54.340221019798065
20.298672031596322 54.340255996782901
20.298344028711458 54.34025197943761
20.298150966367324 54.340209995794389
20.297765975483049 54.34003798012052
20.2971780052189 54.339905014621948
20.296958962750931 54.339840028524904
20.295904009857683 54.339400979686431
20.295662000860652 54.339351984822613
20.295197990278137 54.339290996891485
20.295055044076211 54.339278989384795
20.294677979102691 54.339203026463402
20.294338017309716 54.339099972366292
20.294077006744327 54.33895897585758
20.293339005301416 54.338360009589984
20.293194005258506 54.338279986851262
20.292958989691549 54.338195995782158
20.292377031152402 54.338047013510568
20.292023001962072 54.337990019687219
20.29182597090443 54.337986012242382
20.29085504445953 54.338017016347706
20.290409019613687 54.338013007329167
20.28993599277926 54.337977990456487
20.289492035078389 54.337906019086631
20.289145023424904 54.337811005110808
20.2888279860294 54.337684999190252
20.288396978917671 54.337440025234159
20.28789695895852 54.337105015754965
20.287685042866986 54.337025007068412
20.287412975403303 54.336987001743054
20.287150979449642 54.336967007025244
20.286352024654501 54.33699001850497
20.285755042136245 54.337073990381469
20.285179006127503 54.337223022547676
20.284837956603859 54.33734498198455
20.283996984142828 54.337676984391557
20.283809981034118 54.33776901942872
20.283630030090745 54.337883020769929
20.283491012426531 54.338013020251552
20.283357982499908 54.338192019991695
20.283215999707661 54.338440009894668
20.283080975828522 54.338763974099848
20.282978011657903 54.338866975187941
20.282829017645799 54.338959017618116
20.282606006771669 54.339019999329885
20.282314022300927 54.339030983946529
20.28202597995509 54.339001024284144
20.281746022637879 54.33892401954818
20.281591026085618 54.338851998609634
20.281253998259647 54.338641974905237
20.281009987655718 54.338515993550466
20.280336034486147 54.338394019828925
20.279551986384167 54.338126997830528
20.278551001640817 54.337811012518259
20.277812954862284 54.33760797477202
20.277367005337375 54.337513001455676
20.276929972516442 54.337505001949587
20.276795960879337 54.337524011878273
20.276691029609573 54.337555000609619
20.276400031407245 54.337719003028624
20.275595037450859 54.338238016746118
20.275375023320972 54.338321973438752
20.275314020224059 54.338406022785691
20.275297022102194 54.34065202207092
20.275280029922055 54.340846998925592
20.27523599209373 54.340981009004537
20.27516699552605 54.341080023476252
20.274475005246845 54.341675018971934
20.274328003259136 54.341873002748294
20.274297977401595 54.342033011064537
20.27440795606266 54.342433999632178
20.274426044217986 54.342728004409906
20.274404970535596 54.342999024646915
20.274348988305235 54.343250006606993
20.274267032460497 54.343459982394492
20.274153048157373 54.343636008273926
20.273929964196224 54.343890988855527
20.273759999443449 54.344044010875557
20.273523009584551 54.344184975636139
20.273219962574792 54.344325992943041
20.272645970238965 54.344516994391768
20.27202396702268 54.344649974156034
20.271060958296552 54.344760975994078
20.27002297775261 54.344851975043753
20.269334975085268 54.344894019486595
20.2691019941409 54.344935982406263
20.268857988566648 54.345016005574891
20.268661026281602 54.345104002860218
20.268547042475774 54.345192017135297
20.268380952788373 54.34542097656702
20.267855004909247 54.346268005230769
20.267708035110868 54.346423994289673
20.26749998110386 54.346569022124818
20.267296034039354 54.346679985617477
20.267101031264673 54.346751980454513
20.26555298858662 54.347103014456664
20.265281999743706 54.347186991447906
20.264935008208983 54.347324021037331
20.26457197214086 54.347488022209269
20.264223025462542 54.347694022143159
20.264015003975686 54.347851001670229
20.26378096058604 54.348079987208678
20.26328496378941 54.3487090049288
20.26288798367403 54.349304006334826
20.262832980045264 54.349463986842132
20.262823026059397 54.349601979483047
20.262964023629102 54.349765989293047
20.263115046741135 54.349815012311687
20.26418896228007 54.349914975643671
20.265370957184103 54.349986993641053
20.26676899244433 54.350025009654416
20.26716799548376 54.350055996239242
20.267483026502266 54.350093993998655
20.267744033230013 54.350146984380331
20.268048964840098 54.350234982795278
20.268330038797703 54.350329984969001
20.268566034206163 54.350430005745174
20.268736050477976 54.350521011805036
20.268892031362459 54.350685018166587
20.268908034537187 54.350783990362885
20.268510982120183 54.351662004657484
20.267334024690978 54.354000015675908
20.267100955950902 54.353751990430283
20.26679997846923 54.353469990402758
20.266598020617497 54.35333602209505
20.266297990160442 54.353179997216053
20.26603302570939 54.353054023828022
20.265878986355396 54.353020008140163
20.265740971872617 54.353031019304872
20.26481796648407 54.353233001800213
20.264535989770774 54.353278987022989
20.263999971326101 54.353297991515753
20.263337986691731 54.353294016216552
20.262617001163861 54.353232989708061
20.262425984162707 54.353259984933437
20.262295003354442 54.353336023999304
20.262237957014392 54.353451004390401
20.262284977446665 54.354068975932101
20.262418966685107 54.354927011735946
20.262818961173675 54.355826982147278
20.262856989185167 54.35598802515355
20.262856986319498 54.35613299118377
20.262803989495971 54.356274006466073
20.262676017669065 54.35642600768935
20.262562040238041 54.356505981475976
20.262425991193272 54.356540975579478
20.262211024575073 54.356551968930901
20.261515014307388 54.356556003962396
20.260695020997176 54.356479985000142
20.260372014209672 54.356476011168063
20.259731043871216 54.356521979143935
20.259153035934336 54.356616973779452
20.25903496731727 54.356659008206123
20.258921041384397 54.356720006210558
20.258725951616434 54.356894975246412
20.258685951565326 54.357017986436098
20.258606042676284 54.357528980524528
20.25853302878409 54.357657992543096
20.258435956887631 54.357737975498019
20.258307031557099 54.357780002727097
20.258079980044545 54.357818995591749
20.257754994605733 54.357822013998131
20.257498044454312 54.357796002205227
20.257142979443316 54.357688975200013
20.255597994221706 54.357113026180059
20.255280990478639 54.357020990506435
20.254174980062512 54.356865003414477
20.252574955952117 54.35673897989976
20.251962992531126 54.356655012667034
20.251760005050169 54.356646989646499
20.251579038114169 54.356662989402189
20.251196042690694 54.356757975849682
20.250809034084853 54.356921989302677
20.250210024703616 54.357257978053156
20.24924502011665 54.357811014072041
20.248573038156938 54.358153986850382
20.248387988486375 54.358237989809261
20.248133045510468 54.358322007582629
20.247921039787734 54.358340987203214
20.247747005339495 54.358314993617874
20.247592980955496 54.358211975488018
20.247398024299933 54.357967008581042
20.247171028845575 54.357543979307543
20.24708403848993 54.357421988804056
20.246833988690408 54.357216016230701
20.246574023178695 54.357075005594538
20.24632996680424 54.357021011796462
20.246020991424245 54.357017994932086
20.245833973929049 54.357056021115071
20.245374972580638 54.357185004639689
20.24513397620488 54.357211977159913
20.244949028924655 54.357201015469883
20.244648007920674 54.357112975706535
20.244346988402345 54.357021006136833
20.244105954246248 54.356986977245612
20.243983961989127 54.356987001985431
20.243787965078241 54.357040012423326
20.24350495851461 54.357166002449048
20.242675981057932 54.357684978224427
20.242260036032899 54.357909982325928
20.241700989692735 54.358138988105139
20.241567978466882 54.358157983947272
20.241428029015641 54.358710975535502
20.24137903071847 54.359015968685078
20.241385009462093 54.359401991862121
20.241451027217266 54.35968402106046
20.241671004896446 54.360049999544522
20.241791001822989 54.360187983532541
20.242025025433879 54.360363005501263
20.242862976261542 54.360928013557924
20.243217021989988 54.361221022835828
20.243741979090945 54.361759013709708
20.244478025157779 54.362391968755581
20.24460599558288 54.362556000692642
20.245027996659772 54.363231977075202
20.245235019344747 54.363635998494033
20.245381971462464 54.364105002969424
20.245430034513173 54.364471005283185
20.245420031347514 54.365047012032534
20.245450971294858 54.365566008911294
20.245553968901525 54.366032010830089
20.245658988457073 54.366263971137158
20.246032953061377 54.366856005320486
20.246090026332503 54.366984990720795
20.24614499751376 54.367289983618448
20.246204049072553 54.367939012609703
20.246197031757617 54.368152966990522
20.246147019845061 54.368339971983346
20.245619002803675 54.369430985143012
20.245502030351233 54.369727974391886
20.245482992208021 54.369899982220687
20.245530977586913 54.370017991500298
20.245741047894214 54.370281016057788
20.2458500249571 54.370498976531891
20.245904994571696 54.370666984101582
20.245935042308918 54.371024975752015
20.245942953714476 54.371921993782237
20.246016975926409 54.372478015604862
20.246119026126063 54.372871019848091
20.246222038943436 54.373168993621114
20.246568975186896 54.373820983130933
20.246849016678262 54.374335976427567
20.246923017750468 54.374554003543359
20.246923029771484 54.37469098979156
20.246889018108448 54.374859005705304
20.246817036314916 54.375075980136096
20.246739991312705 54.375202013079367
20.246649021584481 54.375281986353095
20.246510032167155 54.375350979595666
20.246264980500516 54.375449997055206
20.245834022017796 54.37559497214626
20.245692991220086 54.375664021022494
20.245477954276272 54.375888979085708
20.245037036186783 54.376450013655585
20.244922989665156 54.376541021014077
20.244807988902423 54.376586996029417
20.244650020057257 54.376624987210938
20.24422499141053 54.376670979488608
20.244014976853126 54.376704988343278
20.243817994247085 54.376785016672557
20.243684976894865 54.376910980420853
20.243588959040874 54.377051975960683
20.243558998707499 54.377158990653236
20.243548978066375 54.377357017553692
20.243534019193291 54.377860983568709
20.243428993653186 54.378197016706622
20.243358977825384 54.37829597492491
20.243253963767319 54.378394999917795
20.242582039054373 54.378909982413333
20.242523011795299 54.37904402372402
20.242562963354054 54.379169025837548
20.242674025420815 54.379233995956568
20.242921971435727 54.379265011913738
20.244553033160457 54.379195999956607
20.244878966979499 54.37920399950665
20.245095966219655 54.379237987446274
20.245223956104418 54.379291976911411
20.24534402142984 54.37937499099165
20.245467964748823 54.37950102867061
20.245555990902062 54.379626981777754
20.245619044743069 54.379856003824614
20.245586041096008 54.380137967683254
20.245523025683671 54.380275987600598
20.245438043086697 54.380371010823879
20.245285007537618 54.380462986899943
20.245070032437958 54.38054702042912
20.244488011571711 54.380714023112979
20.242430012732957 54.381240985785638
20.241811964481975 54.381424017676736
20.241417011988293 54.381565007027525
20.241149954032274 54.38168697406266
20.240890961716683 54.381827977632462
20.239854971374061 54.382495992150474
20.239697953501487 54.382564994592613
20.239438998096951 54.382641000968214
20.23880204019439 54.382782016476014
20.238187998714487 54.382899989386615
20.237844001105792 54.382988024656122
20.237659030074397 54.383086975879955
20.23741097406598 54.383343027360205
20.237349952284131 54.383487996005456
20.237397966136882 54.38367800097614
20.237603978818314 54.38389598316855
20.238168997854277 54.384392006246166
20.23834002557798 54.384582995460903
20.238528969744472 54.384925997481702
20.238519990629637 54.385292019906437
20.238440022062406 54.385357001082568
20.238281003700223 54.385418022779909
20.238056030160099 54.385475020301499
20.237799036327544 54.385505975771032
20.237259030969142 54.385497995911777
20.237045020423174 54.385513012225452
20.236874001876402 54.385550994003765
20.236777978620431 54.385612012733887
20.236752031186128 54.385811020382612
20.236692005001295 54.385960005865726
20.236619992798627 54.386097002159879
20.236520960269011 54.386207994640145
20.235250036267267 54.387257019522252
20.23489804374174 54.387493002823611
20.234457001609957 54.387744993666288
20.233565996860456 54.388160970055445
20.233223027403195 54.388404968694246
20.233109035927061 54.388541978546925
20.233049037191602 54.38869898997487
20.233036025797013 54.388896976778916
20.233072005963407 54.389121988228084
20.233147006961268 54.389431013539792
20.233177001392178 54.389708981378391
20.233179044776207 54.389979989009625
20.233141001230759 54.390201986339221
20.233051030662718 54.390450004182149
20.232912011562878 54.39069002487053
20.232750007490612 54.390891972483573
20.232551993865986 54.391078971948438
20.232415998372776 54.391163017627591
20.232182959718575 54.391262023784194
20.23047803647178 54.391846011980149
20.229856030137384 54.39202098273369
20.228889027651146 54.392254020025661
20.227346017743116 54.392593023550248
20.225641016427449 54.392932992981592
20.225119001268304 54.393066023391071
20.224857010008158 54.393162009408208
20.22472804267138 54.393261010011152
20.224653026361569 54.393382980220935
20.224572963067846 54.394039004511569
20.224524034874385 54.394187969285056
20.224454996188026 54.394263991438166
20.224335014486112 54.394348004826519
20.224157046697567 54.394451018741343
20.223843007508979 54.394607998513962
20.223763023987832 54.394745019316971
20.22375896291414 54.394917025901151
20.223848012666362 54.395106985144629
20.22427603002922 54.395637978109704
20.224374954851516 54.395798011480963
20.224417036886923 54.395926997500084
20.224430019546272 54.396102999366065
20.224421010161677 54.396216979137712
20.22438003620455 54.396312996384125
20.224289045053712 54.396416016704869
20.224124978988595 54.396548973755586
20.223874993317377 54.396698010888997
20.223481968838495 54.396819972278578
20.222680970778342 54.397006979260503
20.222483047838164 54.397079010281054
20.222348977060062 54.39715598984899
20.222222973818852 54.397277978514744
20.222094983932866 54.397449001527271
20.221592011468172 54.398311988538559
20.221371022293237 54.39855600707623
20.22123304507776 54.398658996976316
20.221105955600546 54.398720016412909
20.220630994652502 54.398848999505965
20.220075977232174 54.398926020686837
20.218783992675537 54.398990988542238
20.218467964865209 54.399020987887603
20.217980969833405 54.399138998442247
20.217516023336611 54.399314980921922
20.217265998655776 54.399464005126191
20.217092958743176 54.399620022351336
20.2169419646291 54.399845006137276
20.216472995731866 54.400714993181033
20.216315954500171 54.400897987890126
20.216036026445291 54.40114597620979
20.215051963478807 54.401917002929721
20.214608964469551 54.402217991660805
20.214227980915048 54.40242799832756
20.213620966839088 54.402656988674337
20.213291005215705 54.402805004086858
20.213053046703738 54.402946011308778
20.212915008910969 54.403079978541278
20.212873011781149 54.403183023112739
20.212865982291888 54.403309024631341
20.21289103359597 54.403481004478721
20.212942013975223 54.403602989264087
20.21307003178854 54.403754976598044
20.213578975105797 54.404209005228452
20.213645976786644 54.404297024709102
20.213657015523399 54.404403984054674
20.213596040032751 54.404765990275735
20.213555963358388 54.404899974033917
20.213483990512763 54.404995025943158
20.213024046371988 54.405315012269888
20.212509009592331 54.405624017976407
20.211626006420751 54.406059007943135
20.211360951456932 54.406222989487119
20.211224000962108 54.406372014216977
20.211007995320372 54.406712021181477
20.210764011991351 54.407032021765424
20.210603986725172 54.407203976389141
20.21046299192075 54.407309991977243
20.210120996933576 54.407494021682929
20.209613968065593 54.407699997365356
20.209128965361497 54.407856016781615
20.208604993204862 54.407985990060567
20.20873800213867 54.408111995078087
20.208787986411689 54.408291020272401
20.20875400324568 54.408599976591653
20.20871407368449 54.408711790039511
20.208714034479346 54.408712020826641
20.219253808641735 54.407775697329477
20.220622963282089 54.40765398452244
20.223797905507553 54.407456267874906
20.265398036734183 54.404857987562444
20.300150874238749 54.401286682254742
20.300164181378495 54.401285312762042
20.311559676562648 54.400112149913021
20.326978683472785 54.399223325215004
20.328668132415419 54.399041632383508
20.328822992878578 54.399024991203227
20.331671022817794 54.398715992440806
20.342206362719747 54.39756956421256
20.40326118467998 54.390907285172752
20.432796343163623 54.387871300516558
20.448802953777729 54.386222980237115
20.499960035182156 54.381488987829627
20.504995783823947 54.380693555216197
20.51331520116775 54.379379270313407
20.519112016217342 54.379541198881448
20.519351601811636 54.379547890579481
20.527809142845356 54.379783628433685
20.534567080249577 54.379441428964753
20.538202285203088 54.379257199976777
20.573112488419675 54.376663205385952
20.58351326021619 54.375446317219485
20.593713760416694 54.374458310997483
20.616556166914854 54.369972227134397
20.617225672292495 54.369841537673821
20.617670032921549 54.369754974490085
20.626508978249696 54.367618999178099
20.632553154073641 54.365808295538748
20.632834352326483 54.365724039778478
20.635551018553752 54.364909987389716
20.643963032097609 54.365852006353762
20.66049648683607 54.368586811184542
20.661218998712169 54.368706274534922
20.661561982997146 54.368762977174825
20.665782928543365 54.368995664515701
20.667745845530828 54.369103327230938
20.670373989743592 54.369246975064861
20.676642227385109 54.36926638018268
20.683105468470444 54.369285580931532
20.690851269762199 54.368986363497086
20.696823033402687 54.368754997580581
20.718581972405147 54.367335984177188
20.728066482516073 54.366999346015355
20.728267453339328 54.36699220178928
20.742488983157383 54.366486019334722
20.757017625383988 54.364900696255447
20.757798474018493 54.364815439597194

