# Po catchment
7.767 44.058 8782900
7.733 44.058 8782900
7.733 44.067 8782900
7.717 44.067 8782900
7.717 44.092 8782900
7.708 44.092 8782900
7.708 44.100 8782900
7.700 44.100 8782900
7.700 44.108 8782900
7.692 44.108 8782900
7.692 44.117 8782900
7.683 44.117 8782900
7.683 44.125 8782900
7.667 44.125 8782900
7.667 44.133 8782900
7.675 44.133 8782900
7.675 44.150 8782900
7.683 44.150 8782900
7.683 44.158 8782900
7.675 44.158 8782900
7.675 44.167 8782900
7.667 44.167 8782900
7.667 44.175 8782900
7.633 44.175 8782900
7.633 44.158 8782900
7.625 44.158 8782900
7.625 44.150 8782900
7.542 44.150 8782900
7.542 44.142 8782900
7.508 44.142 8782900
7.508 44.150 8782900
7.500 44.150 8782900
7.500 44.133 8782900
7.467 44.133 8782900
7.467 44.125 8782900
7.458 44.125 8782900
7.458 44.133 8782900
7.450 44.133 8782900
7.450 44.125 8782900
7.433 44.125 8782900
7.433 44.117 8782900
7.425 44.117 8782900
7.392 44.117 8782900
7.392 44.125 8782900
7.383 44.125 8782900
7.383 44.117 8782900
7.350 44.117 8782900
7.350 44.133 8782900
7.342 44.133 8782900
7.342 44.142 8782900
7.308 44.142 8782900
7.308 44.150 8782900
7.300 44.150 8782900
7.300 44.142 8782900
7.258 44.142 8782900
7.258 44.150 8782900
7.250 44.150 8782900
7.250 44.158 8782900
7.242 44.158 8782900
7.242 44.167 8782900
7.217 44.167 8782900
7.217 44.175 8782900
7.208 44.175 8782900
7.208 44.183 8782900
7.192 44.183 8782900
7.192 44.192 8782900
7.183 44.192 8782900
7.183 44.200 8782900
7.167 44.200 8782900
7.167 44.208 8782900
7.158 44.208 8782900
7.158 44.217 8782900
7.108 44.217 8782900
7.108 44.225 8782900
7.092 44.225 8782900
7.092 44.233 8782900
7.050 44.233 8782900
7.050 44.225 8782900
7.025 44.225 8782900
7.025 44.233 8782900
7.008 44.233 8782900
7.008 44.242 8782900
7.000 44.242 8782900
7.000 44.267 8782900
6.992 44.267 8782900
6.992 44.283 8782900
6.975 44.283 8782900
6.975 44.292 8782900
6.958 44.292 8782900
6.958 44.317 8782900
6.942 44.317 8782900
6.942 44.325 8782900
6.933 44.325 8782900
6.933 44.333 8782900
6.925 44.333 8782900
6.925 44.342 8782900
6.917 44.342 8782900
6.917 44.358 8782900
6.900 44.358 8782900
6.900 44.367 8782900
6.892 44.367 8782900
6.892 44.392 8782900
6.900 44.392 8782900
6.900 44.417 8782900
6.908 44.417 8782900
6.908 44.425 8782900
6.917 44.425 8782900
6.917 44.433 8782900
6.933 44.433 8782900
6.933 44.442 8782900
6.917 44.442 8782900
6.917 44.450 8782900
6.908 44.450 8782900
6.908 44.458 8782900
6.900 44.458 8782900
6.900 44.467 8782900
6.892 44.467 8782900
6.892 44.475 8782900
6.883 44.475 8782900
6.883 44.483 8782900
6.875 44.483 8782900
6.875 44.492 8782900
6.867 44.492 8782900
6.867 44.508 8782900
6.858 44.508 8782900
6.858 44.542 8782900
6.875 44.542 8782900
6.875 44.550 8782900
6.883 44.550 8782900
6.883 44.558 8782900
6.908 44.558 8782900
6.908 44.567 8782900
6.925 44.567 8782900
6.925 44.592 8782900
6.933 44.592 8782900
6.933 44.600 8782900
6.942 44.600 8782900
6.942 44.617 8782900
6.950 44.617 8782900
6.950 44.667 8782900
6.958 44.667 8782900
6.958 44.675 8782900
6.967 44.675 8782900
6.967 44.683 8782900
6.983 44.683 8782900
6.983 44.692 8782900
7.033 44.692 8782900
7.033 44.683 8782900
7.050 44.683 8782900
7.050 44.675 8782900
7.067 44.675 8782900
7.067 44.683 8782900
7.075 44.683 8782900
7.075 44.692 8782900
7.067 44.692 8782900
7.067 44.717 8782900
7.042 44.717 8782900
7.042 44.725 8782900
7.033 44.725 8782900
7.033 44.733 8782900
7.025 44.733 8782900
7.025 44.742 8782900
7.017 44.742 8782900
7.017 44.783 8782900
7.008 44.783 8782900
7.008 44.817 8782900
7.017 44.817 8782900
7.017 44.825 8782900
7.008 44.825 8782900
7.008 44.833 8782900
7.000 44.833 8782900
7.000 44.850 8782900
6.950 44.850 8782900
6.950 44.858 8782900
6.942 44.858 8782900
6.942 44.867 8782900
6.917 44.867 8782900
6.917 44.850 8782900
6.908 44.850 8782900
6.908 44.842 8782900
6.875 44.842 8782900
6.875 44.850 8782900
6.850 44.850 8782900
6.850 44.858 8782900
6.833 44.858 8782900
6.833 44.867 8782900
6.825 44.867 8782900
6.825 44.875 8782900
6.808 44.875 8782900
6.808 44.883 8782900
6.800 44.883 8782900
6.800 44.892 8782900
6.783 44.892 8782900
6.783 44.900 8782900
6.750 44.900 8782900
6.750 44.908 8782900
6.733 44.908 8782900
6.733 44.942 8782900
6.725 44.942 8782900
6.725 44.958 8782900
6.717 44.958 8782900
6.717 44.983 8782900
6.733 44.983 8782900
6.733 44.992 8782900
6.742 44.992 8782900
6.742 45.008 8782900
6.733 45.008 8782900
6.733 45.017 8782900
6.725 45.017 8782900
6.725 45.025 8782900
6.667 45.025 8782900
6.667 45.033 8782900
6.642 45.033 8782900
6.642 45.042 8782900
6.633 45.042 8782900
6.633 45.050 8782900
6.617 45.050 8782900
6.617 45.058 8782900
6.592 45.058 8782900
6.592 45.067 8782900
6.567 45.067 8782900
6.567 45.075 8782900
6.558 45.075 8782900
6.558 45.083 8782900
6.550 45.083 8782900
6.550 45.100 8782900
6.558 45.100 8782900
6.558 45.108 8782900
6.567 45.108 8782900
6.567 45.125 8782900
6.600 45.125 8782900
6.600 45.117 8782900
6.625 45.117 8782900
6.625 45.108 8782900
6.633 45.108 8782900
6.633 45.117 8782900
6.650 45.117 8782900
6.650 45.125 8782900
6.667 45.125 8782900
6.667 45.142 8782900
6.700 45.142 8782900
6.700 45.150 8782900
6.717 45.150 8782900
6.717 45.142 8782900
6.742 45.142 8782900
6.742 45.150 8782900
6.750 45.150 8782900
6.750 45.158 8782900
6.800 45.158 8782900
6.800 45.150 8782900
6.825 45.150 8782900
6.825 45.142 8782900
6.833 45.142 8782900
6.833 45.133 8782900
6.850 45.133 8782900
6.850 45.125 8782900
6.858 45.125 8782900
6.858 45.133 8782900
6.867 45.133 8782900
6.867 45.142 8782900
6.892 45.142 8782900
6.892 45.167 8782900
6.917 45.167 8782900
6.917 45.175 8782900
6.925 45.175 8782900
6.925 45.192 8782900
6.917 45.192 8782900
6.917 45.200 8782900
6.908 45.200 8782900
6.908 45.208 8782900
6.883 45.208 8782900
6.883 45.217 8782900
6.867 45.217 8782900
6.867 45.225 8782900
6.858 45.225 8782900
6.858 45.242 8782900
6.875 45.242 8782900
6.875 45.250 8782900
6.892 45.250 8782900
6.892 45.258 8782900
6.908 45.258 8782900
6.908 45.267 8782900
6.983 45.267 8782900
6.983 45.258 8782900
6.992 45.258 8782900
6.992 45.242 8782900
7.017 45.242 8782900
7.017 45.233 8782900
7.033 45.233 8782900
7.033 45.225 8782900
7.083 45.225 8782900
7.083 45.233 8782900
7.092 45.233 8782900
7.092 45.242 8782900
7.108 45.242 8782900
7.108 45.250 8782900
7.125 45.250 8782900
7.125 45.292 8782900
7.117 45.292 8782900
7.117 45.317 8782900
7.108 45.317 8782900
7.108 45.325 8782900
7.125 45.325 8782900
7.125 45.333 8782900
7.133 45.333 8782900
7.133 45.342 8782900
7.142 45.342 8782900
7.142 45.358 8782900
7.150 45.358 8782900
7.150 45.375 8782900
7.158 45.375 8782900
7.158 45.392 8782900
7.175 45.392 8782900
7.175 45.408 8782900
7.158 45.408 8782900
7.158 45.417 8782900
7.133 45.417 8782900
7.133 45.425 8782900
7.125 45.425 8782900
7.125 45.433 8782900
7.108 45.433 8782900
7.108 45.442 8782900
7.100 45.442 8782900
7.100 45.467 8782900
7.092 45.467 8782900
7.092 45.475 8782900
7.058 45.475 8782900
7.058 45.492 8782900
7.050 45.492 8782900
7.050 45.500 8782900
7.017 45.500 8782900
7.017 45.508 8782900
7.000 45.508 8782900
7.000 45.525 8782900
6.992 45.525 8782900
6.992 45.567 8782900
7.000 45.567 8782900
7.000 45.575 8782900
6.983 45.575 8782900
6.983 45.625 8782900
6.992 45.625 8782900
6.992 45.633 8782900
7.000 45.633 8782900
7.000 45.642 8782900
6.983 45.642 8782900
6.983 45.650 8782900
6.925 45.650 8782900
6.925 45.658 8782900
6.908 45.658 8782900
6.908 45.667 8782900
6.892 45.667 8782900
6.892 45.675 8782900
6.875 45.675 8782900
6.875 45.683 8782900
6.850 45.683 8782900
6.850 45.700 8782900
6.833 45.700 8782900
6.833 45.708 8782900
6.825 45.708 8782900
6.825 45.725 8782900
6.817 45.725 8782900
6.817 45.742 8782900
6.808 45.742 8782900
6.808 45.767 8782900
6.800 45.767 8782900
6.800 45.783 8782900
6.808 45.783 8782900
6.808 45.825 8782900
6.817 45.825 8782900
6.817 45.833 8782900
6.833 45.833 8782900
6.833 45.842 8782900
6.858 45.842 8782900
6.858 45.833 8782900
6.867 45.833 8782900
6.867 45.842 8782900
6.875 45.842 8782900
6.875 45.850 8782900
6.933 45.850 8782900
6.933 45.858 8782900
6.950 45.858 8782900
6.950 45.867 8782900
6.992 45.867 8782900
6.992 45.875 8782900
7.000 45.875 8782900
7.000 45.883 8782900
7.008 45.883 8782900
7.008 45.908 8782900
7.017 45.908 8782900
7.017 45.917 8782900
7.058 45.917 8782900
7.058 45.908 8782900
7.067 45.908 8782900
7.067 45.900 8782900
7.075 45.900 8782900
7.075 45.892 8782900
7.083 45.892 8782900
7.083 45.875 8782900
7.092 45.875 8782900
7.092 45.867 8782900
7.100 45.867 8782900
7.100 45.858 8782900
7.133 45.858 8782900
7.133 45.867 8782900
7.142 45.867 8782900
7.142 45.875 8782900
7.150 45.875 8782900
7.150 45.883 8782900
7.167 45.883 8782900
7.167 45.875 8782900
7.175 45.875 8782900
7.175 45.867 8782900
7.200 45.867 8782900
7.200 45.875 8782900
7.208 45.875 8782900
7.208 45.883 8782900
7.225 45.883 8782900
7.225 45.892 8782900
7.233 45.892 8782900
7.233 45.900 8782900
7.242 45.900 8782900
7.242 45.892 8782900
7.258 45.892 8782900
7.258 45.900 8782900
7.275 45.900 8782900
7.275 45.908 8782900
7.283 45.908 8782900
7.283 45.917 8782900
7.292 45.917 8782900
7.292 45.925 8782900
7.317 45.925 8782900
7.317 45.917 8782900
7.325 45.917 8782900
7.325 45.908 8782900
7.333 45.908 8782900
7.333 45.917 8782900
7.358 45.917 8782900
7.358 45.908 8782900
7.367 45.908 8782900
7.367 45.900 8782900
7.400 45.900 8782900
7.400 45.908 8782900
7.417 45.908 8782900
7.417 45.917 8782900
7.425 45.917 8782900
7.425 45.925 8782900
7.450 45.925 8782900
7.450 45.933 8782900
7.458 45.933 8782900
7.458 45.942 8782900
7.475 45.942 8782900
7.475 45.958 8782900
7.483 45.958 8782900
7.483 45.967 8782900
7.517 45.967 8782900
7.517 45.958 8782900
7.542 45.958 8782900
7.542 45.983 8782900
7.550 45.983 8782900
7.550 45.992 8782900
7.583 45.992 8782900
7.583 45.975 8782900
7.592 45.975 8782900
7.592 45.967 8782900
7.625 45.967 8782900
7.625 45.975 8782900
7.675 45.975 8782900
7.675 45.967 8782900
7.683 45.967 8782900
7.683 45.958 8782900
7.708 45.958 8782900
7.708 45.942 8782900
7.717 45.942 8782900
7.717 45.925 8782900
7.733 45.925 8782900
7.733 45.933 8782900
7.783 45.933 8782900
7.783 45.925 8782900
7.792 45.925 8782900
7.792 45.917 8782900
7.808 45.917 8782900
7.808 45.925 8782900
7.833 45.925 8782900
7.833 45.917 8782900
7.858 45.917 8782900
7.858 45.925 8782900
7.867 45.925 8782900
7.867 45.967 8782900
7.875 45.967 8782900
7.875 45.983 8782900
7.883 45.983 8782900
7.883 45.992 8782900
7.892 45.992 8782900
7.892 46.000 8782900
7.917 46.000 8782900
7.917 46.008 8782900
7.942 46.008 8782900
7.942 46.000 8782900
7.992 46.000 8782900
7.992 46.008 8782900
8.000 46.008 8782900
8.000 46.017 8782900
8.008 46.017 8782900
8.008 46.033 8782900
8.017 46.033 8782900
8.017 46.050 8782900
8.025 46.050 8782900
8.025 46.067 8782900
8.017 46.067 8782900
8.017 46.075 8782900
8.025 46.075 8782900
8.025 46.117 8782900
8.017 46.117 8782900
8.017 46.125 8782900
8.008 46.125 8782900
8.008 46.142 8782900
8.000 46.142 8782900
8.000 46.175 8782900
7.992 46.175 8782900
7.992 46.200 8782900
7.983 46.200 8782900
7.983 46.250 8782900
7.992 46.250 8782900
7.992 46.258 8782900
8.017 46.258 8782900
8.017 46.250 8782900
8.025 46.250 8782900
8.025 46.242 8782900
8.042 46.242 8782900
8.042 46.233 8782900
8.058 46.233 8782900
8.058 46.242 8782900
8.083 46.242 8782900
8.083 46.267 8782900
8.100 46.267 8782900
8.100 46.275 8782900
8.108 46.275 8782900
8.108 46.292 8782900
8.125 46.292 8782900
8.125 46.300 8782900
8.133 46.300 8782900
8.133 46.308 8782900
8.150 46.308 8782900
8.150 46.300 8782900
8.183 46.300 8782900
8.183 46.308 8782900
8.192 46.308 8782900
8.192 46.300 8782900
8.200 46.300 8782900
8.200 46.308 8782900
8.208 46.308 8782900
8.208 46.325 8782900
8.225 46.325 8782900
8.225 46.333 8782900
8.242 46.333 8782900
8.242 46.350 8782900
8.250 46.350 8782900
8.250 46.358 8782900
8.275 46.358 8782900
8.275 46.367 8782900
8.292 46.367 8782900
8.292 46.375 8782900
8.300 46.375 8782900
8.300 46.383 8782900
8.317 46.383 8782900
8.317 46.400 8782900
8.308 46.400 8782900
8.308 46.425 8782900
8.317 46.425 8782900
8.317 46.433 8782900
8.333 46.433 8782900
8.333 46.442 8782900
8.367 46.442 8782900
8.367 46.450 8782900
8.383 46.450 8782900
8.383 46.458 8782900
8.392 46.458 8782900
8.392 46.492 8782900
8.433 46.492 8782900
8.433 46.500 8782900
8.450 46.500 8782900
8.450 46.508 8782900
8.458 46.508 8782900
8.458 46.517 8782900
8.467 46.517 8782900
8.467 46.525 8782900
8.475 46.525 8782900
8.475 46.533 8782900
8.508 46.533 8782900
8.508 46.542 8782900
8.533 46.542 8782900
8.533 46.550 8782900
8.558 46.550 8782900
8.558 46.558 8782900
8.567 46.558 8782900
8.567 46.567 8782900
8.583 46.567 8782900
8.583 46.575 8782900
8.608 46.575 8782900
8.608 46.583 8782900
8.617 46.583 8782900
8.617 46.575 8782900
8.667 46.575 8782900
8.667 46.583 8782900
8.700 46.583 8782900
8.700 46.575 8782900
8.725 46.575 8782900
8.725 46.583 8782900
8.733 46.583 8782900
8.733 46.558 8782900
8.750 46.558 8782900
8.750 46.550 8782900
8.767 46.550 8782900
8.767 46.542 8782900
8.775 46.542 8782900
8.775 46.550 8782900
8.792 46.550 8782900
8.792 46.558 8782900
8.800 46.558 8782900
8.800 46.567 8782900
8.817 46.567 8782900
8.817 46.575 8782900
8.833 46.575 8782900
8.833 46.567 8782900
8.858 46.567 8782900
8.858 46.575 8782900
8.883 46.575 8782900
8.883 46.583 8782900
8.908 46.583 8782900
8.908 46.625 8782900
8.958 46.625 8782900
8.958 46.608 8782900
8.992 46.608 8782900
8.992 46.600 8782900
9.008 46.600 8782900
9.008 46.608 8782900
9.025 46.608 8782900
9.025 46.600 8782900
9.042 46.600 8782900
9.042 46.575 8782900
9.033 46.575 8782900
9.033 46.567 8782900
9.025 46.567 8782900
9.025 46.533 8782900
9.017 46.533 8782900
9.017 46.525 8782900
9.025 46.525 8782900
9.025 46.500 8782900
9.042 46.500 8782900
9.042 46.492 8782900
9.050 46.492 8782900
9.050 46.483 8782900
9.083 46.483 8782900
9.083 46.475 8782900
9.108 46.475 8782900
9.108 46.483 8782900
9.142 46.483 8782900
9.142 46.492 8782900
9.158 46.492 8782900
9.158 46.500 8782900
9.233 46.500 8782900
9.233 46.483 8782900
9.225 46.483 8782900
9.225 46.475 8782900
9.233 46.475 8782900
9.233 46.458 8782900
9.242 46.458 8782900
9.242 46.450 8782900
9.267 46.450 8782900
9.267 46.458 8782900
9.275 46.458 8782900
9.275 46.483 8782900
9.283 46.483 8782900
9.283 46.500 8782900
9.350 46.500 8782900
9.350 46.508 8782900
9.375 46.508 8782900
9.375 46.492 8782900
9.383 46.492 8782900
9.383 46.483 8782900
9.392 46.483 8782900
9.392 46.467 8782900
9.400 46.467 8782900
9.400 46.458 8782900
9.408 46.458 8782900
9.408 46.417 8782900
9.417 46.417 8782900
9.417 46.400 8782900
9.425 46.400 8782900
9.425 46.375 8782900
9.458 46.375 8782900
9.458 46.383 8782900
9.467 46.383 8782900
9.467 46.375 8782900
9.483 46.375 8782900
9.483 46.367 8782900
9.492 46.367 8782900
9.492 46.375 8782900
9.550 46.375 8782900
9.550 46.383 8782900
9.567 46.383 8782900
9.567 46.400 8782900
9.575 46.400 8782900
9.575 46.408 8782900
9.608 46.408 8782900
9.608 46.417 8782900
9.667 46.417 8782900
9.667 46.425 8782900
9.683 46.425 8782900
9.692 46.425 8782900
9.692 46.408 8782900
9.708 46.408 8782900
9.708 46.400 8782900
9.725 46.400 8782900
9.725 46.383 8782900
9.733 46.383 8782900
9.733 46.375 8782900
9.742 46.375 8782900
9.742 46.350 8782900
9.758 46.350 8782900
9.758 46.342 8782900
9.792 46.342 8782900
9.792 46.350 8782900
9.817 46.350 8782900
9.817 46.358 8782900
9.842 46.358 8782900
9.842 46.367 8782900
9.875 46.367 8782900
9.875 46.375 8782900
9.900 46.375 8782900
9.900 46.383 8782900
9.908 46.383 8782900
9.908 46.375 8782900
9.967 46.375 8782900
9.967 46.383 8782900
9.975 46.383 8782900
9.975 46.392 8782900
10.025 46.392 8782900
10.025 46.450 8782900
10.042 46.450 8782900
10.042 46.442 8782900
10.067 46.442 8782900
10.067 46.433 8782900
10.083 46.433 8782900
10.083 46.425 8782900
10.125 46.425 8782900
10.125 46.433 8782900
10.133 46.433 8782900
10.133 46.442 8782900
10.150 46.442 8782900
10.150 46.450 8782900
10.158 46.450 8782900
10.158 46.458 8782900
10.183 46.458 8782900
10.183 46.467 8782900
10.200 46.467 8782900
10.200 46.475 8782900
10.192 46.475 8782900
10.192 46.483 8782900
10.200 46.483 8782900
10.200 46.492 8782900
10.208 46.492 8782900
10.208 46.500 8782900
10.217 46.500 8782900
10.217 46.525 8782900
10.225 46.525 8782900
10.225 46.533 8782900
10.217 46.533 8782900
10.217 46.542 8782900
10.208 46.542 8782900
10.208 46.558 8782900
10.217 46.558 8782900
10.217 46.550 8782900
10.242 46.550 8782900
10.242 46.558 8782900
10.267 46.558 8782900
10.267 46.567 8782900
10.275 46.567 8782900
10.275 46.575 8782900
10.292 46.575 8782900
10.292 46.558 8782900
10.300 46.558 8782900
10.300 46.550 8782900
10.350 46.550 8782900
10.358 46.550 8782900
10.358 46.558 8782900
10.375 46.558 8782900
10.375 46.550 8782900
10.383 46.550 8782900
10.383 46.542 8782900
10.392 46.542 8782900
10.392 46.550 8782900
10.408 46.550 8782900
10.408 46.558 8782900
10.417 46.558 8782900
10.417 46.550 8782900
10.425 46.550 8782900
10.425 46.542 8782900
10.433 46.542 8782900
10.433 46.525 8782900
10.450 46.525 8782900
10.450 46.517 8782900
10.458 46.517 8782900
10.458 46.508 8782900
10.467 46.508 8782900
10.467 46.500 8782900
10.550 46.500 8782900
10.550 46.483 8782900
10.567 46.483 8782900
10.567 46.475 8782900
10.583 46.475 8782900
10.583 46.467 8782900
10.608 46.467 8782900
10.608 46.458 8782900
10.617 46.458 8782900
10.617 46.450 8782900
10.625 46.450 8782900
10.625 46.417 8782900
10.617 46.417 8782900
10.617 46.392 8782900
10.608 46.392 8782900
10.608 46.383 8782900
10.600 46.383 8782900
10.600 46.375 8782900
10.550 46.375 8782900
10.550 46.367 8782900
10.542 46.367 8782900
10.542 46.350 8782900
10.517 46.350 8782900
10.517 46.333 8782900
10.525 46.333 8782900
10.525 46.342 8782900
10.533 46.342 8782900
10.533 46.333 8782900
10.558 46.333 8782900
10.558 46.325 8782900
10.567 46.325 8782900
10.567 46.317 8782900
10.575 46.317 8782900
10.575 46.308 8782900
10.583 46.308 8782900
10.583 46.300 8782900
10.575 46.300 8782900
10.575 46.275 8782900
10.583 46.275 8782900
10.583 46.242 8782900
10.592 46.242 8782900
10.592 46.233 8782900
10.583 46.233 8782900
10.583 46.225 8782900
10.575 46.225 8782900
10.575 46.217 8782900
10.600 46.217 8782900
10.600 46.225 8782900
10.650 46.225 8782900
10.650 46.217 8782900
10.675 46.217 8782900
10.675 46.225 8782900
10.683 46.225 8782900
10.683 46.233 8782900
10.725 46.233 8782900
10.725 46.242 8782900
10.742 46.242 8782900
10.742 46.250 8782900
10.775 46.250 8782900
10.775 46.258 8782900
10.817 46.258 8782900
10.817 46.250 8782900
10.842 46.250 8782900
10.842 46.225 8782900
10.900 46.225 8782900
10.900 46.217 8782900
10.908 46.217 8782900
10.908 46.192 8782900
10.917 46.192 8782900
10.917 46.200 8782900
10.933 46.200 8782900
10.933 46.192 8782900
10.950 46.192 8782900
10.950 46.183 8782900
10.958 46.183 8782900
10.958 46.175 8782900
11.000 46.175 8782900
11.000 46.183 8782900
11.017 46.183 8782900
11.017 46.167 8782900
11.033 46.167 8782900
11.033 46.142 8782900
11.017 46.142 8782900
11.017 46.133 8782900
11.008 46.133 8782900
11.008 46.125 8782900
11.017 46.125 8782900
11.017 46.117 8782900
11.025 46.117 8782900
11.025 46.092 8782900
11.033 46.092 8782900
11.033 46.050 8782900
11.025 46.050 8782900
11.025 46.017 8782900
11.033 46.017 8782900
11.033 45.992 8782900
11.025 45.992 8782900
11.025 45.975 8782900
11.017 45.975 8782900
11.017 45.967 8782900
11.008 45.967 8782900
11.008 45.958 8782900
11.000 45.958 8782900
11.000 45.942 8782900
10.983 45.942 8782900
10.983 45.933 8782900
10.975 45.933 8782900
10.975 45.925 8782900
10.958 45.925 8782900
10.958 45.908 8782900
10.950 45.908 8782900
10.950 45.900 8782900
10.933 45.900 8782900
10.933 45.892 8782900
10.908 45.892 8782900
10.908 45.875 8782900
10.900 45.875 8782900
10.900 45.817 8782900
10.892 45.817 8782900
10.892 45.808 8782900
10.883 45.808 8782900
10.883 45.792 8782900
10.875 45.792 8782900
10.875 45.775 8782900
10.867 45.775 8782900
10.867 45.750 8782900
10.858 45.750 8782900
10.858 45.742 8782900
10.850 45.742 8782900
10.850 45.725 8782900
10.842 45.725 8782900
10.842 45.717 8782900
10.833 45.717 8782900
10.833 45.700 8782900
10.817 45.700 8782900
10.817 45.683 8782900
10.808 45.683 8782900
10.808 45.658 8782900
10.800 45.658 8782900
10.800 45.650 8782900
10.792 45.650 8782900
10.792 45.642 8782900
10.783 45.642 8782900
10.783 45.650 8782900
10.775 45.650 8782900
10.775 45.642 8782900
10.758 45.642 8782900
10.758 45.633 8782900
10.750 45.633 8782900
10.750 45.592 8782900
10.742 45.592 8782900
10.742 45.567 8782900
10.750 45.567 8782900
10.750 45.550 8782900
10.758 45.550 8782900
10.758 45.542 8782900
10.775 45.542 8782900
10.775 45.525 8782900
10.783 45.525 8782900
10.783 45.492 8782900
10.800 45.492 8782900
10.800 45.483 8782900
10.808 45.483 8782900
10.808 45.467 8782900
10.858 45.467 8782900
10.858 45.458 8782900
10.883 45.458 8782900
10.883 45.450 8782900
10.892 45.450 8782900
10.892 45.442 8782900
10.917 45.442 8782900
10.917 45.433 8782900
10.942 45.433 8782900
10.942 45.425 8782900
10.958 45.425 8782900
10.958 45.417 8782900
10.967 45.417 8782900
10.967 45.408 8782900
10.983 45.408 8782900
10.983 45.392 8782900
10.992 45.392 8782900
10.992 45.383 8782900
11.008 45.383 8782900
11.008 45.375 8782900
11.033 45.375 8782900
11.033 45.367 8782900
11.042 45.367 8782900
11.042 45.358 8782900
11.050 45.358 8782900
11.050 45.350 8782900
11.058 45.350 8782900
11.058 45.342 8782900
11.067 45.342 8782900
11.067 45.325 8782900
11.075 45.325 8782900
11.075 45.317 8782900
11.092 45.317 8782900
11.092 45.308 8782900
11.108 45.308 8782900
11.108 45.300 8782900
11.133 45.300 8782900
11.133 45.275 8782900
11.142 45.275 8782900
11.142 45.267 8782900
11.150 45.267 8782900
11.150 45.258 8782900
11.192 45.258 8782900
11.192 45.250 8782900
11.200 45.250 8782900
11.200 45.242 8782900
11.250 45.242 8782900
11.250 45.233 8782900
11.258 45.233 8782900
11.258 45.225 8782900
11.267 45.225 8782900
11.267 45.192 8782900
11.275 45.192 8782900
11.275 45.175 8782900
11.283 45.175 8782900
11.283 45.158 8782900
11.300 45.158 8782900
11.300 45.142 8782900
11.317 45.142 8782900
11.317 45.133 8782900
11.342 45.133 8782900
11.342 45.125 8782900
11.358 45.125 8782900
11.358 45.108 8782900
11.367 45.108 8782900
11.367 45.100 8782900
11.375 45.100 8782900
11.375 45.092 8782900
11.392 45.092 8782900
11.392 45.083 8782900
11.433 45.083 8782900
11.433 45.075 8782900
11.442 45.075 8782900
11.442 45.067 8782900
11.467 45.067 8782900
11.467 45.058 8782900
11.492 45.058 8782900
11.492 45.067 8782900
11.517 45.067 8782900
11.517 45.058 8782900
11.550 45.058 8782900
11.550 45.050 8782900
11.575 45.050 8782900
11.575 45.042 8782900
11.583 45.042 8782900
11.583 45.025 8782900
11.608 45.025 8782900
11.608 45.033 8782900
11.667 45.033 8782900
11.667 45.025 8782900
11.708 45.025 8782900
11.708 45.017 8782900
11.717 45.017 8782900
11.717 45.025 8782900
11.733 45.025 8782900
11.733 45.033 8782900
11.758 45.033 8782900
11.758 45.042 8782900
11.783 45.042 8782900
11.783 45.050 8782900
11.792 45.050 8782900
11.792 45.058 8782900
11.817 45.058 8782900
11.817 45.050 8782900
11.892 45.050 8782900
11.892 45.058 8782900
11.967 45.058 8782900
11.967 45.067 8782900
11.992 45.067 8782900
11.992 45.075 8782900
12.042 45.075 8782900
12.042 45.083 8782900
12.058 45.083 8782900
12.058 45.075 8782900
12.092 45.075 8782900
12.092 45.083 8782900
12.150 45.083 8782900
12.150 45.075 8782900
12.167 45.075 8782900
12.167 45.067 8782900
12.200 45.067 8782900
12.200 45.058 8782900
12.242 45.058 8782900
12.242 45.042 8782900
12.250 45.042 8782900
12.250 45.025 8782900
12.258 45.025 8782900
12.258 45.017 8782900
12.267 45.017 8782900
12.267 45.008 8782900
12.283 45.008 8782900
12.283 45.000 8782900
12.292 45.000 8782900
12.292 44.983 8782900
12.300 44.983 8782900
12.300 44.967 8782900
12.350 44.967 8782900
12.350 44.975 8782900
12.400 44.975 8782900
12.400 44.983 8782900
12.417 44.983 8782900
12.425 44.983 8782900
12.425 44.975 8782900
12.442 44.975 8782900
12.458 44.975 8782900
12.458 44.983 8782900
12.467 44.983 8782900
12.475 44.983 8782900
12.483 44.983 8782900
12.483 44.975 8782900
12.500 44.975 8782900
12.508 44.975 8782900
12.517 44.975 8782900
12.517 44.958 8782900
12.508 44.958 8782900
12.500 44.958 8782900
12.492 44.958 8782900
12.475 44.958 8782900
12.475 44.942 8782900
12.475 44.933 8782900
12.475 44.925 8782900
12.467 44.925 8782900
12.467 44.933 8782900
12.425 44.933 8782900
12.425 44.942 8782900
12.417 44.942 8782900
12.417 44.933 8782900
12.408 44.933 8782900
12.408 44.925 8782900
12.400 44.925 8782900
12.400 44.933 8782900
12.358 44.933 8782900
12.358 44.925 8782900
12.350 44.925 8782900
12.350 44.933 8782900
12.342 44.933 8782900
12.342 44.942 8782900
12.308 44.942 8782900
12.267 44.942 8782900
12.267 44.950 8782900
12.242 44.950 8782900
12.242 44.958 8782900
12.233 44.958 8782900
12.233 44.967 8782900
12.208 44.967 8782900
12.208 44.975 8782900
12.183 44.975 8782900
12.183 44.983 8782900
12.142 44.983 8782900
12.142 44.992 8782900
12.108 44.992 8782900
12.108 44.983 8782900
12.100 44.983 8782900
12.100 44.975 8782900
12.092 44.975 8782900
12.092 44.967 8782900
12.042 44.967 8782900
12.042 44.925 8782900
12.033 44.925 8782900
12.033 44.908 8782900
12.033 44.900 8782900
12.025 44.900 8782900
12.025 44.908 8782900
12.017 44.908 8782900
12.017 44.917 8782900
12.008 44.917 8782900
12.008 44.908 8782900
12.000 44.908 8782900
12.000 44.900 8782900
11.975 44.900 8782900
11.975 44.908 8782900
11.967 44.908 8782900
11.967 44.925 8782900
11.950 44.925 8782900
11.950 44.933 8782900
11.908 44.933 8782900
11.908 44.942 8782900
11.883 44.942 8782900
11.883 44.933 8782900
11.825 44.933 8782900
11.825 44.925 8782900
11.800 44.925 8782900
11.800 44.917 8782900
11.775 44.917 8782900
11.775 44.908 8782900
11.767 44.908 8782900
11.767 44.900 8782900
11.758 44.900 8782900
11.758 44.892 8782900
11.742 44.892 8782900
11.742 44.883 8782900
11.733 44.883 8782900
11.733 44.892 8782900
11.725 44.892 8782900
11.725 44.883 8782900
11.700 44.883 8782900
11.700 44.875 8782900
11.683 44.875 8782900
11.683 44.867 8782900
11.658 44.867 8782900
11.658 44.858 8782900
11.642 44.858 8782900
11.642 44.850 8782900
11.633 44.850 8782900
11.633 44.842 8782900
11.625 44.842 8782900
11.625 44.850 8782900
11.608 44.850 8782900
11.608 44.858 8782900
11.592 44.858 8782900
11.592 44.867 8782900
11.575 44.867 8782900
11.575 44.875 8782900
11.558 44.875 8782900
11.558 44.883 8782900
11.542 44.883 8782900
11.542 44.892 8782900
11.525 44.892 8782900
11.525 44.900 8782900
11.492 44.900 8782900
11.492 44.892 8782900
11.450 44.892 8782900
11.450 44.867 8782900
11.458 44.867 8782900
11.458 44.858 8782900
11.475 44.858 8782900
11.475 44.833 8782900
11.467 44.833 8782900
11.467 44.825 8782900
11.458 44.825 8782900
11.458 44.817 8782900
11.442 44.817 8782900
11.442 44.808 8782900
11.408 44.808 8782900
11.408 44.817 8782900
11.383 44.817 8782900
11.383 44.833 8782900
11.367 44.833 8782900
11.367 44.825 8782900
11.342 44.825 8782900
11.342 44.817 8782900
11.333 44.817 8782900
11.333 44.808 8782900
11.325 44.808 8782900
11.325 44.800 8782900
11.317 44.800 8782900
11.317 44.792 8782900
11.308 44.792 8782900
11.308 44.783 8782900
11.292 44.783 8782900
11.292 44.775 8782900
11.283 44.775 8782900
11.283 44.767 8782900
11.267 44.767 8782900
11.267 44.758 8782900
11.258 44.758 8782900
11.258 44.742 8782900
11.242 44.742 8782900
11.242 44.725 8782900
11.233 44.725 8782900
11.233 44.708 8782900
11.225 44.708 8782900
11.225 44.700 8782900
11.217 44.700 8782900
11.217 44.675 8782900
11.225 44.675 8782900
11.225 44.642 8782900
11.217 44.642 8782900
11.217 44.633 8782900
11.208 44.633 8782900
11.208 44.625 8782900
11.200 44.625 8782900
11.200 44.617 8782900
11.183 44.617 8782900
11.183 44.608 8782900
11.175 44.608 8782900
11.175 44.600 8782900
11.158 44.600 8782900
11.158 44.592 8782900
11.142 44.592 8782900
11.142 44.583 8782900
11.125 44.583 8782900
11.125 44.575 8782900
11.117 44.575 8782900
11.117 44.567 8782900
11.108 44.567 8782900
11.108 44.558 8782900
11.100 44.558 8782900
11.100 44.550 8782900
11.083 44.550 8782900
11.083 44.542 8782900
11.067 44.542 8782900
11.067 44.525 8782900
11.058 44.525 8782900
11.058 44.492 8782900
11.050 44.492 8782900
11.050 44.467 8782900
11.042 44.467 8782900
11.042 44.450 8782900
11.033 44.450 8782900
11.033 44.442 8782900
10.992 44.442 8782900
10.992 44.433 8782900
10.958 44.433 8782900
10.958 44.383 8782900
10.967 44.383 8782900
10.967 44.358 8782900
10.992 44.358 8782900
10.992 44.342 8782900
11.000 44.342 8782900
11.000 44.333 8782900
11.008 44.333 8782900
11.008 44.308 8782900
11.017 44.308 8782900
11.017 44.300 8782900
11.008 44.300 8782900
11.008 44.275 8782900
10.983 44.275 8782900
10.983 44.267 8782900
10.975 44.267 8782900
10.975 44.258 8782900
10.967 44.258 8782900
10.967 44.250 8782900
10.958 44.250 8782900
10.958 44.242 8782900
10.950 44.242 8782900
10.950 44.233 8782900
10.942 44.233 8782900
10.942 44.225 8782900
10.933 44.225 8782900
10.933 44.217 8782900
10.917 44.217 8782900
10.917 44.208 8782900
10.892 44.208 8782900
10.892 44.200 8782900
10.883 44.200 8782900
10.883 44.192 8782900
10.875 44.192 8782900
10.875 44.175 8782900
10.867 44.175 8782900
10.867 44.167 8782900
10.858 44.167 8782900
10.858 44.150 8782900
10.850 44.150 8782900
10.850 44.142 8782900
10.842 44.142 8782900
10.842 44.133 8782900
10.833 44.133 8782900
10.833 44.125 8782900
10.825 44.125 8782900
10.825 44.117 8782900
10.817 44.117 8782900
10.817 44.125 8782900
10.792 44.125 8782900
10.792 44.133 8782900
10.775 44.133 8782900
10.775 44.142 8782900
10.767 44.142 8782900
10.767 44.150 8782900
10.758 44.150 8782900
10.758 44.158 8782900
10.708 44.158 8782900
10.708 44.167 8782900
10.700 44.167 8782900
10.700 44.158 8782900
10.675 44.158 8782900
10.675 44.150 8782900
10.667 44.150 8782900
10.667 44.142 8782900
10.658 44.142 8782900
10.658 44.133 8782900
10.642 44.133 8782900
10.642 44.125 8782900
10.608 44.125 8782900
10.608 44.117 8782900
10.592 44.117 8782900
10.592 44.125 8782900
10.583 44.125 8782900
10.583 44.133 8782900
10.575 44.133 8782900
10.575 44.142 8782900
10.550 44.142 8782900
10.550 44.150 8782900
10.542 44.150 8782900
10.542 44.158 8782900
10.525 44.158 8782900
10.525 44.175 8782900
10.517 44.175 8782900
10.517 44.192 8782900
10.500 44.192 8782900
10.500 44.200 8782900
10.492 44.200 8782900
10.492 44.217 8782900
10.483 44.217 8782900
10.483 44.225 8782900
10.433 44.225 8782900
10.433 44.233 8782900
10.417 44.233 8782900
10.417 44.242 8782900
10.408 44.242 8782900
10.408 44.250 8782900
10.400 44.250 8782900
10.400 44.258 8782900
10.367 44.258 8782900
10.367 44.267 8782900
10.358 44.267 8782900
10.358 44.275 8782900
10.317 44.275 8782900
10.317 44.283 8782900
10.275 44.283 8782900
10.275 44.275 8782900
10.267 44.275 8782900
10.267 44.267 8782900
10.258 44.267 8782900
10.258 44.275 8782900
10.250 44.275 8782900
10.250 44.283 8782900
10.233 44.283 8782900
10.233 44.292 8782900
10.225 44.292 8782900
10.225 44.300 8782900
10.217 44.300 8782900
10.217 44.308 8782900
10.208 44.308 8782900
10.208 44.317 8782900
10.200 44.317 8782900
10.200 44.325 8782900
10.183 44.325 8782900
10.183 44.333 8782900
10.167 44.333 8782900
10.167 44.342 8782900
10.133 44.342 8782900
10.133 44.350 8782900
10.125 44.350 8782900
10.125 44.358 8782900
10.108 44.358 8782900
10.108 44.350 8782900
10.100 44.350 8782900
10.100 44.358 8782900
10.075 44.358 8782900
10.075 44.367 8782900
10.067 44.367 8782900
10.067 44.375 8782900
10.042 44.375 8782900
10.042 44.383 8782900
10.033 44.383 8782900
10.033 44.392 8782900
10.008 44.392 8782900
10.008 44.400 8782900
10.000 44.400 8782900
10.000 44.408 8782900
9.992 44.408 8782900
9.992 44.417 8782900
10.000 44.417 8782900
10.000 44.425 8782900
10.008 44.425 8782900
10.008 44.442 8782900
10.000 44.442 8782900
10.000 44.450 8782900
9.975 44.450 8782900
9.975 44.458 8782900
9.967 44.458 8782900
9.967 44.475 8782900
9.958 44.475 8782900
9.958 44.467 8782900
9.942 44.467 8782900
9.942 44.475 8782900
9.917 44.475 8782900
9.917 44.467 8782900
9.908 44.467 8782900
9.908 44.475 8782900
9.892 44.475 8782900
9.892 44.467 8782900
9.858 44.467 8782900
9.858 44.475 8782900
9.850 44.475 8782900
9.850 44.467 8782900
9.817 44.467 8782900
9.817 44.442 8782900
9.800 44.442 8782900
9.800 44.433 8782900
9.783 44.433 8782900
9.783 44.417 8782900
9.775 44.417 8782900
9.775 44.408 8782900
9.758 44.408 8782900
9.758 44.392 8782900
9.742 44.392 8782900
9.742 44.383 8782900
9.708 44.383 8782900
9.708 44.375 8782900
9.692 44.375 8782900
9.692 44.367 8782900
9.675 44.367 8782900
9.675 44.375 8782900
9.667 44.375 8782900
9.667 44.400 8782900
9.658 44.400 8782900
9.658 44.417 8782900
9.625 44.417 8782900
9.625 44.425 8782900
9.617 44.425 8782900
9.617 44.433 8782900
9.583 44.433 8782900
9.583 44.425 8782900
9.567 44.425 8782900
9.567 44.417 8782900
9.492 44.417 8782900
9.492 44.408 8782900
9.467 44.408 8782900
9.458 44.408 8782900
9.458 44.400 8782900
9.450 44.400 8782900
9.450 44.442 8782900
9.458 44.442 8782900
9.458 44.458 8782900
9.467 44.458 8782900
9.467 44.475 8782900
9.450 44.475 8782900
9.450 44.483 8782900
9.400 44.483 8782900
9.400 44.492 8782900
9.358 44.492 8782900
9.358 44.483 8782900
9.350 44.483 8782900
9.350 44.475 8782900
9.342 44.475 8782900
9.342 44.467 8782900
9.325 44.467 8782900
9.325 44.450 8782900
9.317 44.450 8782900
9.317 44.442 8782900
9.308 44.442 8782900
9.308 44.450 8782900
9.300 44.450 8782900
9.300 44.467 8782900
9.292 44.467 8782900
9.292 44.475 8782900
9.283 44.475 8782900
9.283 44.483 8782900
9.275 44.483 8782900
9.275 44.500 8782900
9.267 44.500 8782900
9.267 44.492 8782900
9.258 44.492 8782900
9.258 44.483 8782900
9.200 44.483 8782900
9.200 44.492 8782900
9.192 44.492 8782900
9.192 44.500 8782900
9.167 44.500 8782900
9.167 44.492 8782900
9.158 44.492 8782900
9.158 44.483 8782900
9.117 44.483 8782900
9.075 44.483 8782900
9.075 44.492 8782900
9.050 44.492 8782900
9.050 44.483 8782900
9.017 44.483 8782900
9.017 44.492 8782900
9.008 44.492 8782900
9.008 44.508 8782900
9.000 44.508 8782900
9.000 44.517 8782900
8.983 44.517 8782900
8.983 44.525 8782900
8.975 44.525 8782900
8.975 44.533 8782900
8.967 44.533 8782900
8.967 44.550 8782900
8.950 44.550 8782900
8.950 44.558 8782900
8.908 44.558 8782900
8.908 44.567 8782900
8.892 44.567 8782900
8.892 44.558 8782900
8.875 44.558 8782900
8.875 44.567 8782900
8.850 44.567 8782900
8.850 44.558 8782900
8.842 44.558 8782900
8.842 44.533 8782900
8.833 44.533 8782900
8.833 44.525 8782900
8.808 44.525 8782900
8.808 44.508 8782900
8.808 44.492 8782900
8.800 44.492 8782900
8.800 44.483 8782900
8.717 44.483 8782900
8.667 44.483 8782900
8.667 44.475 8782900
8.658 44.475 8782900
8.658 44.450 8782900
8.642 44.450 8782900
8.642 44.442 8782900
8.608 44.442 8782900
8.608 44.433 8782900
8.558 44.433 8782900
8.558 44.442 8782900
8.550 44.442 8782900
8.550 44.433 8782900
8.517 44.433 8782900
8.508 44.433 8782900
8.508 44.442 8782900
8.467 44.442 8782900
8.467 44.433 8782900
8.458 44.433 8782900
8.458 44.408 8782900
8.433 44.408 8782900
8.433 44.400 8782900
8.417 44.400 8782900
8.417 44.392 8782900
8.408 44.392 8782900
8.400 44.392 8782900
8.400 44.400 8782900
8.367 44.400 8782900
8.367 44.375 8782900
8.358 44.375 8782900
8.358 44.367 8782900
8.350 44.367 8782900
8.350 44.358 8782900
8.342 44.358 8782900
8.342 44.333 8782900
8.342 44.300 8782900
8.325 44.300 8782900
8.325 44.283 8782900
8.317 44.283 8782900
8.317 44.267 8782900
8.308 44.267 8782900
8.308 44.258 8782900
8.283 44.258 8782900
8.283 44.250 8782900
8.225 44.250 8782900
8.225 44.242 8782900
8.217 44.242 8782900
8.192 44.242 8782900
8.192 44.233 8782900
8.183 44.233 8782900
8.183 44.225 8782900
8.175 44.225 8782900
8.175 44.217 8782900
8.167 44.217 8782900
8.167 44.208 8782900
8.175 44.208 8782900
8.175 44.183 8782900
8.183 44.183 8782900
8.183 44.175 8782900
8.150 44.175 8782900
8.150 44.167 8782900
8.142 44.167 8782900
8.117 44.167 8782900
8.117 44.175 8782900
8.100 44.175 8782900
8.100 44.183 8782900
8.075 44.183 8782900
8.075 44.192 8782900
8.058 44.192 8782900
8.058 44.183 8782900
8.050 44.183 8782900
8.050 44.175 8782900
8.033 44.175 8782900
8.033 44.167 8782900
8.025 44.167 8782900
8.025 44.158 8782900
8.000 44.158 8782900
8.000 44.150 8782900
7.992 44.150 8782900
7.992 44.142 8782900
7.983 44.142 8782900
7.983 44.133 8782900
7.942 44.133 8782900
7.942 44.125 8782900
7.933 44.125 8782900
7.933 44.117 8782900
7.908 44.117 8782900
7.908 44.108 8782900
7.883 44.108 8782900
7.883 44.083 8782900
7.867 44.083 8782900
7.867 44.092 8782900
7.858 44.092 8782900
7.858 44.108 8782900
7.842 44.108 8782900
7.842 44.100 8782900
7.800 44.100 8782900
7.800 44.092 8782900
7.792 44.092 8782900
7.792 44.083 8782900
7.775 44.083 8782900
7.775 44.067 8782900
7.767 44.067 8782900
7.767 44.058 8782900
