# RBD_F1v3.0 river basin PT pt Madeira (Arquipelago da Madeira)
# data from <a href="http://www.eea.europa.eu/data-and-maps/data/wise-Basin-basin-districts-rbds">EEA</a>
-16.684631012700248 32.7696489667401
-16.684243014545537 32.769421962829504
-16.682729005127616 32.768786999499738
-16.678080974898098 32.766388984002603
-16.677379002188385 32.765928967838327
-16.676739970909605 32.765633970666087
-16.643598997493577 32.745234012778454
-16.64148202363485 32.743725961475981
-16.638778027619423 32.740978998751295
-16.527976965152643 32.599764985872469
-16.527272982071317 32.598663966370268
-16.526431977535932 32.597749969219144
-16.526414008832752 32.597722977125215
-16.525735988170524 32.596581021201281
-16.525637980641044 32.596463008519279
-16.525624016173783 32.596437955811993
-16.525600017354424 32.596350990863165
-16.525386979181402 32.595989976948331
-16.525383994729271 32.595978975019243
-16.525372976975728 32.59596600751432
-16.524337011222634 32.593359977866008
-16.524329993627457 32.593335017400889
-16.523841017788492 32.590125981324064
-16.523581999362616 32.589365000323134
-16.523575027525453 32.589332999936744
-16.523343008888297 32.587004000760622
-16.523480973188256 32.586280993386602
-16.52338301764425 32.585677996265304
-16.523328008376694 32.5855319780825
-16.523253970609524 32.585426988732578
-16.52288399747264 32.584563003963048
-16.52280999053297 32.584437998838304
-16.522748976599761 32.584248970205472
-16.522459993935271 32.58357401950785
-16.52244402633421 32.583528973882686
-16.522354979616896 32.583034019935937
-16.522253986053816 32.582726023087197
-16.522094975137126 32.58263797254974
-16.521682980985297 32.582145014624508
-16.520602978892189 32.58112700371592
-16.520569971700453 32.581089990889708
-16.520333019965481 32.580751959690545
-16.520297999067743 32.580719012709565
-16.520275022257366 32.580691993126145
-16.519518989962656 32.579588970296122
-16.519358996423705 32.57936099478102
-16.519329020987836 32.57932496761515
-16.518254016982812 32.578235997921247
-16.518234003253141 32.578208971784093
-16.517464999087643 32.577015984245691
-16.517122004742973 32.576625964998122
-16.517109006872555 32.576604012078114
-16.517029997261336 32.576341019445124
-16.516493010105705 32.57550596138789
-16.516491037216436 32.575498999188831
-16.516479026775301 32.575484010169212
-16.515484996504583 32.572780987255712
-16.515428021067255 32.572695999658372
-16.51482597856441 32.572005970500257
-16.514817990040434 32.571992975368907
-16.514552986203757 32.571689001151263
-16.51453601693715 32.571662002539512
-16.514410993020473 32.571237993753265
-16.513966034100857 32.57063898689664
-16.513962981601292 32.570629970161988
-16.513949002579142 32.570612007158552
-16.513809038651914 32.570275000530671
-16.513186989060276 32.569818011475725
-16.513014985832051 32.569729967684204
-16.512807002191764 32.569578960721984
-16.512718997503562 32.569477019347929
-16.51216599320793 32.569070982842824
-16.51210996871275 32.569003984809548
-16.511958014627574 32.568919973042917
-16.510869028142316 32.567950002250143
-16.510689992655362 32.567775971761272
-16.510545011094962 32.567582013876375
-16.510532003436079 32.567567983092367
-16.510495968750217 32.567523969329905
-16.510453975782749 32.567498972238809
-16.510272988275052 32.567331964780927
-16.510262965493823 32.567318991123201
-16.510250963058194 32.567311978495425
-16.510045977820685 32.567124988321524
-16.510022011860084 32.567091956570259
-16.509579984980807 32.566866972512287
-16.509547023089063 32.566842984570904
-16.509346981243709 32.566612992066588
-16.508663035487398 32.566158998853673
-16.508638031046566 32.566128009784094
-16.508598009763894 32.566105986023963
-16.50821800432092 32.56571301729366
-16.5079870127757 32.565578992431867
-16.507955031437188 32.565550001333662
-16.507533972934937 32.565007012401267
-16.505783005427944 32.563198970196297
-16.505627026295802 32.562992987094148
-16.504996008682124 32.561993004555376
-16.504723975909915 32.561685016094181
-16.504593004957691 32.56147197504454
-16.504524995946749 32.561244998177095
-16.504075983995957 32.560534013572664
-16.504058037812158 32.560462001459435
-16.503945027582819 32.56032299198003
-16.502883983604654 32.557623022632399
-16.502813977948346 32.557378016799028
-16.502569965244398 32.555734983633286
-16.502399978427324 32.555514019664848
-16.502390981330418 32.555491982874123
-16.502379003882417 32.555440009256031
-16.502164000487486 32.555103988412775
-16.501686001080756 32.554571013257913
-16.501659990353293 32.554530980566952
-16.500871013249508 32.553158003657366
-16.500865976856783 32.553135003233081
-16.50085501548347 32.55312195684111
-16.500792025463596 32.55292900200007
-16.500684989182215 32.5528040156047
-16.500630984607387 32.552709965224416
-16.5006069864233 32.552624012469174
-16.500566972244094 32.552547982232262
-16.500310981128322 32.552111993399087
-16.50030098711067 32.552072992475409
-16.500257992979101 32.552020015784123
-16.499906029351255 32.550626004353092
-16.499760009907209 32.550447002479309
-16.499737037774889 32.550401997986363
-16.499733987784101 32.550388991871756
-16.499722977488837 32.550375008879826
-16.499717013591152 32.550350979471936
-16.499700010938959 32.550331015704465
-16.499672979530555 32.550260987590342
-16.499285977886505 32.549895967774461
-16.499262968639361 32.549870980809402
-16.497576997032514 32.547466990745995
-16.497000015383318 32.54678698351114
-16.496982982658668 32.546756966779583
-16.496920027701002 32.546527979150618
-16.496670980777029 32.546175019284135
-16.496667989370589 32.546160983339426
-16.496654001901444 32.546142962070128
-16.496444997077237 32.545679012967177
-16.496344961723615 32.545621975994379
-16.496203982807248 32.54550199169929
-16.496054024591125 32.54531197650045
-16.495869018039954 32.545206012167995
-16.495695986304518 32.545048006335655
-16.493660021214502 32.542412998310404
-16.493534978186435 32.542289007685021
-16.493519024948359 32.542268010347946
-16.493336985571382 32.541993005968564
-16.492629007137715 32.541076965998201
-16.492183997642911 32.540545981661054
-16.492097976150106 32.540389010814877
-16.491987002150424 32.540245984200098
-16.491818013823369 32.539850977578098
-16.491796988272831 32.539826994782146
-16.491781986146346 32.539768021160747
-16.491630025546439 32.539413987489702
-16.491515997544468 32.539240987910325
-16.491458991144562 32.539015969617331
-16.491204998409511 32.53842397164761
-16.491194971532039 32.538397007852041
-16.491167019061105 32.53824200035455
-16.49092001100113 32.537655979766534
-16.490700013318367 32.537315987144318
-16.490213991627975 32.5360099995032
-16.489999006249821 32.535801969308892
-16.489976987359427 32.5357759662297
-16.489787036312169 32.535498001202228
-16.48843898347565 32.534217984841852
-16.488403998853897 32.53418001948414
-16.487681001645619 32.533138015466129
-16.487672029858516 32.533130974135979
-16.487652990260795 32.533109008368058
-16.487639024429331 32.533101993956471
-16.487539033894386 32.532980994598269
-16.487172985225605 32.5325819662445
-16.486792002305748 32.532358995774175
-16.48675898873509 32.532327993789437
-16.486594976550908 32.53211097923365
-16.486444017143686 32.532027000085279
-16.486431032183379 32.532010995528097
-16.486422010750946 32.532007005301864
-16.485974011226169 32.53147096136243
-16.485489031690467 32.531183989743234
-16.485467026181755 32.531163995498254
-16.483195014091081 32.528146009207475
-16.482272012682227 32.52704298255361
-16.482256979153718 32.52701598940736
-16.482210021974282 32.526839006004373
-16.482059032652391 32.526640005086499
-16.482055982097609 32.526625987190407
-16.482044985933957 32.526613010991369
-16.48138999011957 32.52513698799023
-16.48138003387994 32.525110002575502
-16.481207018474272 32.524218961867554
-16.480708985500048 32.522794976506752
-16.480702973746769 32.522763995991461
-16.480577005783299 32.521601958696365
-16.480421968031553 32.521181995781994
-16.480364030226006 32.520938983581154
-16.480288995265465 32.520341973845397
-16.480206038237306 32.520149003468667
-16.480195996252544 32.520124960782567
-16.480080001353191 32.519482986887077
-16.479725003309262 32.518511006824504
-16.479718006900981 32.518484015970493
-16.479646011903164 32.517891979077241
-16.479634003371984 32.517860972285192
-16.479590994768081 32.517664988657977
-16.479575993000225 32.517601967019665
-16.479575988709183 32.517596966938669
-16.479551978043357 32.517527985679081
-16.479530027899003 32.517401998506173
-16.479449020675908 32.516559010123224
-16.479394024223058 32.516363985191354
-16.479392020775787 32.516340957346756
-16.479311983775457 32.516081015199916
-16.479281011105318 32.515816961385028
-16.479192980316661 32.514512968219123
-16.479177017701058 32.514462978530304
-16.478955963452233 32.514090970643529
-16.478937982666896 32.514068979647739
-16.478924004676966 32.514041964756437
-16.478924014150103 32.514039997526766
-16.478779980743081 32.513839005654262
-16.478262006135573 32.513324006361202
-16.478088014099288 32.513115970566282
-16.476233017356911 32.510309999510383
-16.476087966197309 32.510140988649503
-16.476068993997661 32.510108998904428
-16.476025963970695 32.509958984750057
-16.476013971634885 32.509942976116555
-16.475896986878805 32.509707996522934
-16.475875985021467 32.509621968746323
-16.475824025372852 32.509557002391574
-16.475807995720668 32.509525965735797
-16.475646024128636 32.509331962808886
-16.475642996570169 32.50931799768648
-16.475626979192288 32.509297971066985
-16.475424009504977 32.508578973477917
-16.474606989495825 32.506508996327
-16.474598016979382 32.506479985959359
-16.474529964233245 32.506027975260068
-16.474384969712407 32.505634972171862
-16.4743750040812 32.505591973575967
-16.474369010383477 32.505575990791634
-16.474350977393176 32.505495968299236
-16.474323007345841 32.505379011601121
-16.47416197877731 32.50411098791426
-16.474059979698424 32.503746971954875
-16.474057000619769 32.503708998397023
-16.474068994415042 32.503644989879625
-16.473988981955955 32.503375990109276
-16.473963988299687 32.503113993599335
-16.47400599776805 32.502881976083252
-16.473927982007933 32.502273967837503
-16.473956975257369 32.502144967318252
-16.473904982821082 32.501939981870294
-16.473909999121496 32.501852012821843
-16.473649991641665 32.501070007604262
-16.47364396842265 32.501038971021224
-16.473638012614884 32.5009710018414
-16.473627992064142 32.500942011950357
-16.473621965350826 32.500905975085573
-16.473522982757451 32.499816012404047
-16.473267000160963 32.499499014134337
-16.473247985358753 32.499426969766553
-16.472221026126252 32.498194006083899
-16.472207980559165 32.498172006062489
-16.472161018694248 32.497994012859678
-16.472019023672495 32.497810975519357
-16.472015991766181 32.497799988097427
-16.472006978908098 32.497788018019648
-16.47132800235504 32.495162960104523
-16.471269990572534 32.495086970099074
-16.471259990840174 32.495062021951071
-16.471167973873719 32.49462097483692
-16.470654991276323 32.493296964297244
-16.470641024000191 32.493245000033674
-16.470544016429962 32.492565001099926
-16.470366966837204 32.49204598134299
-16.4703259840662 32.491819020896223
-16.470276983967629 32.491329975344271
-16.470270008882043 32.491310003487818
-16.470263017762875 32.491278010775005
-16.469980990996302 32.488682017457329
-16.469985975714014 32.488659013057095
-16.469982019865906 32.488643007113581
-16.470026011474197 32.488275004823478
-16.469983987046387 32.488090988279126
-16.469985020559101 32.488052988527897
-16.470117975820617 32.487498973250709
-16.470428026397421 32.484871997689105
-16.470438986822753 32.484831997855665
-16.47058802034563 32.484416999658187
-16.470588995641421 32.484405986574075
-16.470703978629363 32.484030015956534
-16.470737998103303 32.483366998196104
-16.470741997345339 32.483340004770767
-16.470906978785653 32.482766979280825
-16.470988974095778 32.482118992522992
-16.471016996701579 32.482012968905977
-16.471022978110064 32.481996984723665
-16.471042030590318 32.481712989756417
-16.471046030148607 32.481685997105622
-16.471061971583239 32.481630971106171
-16.471067991429273 32.481452976043322
-16.471070011200279 32.481423964041902
-16.471089984217461 32.481349020731216
-16.471006983626555 32.480362980418668
-16.470793037300762 32.479374998863385
-16.470932023730512 32.478412987149269
-16.470937967011249 32.478222989228321
-16.470942993317454 32.478164964186334
-16.470994990623161 32.477969981269453
-16.471084973615866 32.477351003066772
-16.471159000719624 32.476332969916839
-16.471163996279731 32.476304008076212
-16.471299977508675 32.475864980989613
-16.471441988432996 32.47488198297247
-16.471449996468714 32.474859965256748
-16.472048026832098 32.473322001695031
-16.47211800000451 32.472924017630554
-16.472136983545212 32.472874021179699
-16.472303004738027 32.472641991500531
-16.472377991322116 32.472397996660931
-16.472495017618996 32.472190956197373
-16.472564978697889 32.471870015798409
-16.472576998908217 32.471853983811435
-16.472584025720781 32.471819999842943
-16.473174016179502 32.470792008896765
-16.473039975395185 32.470587992040926
-16.472873014827407 32.470417005679799
-16.472838978182953 32.470373990466335
-16.47132800464113 32.46800799283011
-16.471252972698096 32.467916988553448
-16.471240004855872 32.467891989229415
-16.471235003819086 32.467872013626156
-16.471220970164627 32.467855970314709
-16.471218014870313 32.467842995366382
-16.471208991359397 32.467831980414928
-16.471202995016618 32.467813974624065
-16.471152964098174 32.467734970828424
-16.471070004430622 32.467405010210811
-16.469777966764362 32.463441995010143
-16.469772022781232 32.463407958106949
-16.469664974566328 32.462173979501905
-16.469534986675857 32.461515001497368
-16.468938977480107 32.459693000249096
-16.468932981876133 32.459657013728808
-16.468756966922751 32.457644983389763
-16.468758999722105 32.457635971780718
-16.468730012477735 32.457518967459968
-16.468773009302133 32.457319985567722
-16.468779020196656 32.457215996883498
-16.468758002648404 32.457126997319499
-16.468757988883553 32.457096995079048
-16.468792971822889 32.456949979477692
-16.468865021210334 32.455629975078168
-16.468869013414881 32.455595958829193
-16.469799009243026 32.452403966010195
-16.469792993197874 32.452322975791205
-16.469452011030345 32.450965009247092
-16.469270997345436 32.450564965770987
-16.469256977329284 32.450528973636928
-16.469036986418761 32.449451976375684
-16.468426990657917 32.447638990547247
-16.468420005218277 32.447600982830949
-16.468391021468527 32.44729697173247
-16.46835100108899 32.447170992711456
-16.468331024297079 32.447037977186163
-16.468243978279997 32.44596802277109
-16.468075005077402 32.445487998482257
-16.468007966081434 32.445404988836849
-16.466905032585561 32.442547002853424
-16.466896999197452 32.442518005497107
-16.466397031802259 32.439004000493654
-16.466447000994769 32.438778015124797
-16.466374014948332 32.438164966884464
-16.466025026377665 32.436824973137668
-16.466024034670923 32.43677300106765
-16.466042023695813 32.436688000346187
-16.466019967980753 32.436601995005077
-16.466025028868224 32.436577001330811
-16.466017982362718 32.436548002032808
-16.466071020525391 32.436023995363719
-16.465836023928002 32.434560992574241
-16.465914033798928 32.434202004063266
-16.465861022950236 32.43371095771306
-16.465404994954291 32.433095985340117
-16.464951019890471 32.43254397428683
-16.464840979281995 32.432333985346688
-16.464813995209823 32.432231972841393
-16.464741983107597 32.432142970618152
-16.464230029531393 32.430696987269812
-16.464215023352729 32.430662962305206
-16.461911017487566 32.429496972666826
-16.461872033056903 32.42946998551772
-16.4618229810876 32.429411999224712
-16.461820026622448 32.429412002249713
-16.461792995506329 32.429391985381045
-16.461466007259371 32.429017009748819
-16.460814982682358 32.428659992912202
-16.460805983050719 32.428648018407216
-16.460775991900064 32.428630983329711
-16.460621009283201 32.428438976163029
-16.46048899118259 32.428360978022525
-16.460421000985157 32.428278969952871
-16.460359015791788 32.42824300674333
-16.460008022424827 32.427836970580358
-16.459808026810258 32.427716968489541
-16.459794036168034 32.427704007801658
-16.459621977478022 32.427604997656701
-16.459515985292345 32.427503978507211
-16.458716986523982 32.426450987487506
-16.457610032104615 32.425295982032317
-16.457437013323922 32.425201011097606
-16.453080980881666 32.419832977732568
-16.453078021242966 32.419816968214839
-16.453069028378906 32.419806003294774
-16.453038987706201 32.419689021754309
-16.452151028312041 32.419072000156284
-16.451408018968802 32.418674976057453
-16.451380022302249 32.418652987422846
-16.451250986410841 32.418495966370003
-16.451039999313444 32.418376964055931
-16.451030022083412 32.418366000114418
-16.451012010857827 32.418356996851323
-16.450474022422039 32.417693981699145
-16.449198011806512 32.416756961920065
-16.449193017700171 32.416749964040825
-16.449184998783714 32.416745966492059
-16.449120996391855 32.416665007048806
-16.44902600991729 32.416611961114903
-16.449012997964118 32.416600965346781
-16.447116031130374 32.414232001907308
-16.447111030224221 32.414227982309981
-16.447093028444222 32.414205997954674
-16.447080993458808 32.414187978041575
-16.446320980210867 32.413238008965244
-16.446125011419625 32.413027999452531
-16.446105033094959 32.412998994325754
-16.446029000640014 32.412873995424427
-16.444829986690543 32.411377001685715
-16.444825982157987 32.411361011661647
-16.444816984184655 32.411348023897816
-16.444801994433462 32.411288988039281
-16.444761973312698 32.411239985557835
-16.444747985761079 32.411211008072577
-16.444356988393078 32.409619010286235
-16.443975010613105 32.408672007922959
-16.443967975321591 32.408646994546935
-16.44372900790577 32.407133964428319
-16.443412009707373 32.406095991616951
-16.44340800730274 32.406059996297678
-16.443380005261613 32.405642999352814
-16.443216002437001 32.404972977271314
-16.443274985746488 32.403441015388175
-16.443274978739996 32.403433992375177
-16.443475979709781 32.402702013642816
-16.443479985222318 32.402646979643222
-16.443480985607874 32.402636020036631
-16.443584984986252 32.402282988706006
-16.443642964515035 32.401682978460784
-16.443655990783817 32.401621993049062
-16.443764003192339 32.401297987561037
-16.443789002008508 32.401096977739286
-16.443798013672172 32.401062988194973
-16.443803014509307 32.401052005204704
-16.443807023027318 32.40101298570378
-16.443814986650285 32.400984017714784
-16.444163003037477 32.400033002155119
-16.44417201735962 32.399974007622319
-16.444174967114566 32.39996299200272
-16.444290010332775 32.399684003154647
-16.444350032036425 32.399516007205449
-16.444613006608318 32.398556969329228
-16.444641008513891 32.39851197971079
-16.444708008034887 32.398206960783277
-16.445275993779862 32.397463005339112
-16.445848981032466 32.396516001079611
-16.445920024793082 32.396390976445026
-16.445937965686927 32.396363982287738
-16.445945990689651 32.396354999100417
-16.446317992923294 32.395739011764213
-16.446332968546862 32.395718989045534
-16.446649990061385 32.395380979113909
-16.446747008027575 32.395223008979329
-16.446776973091765 32.395182006799075
-16.447491974023251 32.394422000301269
-16.447526007928541 32.39437196474465
-16.447533968917721 32.394363000743027
-16.447682018783077 32.394219968220575
-16.448080007732329 32.393796002876265
-16.448888994695675 32.392738004873522
-16.449347974590509 32.392470975739975
-16.449555975899404 32.392197999286012
-16.449576993624454 32.392185965771858
-16.449587974306382 32.392172989485992
-16.44982598412658 32.392032005713631
-16.449976998068024 32.391842999441508
-16.45000898927292 32.391815966645531
-16.450887021718422 32.391319010104326
-16.450988007928757 32.391240975504481
-16.451034990464926 32.391208977059605
-16.451075003814616 32.391187963669879
-16.451153011346264 32.391128987158183
-16.451230018723667 32.391075970140776
-16.451274964328334 32.391052984228423
-16.451455018821441 32.390919995838601
-16.451475984562162 32.390906013176
-16.451799978884544 32.390746966931658
-16.452207002826988 32.390449008012737
-16.452235980760776 32.390433010590577
-16.453660989149959 32.389752998938803
-16.455916013954035 32.388477987072804
-16.463428016837742 32.387118987047259
-16.464173979960599 32.387236984508768
-16.464356968031844 32.387202978252354
-16.464360003299085 32.387203009017703
-16.464365972481449 32.387202982869539
-16.466126996309299 32.387409998951661
-16.466285993396198 32.387381962852643
-16.466313013211828 32.387383999223495
-16.466348023430911 32.387378965027359
-16.468675001485018 32.387468973073254
-16.468712981494424 32.387472979483213
-16.469491981631016 32.387635022830437
-16.470445997380171 32.387709971816115
-16.470479985683721 32.387716022753132
-16.473412032661024 32.388454987356546
-16.473938988883159 32.388566016133552
-16.474001997250138 32.388598975397358
-16.474315988730375 32.388675017918835
-16.47431998997747 32.388674993752225
-16.475981998886109 32.389313975159716
-16.478046998493607 32.390206982803022
-16.481162984354238 32.390871985501114
-16.481177975723796 32.390881006948348
-16.481193020509782 32.390882985300522
-16.481375012639322 32.390966005586975
-16.48149198875031 32.390985005181122
-16.481522024710593 32.390996003999412
-16.481908022490085 32.391212990435839
-16.485333035780954 32.392795995478799
-16.485340989964019 32.392800008398716
-16.4866929890952 32.393758987065155
-16.487841986468482 32.394231976273204
-16.487855986875338 32.394238975282427
-16.488858982468834 32.394884992901765
-17.11355100605299 32.662716990906169
-17.118292012116587 32.665552001873401
-17.118391024396253 32.665606996952739
-17.118400975856289 32.665617979819494
-17.118412026291267 32.66562498280296
-17.118539022496321 32.665777977265776
-17.118714972861664 32.66587598033621
-17.118735994506189 32.665894019804981
-17.120464016763165 32.66804100717453
-17.120547013991381 32.668101991366264
-17.120621013188341 32.668141975382554
-17.12082499843314 32.668299969444639
-17.120844010192958 32.668322986422694
-17.12088999651035 32.668358017950261
-17.122659029924034 32.669472991697241
-17.122752991894178 32.669586986788431
-17.12288498741426 32.66965898267739
-17.123111991107244 32.669849003276198
-17.123202974916435 32.669962014757679
-17.123424030539578 32.67011899320152
-17.123444978897052 32.670144986644402
-17.123461000620626 32.670153963062326
-17.124242998839271 32.670858015866777
-17.124335968982521 32.67090999398534
-17.124373037294401 32.670946006692624
-17.124441024097962 32.671034972759081
-17.124720027453773 32.671279980185346
-17.124826988231888 32.671382002293875
-17.124836008165289 32.671391007502635
-17.124851028033095 32.671405007174677
-17.124897020599132 32.671448981113279
-17.124902992781049 32.671457979564813
-17.124962014834789 32.67151496184178
-17.125016010003048 32.67155698581778
-17.125410006105795 32.671920005045195
-17.125445008551768 32.671941988062741
-17.12595601399422 32.672199993131102
-17.126106972169701 32.672309988022114
-17.126178995633449 32.672335971193242
-17.126453993030459 32.672451010731372
-17.12677999354047 32.67264299824496
-17.127087978378459 32.67277098280065
-17.127273995602248 32.672865010209222
-17.12771701181385 32.673150998632465
-17.129098027367672 32.673776006053387
-17.129330994233793 32.673916985887288
-17.130403000499012 32.67466296213145
-17.130717011154641 32.674821986094727
-17.13094198329868 32.674982982913882
-17.131071028822138 32.675129008609275
-17.131178991052018 32.675203994886466
-17.131395962068563 32.67531797532574
-17.13161898332325 32.675487986983676
-17.131715007487848 32.675599010081378
-17.131872022106627 32.67568397447041
-17.132079029325247 32.675846976426911
-17.132352998666029 32.676173989102615
-17.132732024081402 32.676384009346727
-17.132923988115476 32.676551984767435
-17.132990020253498 32.676633980839874
-17.133097002345934 32.676729965207727
-17.133180019182586 32.676775965654862
-17.133367996019313 32.676946014471255
-17.133433020672026 32.677027965718089
-17.133923962315382 32.677465971471726
-17.134106001697237 32.677644007998779
-17.134187979907697 32.677753014551989
-17.135403977292974 32.67851400670925
-17.135604015987649 32.67861899024895
-17.135840983567981 32.678772968958569
-17.136118002736065 32.678893978137062
-17.136373992416711 32.679036972511454
-17.136389982449085 32.679047984799645
-17.136404997522433 32.67905399283994
-17.136657982142051 32.679193984309002
-17.137089991411877 32.679487000779233
-17.137406008597068 32.679631965341706
-17.137650987060688 32.679783987140091
-17.138358977512492 32.680286002085481
-17.138594980349698 32.680400971807067
-17.138831024492099 32.680565968407706
-17.138959032870456 32.680710997291357
-17.139714983366765 32.681244971471997
-17.139874032806382 32.681437008989143
-17.140156007439856 32.681589987137542
-17.140435015894724 32.681836989618887
-17.140499003642955 32.681871964483058
-17.140702003790604 32.68205200421886
-17.140758999206625 32.682122969548729
-17.140824014757644 32.68217998973828
-17.140868015450025 32.682206984030252
-17.140869998793864 32.6822060094104
-17.140901968630754 32.682248971559204
-17.141308017915925 32.682608974677173
-17.141505011789217 32.682797978892843
-17.141700015416522 32.682985990836848
-17.141737006679865 32.68303299781499
-17.14189002940439 32.683171976320047
-17.141910985127776 32.683182994910766
-17.141972976428693 32.683242982740609
-17.142008012056099 32.683286959200672
-17.142072976191589 32.683351987835692
-17.14212703679819 32.683424998825686
-17.142442992518752 32.683706015935272
-17.142644974601556 32.683904978607181
-17.142646993439328 32.683907989410258
-17.142817999336462 32.684084973505712
-17.143178013098073 32.684584002421857
-17.143705022065738 32.685115969921597
-17.143828994245048 32.685165986805067
-17.143943970047928 32.685183969049106
-17.144185978354713 32.685278988615302
-17.144346032563053 32.685370985728873
-17.145104989162313 32.685675979308378
-17.145246011785872 32.685742998371865
-17.145509015513895 32.685846993077597
-17.145665975210456 32.685920983923609
-17.147330999471812 32.686964013786692
-17.147982001172256 32.687089993275237
-17.148001016354559 32.68709899054452
-17.148020969459679 32.687102983763808
-17.148102972096517 32.687137002206626
-17.148143999299275 32.687143983969563
-17.148181964027977 32.687155973657887
-17.148301021174621 32.687222007332373
-17.149765010122213 32.687841969367767
-17.150646019830653 32.68796396449649
-17.150673973472461 32.687972984198119
-17.150880997863339 32.688081972715118
-17.150886978653247 32.688083989276329
-17.15110801672861 32.688111975901371
-17.151119985353031 32.68811797471966
-17.151136018656569 32.688119965650912
-17.152457002571175 32.688626972476555
-17.152556984824098 32.6886459715885
-17.152583978671085 32.688657019011281
-17.152598031788511 32.688666007933328
-17.152609018710638 32.68866795749404
-17.152866984047101 32.68877397955184
-17.15293002447779 32.688810971271103
-17.15309097982032 32.688871004172142
-17.153142959671829 32.688894975514295
-17.154359979335275 32.689633994118402
-17.156295987977497 32.690556985331725
-17.156325974376053 32.690577001290762
-17.157996001208712 32.691787959835814
-17.158010018104111 32.691805965669261
-17.15802198904003 32.691811963074578
-17.158527974398499 32.692304011785794
-17.158740004222164 32.692426997407686
-17.158765963693252 32.692448981583773
-17.158976968781744 32.692717999751252
-17.160789024845236 32.69390900751214
-17.160803977965053 32.693928988799534
-17.16082298207451 32.693936972612057
-17.160938001675262 32.694052981319579
-17.161008012116458 32.694090007385533
-17.161042977267069 32.694118016698887
-17.16119297469638 32.694303007562738
-17.161840976905328 32.694946015700332
-17.161847022460456 32.694948011545591
-17.162549981647413 32.695125017367936
-17.162872009765398 32.695161993272677
-17.163154012822407 32.695232001386231
-17.163167027373436 32.695236003647047
-17.163170982237183 32.695235966243487
-17.163206013969397 32.695243972605901
-17.163345014209415 32.69525797696592
-17.163622001579039 32.695322983736006
-17.164762987531837 32.695641016606558
-17.164880999619779 32.695654989598893
-17.165036988811199 32.695699970210448
-17.165186993610323 32.695740012876861
-17.165194961598058 32.695743975361275
-17.165413005163479 32.695810977535096
-17.1654599870885 32.695835007503867
-17.165622008010473 32.695880972330386
-17.165847984816271 32.696004019359414
-17.166259011631009 32.696063985523658
-17.168887000045874 32.697154994479995
-17.168891993034187 32.69715701944321
-17.169140985120066 32.697240984838061
-17.169369977462473 32.697367976472272
-17.171228997095415 32.698185011702883
-17.171302998324663 32.698217985805115
-17.171479995244567 32.698288985465808
-17.171537000412805 32.698322001001848
-17.171854016754995 32.698460955308128
-17.172582027308927 32.69874599165869
-17.172842959646587 32.698862973918857
-17.173889972828611 32.699507985989797
-17.175281010974508 32.700069985629909
-17.175520017172339 32.700182991769985
-17.175721989928064 32.700312001383907
-17.176055977339718 32.700450969356943
-17.176327010027929 32.700593012585408
-17.177027983242755 32.701049995025556
-17.177627983800285 32.701324987354134
-17.177844973081697 32.701458980880787
-17.178102005779376 32.701642004062421
-17.180313994857222 32.701972964064559
-17.180363972965626 32.7019970091266
-17.183754006590213 32.703450989385125
-17.183761996263108 32.703455003637607
-17.184058002665495 32.703653017179342
-17.184334016067002 32.703776969144073
-17.18433999798307 32.703778982602941
-17.184534983305298 32.703913016752807
-17.184987025767118 32.704099000219784
-17.185222979851545 32.70421401026698
-17.185351020851549 32.704297968246266
-17.185456002397469 32.704340968581334
-17.18571600148919 32.704469963535182
-17.185753994067792 32.704493981310868
-17.185803995000573 32.704514974105017
-17.185831980349434 32.70453101386201
-17.185864023207156 32.704543999385407
-17.186141992182822 32.704682965053529
-17.186516000008787 32.704924980315788
-17.186961014791649 32.705120005125927
-17.187041010175278 32.705166014302137
-17.18747900688782 32.705462003150096
-17.187780037158344 32.70560100072489
-17.188123968302868 32.70581599215474
-17.188844020737299 32.70632697090511
-17.189078014364412 32.706416994746448
-17.189178986402762 32.706462971358633
-17.18937100110039 32.706533977217411
-17.189372998358095 32.706534011157949
-17.189382012748432 32.706535975096841
-17.189396000686077 32.706543011987449
-17.189397978301518 32.706542992233096
-17.189627008952993 32.706633009430249
-17.189708996170239 32.706680961753612
-17.18997402325234 32.706781001419195
-17.190042004203207 32.706792992106209
-17.190148989344365 32.706836021086076
-17.190944021120139 32.706898979632022
-17.191220021054196 32.70694799665052
-17.194351996901357 32.707735986135056
-17.194655967861063 32.707886993239967
-17.194958999817295 32.707986991204201
-17.194981994242411 32.708001004317381
-17.195720005960048 32.708275972379859
-17.196200002288769 32.708368973174785
-17.196264990218225 32.708403963321054
-17.19633999993987 32.708415967281368
-17.196622996841377 32.708510988874679
-17.196642980102709 32.708522001601693
-17.198631996622442 32.709061978753439
-17.205127994293637 32.712568007113454
-17.207646014700352 32.715056000942653
-17.207661994794314 32.715076015623481
-17.207763024200041 32.715227007170768
-17.207849002354443 32.715291003186174
-17.207947979183853 32.715411018613096
-17.20808599906541 32.715487964363327
-17.208291001813844 32.715657970899855
-17.208294029271283 32.715661978699288
-17.209718987671035 32.716054005531241
-17.209830024267575 32.716114961560159
-17.209955967456455 32.716132972929628
-17.210205025949076 32.716218973045144
-17.21028103839512 32.716260004437679
-17.212039016823855 32.716941972289248
-17.212279025774261 32.717047968151455
-17.212328997465352 32.717069973405458
-17.2123449832844 32.717077995042906
-17.212345972755177 32.717077984733102
-17.212381995942032 32.717095986564253
-17.21238399353539 32.717096019945828
-17.212503023498552 32.717142967550856
-17.21254596456394 32.717157977326941
-17.21258602821025 32.717175971921279
-17.212602993696521 32.717182018029462
-17.212819984938356 32.717266017598369
-17.212940990397254 32.717335972526371
-17.213576991346773 32.717579987723553
-17.213822979601439 32.717686025705866
-17.213898013045263 32.717729984245977
-17.214116028133272 32.717815989256003
-17.214258984623743 32.717881008184072
-17.214399997994029 32.717944009313669
-17.214496966596446 32.718000994999976
-17.21500903202536 32.718203998961691
-17.215243968589554 32.718311987631402
-17.216118012139155 32.718853964089291
-17.217201027072562 32.719348977480017
-17.217424996532305 32.719481975926264
-17.217736000941088 32.719699990287914
-17.217904015981937 32.719778013047076
-17.21812203692124 32.719917994926796
-17.218396014657518 32.720117009298086
-17.218499993325388 32.720166973331544
-17.218712028987781 32.720308999816496
-17.218828011225966 32.720395011720825
-17.218838999377578 32.720401966354757
-17.219533981729114 32.720889982510514
-17.220258986880623 32.721246996548267
-17.220428019795296 32.721362996758629
-17.220446990622325 32.72137199501821
-17.220697019787774 32.721493999315577
-17.221635977090955 32.722093010247114
-17.222322990649037 32.722402977915344
-17.222420003541686 32.722461971687963
-17.223090014633833 32.722765961481763
-17.223120010340207 32.722782975991656
-17.225411973101302 32.724379012500485
-17.225438974201111 32.72441300778663
-17.225471017665612 32.724436959157671
-17.225496995951552 32.724449975279171
-17.225561026190473 32.724507978359021
-17.225583028557196 32.724520982014511
-17.225667993173648 32.724591008612634
-17.22570497190269 32.724635971334095
-17.225897995171014 32.724774012082818
-17.225965995293155 32.724856965937235
-17.226118985644522 32.724939005962881
-17.228053995545032 32.726755970232354
-17.228315010978204 32.727039960873
-17.228366969683705 32.727113002159776
-17.228476020707099 32.727216975913088
-17.228566980034188 32.727319971322359
-17.228867015556304 32.727751969542204
-17.22927300901101 32.728163984863244
-17.229420004216042 32.728349964831359
-17.230533982418073 32.730077980758601
-17.230748008984765 32.73032698985169
-17.230800983544491 32.730419997145965
-17.23083696792137 32.730545984793771
-17.231034011534796 32.730850999225929
-17.231045019271285 32.730893978716615
-17.231087001604433 32.730945015722753
-17.232182022496225 32.733669011890264
-17.232190998234223 32.733702961115725
-17.232265971089628 32.734183977599855
-17.232378026044447 32.734474993871046
-17.232931967955292 32.73485499432234
-17.233020976194325 32.734900968026821
-17.233053973352987 32.734924978537542
-17.233084991159203 32.734961000586374
-17.234102023394229 32.735661995542287
-17.234114970967926 32.735676986953479
-17.23412796147278 32.735683971958935
-17.234314980207959 32.735860983322105
-17.234332998966661 32.735872007662252
-17.234551975821631 32.736087014684237
-17.234711029040717 32.736175984830432
-17.234736987224068 32.73619801468962
-17.23475999449489 32.736229018840923
-17.234764988417606 32.736231994986255
-17.234884002395578 32.736335006190956
-17.234902002109838 32.736357967070269
-17.234920022118107 32.736368990943781
-17.234980004792511 32.736424016569458
-17.23519802388115 32.736701962054248
-17.236241990697579 32.73769801913285
-17.23626801969337 32.737727006570104
-17.236357986062366 32.737856020415656
-17.236780015242648 32.7382699979538
-17.23695702261038 32.738480972711614
-17.237653010240344 32.739520965913584
-17.237818015182945 32.73969398411959
-17.238230987559287 32.739996001558332
-17.238258990911415 32.74001798913519
-17.238520020811336 32.740334953262
-17.238525018881955 32.740336972766364
-17.238562025491646 32.740363967071637
-17.238650007446193 32.740422963906532
-17.239093005132588 32.740626960221398
-17.239321976881293 32.740767013989114
-17.239540020251173 32.74092097762211
-17.239653995575829 32.740975980498042
-17.239886013522717 32.741122003997958
-17.240909005292032 32.741858974236443
-17.241074014085775 32.741943990924604
-17.241254983167615 32.742081002524429
-17.241318978852288 32.742156011850362
-17.241645010227142 32.742389989073885
-17.241702034075352 32.742457986760414
-17.241825965672948 32.742525989147623
-17.243427009556335 32.743987967065053
-17.243622025594203 32.744186992029668
-17.243682019054937 32.744271960322372
-17.243758004281233 32.74434501763011
-17.243870983889614 32.744497989350045
-17.244235992664873 32.744823008991396
-17.24442600998589 32.74500897748495
-17.244558996379752 32.745188996006497
-17.244669000851463 32.745306980233728
-17.244697979139517 32.74534900719506
-17.245251020927959 32.745876002848483
-17.245432974458158 32.746079997177489
-17.245482970781104 32.746152989581169
-17.24557199325994 32.746237967283001
-17.245749001223761 32.746442012789878
-17.245836012369864 32.746570990214018
-17.245967018180252 32.746699006966082
-17.246127025946812 32.746889981368703
-17.246148027349445 32.746923997229466
-17.24617797907219 32.746953011556215
-17.246355010437906 32.747165998660861
-17.246863996078797 32.747932010512905
-17.246872022895541 32.747938991696692
-17.246909981497701 32.747978990901473
-17.247007022682407 32.748114980129941
-17.247238987001186 32.748333971671848
-17.247404972896749 32.748518009032985
-17.247495968156588 32.748646995998122
-17.247660988200877 32.748805978806203
-17.247821972454883 32.748993008512301
-17.248364999961765 32.74978997767105
-17.248841008646135 32.750295958863774
-17.248981000249682 32.750494013051359
-17.249135996238405 32.750747999259993
-17.249213036540613 32.750832001871338
-17.249348019852494 32.751034959315021
-17.249697015748787 32.751624007957311
-17.249759978798451 32.751694982109555
-17.249887999079707 32.75190196296527
-17.249898985194918 32.751939997582561
-17.249926015341568 32.751968968782592
-17.249940035354129 32.751994005841986
-17.249945987452971 32.752016012465532
-17.249968996863274 32.752040988362111
-17.250049033472802 32.752182999032698
-17.250067001419019 32.752247968993423
-17.250232973587753 32.752526987361918
-17.250275990624807 32.752693019512542
-17.250445013651202 32.752892990733486
-17.250561000910572 32.753107962558957
-17.25057200023419 32.753147962435996
-17.250591961348103 32.753171980038474
-17.250700982170343 32.753390974696018
-17.250728020061135 32.753498993676125
-17.25073797452648 32.753511995302851
-17.251008988584971 32.753694991488764
-17.251294991367033 32.753827013837949
-17.251523027552178 32.753966983987013
-17.252058021648747 32.754347995315719
-17.252261980235222 32.754445005905083
-17.252481992127557 32.754594995394903
-17.253771025296516 32.755551983727813
-17.253860037255716 32.755661003397414
-17.253965997935982 32.755718019479716
-17.25403102424897 32.75577796753209
-17.254068021879519 32.755796965559995
-17.254262996026476 32.755963000453114
-17.254363976333241 32.756087018261525
-17.255804988805277 32.757427004353971
-17.25597398064096 32.757609021715766
-17.25610898364755 32.757798009200293
-17.256383024267553 32.758061964536047
-17.256544968598991 32.75824797107915
-17.25681297600585 32.758639992189032
-17.257144012212031 32.758976960162101
-17.257211963070212 32.759063975029399
-17.257764976298581 32.759923967948346
-17.257921974661752 32.760076973856229
-17.258083002705629 32.760262967060378
-17.258252989539773 32.760511969843108
-17.258326038366725 32.760585997251937
-17.258482975730097 32.76077398302963
-17.258529986757058 32.760843013138114
-17.25870598342831 32.760960017902654
-17.260156973299974 32.762267977689142
-17.260274004772317 32.762385967601865
-17.26324298367879 32.766416986920234
-17.264510994357735 32.769779996957233
-17.26451698277047 32.769804974980048
-17.264915015201439 32.772800970351383
-17.264911984566456 32.772813968619225
-17.264914984583786 32.772825023380392
-17.264871994925382 32.77303401699546
-17.264919009194344 32.773226962214217
-17.264918978938894 32.773251016075719
-17.264807005315376 32.773751991922815
-17.264955011548771 32.774672965233201
-17.264810003217374 32.775365983616638
-17.264715005790887 32.777098984831326
-17.264677019422582 32.777376994979385
-17.26444203094935 32.778179001251708
-17.264334032842999 32.779102987504977
-17.264319996116832 32.779154979364719
-17.264297995769279 32.779216974073911
-17.264213984381172 32.780055016081882
-17.264197023837809 32.780128980324683
-17.264158017691603 32.7802429989679
-17.264260977052569 32.78041197882861
-17.264991029041393 32.782042005726943
-17.265009980448951 32.782091993439025
-17.265011971235563 32.782103005294985
-17.265027001399584 32.782135960450809
-17.265110006320445 32.782358002628634
-17.26511401990097 32.782377989945694
-17.265135006448759 32.782425014932755
-17.26520101886593 32.782602007250091
-17.265254977637177 32.782885022733552
-17.266015980850916 32.78471599456541
-17.266112988053081 32.785017968718776
-17.266566021400379 32.78770397999925
-17.26675197426151 32.788356980864442
-17.266760005740149 32.788473976818274
-17.266749996506451 32.788529961832509
-17.267996987277971 32.790492021396197
-17.268460971074102 32.79226196934966
-17.268501969217962 32.792290993234907
-17.268709029399403 32.792528004620252
-17.269294009854303 32.792898989047991
-17.26929798478016 32.792904966899584
-17.270049981369308 32.793202984653945
-17.270149985014662 32.79324801228146
-17.270199009749948 32.793267967140373
-17.270479983862408 32.793398015382621
-17.2711869692357 32.79383399707163
-17.27189402495166 32.794153968407009
-17.272094019544635 32.794238953547215
-17.272239997817699 32.794313000006866
-17.272763018253155 32.794550992998488
-17.27299802502969 32.794690972618888
-17.273482002795731 32.795027007707915
-17.273694032189592 32.795124997655265
-17.273766993928326 32.795171007433659
-17.275385007358814 32.796313986718097
-17.275597019950339 32.796426953910178
-17.275648968567328 32.796466995913796
-17.27571197764588 32.79653997782178
-17.275875021435368 32.79664800961276
-17.275970012623638 32.796761002489667
-17.276110960020404 32.796836973335338
-17.276302002342486 32.796995985408827
-17.276333026738495 32.797033968915407
-17.276715982341827 32.797369975534281
-17.276760969435355 32.797393992702048
-17.276983022478632 32.797594988510227
-17.277043013840082 32.797626969034432
-17.277118995563036 32.797691007115233
-17.27719002408795 32.797779980729175
-17.278170023810414 32.798660004386257
-17.27836098113535 32.798850005325178
-17.278557982254473 32.799116993405526
-17.279097018274769 32.799629961721671
-17.279261004186647 32.799814005420167
-17.279345019661765 32.799934958490461
-17.279436023794712 32.800023002419721
-17.279511966987389 32.800106979984783
-17.279530982625619 32.800126994547405
-17.279581026514471 32.800184991817545
-17.279602005581811 32.800208988395141
-17.279606988060824 32.800215963747753
-17.279720994555603 32.800352013781399
-17.279789992520051 32.800453970294519
-17.279938985416038 32.800599976262923
-17.28013002298848 32.800827001361192
-17.280179993906213 32.800901965249388
-17.280246997857798 32.800968985057956
-17.280422007016831 32.801181982343337
-17.280679022848062 32.801571988505678
-17.280918989320426 32.801820007776882
-17.28107501290361 32.802030998747995
-17.281498984146051 32.802706978515957
-17.281686010292699 32.80291496930262
-17.281804021210924 32.803096007397215
-17.282535020312647 32.804354001864795
-17.282645981056902 32.804777986435184
-17.282825023603781 32.804993004276611
-17.282870995029498 32.805102987225133
-17.282917001615608 32.805160991188849
-17.283013987933 32.805368999719008
-17.283075990903633 32.805498020165182
-17.283081992363048 32.805522994454435
-17.283111003681299 32.805590006013425
-17.283127970825905 32.805616985476945
-17.283143009457167 32.805631978115592
-17.283296982399957 32.805868010812475
-17.284107996445091 32.807247011255122
-17.284137026677186 32.807359004328646
-17.284211017200338 32.807449973615
-17.28432698175088 32.807679977330366
-17.284370992113345 32.807855010383548
-17.285393998650989 32.810460967073787
-17.285431007536108 32.810594989536064
-17.285885011697378 32.813678000073388
-17.28592302774107 32.813823999136545
-17.285932013482853 32.814073991595826
-17.285917015343472 32.814148006158419
-17.285936996731923 32.814224997326676
-17.285738991360546 32.816971979536305
-17.285717025925589 32.817099003164941
-17.284573980971576 32.820766987748947
-17.284526030756407 32.820831006056402
-17.284511972792092 32.820896969491812
-17.284483021425878 32.820946999982361
-17.284476009915529 32.820975978337181
-17.284414000524475 32.821105960304926
-17.284300022705246 32.821253961099693
-17.282861000858812 32.823678977390742
-17.282714016120416 32.823877972081206
-17.282125986161457 32.824515984356289
-17.281815009943955 32.824992963473612
-17.281699013832757 32.825122973304907
-17.280101971995173 32.82672097213382
-17.280031985810844 32.826762988707237
-17.280009017269883 32.82679301111083
-17.27924797475205 32.827383999956695
-17.279145981097901 32.827509990958362
-17.279051997514685 32.827580977538723
-17.278849008342373 32.827692975878755
-17.278152031463893 32.828233999809648
-17.277907973221559 32.82839998445764
-17.276774028883253 32.828982005607621
-17.275719025457757 32.829695980933096
-17.275430032269696 32.829842989522035
-17.274483992363749 32.830258986282495
-17.274279005050161 32.830386987537217
-17.274029040136579 32.830498003115856
-17.273853966301576 32.830534988448427
-17.273560978370718 32.830664025234206
-17.273406018491031 32.830756959694597
-17.27324601957698 32.830820978273564
-17.273089025216834 32.830886983446945
-17.272760024035453 32.830952978114972
-17.272452011721235 32.831134965142141
-17.272229030949752 32.831217983525775
-17.272207009608259 32.831223006748218
-17.272187975798367 32.831234019036486
-17.27090096254145 32.831525975074278
-17.27066900654799 32.831661010364272
-17.270253001639581 32.831783978075286
-17.270112023700751 32.831862995792058
-17.270062970747546 32.83187699091814
-17.270061003502107 32.831878977939134
-17.26981197262981 32.832072973925847
-17.269597034683546 32.832189987505728
-17.269589017987613 32.832196963683529
-17.26955798591014 32.832224008972673
-17.269545987505321 32.832230975234111
-17.269392025848905 32.832349004683138
-17.269369019437068 32.832377006509674
-17.269218012728381 32.832493993734296
-17.269193997881306 32.832526008774728
-17.268956014054382 32.832717986869447
-17.268774981117723 32.832820001763707
-17.26873898975245 32.832844000209683
-17.268666032224164 32.832936988054328
-17.268640021852146 32.832957992382781
-17.268622979321272 32.832980969810947
-17.268506013927723 32.833070985578765
-17.268218963783266 32.83330798337871
-17.268002001367826 32.833433975891637
-17.267850003226172 32.833550015766853
-17.267679022708784 32.833775968671752
-17.267453995269257 32.833952979875995
-17.267408026060199 32.834012965073356
-17.267174021070172 32.834203992886955
-17.267048998870052 32.834275995996101
-17.266182992948 32.834964019202623
-17.26592302838678 32.835149002332145
-17.265834970455888 32.835195986739656
-17.265505996831216 32.835460967554262
-17.265261961685059 32.8356409787663
-17.264887004168862 32.835843998041106
-17.264853026814659 32.835864979680622
-17.264769034204367 32.835906995766706
-17.264481027326887 32.836060989062155
-17.264162979280147 32.836307996547539
-17.263959983678305 32.836470007552208
-17.263956974568078 32.836473989696046
-17.263919972335867 32.836502000298175
-17.263827999147136 32.836575976460885
-17.263764028161891 32.83662200662512
-17.26372802012823 32.836791996024793
-17.263234990530886 32.837644014951266
-17.26317597256104 32.837874996360078
-17.263131031878345 32.837953986237125
-17.262874998896859 32.838265999257978
-17.262719975776179 32.838533970733771
-17.262692001715234 32.83864996588386
-17.262542031627319 32.83892799327328
-17.262364990573552 32.839146990155839
-17.262287991640534 32.839278995814325
-17.26227099650481 32.839304999760785
-17.261916001110912 32.839967000378117
-17.261767992214633 32.840205992650972
-17.26173601925402 32.840244961186038
-17.261677987177475 32.840348019612435
-17.261505005872404 32.840601006532083
-17.261223993675841 32.840916984158483
-17.260822972338804 32.841580983927592
-17.260649968988446 32.841804980316368
-17.260204983825876 32.842279011393174
-17.259982997906345 32.842621971943871
-17.259776976302465 32.842857993740616
-17.258645978676775 32.843993971747715
-17.258536979061681 32.844145020606121
-17.258338025395147 32.844330986248394
-17.258271023270801 32.844369960453868
-17.258119973862293 32.844522012344683
-17.258014992177809 32.844585003100825
-17.257920986704157 32.844710015243109
-17.256494969904377 32.845848000887095
-17.256244990939571 32.846027977684216
-17.255754965726396 32.846286992045329
-17.254854010946222 32.846943986172079
-17.254692979699772 32.847040976133442
-17.251187010858551 32.848721012324773
-17.251125024043674 32.848730973672943
-17.251084979984423 32.848754017944117
-17.250750967274666 32.848865976963175
-17.250702027533155 32.848894003203711
-17.25068602979206 32.848898991174501
-17.250284022794389 32.849191970454399
-17.250044984668801 32.849338982882649
-17.250043993164223 32.84933899292006
-17.250042011796737 32.849339014382053
-17.250010008077673 32.84935996991662
-17.249995960492129 32.849366974162258
-17.249795007924522 32.849480992209926
-17.249733971174379 32.849508971353004
-17.249624989209902 32.84958697652695
-17.249356978930614 32.849740991205707
-17.248175031181685 32.850294001820608
-17.247722996715492 32.850586991019156
-17.247538993952517 32.850671020739497
-17.246855994194984 32.850956007371437
-17.246201982861244 32.851477021410744
-17.246044987563579 32.851590987071276
-17.244408984050175 32.852459015371842
-17.243912986269631 32.852782983241589
-17.243834010516508 32.852901975843999
-17.243665023534707 32.853082969754972
-17.242343022970811 32.854373990555608
-17.242194020166679 32.854462010843449
-17.242134980501508 32.854540008492492
-17.241734964806188 32.85484698938977
-17.241647978747018 32.854956007532849
-17.24143999775492 32.85512200396365
-17.241212985479709 32.855250978045468
-17.240903036664015 32.85548800543225
-17.240865980863965 32.855524967942664
-17.240801027100183 32.855623001388444
-17.240670971934417 32.855765007592026
-17.239406002920447 32.857004961264124
-17.239379987931827 32.857042000933696
-17.239156989419723 32.857239991716753
-17.238980005304054 32.857346985233221
-17.238864986166799 32.857508998638927
-17.23873799368431 32.857635012898434
-17.238560028065613 32.857748992571914
-17.238525024490325 32.857778989592603
-17.238521022440107 32.857782981646075
-17.238472993338284 32.857821989153187
-17.238414990034791 32.8578709656787
-17.238409005787162 32.857874977237891
-17.238019975721009 32.85830199771646
-17.237965024315628 32.858333974730058
-17.237893972445661 32.858428000022762
-17.236591029437076 32.859474988762493
-17.236371037743208 32.859636000798162
-17.23598696943829 32.859841990390493
-17.235972975203165 32.859864008988019
-17.235795001674418 32.860094965811079
-17.235393030419861 32.860522003609113
-17.235193022977839 32.860829977898391
-17.234987019444109 32.861067995113878
-17.234302036703575 32.86175900331267
-17.234164026313454 32.861952985891676
-17.233945024289437 32.862175005710753
-17.233792970816076 32.862270995930785
-17.233300022089132 32.862765972135094
-17.233149032404722 32.862855007833062
-17.233001996833135 32.863048996304812
-17.232496970435896 32.863438978989556
-17.232408014295402 32.863550982387132
-17.232330001502341 32.863612986521908
-17.232116999451893 32.863732016743057
-17.231871963649745 32.863920977071118
-17.231313031007087 32.864568983826203
-17.230086983813468 32.866376980662444
-17.230042971680263 32.866424990833302
-17.229492000889486 32.866957990980481
-17.229423013438883 32.867053986370813
-17.229217988993515 32.867253022059458
-17.22913597723241 32.867303978755892
-17.228797981509199 32.867630987600116
-17.228451017132091 32.867834978524577
-17.228181969978682 32.868179998148257
-17.227973967121081 32.868352993844361
-17.227849995708116 32.868422982902722
-17.227551025690595 32.86866296514215
-17.227483998384258 32.868744985115583
-17.22724602104666 32.868929998010586
-17.227153001497875 32.868980980545366
-17.226778987550965 32.869281017652106
-17.226565984931881 32.869435998702848
-17.225249022064169 32.870134978059347
-17.223718022709971 32.871158997286742
-17.223441974192802 32.87129697426198
-17.221332969947809 32.872208987876107
-17.221253989292336 32.872223975315634
-17.22123699042028 32.872255992605702
-17.221222987650709 32.872278964165609
-17.221132019004049 32.872384001136645
-17.22097201750465 32.872661988179345
-17.220856021665838 32.87282898085865
-17.220813984968665 32.872876965414392
-17.220761967278424 32.872965996585762
-17.22061001933713 32.873178004890846
-17.220450983897283 32.87340397139856
-17.220301009763133 32.87356901528419
-17.219861019274148 32.874291008796312
-17.219698988679369 32.874498995757975
-17.219187989910782 32.875040991599953
-17.218958022633434 32.875389966527685
-17.218794011617263 32.875575004596513
-17.218619015881401 32.87574699811401
-17.217967997655201 32.876675986924987
-17.217928011408855 32.876717961905335
-17.217455001035656 32.877016967081026
-17.217443021299214 32.877030955787809
-17.217068980157968 32.877523973258135
-17.217052012518042 32.877535996078052
-17.217028997138662 32.877564993398998
-17.216847017363868 32.877701992695982
-17.216823007251008 32.877736011519325
-17.216791986468127 32.877767977385147
-17.216785969181167 32.877769970155917
-17.216658012759272 32.877952964770266
-17.216484017690231 32.878130009083506
-17.216261009687265 32.878271009495904
-17.215729013762854 32.87883096250507
-17.215704972874445 32.878845008207755
-17.21563800152601 32.87893397583165
-17.215442002430088 32.879108977989524
-17.214961977857641 32.879393982013234
-17.214671014008996 32.879759956102134
-17.214471988350436 32.879919015802727
-17.214353978500203 32.879984976685662
-17.214293997203615 32.880057987336407
-17.214092008686375 32.880214985956371
-17.213997021073183 32.880267993817426
-17.213982034652581 32.880279995363665
-17.213956994690236 32.880300017415351
-17.213914980491197 32.880350972727932
-17.213697976749941 32.880516998497086
-17.21360401091934 32.88056795795157
-17.213280977772222 32.880824008391748
-17.213052997515764 32.880988019633442
-17.213020003643191 32.881004969531944
-17.211809986959889 32.881919011371501
-17.211766985136212 32.881947009438072
-17.210149977160956 32.882753020153828
-17.209280026459613 32.883315966305858
-17.20904099676579 32.883426019079536
-17.207454971096922 32.884087996854035
-17.207254020025278 32.88412499500842
-17.207170978085951 32.884173978277317
-17.20710097240401 32.884195999368387
-17.206756990834474 32.88442298526374
-17.206464978421764 32.884565024237119
-17.206462013192816 32.884567974740094
-17.206461022610348 32.884567984852524
-17.206168989556595 32.884709969215052
-17.206152023604162 32.884716977841514
-17.20614598870802 32.88472201699777
-17.205890964854081 32.884845983662288
-17.204569983600837 32.885408013384705
-17.20445703537894 32.885475006538805
-17.204195021890218 32.88557901185947
-17.204139018836887 32.885591960979788
-17.20397697906261 32.885659970768849
-17.20385200904585 32.885685012625437
-17.203714963519495 32.885763975024723
-17.201332024009645 32.886497960662403
-17.201043014953136 32.886568002496141
-17.200717977031566 32.886611970281649
-17.200184999100806 32.886763984108008
-17.199902012613268 32.886822962341995
-17.199469015794467 32.886870981840772
-17.199048035105466 32.886982007150458
-17.198766979326816 32.887030002464208
-17.195323008496032 32.887345016546746
-17.194865027750055 32.8872760001858
-17.19449698483562 32.887341966857996
-17.194433975439829 32.88734301219138
-17.194418994727602 32.88734498729886
-17.194282001834278 32.887341006699792
-17.194190012851944 32.887339970220147
-17.194177982698815 32.887337985034371
-17.194067979798088 32.887338017465851
-17.194015027970483 32.887326988070626
-17.193948035953117 32.887340007759455
-17.193664986486276 32.887335997103804
-17.193358981899284 32.887285024861008
-17.19132301935273 32.887188010708741
-17.191005016858345 32.887150006326166
-17.190482995146304 32.887038015310189
-17.190410020267517 32.887033985643193
-17.190372039153448 32.887031003166761
-17.190330997631964 32.887028972293905
-17.190212993145032 32.887014965884916
-17.190081003567553 32.887001968125823
-17.190057007645958 32.886997976692882
-17.190016006344202 32.886991997232791
-17.189790979605426 32.886943986661016
-17.189635992126629 32.886938019606454
-17.189300013237538 32.886906970855051
-17.189286992753118 32.886904994887601
-17.189262033293463 32.886903987564786
-17.189224036853428 32.886899996450225
-17.189188982583293 32.886898011602398
-17.189066023095936 32.886879997482438
-17.188975999176623 32.886869994434335
-17.188858001809081 32.886862962661198
-17.188518004582285 32.88682600256017
-17.188385982341 32.886798995717072
-17.188178040511712 32.886787004105166
-17.188019990417789 32.8867699974831
-17.187869030521941 32.886751979445286
-17.187588003534842 32.886691969676264
-17.187184966035673 32.886666970299373
-17.18688899116043 32.886626995457078
-17.186510973716295 32.886538982559493
-17.186488992254706 32.886536988825618
-17.186194016284201 32.88650397787552
-17.186193024369011 32.886503987221438
-17.186186994121844 32.886504013670042
-17.186170980312802 32.886502013822863
-17.186029979613394 32.886490976523419
-17.185649012524308 32.886422963496742
-17.185386010373076 32.886376013048071
-17.185171991098226 32.886320991761586
-17.184696988340185 32.886285013495943
-17.184377981736272 32.886227019784592
-17.184204030300862 32.88618297994217
-17.184089992721191 32.88617298152927
-17.183765010057868 32.886108970919928
-17.182636001347298 32.885816007844724
-17.182305983037143 32.885775984460096
-17.182032999440494 32.885703974951419
-17.181986021602064 32.885679987399392
-17.181910001366056 32.885669978250952
-17.181578001180892 32.885582017776471
-17.181405976515993 32.885496994288438
-17.18118697612746 32.885439993821151
-17.180970005471487 32.885409976466676
-17.180648993657069 32.885314004658234
-17.180572004078428 32.885271968001305
-17.180470998707939 32.885257974331473
-17.180465000878979 32.885255961663425
-17.18045500607894 32.885251970370739
-17.180443968704122 32.885249973925653
-17.180129999877774 32.885154017549389
-17.180085005581844 32.885130009771231
-17.180076014330762 32.885127973462083
-17.179855008650303 32.885063958179003
-17.179627011746721 32.885001995837882
-17.179591000343024 32.884997980102803
-17.179404030336485 32.884944975882512
-17.179327035359517 32.884923995667251
-17.179301027516857 32.884918003059866
-17.179289995749482 32.884922983095649
-17.17878001993083 32.885222012688878
-17.176442999966742 32.88594399322939
-17.176415985923178 32.885948989216409
-17.175880968001444 32.886018994795982
-17.173061974443716 32.887682004333406
-17.16552100892989 32.889081986661843
-17.162067974042017 32.888886995188358
-16.900604962478212 32.854220977464777
-16.896459010942447 32.853269998857002
-16.896435993495128 32.853256992752797
-16.895487997554532 32.852889996984551
-16.895337986635685 32.852862996153007
-16.684631012700248 32.7696489667401
-16.373623984754683 32.980941979753325
-16.374572973101852 32.980771012576639
-16.376831001044209 32.98011001861579
-16.376859021363625 32.980102957665849
-16.380989967984505 32.979621977754661
-16.381186995485304 32.979585961340078
-16.381250986596172 32.979589973957026
-16.38174101684719 32.979532977832989
-16.383519985447023 32.979581022892049
-16.383554977623476 32.979582989474416
-16.384222024508052 32.979714966545963
-16.385692988680542 32.979820963411996
-16.385723973043646 32.979826991848768
-16.389411028216955 32.98072898787121
-16.390949976057179 32.981570021495479
-16.393700011513758 32.982202976223611
-16.395473969377331 32.982883996891879
-16.395542983240958 32.982914993464824
-16.400254998691288 32.985779997233728
-16.402803005400635 32.988904013273903
-16.405243995512702 32.990167962206947
-16.405279009974837 32.990193004995746
-16.405541020731985 32.990498955813209
-16.40596396851641 32.990727993673389
-16.405973995384585 32.990741994833236
-16.405997984617947 32.990755003975934
-16.408611026217322 32.993957004868292
-16.409027989000755 32.994335007300812
-16.409104008411195 32.994412983085446
-16.410123979808048 32.995811018671844
-16.41037998255069 32.99612401024585
-16.410398988580539 32.996188984850868
-16.410438035684656 32.996240008514874
-16.41114001131351 32.996980997441938
-16.411160990035398 32.997008005538248
-16.411853025641687 32.998131966527076
-16.412043984733291 32.998353022352099
-16.412167987383757 32.998564014249318
-16.412211016963742 32.99871197282679
-16.412488030507276 32.999161996526382
-16.412514013983408 32.999267956307577
-16.4126230266669 32.999401991342296
-16.412626019146703 32.999410969197925
-16.412632997813589 32.999419995719897
-16.426625029072955 33.026924985496365
-16.427071006919416 33.027446984452965
-16.427137007635256 33.02756100283456
-16.427192027864077 33.027758971142937
-16.427413013316524 33.028081009740006
-16.427425995685194 33.028131016668972
-16.427479001668079 33.028195983742769
-16.4280000344245 33.029844987810208
-16.428287991662355 33.030224987948543
-16.428297973135191 33.030265007951456
-16.42835702516361 33.030336961399037
-16.429720027685722 33.03428998332636
-16.429725003193965 33.034316990807909
-16.429780992555777 33.034856988944306
-16.429826008868705 33.034993994532151
-16.429829978677326 33.035018984351233
-16.429916030825332 33.036032995475033
-16.429954031061904 33.036171995791207
-16.429960024383284 33.03627999292695
-16.429944022185193 33.036363967312816
-16.429992978592239 33.036942982645513
-16.429961967836217 33.037197998965432
-16.430260997642367 33.038088978615683
-16.430264982615142 33.038115988089935
-16.430467974798919 33.04028098804941
-16.430460971697514 33.040309998279987
-16.430467985478479 33.040334964179529
-16.43046099339508 33.04041199808983
-16.430469025397347 33.040441001155898
-16.430469976905233 33.040497014500467
-16.430444977144312 33.040607981779601
-16.430258983438428 33.042801983216187
-16.430217984805704 33.043436012633535
-16.430203037153813 33.043537999400684
-16.42965303236166 33.045351989443994
-16.429466019067792 33.046446005071225
-16.429411989255826 33.046594997390429
-16.428887017043191 33.047847958238002
-16.42735499213136 33.050415999865315
-16.427341002102338 33.050435985223984
-16.42715802684484 33.050635005867449
-16.388152985446464 33.111990009890846
-16.388001013732381 33.112166004132689
-16.387957994486534 33.112240997860582
-16.387943989215749 33.112260976418433
-16.386995977476492 33.113321979529694
-16.384874995100343 33.115760984932017
-16.384750979278792 33.115831995029559
-16.383013030806648 33.117151987518341
-16.38299099443757 33.117165988161304
-16.382218022739544 33.117556010785009
-16.381337996481978 33.118158964731343
-16.381312992050798 33.118172011813051
-16.380848982578314 33.118378021378852
-16.380631033035385 33.118523005809266
-16.380553982504665 33.118560021419526
-16.378612005418617 33.119383960535878
-16.37849301738698 33.119452971419243
-16.376958009321871 33.119944965593447
-16.291718988539834 33.143922976242536
-16.289086022569094 33.14429500504761
-16.287002983207209 33.144729018275285
-16.286947970819554 33.144731978663188
-16.286458018636083 33.144668974592044
-16.285676021073606 33.144780987299136
-16.285657987231478 33.144776985207422
-16.285631017876227 33.14478196273393
-16.280643015440354 33.144298964463786
-16.280554996737813 33.144281993575113
-16.277927019376065 33.143570983208903
-16.277882981894912 33.143546978896161
-16.277857993963504 33.143542973843729
-16.277590012245817 33.143387999192363
-16.277318978686115 33.14323899269661
-16.276728014207478 33.143127994266386
-16.276658990080964 33.14309998471078
-16.271365018916651 33.139987998597192
-16.271279003661945 33.139882979402785
-16.271210978136466 33.139846993571354
-16.270954968412006 33.139504974701921
-16.270518988617077 33.139249974060419
-16.270366017925863 33.139106982788903
-16.26896897847012 33.137276970703724
-16.268522993973196 33.136833001890871
-16.268453980142905 33.136747998884118
-16.267730984048015 33.135653023234852
-16.266830008250047 33.13447100871543
-16.266793978368423 33.134324984561097
-16.266747991270343 33.134268963117485
-16.266629982552214 33.133981972655292
-16.266504016845349 33.13379199944076
-16.266499026024324 33.133771007710692
-16.266477983088766 33.133743989481076
-16.266276023614164 33.133288961240794
-16.266132996463959 33.133065009496242
-16.266092977884636 33.132906973971373
-16.266023990843372 33.13282202095165
-16.265962036456305 33.13259500084591
-16.265830984940429 33.132429984995575
-16.265820024412637 33.132406970719956
-16.265813981188082 33.132383021771474
-16.265793996443431 33.132355985266585
-16.265695010733921 33.132132960650033
-16.265044004603595 33.129212970339836
-16.26443900542257 33.126987016420088
-16.264436030547593 33.126937999428108
-16.264482002576603 33.126708980844093
-16.264421021848811 33.126445979533337
-16.264425972091072 33.126425999778512
-16.264417983851779 33.126396981412022
-16.264504020503669 33.124631953893022
-16.264530012416326 33.124402010067385
-16.264550994426571 33.124330005523476
-16.264560970081316 33.124137983734528
-16.264565000190899 33.124116018259443
-16.264829027734855 33.123223975834641
-16.264879998777207 33.122725963345658
-16.264885008089017 33.122700968859164
-16.26499996509915 33.122367980885258
-16.259403972941296 33.061182994154301
-16.259367027127706 33.061081978848193
-16.259342983972733 33.061053005947464
-16.25928100563404 33.060936994413517
-16.259238989935984 33.060884964553978
-16.259236013285367 33.060871995504947
-16.259227989590904 33.060862975296821
-16.259202983488489 33.060782002850509
-16.259188009999981 33.060755015215925
-16.259177970000291 33.060716975096184
-16.259166967305848 33.060689989545672
-16.259122969214193 33.060633972347219
-16.259103991294928 33.060555004243426
-16.259033025652169 33.06046297696863
-16.259022025470475 33.060440987658339
-16.258950970036548 33.060136985160824
-16.258865030117239 33.059918988712369
-16.258716027021773 33.059722001092616
-16.258705005606977 33.059694961492518
-16.258624977857018 33.059306022777804
-16.258162967465054 33.058128988294783
-16.258156001655166 33.058106981110662
-16.257976021396658 33.056880009717879
-16.257751999079918 33.056167013888938
-16.257749001053625 33.056140012726281
-16.257643006700977 33.054715963690867
-16.257521975638902 33.054259999925506
-16.257525013721317 33.054246004898943
-16.257523009095575 33.054236967597014
-16.257566033890853 33.054039991615667
-16.25752301757197 33.053857990129188
-16.257522999464573 33.053835986260559
-16.257684007847793 33.053150975061691
-16.257677967555896 33.053127978101607
-16.257733994714759 33.052802966835877
-16.257719987478477 33.052737977000518
-16.257722025147682 33.052712978837668
-16.257805002171949 33.05239400243304
-16.258166018816457 33.050297955553056
-16.258261964796837 33.049593979002033
-16.258271023489037 33.049566999305505
-16.258310990825894 33.04946200636428
-16.258321984408916 33.049391975023546
-16.258327993105929 33.049354010869543
-16.258331023916526 33.049346977535102
-16.258566026050914 33.047982989817953
-16.258576000664753 33.047952998857347
-16.258819007119946 33.047375975829176
-16.258833986724564 33.047301004210574
-16.258855000528911 33.047252007006215
-16.258894006073557 33.04719899345438
-16.259108008005708 33.046691976735502
-16.259122028332854 33.046673980530514
-16.259128024228289 33.04664196850203
-16.262203970223609 33.042258984749871
-16.262224018066426 33.042239005823582
-16.262579008864343 33.041903984676907
-16.262590986095795 33.041892012650123
-16.262593025745218 33.041889974486708
-16.263369015739769 33.041160967658541
-16.263499007858652 33.041085003320283
-16.263608029056083 33.040943990474709
-16.264042991108585 33.040655991675578
-16.264152018049355 33.040520985296844
-16.264176023571352 33.040502973953146
-16.264205990876935 33.040486985234509
-16.264221993983067 33.040468989752313
-16.264301023796421 33.04040696754015
-16.264907015419801 33.040078956479327
-16.267561984748912 33.038305991652592
-16.267586000426242 33.03829499552743
-16.27001300992389 33.037246966102281
-16.272441979999837 33.036524973643047
-16.272498026598182 33.03651098845495
-16.273117030735449 33.036434985845695
-16.370532968344289 32.98234599566176
-16.373622992786284 32.980941980743417
-16.373623984754683 32.980941979753325
-15.850466998853433 30.122123959800902
-15.850708017601244 30.122090995261889
-15.852850983149892 30.121557969006027
-15.852890017621386 30.121553957463117
-15.85418200594895 30.12146000768735
-15.854263006707409 30.121440977764227
-15.854286985977804 30.121440985095827
-15.854827985037414 30.121414993943905
-15.855754003741863 30.121347988842182
-15.855921006359953 30.121355974885081
-15.856705027770632 30.121262989593927
-15.85714797752574 30.121155989652458
-15.857201007255016 30.12115101577642
-15.858171023372982 30.121087993193758
-15.858359974894659 30.121067010250773
-15.859057013041292 30.120909008468178
-15.859085000727321 30.120906015553647
-15.861059965980321 30.12080297710289
-15.861857015741498 30.120935955943885
-15.867878022295164 30.119853961634529
-15.867888010447976 30.119855998499343
-15.867892977404701 30.119855982454965
-15.868606979971368 30.11997296462695
-15.86920100003568 30.119886005468075
-15.869215996438163 30.119884976930425
-15.875261024078068 30.12107896768994
-15.875580985072594 30.121261991733533
-15.877874029078944 30.122246009260149
-15.877937007574085 30.122277002716412
-15.879181994088675 30.123107963255041
-15.880153024566606 30.123602963028709
-15.880175024166169 30.123617969497815
-15.881524018056778 30.124656004379176
-15.881529021218594 30.124658001442839
-15.881534029098104 30.124662973157413
-15.881691979268835 30.124785988118155
-15.881836973097473 30.124967992544974
-15.881870006212941 30.12500096897832
-15.881983975625866 30.125068009991232
-15.882033037066371 30.125115003102923
-15.882195988792883 30.125330978329462
-15.882341001099757 30.125476007280596
-15.883710972005449 30.126048980234529
-15.883734991975595 30.126062004952757
-15.887125015191016 30.128283985969681
-15.887865971521364 30.128705978330309
-15.887881009243905 30.128726008777601
-15.887892996563339 30.128732974310459
-15.887915002775962 30.128758990196797
-15.888086010516554 30.128861967603054
-15.888094020554826 30.128870970840335
-15.888104014606366 30.128875980022642
-15.88831201892379 30.129085979393899
-15.888408993460294 30.129143993385853
-15.888425997208062 30.129159976417061
-15.88856897164575 30.129345978420432
-15.888576983071994 30.129354982157441
-15.888596001378028 30.129366008655786
-15.888621971891046 30.129391001608749
-15.888648009683129 30.129426988954652
-15.890177004209054 30.130971005396301
-15.890228014741425 30.131033955025437
-15.892371028748975 30.134330992869696
-15.892374979666958 30.134348964982077
-15.892384975745939 30.134362010034813
-15.892430002206945 30.134575958939763
-15.892575032801135 30.13476699013529
-15.892589029096854 30.134799004296767
-15.892909998246752 30.136248990718045
-15.893108003673856 30.136773959298232
-15.893124974445193 30.136836980701105
-15.893266989155684 30.137852965320921
-15.89354498304473 30.138706008081559
-15.893548971036127 30.138725993782042
-15.893611989888855 30.13941901995732
-15.89384099022023 30.140452999679088
-15.894318014552615 30.140559993254822
-15.894331997163532 30.140567008497218
-15.894344964645271 30.14056897311416
-15.894465031315416 30.140639989951236
-15.894610013213189 30.140663989010839
-15.894636998427396 30.140674982041531
-15.90061602601199 30.144148980436281
-15.900625032037619 30.144160003555172
-15.900634985568507 30.144166988276382
-15.900761010058002 30.144325969108365
-15.900936971867095 30.144430999834494
-15.90095701305248 30.144448977360874
-15.904852999117294 30.149558996582073
-15.906135006361776 30.15343901052066
-15.906138979551399 30.153464000819
-15.906380018826296 30.155968962061849
-15.905836998495666 30.160046990850326
-15.905831999150449 30.160062972854693
-15.904969013880832 30.162391958927341
-15.903604972088109 30.164758993629597
-15.903594964816509 30.164772980404372
-15.901977017567649 30.166583965059427
-15.901969003191974 30.166598002399315
-15.901941028233612 30.166628981463628
-15.901860019494666 30.166713000057641
-15.900839990850143 30.167854973099452
-15.900479026742092 30.168144006821979
-15.89998999323652 30.168647993604822
-15.899779021726639 30.168777992630041
-15.899721018874589 30.168855990301871
-15.896437024185584 30.171176986002923
-15.896406025773949 30.171195008843359
-15.893482985510468 30.172537011103536
-15.890520979292646 30.173389989305811
-15.890469007806278 30.173399002492459
-15.88885098399318 30.173572001200679
-15.884940024162676 30.175698999722925
-15.884037020510105 30.176210989834576
-15.884024021442201 30.176212960378116
-15.88401902388445 30.176215009698524
-15.883247012504198 30.176352957258203
-15.882701984977695 30.176649996321913
-15.882682974076706 30.176657001410923
-15.879763989569765 30.177082991231639
-15.878792976329935 30.177321970327608
-15.87878197078018 30.177323992237561
-15.877537015992345 30.17740895505678
-15.876669977969625 30.177536968512022
-15.876369017968338 30.177491977306481
-15.876040031558812 30.177513983636871
-15.875686976829606 30.177454993970603
-15.875647009058156 30.17746000724274
-15.869503992961235 30.176628002730364
-15.86949302390828 30.176624
-15.86898198976694 30.176353965319471
-15.868275016975057 30.176236965548778
-15.868270966963555 30.176234976320671
-15.868263998065709 30.176231965917001
-15.86643399651293 30.175297008644343
-15.865665032744564 30.174954986692509
-15.865633985549925 30.174939020905562
-15.865362018078395 30.174750992611017
-15.86488800259762 30.174530990902134
-15.864859020795755 30.174512972293254
-15.864758008902365 30.174440015065642
-15.863413977995172 30.173754013222727
-15.863393989070348 30.173739999496547
-15.861972979765939 30.172637015139006
-15.861282021500351 30.171865995995184
-15.860657023354356 30.171762006821979
-15.860581966388061 30.171732982548196
-15.859938000487782 30.171709964646958
-15.859852016576365 30.171700972420304
-15.85888398585921 30.171497984323612
-15.857257988911883 30.171343984887017
-15.857207004416853 30.171332975046514
-15.854290980404858 30.170532983839355
-15.854262023812003 30.17051799024404
-15.854244972680874 30.170514991451316
-15.853804014533875 30.170262978298485
-15.853656983263852 30.170192022443018
-15.853140030744454 30.170089000615427
-15.853093992882654 30.170071969907656
-15.851761005431626 30.169254979275166
-15.8498070177081 30.168289965249667
-15.849794022279152 30.168281989654261
-15.849781997564897 30.168273006220385
-15.849678971866803 30.168221001811109
-15.849611019929966 30.168176964140141
-15.847766987850681 30.166784977754219
-15.846940979688183 30.165957984357011
-15.846650974964284 30.165738995135573
-15.845526013655492 30.164651958344521
-15.845501013699506 30.16463695721011
-15.84534798969946 30.164483993051142
-15.845338987662302 30.164472965160176
-15.845191998677301 30.1643290096554
-15.844675007975651 30.163993994989792
-15.844378992801195 30.16382699644662
-15.844326008685348 30.163782001632921
-15.844302980380212 30.163753011096183
-15.844254012681017 30.163721981933804
-15.844234014358216 30.163694991442824
-15.844201984853676 30.163676995455507
-15.841682998064217 30.161023972126117
-15.841638009580294 30.160963999973475
-15.841559030764781 30.160837995099069
-15.841525018127962 30.16080196681375
-15.841435968300399 30.160682993637717
-15.841080981147151 30.160106020545893
-15.840853966043943 30.159847978154833
-15.84079202672126 30.159750988456768
-15.84071100369507 30.159606969106889
-15.840383999462103 30.159262008991238
-15.840346991028083 30.159212005583374
-15.838677992043984 30.156507002800808
-15.838137988423751 30.155262980692338
-15.838124002157189 30.155225006485317
-15.837702980647085 30.153011999521908
-15.837493003561571 30.152376963911166
-15.837482020688251 30.152320998897046
-15.837439972829703 30.151880976144863
-15.837194000433687 30.151029978525539
-15.83718702123474 30.150966970409836
-15.837104993050367 30.149541011128022
-15.837115997858961 30.149491970352258
-15.837107017541909 30.149455994952898
-15.837135012782552 30.149253012038752
-15.837093995434193 30.149076960287335
-15.837093002080007 30.14904696355222
-15.837110987055684 30.148962004049366
-15.837112998454447 30.148903004758644
-15.83720398127493 30.148523008690223
-15.837297972628782 30.148080973581511
-15.83744000753229 30.147059957946791
-15.836052003560129 30.142373963781655
-15.836048027631943 30.142339987623689
-15.83594500970322 30.140730012305191
-15.835997020478958 30.140431973184526
-15.835848035433674 30.139506004350903
-15.835957985420599 30.137589989078649
-15.835962008094365 30.137557999448411
-15.836281964618399 30.13645498190948
-15.836493977706823 30.134901972713344
-15.836505980879879 30.134858999563008
-15.837349013971316 30.13260695808227
-15.838502992287596 30.130547973059766
-15.838522974975643 30.130519015424269
-15.839326018487798 30.129599977308789
-15.839595020368357 30.129164954951662
-15.839630969702078 30.129119978910666
-15.840297002657561 30.12841598262613
-15.840410028449835 30.128250974724452
-15.840440989152706 30.128216970004608
-15.840638008410366 30.128024005969131
-15.841187021696602 30.127239962936624
-15.841203005836615 30.12722399890621
-15.841583982325531 30.12698201615925
-15.842103026711197 30.126371968621399
-15.842110014914271 30.126369974906211
-15.842119010586948 30.126356004421119
-15.846668032166741 30.123384994922318
-15.846711998983139 30.123364971751279
-15.848369968187988 30.122672968255429
-15.850032025932711 30.122259999265527
-15.850379999668975 30.122147002140373
-15.850466998853433 30.122123959800902
-16.020751978900716 30.009623000718456
-16.024669007132474 30.006952987098227
-16.024689026728211 30.006940986150624
-16.026964973766656 30.005940008099543
-16.034154026094054 30.004613978468655
-16.034196019367027 30.00461099387239
-16.0342469876019 30.004619983243288
-16.034298980716624 30.004610017778315
-16.034318970928261 30.004614997867584
-16.034340982143359 30.00461000999179
-16.04151701614461 30.005759965579344
-16.041555994919747 30.005773979424099
-16.041623035893696 30.00581099575399
-16.041700977677369 30.005824019196648
-16.041717975590274 30.005833006876017
-16.041740001097377 30.005837959625651
-16.042804996559802 30.0064410170903
-16.044925983632403 30.00737998300702
-16.045016987268784 30.007428981596224
-16.046288003331579 30.008300996695681
-16.047007015618508 30.008671964050802
-16.047037999791037 30.00869198979624
-16.0476760109084 30.009190000260123
-16.047890014010807 30.009313010720202
-16.047928015465263 30.009343997167829
-16.04796000139542 30.009383967377602
-16.048007010191032 30.009411013867371
-16.048020984269289 30.00942896419518
-16.048043995011799 30.0094420129235
-16.048153032290571 30.009562992409776
-16.048328963910215 30.009701970940259
-16.049813015865677 30.01112495685922
-16.049828998299812 30.011143008741943
-16.050526973005319 30.012153982131473
-16.051705000087555 30.012064009853781
-16.058887997888462 30.013212960931316
-16.058920978092633 30.013223974621557
-16.058987006077476 30.013262005216294
-16.059066994049751 30.013274985506474
-16.059081006732409 30.013283988979556
-16.05909901866945 30.013285993260475
-16.064565027979828 30.016212997070838
-16.064586967824464 30.016227977147039
-16.064885988038331 30.016587004029216
-16.065367017335177 30.016857979586725
-16.065372998247277 30.016866993303385
-16.065388029299122 30.016875982641878
-16.065764032070611 30.017289999605662
-16.06578197655557 30.017303995645499
-16.066329975693645 30.017595015461698
-16.066359019130701 30.01761699845266
-16.066489017673273 30.017773968688626
-16.067098018007414 30.018180012354737
-16.067879980920438 30.018934019788595
-16.068323979742409 30.019346975188402
-16.068343975367561 30.019364990525062
-16.068371003482003 30.019405993270613
-16.068631990366939 30.019656015251481
-16.068644000339852 30.019669976879104
-16.06969298057907 30.021197023045271
-16.070601023122119 30.022252965817959
-16.070638971119145 30.022312968596005
-16.070710985684933 30.022446013736694
-16.070814977912118 30.02256696602765
-16.070837017655478 30.022604965432571
-16.070877986086629 30.022748982643623
-16.071306983591686 30.023528000999814
-16.071416994932822 30.023684997777249
-16.071421013748381 30.023696993002151
-16.071440013874817 30.023720969767055
-16.072851018684716 30.028390989650031
-16.072853024018357 30.02840896095368
-16.072971999142997 30.03012198662309
-16.072941998853771 30.030409013342211
-16.072998989358652 30.030791987282797
-16.073242013497833 30.031646993625056
-16.073244019250996 30.031664964783374
-16.073181024812765 30.032026993899965
-16.073309007698086 30.032889981006775
-16.073306970562317 30.032893998128799
-16.073311030207538 30.032908006762813
-16.073242004518391 30.034484998035484
-16.073240002191177 30.034503001872395
-16.072969006249384 30.035493998569962
-16.072763996282092 30.037035984070599
-16.072759012267731 30.03705698327434
-16.07191000119963 30.039353001088404
-16.071902013712293 30.039361992441105
-16.071900981461894 30.039371003765378
-16.071671974878335 30.039731973841409
-16.071621019002045 30.039943975047411
-16.071611031831914 30.03996298794188
-16.071503001504777 30.040100993347011
-16.070268010521048 30.042271968097804
-16.07026500678263 30.042276995045317
-16.069949000382863 30.042633972475386
-16.070228988048136 30.043937987597051
-16.070528978620846 30.044758979298962
-16.070535009612581 30.04478096242228
-16.070618987381344 30.045434978827068
-16.071077019086104 30.047091009677523
-16.071079011970941 30.047113988119662
-16.071001998888214 30.047535978644149
-16.071121988755266 30.048095014350654
-16.071121018822023 30.048104006536906
-16.071123993849799 30.048116975646813
-16.071079005289956 30.04829397540265
-16.070905979522443 30.04909402376369
-16.070805990540357 30.050489006579983
-16.070797984093289 30.050536004548473
-16.070069964472392 30.052935974765003
-16.069765008295334 30.054336957169799
-16.069730975421145 30.054524009317518
-16.069712971647977 30.054548983579437
-16.069710015391504 30.054562990371291
-16.069358999498224 30.055027966303978
-16.06923997444845 30.055493989051964
-16.069219004339939 30.05552999436733
-16.067545025439355 30.057607965229725
-16.066992975658927 30.058447003423037
-16.066976998843231 30.058464985499747
-16.06635798083768 30.059081991319747
-16.066206024474489 30.059269962722126
-16.065306007733799 30.063152992399676
-16.063430017805292 30.066228956679648
-16.063415000632073 30.066248013445385
-16.061512990912355 30.068275014212389
-16.061021993395261 30.069014999449003
-16.060989971595045 30.069050979599545
-16.059584028688924 30.070442993749364
-16.057235984173843 30.072213011490813
-16.057174009675919 30.072250982713303
-16.053327008547225 30.074155000530393
-16.053295997388979 30.074158982548791
-16.053278961349353 30.074170970590387
-16.052880010472219 30.074251004984859
-16.052605022665357 30.074405959735962
-16.052556981371438 30.074422999645172
-16.049808027385861 30.0748709759687
-16.049698013284718 30.074900964429371
-16.049650008285635 30.07491096448824
-16.049573994906723 30.074918013511841
-16.046784032416678 30.075478989513854
-16.046731991442805 30.075481999511023
-16.04641598177874 30.075434978696112
-16.046261994683068 30.075449966284367
-16.04593996549216 30.075501976499044
-16.045920005763719 30.075497999684547
-16.04588798670893 30.075504967010477
-16.045845006972414 30.075499971555629
-16.044984967692713 30.075698987888174
-16.044943996132947 30.075703980938684
-16.042811989882342 30.075824000261346
-16.040807023353821 30.075632992537219
-16.040553020617249 30.075618974152782
-16.040510985130403 30.075614998156428
-16.040437016645512 30.075596997262426
-16.03830298039977 30.075393004143887
-16.038264023094559 30.075386956685001
-16.035408013085963 30.074601956995526
-16.035096998805297 30.074463980993187
-16.034744022901961 30.074324979330449
-16.034677019874991 30.074313962393614
-16.034561018819232 30.074267976834726
-16.03448602480611 30.074223007528346
-16.033751001209772 30.07393599728104
-16.033674994136518 30.073901997182119
-16.033279975999783 30.073654971373244
-16.032362992112233 30.07324696326787
-16.032253984595474 30.073186990730029
-16.032022980745559 30.073029020380819
-16.031466992633231 30.07276900484754
-16.031413009948203 30.072737995303914
-16.028784989701844 30.070858963191114
-16.028147978668436 30.070195965096115
-16.028139003949072 30.070186968863094
-16.028134003465791 30.070180988747932
-16.027716977603855 30.069745967791711
-16.025762990033911 30.067789994486937
-16.025749984192974 30.067774008695231
-16.023513985357027 30.064371982906508
-16.022619969699011 30.062099998569895
-16.022608024621654 30.062062010506178
-16.021974000801471 30.057950002582199
-16.022282003632192 30.05493295801168
-16.021155977379038 30.054600980085993
-16.018925019182273 30.053488011959619
-16.017499995651701 30.05320798599428
-16.015441030531857 30.052911002048599
-16.015406005397995 30.052899996953848
-16.015107019596321 30.052736985440585
-16.014628990686248 30.052644010989201
-16.014616987726424 30.052637007723604
-16.014594983044486 30.052632993208128
-16.014284999272206 30.052457012114367
-16.010872973293651 30.051776974902985
-16.010853001582674 30.051765967767111
-16.010831991460325 30.051763971613514
-16.010789019320544 30.0517399616066
-16.010738980733354 30.05173096862536
-16.010697979217316 30.051716005437257
-16.006479027504056 30.049290977503581
-16.005527975116689 30.048883015133484
-16.005481998646335 30.048858965606357
-16.001752018987045 30.046372005756524
-15.998895988070393 30.043267016005515
-15.998879982654795 30.043244020237779
-15.99751796896121 30.040959973804618
-15.996015033543904 30.035273006834526
-15.996014005889638 30.035245985411414
-15.99607599443838 30.03492500420791
-15.995992007491024 30.034576000668377
-15.995993966267843 30.03456498282786
-15.995990004176239 30.034547013880026
-15.996826018297069 30.029522986151036
-15.996842993681936 30.0294760113186
-15.997404984884366 30.028092974686338
-15.998230985273906 30.02654597070276
-15.998261009932397 30.026495972423906
-15.998765981307683 30.025897019311188
-15.999446018104205 30.024797975810131
-15.999469974025908 30.024767989672924
-16.001108000824434 30.023046011744221
-16.002270979939478 30.021499969750479
-16.004521001986429 30.019795965050115
-16.004564981019065 30.019766009963227
-16.006455027647682 30.018824972226856
-16.007993004434976 30.017621988500707
-16.008007986388513 30.017609978754699
-16.011996018389997 30.015546965628587
-16.012750004131004 30.015105990161313
-16.012770985275743 30.015100965241608
-16.01278397575788 30.015093969009715
-16.013057985629793 30.015044997771859
-16.013276011011293 30.014918991769768
-16.013309982517129 30.014906970415545
-16.017063019228303 30.014277981586972
-16.017351006953728 30.013730006539117
-16.017362009471942 30.01371200193088
-16.020751978900716 30.009623000718456

