# Rhine (Rhein, Rijn) catchment
8.625 48.025 5856601
8.608 48.025 5856601
8.608 48.033 5856601
8.567 48.033 5856601
8.567 48.042 5856601
8.533 48.042 5856601
8.533 48.033 5856601
8.517 48.033 5856601
8.517 48.025 5856601
8.492 48.025 5856601
8.492 48.067 5856601
8.500 48.067 5856601
8.500 48.083 5856601
8.458 48.083 5856601
8.458 48.092 5856601
8.450 48.092 5856601
8.450 48.117 5856601
8.442 48.117 5856601
8.442 48.133 5856601
8.400 48.133 5856601
8.400 48.142 5856601
8.383 48.142 5856601
8.383 48.150 5856601
8.350 48.150 5856601
8.350 48.158 5856601
8.342 48.158 5856601
8.342 48.142 5856601
8.325 48.142 5856601
8.325 48.133 5856601
8.317 48.133 5856601
8.317 48.142 5856601
8.300 48.142 5856601
8.300 48.117 5856601
8.292 48.117 5856601
8.292 48.108 5856601
8.283 48.108 5856601
8.283 48.100 5856601
8.275 48.100 5856601
8.275 48.092 5856601
8.233 48.092 5856601
8.233 48.083 5856601
8.208 48.083 5856601
8.208 48.092 5856601
8.192 48.092 5856601
8.192 48.100 5856601
8.183 48.100 5856601
8.183 48.108 5856601
8.175 48.108 5856601
8.175 48.100 5856601
8.158 48.100 5856601
8.158 48.083 5856601
8.167 48.083 5856601
8.167 48.067 5856601
8.175 48.067 5856601
8.175 48.025 5856601
8.200 48.025 5856601
8.200 48.017 5856601
8.208 48.017 5856601
8.208 47.992 5856601
8.200 47.992 5856601
8.200 47.983 5856601
8.208 47.983 5856601
8.208 47.975 5856601
8.217 47.975 5856601
8.217 47.967 5856601
8.233 47.967 5856601
8.233 47.958 5856601
8.250 47.958 5856601
8.250 47.950 5856601
8.275 47.950 5856601
8.275 47.942 5856601
8.292 47.942 5856601
8.292 47.933 5856601
8.300 47.933 5856601
8.300 47.925 5856601
8.308 47.925 5856601
8.308 47.917 5856601
8.325 47.917 5856601
8.325 47.908 5856601
8.350 47.908 5856601
8.350 47.917 5856601
8.367 47.917 5856601
8.367 47.925 5856601
8.383 47.925 5856601
8.383 47.917 5856601
8.425 47.917 5856601
8.425 47.908 5856601
8.450 47.908 5856601
8.450 47.900 5856601
8.458 47.900 5856601
8.458 47.883 5856601
8.483 47.883 5856601
8.483 47.875 5856601
8.492 47.875 5856601
8.492 47.892 5856601
8.517 47.892 5856601
8.517 47.883 5856601
8.525 47.883 5856601
8.525 47.858 5856601
8.533 47.858 5856601
8.533 47.850 5856601
8.542 47.850 5856601
8.542 47.833 5856601
8.567 47.833 5856601
8.567 47.825 5856601
8.625 47.825 5856601
8.625 47.833 5856601
8.633 47.833 5856601
8.633 47.842 5856601
8.658 47.842 5856601
8.658 47.850 5856601
8.683 47.850 5856601
8.683 47.858 5856601
8.692 47.858 5856601
8.692 47.875 5856601
8.700 47.875 5856601
8.700 47.883 5856601
8.717 47.883 5856601
8.717 47.892 5856601
8.725 47.892 5856601
8.725 47.908 5856601
8.733 47.908 5856601
8.733 47.917 5856601
8.783 47.917 5856601
8.783 47.925 5856601
8.792 47.925 5856601
8.792 47.933 5856601
8.825 47.933 5856601
8.825 47.942 5856601
8.850 47.942 5856601
8.850 47.933 5856601
8.858 47.933 5856601
8.858 47.925 5856601
8.883 47.925 5856601
8.883 47.942 5856601
8.892 47.942 5856601
8.892 47.950 5856601
8.883 47.950 5856601
8.883 47.958 5856601
8.900 47.958 5856601
8.900 47.975 5856601
8.908 47.975 5856601
8.908 47.958 5856601
8.917 47.958 5856601
8.917 47.950 5856601
8.925 47.950 5856601
8.925 47.942 5856601
8.950 47.942 5856601
8.950 47.925 5856601
8.975 47.925 5856601
8.975 47.917 5856601
9.000 47.917 5856601
9.000 47.925 5856601
9.008 47.925 5856601
9.008 47.933 5856601
9.050 47.933 5856601
9.050 47.892 5856601
9.067 47.892 5856601
9.067 47.883 5856601
9.083 47.883 5856601
9.083 47.875 5856601
9.108 47.875 5856601
9.108 47.867 5856601
9.117 47.867 5856601
9.117 47.875 5856601
9.125 47.875 5856601
9.125 47.883 5856601
9.142 47.883 5856601
9.142 47.892 5856601
9.150 47.892 5856601
9.150 47.908 5856601
9.158 47.908 5856601
9.158 47.917 5856601
9.175 47.917 5856601
9.175 47.925 5856601
9.192 47.925 5856601
9.192 47.917 5856601
9.225 47.917 5856601
9.225 47.908 5856601
9.242 47.908 5856601
9.242 47.900 5856601
9.267 47.900 5856601
9.267 47.892 5856601
9.283 47.892 5856601
9.283 47.883 5856601
9.292 47.883 5856601
9.292 47.867 5856601
9.300 47.867 5856601
9.300 47.858 5856601
9.308 47.858 5856601
9.308 47.867 5856601
9.342 47.867 5856601
9.342 47.858 5856601
9.358 47.858 5856601
9.358 47.850 5856601
9.367 47.850 5856601
9.367 47.842 5856601
9.383 47.842 5856601
9.383 47.833 5856601
9.400 47.833 5856601
9.400 47.850 5856601
9.408 47.850 5856601
9.408 47.867 5856601
9.417 47.867 5856601
9.417 47.875 5856601
9.458 47.875 5856601
9.458 47.867 5856601
9.467 47.867 5856601
9.467 47.858 5856601
9.483 47.858 5856601
9.483 47.850 5856601
9.500 47.850 5856601
9.500 47.875 5856601
9.492 47.875 5856601
9.492 47.892 5856601
9.483 47.892 5856601
9.483 47.900 5856601
9.475 47.900 5856601
9.475 47.917 5856601
9.467 47.917 5856601
9.467 47.942 5856601
9.475 47.942 5856601
9.475 47.950 5856601
9.467 47.950 5856601
9.467 47.967 5856601
9.483 47.967 5856601
9.483 47.975 5856601
9.500 47.975 5856601
9.500 47.983 5856601
9.525 47.983 5856601
9.525 47.992 5856601
9.533 47.992 5856601
9.533 48.000 5856601
9.542 48.000 5856601
9.542 48.008 5856601
9.583 48.008 5856601
9.583 48.000 5856601
9.592 48.000 5856601
9.592 47.992 5856601
9.617 47.992 5856601
9.617 48.000 5856601
9.625 48.000 5856601
9.625 48.008 5856601
9.642 48.008 5856601
9.642 48.017 5856601
9.692 48.017 5856601
9.692 47.975 5856601
9.700 47.975 5856601
9.700 47.967 5856601
9.708 47.967 5856601
9.708 47.958 5856601
9.717 47.958 5856601
9.717 47.942 5856601
9.767 47.942 5856601
9.767 47.950 5856601
9.783 47.950 5856601
9.783 47.908 5856601
9.792 47.908 5856601
9.792 47.883 5856601
9.800 47.883 5856601
9.800 47.875 5856601
9.808 47.875 5856601
9.808 47.850 5856601
9.825 47.850 5856601
9.825 47.842 5856601
9.850 47.842 5856601
9.850 47.850 5856601
9.867 47.850 5856601
9.867 47.858 5856601
9.875 47.858 5856601
9.875 47.867 5856601
9.883 47.867 5856601
9.883 47.858 5856601
9.892 47.858 5856601
9.892 47.850 5856601
9.900 47.850 5856601
9.900 47.842 5856601
9.908 47.842 5856601
9.908 47.808 5856601
9.917 47.808 5856601
9.917 47.792 5856601
9.933 47.792 5856601
9.933 47.783 5856601
9.958 47.783 5856601
9.958 47.800 5856601
9.992 47.800 5856601
9.992 47.792 5856601
10.000 47.792 5856601
10.000 47.767 5856601
10.025 47.767 5856601
10.025 47.742 5856601
10.058 47.742 5856601
10.058 47.733 5856601
10.100 47.733 5856601
10.100 47.708 5856601
10.108 47.708 5856601
10.108 47.700 5856601
10.117 47.700 5856601
10.117 47.692 5856601
10.167 47.692 5856601
10.167 47.700 5856601
10.217 47.700 5856601
10.217 47.642 5856601
10.208 47.642 5856601
10.208 47.633 5856601
10.200 47.633 5856601
10.200 47.625 5856601
10.183 47.625 5856601
10.183 47.617 5856601
10.175 47.617 5856601
10.175 47.600 5856601
10.167 47.600 5856601
10.167 47.592 5856601
10.142 47.592 5856601
10.142 47.583 5856601
10.108 47.583 5856601
10.108 47.575 5856601
10.033 47.575 5856601
10.033 47.550 5856601
10.042 47.550 5856601
10.042 47.542 5856601
10.067 47.542 5856601
10.067 47.533 5856601
10.108 47.533 5856601
10.108 47.542 5856601
10.167 47.542 5856601
10.167 47.525 5856601
10.158 47.525 5856601
10.158 47.517 5856601
10.142 47.517 5856601
10.142 47.508 5856601
10.117 47.508 5856601
10.117 47.500 5856601
10.100 47.500 5856601
10.100 47.492 5856601
10.108 47.492 5856601
10.108 47.483 5856601
10.125 47.483 5856601
10.125 47.475 5856601
10.150 47.475 5856601
10.150 47.458 5856601
10.158 47.458 5856601
10.158 47.450 5856601
10.175 47.450 5856601
10.175 47.425 5856601
10.158 47.425 5856601
10.158 47.417 5856601
10.133 47.417 5856601
10.133 47.400 5856601
10.142 47.400 5856601
10.142 47.375 5856601
10.117 47.375 5856601
10.117 47.367 5856601
10.108 47.367 5856601
10.108 47.358 5856601
10.092 47.358 5856601
10.092 47.350 5856601
10.083 47.350 5856601
10.083 47.342 5856601
10.075 47.342 5856601
10.075 47.333 5856601
10.083 47.333 5856601
10.083 47.300 5856601
10.092 47.300 5856601
10.092 47.283 5856601
10.100 47.283 5856601
10.100 47.275 5856601
10.125 47.275 5856601
10.125 47.258 5856601
10.133 47.258 5856601
10.133 47.242 5856601
10.125 47.242 5856601
10.125 47.233 5856601
10.108 47.233 5856601
10.108 47.225 5856601
10.075 47.225 5856601
10.075 47.233 5856601
10.067 47.233 5856601
10.067 47.225 5856601
10.050 47.225 5856601
10.050 47.217 5856601
10.025 47.217 5856601
10.025 47.208 5856601
10.008 47.208 5856601
10.008 47.192 5856601
9.992 47.192 5856601
9.992 47.158 5856601
10.008 47.158 5856601
10.008 47.167 5856601
10.042 47.167 5856601
10.042 47.158 5856601
10.067 47.158 5856601
10.067 47.175 5856601
10.100 47.175 5856601
10.100 47.167 5856601
10.108 47.167 5856601
10.108 47.158 5856601
10.217 47.158 5856601
10.217 47.150 5856601
10.225 47.150 5856601
10.225 47.142 5856601
10.217 47.142 5856601
10.217 47.133 5856601
10.208 47.133 5856601
10.208 47.117 5856601
10.200 47.117 5856601
10.200 47.125 5856601
10.175 47.125 5856601
10.175 47.117 5856601
10.158 47.117 5856601
10.158 47.108 5856601
10.150 47.108 5856601
10.150 47.092 5856601
10.142 47.092 5856601
10.142 47.083 5856601
10.133 47.083 5856601
10.133 47.067 5856601
10.150 47.067 5856601
10.150 47.050 5856601
10.142 47.050 5856601
10.142 47.033 5856601
10.133 47.033 5856601
10.133 47.008 5856601
10.150 47.008 5856601
10.150 46.992 5856601
10.142 46.992 5856601
10.142 46.967 5856601
10.133 46.967 5856601
10.133 46.958 5856601
10.125 46.958 5856601
10.125 46.950 5856601
10.117 46.950 5856601
10.117 46.942 5856601
10.108 46.942 5856601
10.108 46.933 5856601
10.100 46.933 5856601
10.100 46.917 5856601
10.108 46.917 5856601
10.108 46.900 5856601
10.117 46.900 5856601
10.117 46.883 5856601
10.125 46.883 5856601
10.125 46.875 5856601
10.133 46.875 5856601
10.133 46.867 5856601
10.142 46.867 5856601
10.142 46.850 5856601
10.108 46.850 5856601
10.108 46.842 5856601
10.075 46.842 5856601
10.075 46.833 5856601
10.067 46.833 5856601
10.067 46.808 5856601
10.033 46.808 5856601
10.033 46.783 5856601
10.017 46.783 5856601
10.017 46.792 5856601
9.992 46.792 5856601
9.992 46.775 5856601
9.983 46.775 5856601
9.983 46.767 5856601
9.967 46.767 5856601
9.967 46.758 5856601
9.958 46.758 5856601
9.958 46.733 5856601
9.950 46.733 5856601
9.950 46.725 5856601
9.958 46.725 5856601
9.958 46.692 5856601
9.900 46.692 5856601
9.900 46.683 5856601
9.875 46.683 5856601
9.875 46.675 5856601
9.867 46.675 5856601
9.867 46.650 5856601
9.875 46.650 5856601
9.875 46.617 5856601
9.867 46.617 5856601
9.867 46.608 5856601
9.858 46.608 5856601
9.858 46.600 5856601
9.842 46.600 5856601
9.842 46.583 5856601
9.833 46.583 5856601
9.833 46.575 5856601
9.808 46.575 5856601
9.808 46.567 5856601
9.767 46.567 5856601
9.767 46.558 5856601
9.742 46.558 5856601
9.742 46.550 5856601
9.725 46.550 5856601
9.725 46.542 5856601
9.700 46.542 5856601
9.700 46.517 5856601
9.708 46.517 5856601
9.708 46.508 5856601
9.725 46.508 5856601
9.725 46.483 5856601
9.733 46.483 5856601
9.733 46.450 5856601
9.717 46.450 5856601
9.717 46.442 5856601
9.692 46.442 5856601
9.692 46.433 5856601
9.683 46.433 5856601
9.683 46.425 5856601
9.667 46.425 5856601
9.667 46.417 5856601
9.608 46.417 5856601
9.608 46.408 5856601
9.575 46.408 5856601
9.575 46.400 5856601
9.567 46.400 5856601
9.567 46.383 5856601
9.550 46.383 5856601
9.550 46.375 5856601
9.492 46.375 5856601
9.492 46.367 5856601
9.483 46.367 5856601
9.483 46.375 5856601
9.467 46.375 5856601
9.467 46.383 5856601
9.458 46.383 5856601
9.458 46.375 5856601
9.425 46.375 5856601
9.425 46.400 5856601
9.417 46.400 5856601
9.417 46.417 5856601
9.408 46.417 5856601
9.408 46.458 5856601
9.400 46.458 5856601
9.400 46.467 5856601
9.392 46.467 5856601
9.392 46.483 5856601
9.383 46.483 5856601
9.383 46.492 5856601
9.375 46.492 5856601
9.375 46.508 5856601
9.350 46.508 5856601
9.350 46.500 5856601
9.283 46.500 5856601
9.283 46.483 5856601
9.275 46.483 5856601
9.275 46.458 5856601
9.267 46.458 5856601
9.267 46.450 5856601
9.242 46.450 5856601
9.242 46.458 5856601
9.233 46.458 5856601
9.233 46.475 5856601
9.225 46.475 5856601
9.225 46.483 5856601
9.233 46.483 5856601
9.233 46.500 5856601
9.158 46.500 5856601
9.158 46.492 5856601
9.142 46.492 5856601
9.142 46.483 5856601
9.108 46.483 5856601
9.108 46.475 5856601
9.083 46.475 5856601
9.083 46.483 5856601
9.050 46.483 5856601
9.050 46.492 5856601
9.042 46.492 5856601
9.042 46.500 5856601
9.025 46.500 5856601
9.025 46.525 5856601
9.017 46.525 5856601
9.017 46.533 5856601
9.025 46.533 5856601
9.025 46.567 5856601
9.033 46.567 5856601
9.033 46.575 5856601
9.042 46.575 5856601
9.042 46.600 5856601
9.025 46.600 5856601
9.025 46.608 5856601
9.008 46.608 5856601
9.008 46.600 5856601
8.992 46.600 5856601
8.992 46.608 5856601
8.958 46.608 5856601
8.958 46.625 5856601
8.908 46.625 5856601
8.908 46.583 5856601
8.883 46.583 5856601
8.883 46.575 5856601
8.858 46.575 5856601
8.858 46.567 5856601
8.833 46.567 5856601
8.833 46.575 5856601
8.817 46.575 5856601
8.817 46.567 5856601
8.800 46.567 5856601
8.800 46.558 5856601
8.792 46.558 5856601
8.792 46.550 5856601
8.775 46.550 5856601
8.775 46.542 5856601
8.767 46.542 5856601
8.767 46.550 5856601
8.750 46.550 5856601
8.750 46.558 5856601
8.733 46.558 5856601
8.733 46.583 5856601
8.725 46.583 5856601
8.725 46.575 5856601
8.700 46.575 5856601
8.700 46.583 5856601
8.667 46.583 5856601
8.667 46.575 5856601
8.617 46.575 5856601
8.617 46.583 5856601
8.608 46.583 5856601
8.608 46.575 5856601
8.583 46.575 5856601
8.583 46.567 5856601
8.567 46.567 5856601
8.567 46.558 5856601
8.558 46.558 5856601
8.558 46.550 5856601
8.533 46.550 5856601
8.533 46.542 5856601
8.508 46.542 5856601
8.508 46.533 5856601
8.475 46.533 5856601
8.458 46.533 5856601
8.458 46.542 5856601
8.450 46.542 5856601
8.450 46.533 5856601
8.442 46.533 5856601
8.442 46.542 5856601
8.433 46.542 5856601
8.433 46.550 5856601
8.425 46.550 5856601
8.425 46.567 5856601
8.417 46.567 5856601
8.417 46.583 5856601
8.408 46.583 5856601
8.408 46.600 5856601
8.417 46.600 5856601
8.417 46.617 5856601
8.425 46.617 5856601
8.425 46.625 5856601
8.417 46.625 5856601
8.417 46.642 5856601
8.408 46.642 5856601
8.408 46.650 5856601
8.400 46.650 5856601
8.400 46.642 5856601
8.383 46.642 5856601
8.383 46.633 5856601
8.375 46.633 5856601
8.375 46.617 5856601
8.367 46.617 5856601
8.367 46.592 5856601
8.358 46.592 5856601
8.358 46.583 5856601
8.350 46.583 5856601
8.350 46.567 5856601
8.342 46.567 5856601
8.342 46.558 5856601
8.325 46.558 5856601
8.325 46.550 5856601
8.300 46.550 5856601
8.300 46.542 5856601
8.283 46.542 5856601
8.283 46.533 5856601
8.267 46.533 5856601
8.267 46.525 5856601
8.208 46.525 5856601
8.208 46.517 5856601
8.175 46.517 5856601
8.175 46.525 5856601
8.142 46.525 5856601
8.142 46.533 5856601
8.125 46.533 5856601
8.125 46.542 5856601
8.083 46.542 5856601
8.083 46.550 5856601
8.008 46.550 5856601
8.008 46.558 5856601
8.000 46.558 5856601
8.000 46.550 5856601
7.992 46.550 5856601
7.992 46.542 5856601
7.975 46.542 5856601
7.975 46.508 5856601
7.958 46.508 5856601
7.958 46.500 5856601
7.942 46.500 5856601
7.942 46.492 5856601
7.925 46.492 5856601
7.925 46.483 5856601
7.883 46.483 5856601
7.883 46.475 5856601
7.825 46.475 5856601
7.825 46.467 5856601
7.808 46.467 5856601
7.808 46.458 5856601
7.792 46.458 5856601
7.792 46.450 5856601
7.783 46.450 5856601
7.783 46.442 5856601
7.775 46.442 5856601
7.775 46.433 5856601
7.758 46.433 5856601
7.758 46.425 5856601
7.733 46.425 5856601
7.733 46.417 5856601
7.700 46.417 5856601
7.700 46.425 5856601
7.675 46.425 5856601
7.675 46.417 5856601
7.642 46.417 5856601
7.642 46.408 5856601
7.608 46.408 5856601
7.608 46.417 5856601
7.575 46.417 5856601
7.575 46.408 5856601
7.542 46.408 5856601
7.542 46.400 5856601
7.533 46.400 5856601
7.533 46.383 5856601
7.500 46.383 5856601
7.500 46.375 5856601
7.475 46.375 5856601
7.475 46.383 5856601
7.467 46.383 5856601
7.467 46.375 5856601
7.458 46.375 5856601
7.458 46.367 5856601
7.450 46.367 5856601
7.450 46.375 5856601
7.400 46.375 5856601
7.400 46.367 5856601
7.383 46.367 5856601
7.383 46.358 5856601
7.367 46.358 5856601
7.367 46.350 5856601
7.350 46.350 5856601
7.350 46.342 5856601
7.317 46.342 5856601
7.317 46.333 5856601
7.275 46.333 5856601
7.275 46.342 5856601
7.258 46.342 5856601
7.258 46.333 5856601
7.250 46.333 5856601
7.250 46.317 5856601
7.225 46.317 5856601
7.225 46.333 5856601
7.217 46.333 5856601
7.217 46.358 5856601
7.208 46.358 5856601
7.208 46.375 5856601
7.192 46.375 5856601
7.192 46.383 5856601
7.108 46.383 5856601
7.108 46.392 5856601
7.092 46.392 5856601
7.092 46.400 5856601
7.067 46.400 5856601
7.067 46.392 5856601
7.025 46.392 5856601
7.025 46.383 5856601
7.017 46.383 5856601
7.017 46.375 5856601
7.008 46.375 5856601
7.008 46.383 5856601
7.000 46.383 5856601
7.000 46.392 5856601
6.992 46.392 5856601
6.992 46.408 5856601
7.000 46.408 5856601
7.000 46.433 5856601
6.983 46.433 5856601
6.983 46.483 5856601
6.992 46.483 5856601
6.992 46.500 5856601
7.000 46.500 5856601
7.000 46.542 5856601
6.975 46.542 5856601
6.975 46.550 5856601
6.942 46.550 5856601
6.942 46.542 5856601
6.892 46.542 5856601
6.892 46.533 5856601
6.883 46.533 5856601
6.883 46.517 5856601
6.875 46.517 5856601
6.875 46.508 5856601
6.858 46.508 5856601
6.858 46.500 5856601
6.833 46.500 5856601
6.833 46.492 5856601
6.817 46.492 5856601
6.817 46.517 5856601
6.800 46.517 5856601
6.800 46.525 5856601
6.792 46.525 5856601
6.792 46.533 5856601
6.783 46.533 5856601
6.783 46.550 5856601
6.775 46.550 5856601
6.775 46.558 5856601
6.767 46.558 5856601
6.767 46.567 5856601
6.758 46.567 5856601
6.758 46.558 5856601
6.717 46.558 5856601
6.717 46.592 5856601
6.708 46.592 5856601
6.708 46.600 5856601
6.700 46.600 5856601
6.700 46.608 5856601
6.633 46.608 5856601
6.633 46.617 5856601
6.575 46.617 5856601
6.575 46.658 5856601
6.533 46.658 5856601
6.533 46.667 5856601
6.525 46.667 5856601
6.525 46.683 5856601
6.508 46.683 5856601
6.508 46.692 5856601
6.492 46.692 5856601
6.492 46.700 5856601
6.483 46.700 5856601
6.483 46.708 5856601
6.450 46.708 5856601
6.450 46.717 5856601
6.442 46.717 5856601
6.442 46.708 5856601
6.400 46.708 5856601
6.400 46.700 5856601
6.383 46.700 5856601
6.383 46.692 5856601
6.367 46.692 5856601
6.367 46.683 5856601
6.358 46.683 5856601
6.358 46.675 5856601
6.350 46.675 5856601
6.350 46.642 5856601
6.342 46.642 5856601
6.342 46.625 5856601
6.325 46.625 5856601
6.325 46.617 5856601
6.317 46.617 5856601
6.317 46.592 5856601
6.308 46.592 5856601
6.308 46.583 5856601
6.292 46.583 5856601
6.292 46.575 5856601
6.275 46.575 5856601
6.275 46.567 5856601
6.267 46.567 5856601
6.267 46.558 5856601
6.208 46.558 5856601
6.208 46.550 5856601
6.200 46.550 5856601
6.200 46.542 5856601
6.183 46.542 5856601
6.183 46.525 5856601
6.167 46.525 5856601
6.167 46.517 5856601
6.158 46.517 5856601
6.158 46.508 5856601
6.142 46.508 5856601
6.142 46.500 5856601
6.133 46.500 5856601
6.133 46.492 5856601
6.125 46.492 5856601
6.125 46.483 5856601
6.117 46.483 5856601
6.117 46.475 5856601
6.108 46.475 5856601
6.108 46.467 5856601
6.100 46.467 5856601
6.100 46.458 5856601
6.083 46.458 5856601
6.083 46.467 5856601
6.075 46.467 5856601
6.075 46.475 5856601
6.067 46.475 5856601
6.067 46.492 5856601
6.058 46.492 5856601
6.058 46.517 5856601
6.075 46.517 5856601
6.075 46.525 5856601
6.083 46.525 5856601
6.083 46.542 5856601
6.092 46.542 5856601
6.092 46.558 5856601
6.108 46.558 5856601
6.108 46.567 5856601
6.125 46.567 5856601
6.125 46.575 5856601
6.133 46.575 5856601
6.133 46.583 5856601
6.142 46.583 5856601
6.142 46.592 5856601
6.150 46.592 5856601
6.150 46.600 5856601
6.158 46.600 5856601
6.158 46.608 5856601
6.167 46.608 5856601
6.167 46.617 5856601
6.183 46.617 5856601
6.183 46.625 5856601
6.192 46.625 5856601
6.192 46.633 5856601
6.200 46.633 5856601
6.200 46.642 5856601
6.217 46.642 5856601
6.217 46.650 5856601
6.233 46.650 5856601
6.233 46.658 5856601
6.242 46.658 5856601
6.242 46.667 5856601
6.250 46.667 5856601
6.250 46.692 5856601
6.258 46.692 5856601
6.258 46.700 5856601
6.275 46.700 5856601
6.275 46.708 5856601
6.300 46.708 5856601
6.300 46.717 5856601
6.317 46.717 5856601
6.317 46.725 5856601
6.350 46.725 5856601
6.350 46.750 5856601
6.358 46.750 5856601
6.358 46.758 5856601
6.367 46.758 5856601
6.367 46.767 5856601
6.375 46.767 5856601
6.375 46.775 5856601
6.392 46.775 5856601
6.392 46.783 5856601
6.400 46.783 5856601
6.400 46.808 5856601
6.408 46.808 5856601
6.408 46.817 5856601
6.417 46.817 5856601
6.417 46.825 5856601
6.425 46.825 5856601
6.425 46.833 5856601
6.433 46.833 5856601
6.433 46.850 5856601
6.425 46.850 5856601
6.425 46.858 5856601
6.442 46.858 5856601
6.442 46.867 5856601
6.450 46.867 5856601
6.450 46.875 5856601
6.467 46.875 5856601
6.467 46.883 5856601
6.492 46.883 5856601
6.492 46.892 5856601
6.525 46.892 5856601
6.525 46.925 5856601
6.533 46.925 5856601
6.533 46.933 5856601
6.533 46.942 5856601
6.558 46.942 5856601
6.558 46.950 5856601
6.617 46.950 5856601
6.617 46.958 5856601
6.633 46.958 5856601
6.633 46.967 5856601
6.658 46.967 5856601
6.742 46.967 5856601
6.742 46.975 5856601
6.758 46.975 5856601
6.758 46.983 5856601
6.783 46.983 5856601
6.783 47.000 5856601
6.800 47.000 5856601
6.800 47.008 5856601
6.808 47.008 5856601
6.808 47.017 5856601
6.817 47.017 5856601
6.817 47.025 5856601
6.825 47.025 5856601
6.825 47.033 5856601
6.833 47.033 5856601
6.833 47.042 5856601
6.842 47.042 5856601
6.842 47.050 5856601
6.850 47.050 5856601
6.850 47.058 5856601
6.858 47.058 5856601
6.858 47.067 5856601
6.858 47.108 5856601
6.867 47.108 5856601
6.867 47.117 5856601
6.883 47.117 5856601
6.883 47.125 5856601
6.900 47.125 5856601
6.900 47.133 5856601
6.908 47.133 5856601
6.908 47.142 5856601
6.925 47.142 5856601
6.925 47.150 5856601
6.958 47.150 5856601
6.958 47.158 5856601
6.975 47.158 5856601
6.975 47.167 5856601
6.983 47.167 5856601
6.992 47.167 5856601
6.992 47.175 5856601
7.000 47.175 5856601
7.000 47.183 5856601
7.025 47.183 5856601
7.025 47.192 5856601
7.042 47.192 5856601
7.042 47.200 5856601
7.050 47.200 5856601
7.050 47.208 5856601
7.058 47.208 5856601
7.058 47.217 5856601
7.083 47.217 5856601
7.083 47.242 5856601
7.092 47.242 5856601
7.092 47.250 5856601
7.067 47.250 5856601
7.067 47.242 5856601
7.033 47.242 5856601
7.033 47.233 5856601
7.017 47.233 5856601
7.017 47.225 5856601
7.000 47.225 5856601
7.000 47.217 5856601
6.983 47.217 5856601
6.983 47.208 5856601
6.975 47.208 5856601
6.975 47.258 5856601
7.000 47.258 5856601
7.000 47.267 5856601
7.008 47.267 5856601
7.008 47.275 5856601
7.025 47.275 5856601
7.025 47.283 5856601
7.042 47.283 5856601
7.042 47.292 5856601
7.083 47.292 5856601
7.083 47.300 5856601
7.108 47.300 5856601
7.108 47.308 5856601
7.125 47.308 5856601
7.125 47.317 5856601
7.150 47.317 5856601
7.150 47.325 5856601
7.167 47.325 5856601
7.167 47.333 5856601
7.175 47.333 5856601
7.175 47.342 5856601
7.183 47.342 5856601
7.183 47.350 5856601
7.192 47.350 5856601
7.192 47.358 5856601
7.200 47.358 5856601
7.200 47.367 5856601
7.208 47.367 5856601
7.208 47.375 5856601
7.217 47.375 5856601
7.217 47.383 5856601
7.225 47.383 5856601
7.225 47.400 5856601
7.233 47.400 5856601
7.233 47.433 5856601
7.200 47.433 5856601
7.200 47.442 5856601
7.183 47.442 5856601
7.183 47.483 5856601
7.175 47.483 5856601
7.175 47.492 5856601
7.158 47.492 5856601
7.158 47.500 5856601
7.150 47.500 5856601
7.150 47.508 5856601
7.142 47.508 5856601
7.142 47.517 5856601
7.150 47.517 5856601
7.150 47.525 5856601
7.142 47.525 5856601
7.142 47.550 5856601
7.133 47.550 5856601
7.133 47.558 5856601
7.125 47.558 5856601
7.125 47.567 5856601
7.100 47.567 5856601
7.100 47.575 5856601
7.092 47.575 5856601
7.092 47.592 5856601
7.083 47.592 5856601
7.083 47.625 5856601
7.075 47.625 5856601
7.075 47.633 5856601
7.067 47.633 5856601
7.067 47.658 5856601
7.042 47.658 5856601
7.042 47.683 5856601
7.033 47.683 5856601
7.033 47.717 5856601
7.042 47.717 5856601
7.042 47.725 5856601
7.025 47.725 5856601
7.025 47.733 5856601
7.017 47.733 5856601
7.017 47.742 5856601
7.000 47.742 5856601
7.000 47.750 5856601
6.975 47.750 5856601
6.975 47.758 5856601
6.958 47.758 5856601
6.958 47.767 5856601
6.933 47.767 5856601
6.933 47.775 5856601
6.917 47.775 5856601
6.917 47.783 5856601
6.867 47.783 5856601
6.867 47.792 5856601
6.858 47.792 5856601
6.858 47.800 5856601
6.850 47.800 5856601
6.850 47.808 5856601
6.842 47.808 5856601
6.842 47.817 5856601
6.825 47.817 5856601
6.825 47.808 5856601
6.817 47.808 5856601
6.817 47.817 5856601
6.800 47.817 5856601
6.800 47.825 5856601
6.792 47.825 5856601
6.792 47.842 5856601
6.775 47.842 5856601
6.775 47.850 5856601
6.750 47.850 5856601
6.750 47.858 5856601
6.742 47.858 5856601
6.742 47.867 5856601
6.708 47.867 5856601
6.708 47.875 5856601
6.692 47.875 5856601
6.692 47.883 5856601
6.667 47.883 5856601
6.667 47.900 5856601
6.650 47.900 5856601
6.650 47.908 5856601
6.633 47.908 5856601
6.633 47.925 5856601
6.608 47.925 5856601
6.608 47.933 5856601
6.600 47.933 5856601
6.600 47.967 5856601
6.592 47.967 5856601
6.592 47.983 5856601
6.542 47.983 5856601
6.542 47.992 5856601
6.525 47.992 5856601
6.525 48.000 5856601
6.492 48.000 5856601
6.492 48.017 5856601
6.483 48.017 5856601
6.483 48.025 5856601
6.467 48.025 5856601
6.467 48.050 5856601
6.458 48.050 5856601
6.458 48.058 5856601
6.450 48.058 5856601
6.450 48.083 5856601
6.442 48.083 5856601
6.442 48.125 5856601
6.400 48.125 5856601
6.400 48.133 5856601
6.392 48.133 5856601
6.392 48.125 5856601
6.367 48.125 5856601
6.367 48.142 5856601
6.342 48.142 5856601
6.342 48.150 5856601
6.333 48.150 5856601
6.333 48.158 5856601
6.308 48.158 5856601
6.308 48.150 5856601
6.292 48.150 5856601
6.292 48.158 5856601
6.258 48.158 5856601
6.258 48.125 5856601
6.233 48.125 5856601
6.233 48.108 5856601
6.225 48.108 5856601
6.225 48.100 5856601
6.208 48.100 5856601
6.208 48.092 5856601
6.183 48.092 5856601
6.183 48.100 5856601
6.125 48.100 5856601
6.125 48.108 5856601
6.117 48.108 5856601
6.117 48.125 5856601
6.108 48.125 5856601
6.108 48.133 5856601
6.100 48.133 5856601
6.100 48.142 5856601
6.083 48.142 5856601
6.083 48.150 5856601
6.075 48.150 5856601
6.075 48.158 5856601
6.017 48.158 5856601
6.017 48.167 5856601
6.008 48.167 5856601
6.008 48.175 5856601
6.017 48.175 5856601
6.017 48.192 5856601
6.008 48.192 5856601
6.008 48.208 5856601
6.000 48.208 5856601
6.000 48.217 5856601
5.992 48.217 5856601
5.992 48.233 5856601
6.000 48.233 5856601
6.000 48.292 5856601
5.992 48.292 5856601
5.992 48.317 5856601
6.000 48.317 5856601
6.000 48.333 5856601
5.992 48.333 5856601
5.992 48.350 5856601
6.008 48.350 5856601
6.008 48.367 5856601
6.000 48.367 5856601
6.000 48.375 5856601
5.992 48.375 5856601
5.992 48.383 5856601
5.975 48.383 5856601
5.975 48.408 5856601
5.967 48.408 5856601
5.967 48.433 5856601
5.958 48.433 5856601
5.958 48.442 5856601
5.950 48.442 5856601
5.950 48.458 5856601
5.942 48.458 5856601
5.942 48.483 5856601
5.950 48.483 5856601
5.950 48.500 5856601
5.942 48.500 5856601
5.942 48.508 5856601
5.917 48.508 5856601
5.917 48.500 5856601
5.908 48.500 5856601
5.908 48.508 5856601
5.900 48.508 5856601
5.900 48.517 5856601
5.892 48.517 5856601
5.892 48.525 5856601
5.883 48.525 5856601
5.883 48.533 5856601
5.867 48.533 5856601
5.867 48.542 5856601
5.833 48.542 5856601
5.833 48.575 5856601
5.825 48.575 5856601
5.825 48.583 5856601
5.817 48.583 5856601
5.817 48.592 5856601
5.808 48.592 5856601
5.808 48.625 5856601
5.792 48.625 5856601
5.792 48.633 5856601
5.783 48.633 5856601
5.783 48.642 5856601
5.775 48.642 5856601
5.775 48.650 5856601
5.767 48.650 5856601
5.767 48.683 5856601
5.775 48.683 5856601
5.775 48.692 5856601
5.783 48.692 5856601
5.783 48.717 5856601
5.775 48.717 5856601
5.775 48.725 5856601
5.767 48.725 5856601
5.767 48.733 5856601
5.750 48.733 5856601
5.750 48.742 5856601
5.742 48.742 5856601
5.742 48.750 5856601
5.708 48.750 5856601
5.708 48.758 5856601
5.683 48.758 5856601
5.683 48.767 5856601
5.675 48.767 5856601
5.675 48.775 5856601
5.667 48.775 5856601
5.667 48.783 5856601
5.650 48.783 5856601
5.650 48.792 5856601
5.625 48.792 5856601
5.625 48.800 5856601
5.617 48.800 5856601
5.617 48.867 5856601
5.625 48.867 5856601
5.625 48.883 5856601
5.633 48.883 5856601
5.633 48.900 5856601
5.650 48.900 5856601
5.650 48.917 5856601
5.658 48.917 5856601
5.658 48.925 5856601
5.667 48.925 5856601
5.667 48.933 5856601
5.675 48.933 5856601
5.675 48.983 5856601
5.667 48.983 5856601
5.667 48.992 5856601
5.658 48.992 5856601
5.658 49.000 5856601
5.625 49.000 5856601
5.625 49.008 5856601
5.617 49.008 5856601
5.617 49.017 5856601
5.600 49.017 5856601
5.600 49.025 5856601
5.583 49.025 5856601
5.583 49.033 5856601
5.575 49.033 5856601
5.575 49.050 5856601
5.558 49.050 5856601
5.558 49.075 5856601
5.550 49.075 5856601
5.550 49.083 5856601
5.542 49.083 5856601
5.542 49.092 5856601
5.533 49.092 5856601
5.533 49.100 5856601
5.525 49.100 5856601
5.525 49.108 5856601
5.517 49.108 5856601
5.517 49.117 5856601
5.508 49.117 5856601
5.508 49.125 5856601
5.492 49.125 5856601
5.492 49.142 5856601
5.483 49.142 5856601
5.483 49.150 5856601
5.475 49.150 5856601
5.475 49.167 5856601
5.467 49.167 5856601
5.467 49.183 5856601
5.458 49.183 5856601
5.458 49.192 5856601
5.433 49.192 5856601
5.433 49.217 5856601
5.442 49.217 5856601
5.442 49.233 5856601
5.433 49.233 5856601
5.433 49.267 5856601
5.442 49.267 5856601
5.442 49.258 5856601
5.467 49.258 5856601
5.467 49.267 5856601
5.492 49.267 5856601
5.492 49.275 5856601
5.525 49.275 5856601
5.525 49.283 5856601
5.550 49.283 5856601
5.550 49.292 5856601
5.558 49.292 5856601
5.558 49.300 5856601
5.575 49.300 5856601
5.575 49.292 5856601
5.608 49.292 5856601
5.608 49.300 5856601
5.650 49.300 5856601
5.650 49.292 5856601
5.667 49.292 5856601
5.667 49.283 5856601
5.675 49.283 5856601
5.675 49.275 5856601
5.692 49.275 5856601
5.692 49.258 5856601
5.700 49.258 5856601
5.700 49.250 5856601
5.733 49.250 5856601
5.733 49.242 5856601
5.750 49.242 5856601
5.750 49.233 5856601
5.783 49.233 5856601
5.783 49.258 5856601
5.792 49.258 5856601
5.792 49.267 5856601
5.808 49.267 5856601
5.808 49.300 5856601
5.800 49.300 5856601
5.800 49.317 5856601
5.817 49.317 5856601
5.817 49.325 5856601
5.825 49.325 5856601
5.825 49.333 5856601
5.833 49.333 5856601
5.833 49.342 5856601
5.842 49.342 5856601
5.842 49.350 5856601
5.850 49.350 5856601
5.850 49.358 5856601
5.875 49.358 5856601
5.875 49.383 5856601
5.900 49.383 5856601
5.900 49.392 5856601
5.917 49.392 5856601
5.917 49.400 5856601
5.925 49.400 5856601
5.925 49.408 5856601
5.933 49.408 5856601
5.933 49.417 5856601
5.942 49.417 5856601
5.942 49.450 5856601
5.900 49.450 5856601
5.900 49.458 5856601
5.892 49.458 5856601
5.892 49.483 5856601
5.900 49.483 5856601
5.900 49.500 5856601
5.908 49.500 5856601
5.908 49.508 5856601
5.925 49.508 5856601
5.925 49.517 5856601
5.933 49.517 5856601
5.933 49.525 5856601
5.942 49.525 5856601
5.942 49.533 5856601
5.950 49.533 5856601
5.950 49.550 5856601
5.958 49.550 5856601
5.958 49.583 5856601
5.950 49.583 5856601
5.950 49.592 5856601
5.933 49.592 5856601
5.933 49.600 5856601
5.925 49.600 5856601
5.925 49.608 5856601
5.900 49.608 5856601
5.900 49.600 5856601
5.892 49.600 5856601
5.892 49.592 5856601
5.867 49.592 5856601
5.867 49.600 5856601
5.858 49.600 5856601
5.858 49.608 5856601
5.850 49.608 5856601
5.850 49.633 5856601
5.842 49.633 5856601
5.842 49.650 5856601
5.825 49.650 5856601
5.825 49.658 5856601
5.817 49.658 5856601
5.817 49.700 5856601
5.808 49.700 5856601
5.808 49.708 5856601
5.708 49.708 5856601
5.708 49.717 5856601
5.692 49.717 5856601
5.692 49.725 5856601
5.683 49.725 5856601
5.683 49.733 5856601
5.708 49.733 5856601
5.708 49.742 5856601
5.725 49.742 5856601
5.725 49.775 5856601
5.717 49.775 5856601
5.717 49.783 5856601
5.725 49.783 5856601
5.725 49.808 5856601
5.642 49.808 5856601
5.642 49.817 5856601
5.625 49.817 5856601
5.625 49.825 5856601
5.600 49.825 5856601
5.600 49.817 5856601
5.592 49.817 5856601
5.592 49.833 5856601
5.583 49.833 5856601
5.583 49.842 5856601
5.550 49.842 5856601
5.550 49.850 5856601
5.542 49.850 5856601
5.542 49.842 5856601
5.525 49.842 5856601
5.525 49.850 5856601
5.508 49.850 5856601
5.508 49.858 5856601
5.500 49.858 5856601
5.500 49.867 5856601
5.508 49.867 5856601
5.508 49.875 5856601
5.517 49.875 5856601
5.517 49.908 5856601
5.508 49.908 5856601
5.508 49.925 5856601
5.517 49.925 5856601
5.517 49.933 5856601
5.525 49.933 5856601
5.525 49.942 5856601
5.592 49.942 5856601
5.592 49.950 5856601
5.600 49.950 5856601
5.600 49.958 5856601
5.642 49.958 5856601
5.642 49.967 5856601
5.650 49.967 5856601
5.650 49.975 5856601
5.658 49.975 5856601
5.658 49.983 5856601
5.667 49.983 5856601
5.667 49.992 5856601
5.683 49.992 5856601
5.683 50.000 5856601
5.692 50.000 5856601
5.692 50.008 5856601
5.708 50.008 5856601
5.708 50.017 5856601
5.725 50.017 5856601
5.725 50.025 5856601
5.742 50.025 5856601
5.742 50.033 5856601
5.775 50.033 5856601
5.775 50.042 5856601
5.792 50.042 5856601
5.792 50.050 5856601
5.817 50.050 5856601
5.817 50.058 5856601
5.833 50.058 5856601
5.833 50.067 5856601
5.850 50.067 5856601
5.850 50.075 5856601
5.875 50.075 5856601
5.875 50.083 5856601
5.883 50.083 5856601
5.883 50.092 5856601
5.892 50.092 5856601
5.892 50.100 5856601
5.900 50.100 5856601
5.900 50.133 5856601
5.917 50.133 5856601
5.917 50.142 5856601
5.925 50.142 5856601
5.925 50.150 5856601
5.950 50.150 5856601
5.950 50.158 5856601
5.975 50.158 5856601
5.975 50.167 5856601
5.992 50.167 5856601
5.992 50.175 5856601
6.017 50.175 5856601
6.017 50.208 5856601
6.008 50.208 5856601
6.008 50.225 5856601
6.025 50.225 5856601
6.025 50.258 5856601
6.008 50.258 5856601
6.008 50.283 5856601
6.042 50.283 5856601
6.042 50.292 5856601
6.058 50.292 5856601
6.058 50.300 5856601
6.158 50.300 5856601
6.158 50.308 5856601
6.175 50.308 5856601
6.175 50.317 5856601
6.200 50.317 5856601
6.200 50.325 5856601
6.225 50.325 5856601
6.225 50.333 5856601
6.250 50.333 5856601
6.250 50.358 5856601
6.267 50.358 5856601
6.267 50.375 5856601
6.308 50.375 5856601
6.308 50.383 5856601
6.317 50.383 5856601
6.317 50.392 5856601
6.333 50.392 5856601
6.333 50.383 5856601
6.342 50.383 5856601
6.342 50.392 5856601
6.350 50.392 5856601
6.350 50.400 5856601
6.358 50.400 5856601
6.358 50.408 5856601
6.367 50.408 5856601
6.367 50.417 5856601
6.400 50.417 5856601
6.400 50.408 5856601
6.408 50.408 5856601
6.408 50.417 5856601
6.442 50.417 5856601
6.442 50.408 5856601
6.450 50.408 5856601
6.450 50.417 5856601
6.517 50.417 5856601
6.517 50.408 5856601
6.575 50.408 5856601
6.575 50.417 5856601
6.600 50.417 5856601
6.600 50.425 5856601
6.608 50.425 5856601
6.608 50.433 5856601
6.633 50.433 5856601
6.633 50.450 5856601
6.642 50.450 5856601
6.642 50.458 5856601
6.675 50.458 5856601
6.675 50.467 5856601
6.692 50.467 5856601
6.692 50.492 5856601
6.683 50.492 5856601
6.683 50.500 5856601
6.658 50.500 5856601
6.658 50.508 5856601
6.642 50.508 5856601
6.642 50.517 5856601
6.633 50.517 5856601
6.633 50.525 5856601
6.583 50.525 5856601
6.583 50.533 5856601
6.575 50.533 5856601
6.575 50.550 5856601
6.567 50.550 5856601
6.567 50.558 5856601
6.558 50.558 5856601
6.558 50.567 5856601
6.550 50.567 5856601
6.550 50.575 5856601
6.542 50.575 5856601
6.542 50.583 5856601
6.525 50.583 5856601
6.525 50.592 5856601
6.517 50.592 5856601
6.517 50.617 5856601
6.525 50.617 5856601
6.525 50.650 5856601
6.517 50.650 5856601
6.517 50.675 5856601
6.508 50.675 5856601
6.508 50.692 5856601
6.525 50.692 5856601
6.525 50.700 5856601
6.542 50.700 5856601
6.542 50.708 5856601
6.583 50.708 5856601
6.583 50.742 5856601
6.592 50.742 5856601
6.592 50.775 5856601
6.583 50.775 5856601
6.583 50.800 5856601
6.575 50.800 5856601
6.575 50.808 5856601
6.567 50.808 5856601
6.567 50.817 5856601
6.550 50.817 5856601
6.550 50.825 5856601
6.542 50.825 5856601
6.542 50.833 5856601
6.533 50.833 5856601
6.533 50.850 5856601
6.525 50.850 5856601
6.525 50.858 5856601
6.508 50.858 5856601
6.508 50.867 5856601
6.492 50.867 5856601
6.492 50.875 5856601
6.475 50.875 5856601
6.475 50.892 5856601
6.467 50.892 5856601
6.467 50.900 5856601
6.458 50.900 5856601
6.458 50.917 5856601
6.450 50.917 5856601
6.450 50.925 5856601
6.442 50.925 5856601
6.442 50.933 5856601
6.400 50.933 5856601
6.400 50.942 5856601
6.375 50.942 5856601
6.375 50.950 5856601
6.367 50.950 5856601
6.367 50.958 5856601
6.383 50.958 5856601
6.383 50.975 5856601
6.417 50.975 5856601
6.417 50.983 5856601
6.433 50.983 5856601
6.433 50.992 5856601
6.450 50.992 5856601
6.450 51.042 5856601
6.458 51.042 5856601
6.458 51.050 5856601
6.467 51.050 5856601
6.467 51.067 5856601
6.475 51.067 5856601
6.475 51.092 5856601
6.467 51.092 5856601
6.467 51.100 5856601
6.483 51.100 5856601
6.483 51.108 5856601
6.508 51.108 5856601
6.508 51.100 5856601
6.517 51.100 5856601
6.517 51.092 5856601
6.542 51.092 5856601
6.542 51.100 5856601
6.567 51.100 5856601
6.567 51.108 5856601
6.575 51.108 5856601
6.575 51.117 5856601
6.583 51.117 5856601
6.583 51.133 5856601
6.600 51.133 5856601
6.600 51.142 5856601
6.625 51.142 5856601
6.625 51.150 5856601
6.617 51.150 5856601
6.617 51.158 5856601
6.608 51.158 5856601
6.608 51.208 5856601
6.617 51.208 5856601
6.617 51.267 5856601
6.567 51.267 5856601
6.567 51.317 5856601
6.558 51.317 5856601
6.558 51.325 5856601
6.567 51.325 5856601
6.567 51.333 5856601
6.592 51.333 5856601
6.592 51.342 5856601
6.625 51.342 5856601
6.625 51.367 5856601
6.617 51.367 5856601
6.617 51.383 5856601
6.608 51.383 5856601
6.608 51.400 5856601
6.600 51.400 5856601
6.600 51.408 5856601
6.592 51.408 5856601
6.592 51.425 5856601
6.583 51.425 5856601
6.583 51.458 5856601
6.575 51.458 5856601
6.575 51.467 5856601
6.567 51.467 5856601
6.567 51.492 5856601
6.550 51.492 5856601
6.550 51.500 5856601
6.542 51.500 5856601
6.542 51.517 5856601
6.533 51.517 5856601
6.533 51.525 5856601
6.525 51.525 5856601
6.525 51.533 5856601
6.517 51.533 5856601
6.517 51.542 5856601
6.508 51.542 5856601
6.508 51.550 5856601
6.492 51.550 5856601
6.492 51.567 5856601
6.483 51.567 5856601
6.483 51.575 5856601
6.433 51.575 5856601
6.433 51.583 5856601
6.400 51.583 5856601
6.400 51.592 5856601
6.383 51.592 5856601
6.383 51.625 5856601
6.375 51.625 5856601
6.375 51.633 5856601
6.358 51.633 5856601
6.358 51.642 5856601
6.350 51.642 5856601
6.350 51.658 5856601
6.317 51.658 5856601
6.317 51.667 5856601
6.308 51.667 5856601
6.308 51.683 5856601
6.300 51.683 5856601
6.300 51.708 5856601
6.267 51.708 5856601
6.267 51.717 5856601
6.208 51.717 5856601
6.208 51.733 5856601
6.200 51.733 5856601
6.200 51.742 5856601
6.192 51.742 5856601
6.192 51.733 5856601
6.175 51.733 5856601
6.175 51.725 5856601
6.142 51.725 5856601
6.142 51.733 5856601
6.125 51.733 5856601
6.125 51.742 5856601
6.100 51.742 5856601
6.100 51.750 5856601
6.083 51.750 5856601
6.083 51.767 5856601
6.075 51.767 5856601
6.075 51.758 5856601
6.067 51.758 5856601
6.067 51.750 5856601
6.042 51.750 5856601
6.042 51.742 5856601
6.033 51.742 5856601
6.033 51.750 5856601
5.925 51.750 5856601
5.925 51.758 5856601
5.917 51.758 5856601
5.917 51.767 5856601
5.908 51.767 5856601
5.908 51.800 5856601
5.917 51.800 5856601
5.917 51.817 5856601
5.900 51.817 5856601
5.900 51.825 5856601
5.883 51.825 5856601
5.883 51.833 5856601
5.858 51.833 5856601
5.858 51.825 5856601
5.825 51.825 5856601
5.825 51.817 5856601
5.817 51.817 5856601
5.817 51.808 5856601
5.758 51.808 5856601
5.758 51.817 5856601
5.725 51.817 5856601
5.725 51.825 5856601
5.717 51.825 5856601
5.717 51.833 5856601
5.700 51.833 5856601
5.700 51.842 5856601
5.683 51.842 5856601
5.683 51.850 5856601
5.667 51.850 5856601
5.667 51.858 5856601
5.617 51.858 5856601
5.617 51.867 5856601
5.550 51.867 5856601
5.550 51.858 5856601
5.458 51.858 5856601
5.458 51.850 5856601
5.450 51.850 5856601
5.450 51.842 5856601
5.433 51.842 5856601
5.433 51.833 5856601
5.417 51.833 5856601
5.417 51.825 5856601
5.392 51.825 5856601
5.392 51.817 5856601
5.383 51.817 5856601
5.383 51.808 5856601
5.358 51.808 5856601
5.358 51.792 5856601
5.350 51.792 5856601
5.350 51.783 5856601
5.342 51.783 5856601
5.342 51.792 5856601
5.325 51.792 5856601
5.325 51.783 5856601
5.275 51.783 5856601
5.275 51.775 5856601
5.175 51.775 5856601
5.175 51.783 5856601
5.158 51.783 5856601
5.158 51.775 5856601
5.150 51.775 5856601
5.150 51.767 5856601
5.125 51.767 5856601
5.125 51.758 5856601
5.117 51.758 5856601
5.117 51.767 5856601
5.092 51.767 5856601
5.092 51.758 5856601
5.042 51.758 5856601
5.042 51.775 5856601
5.033 51.775 5856601
5.033 51.783 5856601
5.025 51.783 5856601
5.025 51.792 5856601
5.008 51.792 5856601
5.008 51.800 5856601
4.967 51.800 5856601
4.967 51.792 5856601
4.917 51.792 5856601
4.917 51.800 5856601
4.900 51.800 5856601
4.900 51.792 5856601
4.858 51.792 5856601
4.858 51.783 5856601
4.842 51.783 5856601
4.842 51.775 5856601
4.800 51.775 5856601
4.800 51.783 5856601
4.808 51.783 5856601
4.808 51.800 5856601
4.750 51.800 5856601
4.750 51.808 5856601
4.733 51.808 5856601
4.733 51.792 5856601
4.725 51.792 5856601
4.725 51.775 5856601
4.708 51.775 5856601
4.675 51.775 5856601
4.675 51.783 5856601
4.658 51.783 5856601
4.658 51.775 5856601
4.642 51.775 5856601
4.642 51.792 5856601
4.617 51.792 5856601
4.617 51.783 5856601
4.608 51.783 5856601
4.608 51.775 5856601
4.592 51.775 5856601
4.592 51.767 5856601
4.583 51.767 5856601
4.583 51.758 5856601
4.575 51.758 5856601
4.575 51.750 5856601
4.567 51.750 5856601
4.567 51.742 5856601
4.550 51.742 5856601
4.550 51.733 5856601
4.542 51.733 5856601
4.542 51.725 5856601
4.533 51.725 5856601
4.533 51.733 5856601
4.525 51.733 5856601
4.517 51.733 5856601
4.508 51.733 5856601
4.508 51.742 5856601
4.500 51.742 5856601
4.492 51.742 5856601
4.492 51.750 5856601
4.483 51.750 5856601
4.475 51.750 5856601
4.475 51.758 5856601
4.450 51.758 5856601
4.450 51.767 5856601
4.442 51.767 5856601
4.425 51.767 5856601
4.425 51.775 5856601
4.417 51.775 5856601
4.417 51.817 5856601
4.408 51.817 5856601
4.408 51.825 5856601
4.400 51.825 5856601
4.400 51.833 5856601
4.333 51.833 5856601
4.333 51.842 5856601
4.242 51.842 5856601
4.242 51.850 5856601
4.233 51.850 5856601
4.233 51.858 5856601
4.225 51.858 5856601
4.225 51.867 5856601
4.217 51.867 5856601
4.217 51.875 5856601
4.208 51.875 5856601
4.208 51.883 5856601
4.175 51.883 5856601
4.175 51.875 5856601
4.167 51.875 5856601
4.167 51.883 5856601
4.150 51.883 5856601
4.150 51.892 5856601
4.158 51.892 5856601
4.158 51.900 5856601
4.167 51.900 5856601
4.167 51.908 5856601
4.175 51.908 5856601
4.175 51.917 5856601
4.183 51.917 5856601
4.183 51.925 5856601
4.175 51.925 5856601
4.175 51.933 5856601
4.167 51.933 5856601
4.167 51.942 5856601
4.158 51.942 5856601
4.158 51.958 5856601
4.150 51.958 5856601
4.150 51.967 5856601
4.158 51.967 5856601
4.158 51.975 5856601
4.167 51.975 5856601
4.167 51.983 5856601
4.175 51.983 5856601
4.175 51.992 5856601
4.183 51.992 5856601
4.183 52.000 5856601
4.233 52.000 5856601
4.233 52.008 5856601
4.242 52.008 5856601
4.242 52.033 5856601
4.233 52.033 5856601
4.233 52.050 5856601
4.242 52.050 5856601
4.242 52.058 5856601
4.242 52.067 5856601
4.267 52.067 5856601
4.267 52.083 5856601
4.275 52.083 5856601
4.283 52.083 5856601
4.283 52.092 5856601
4.300 52.092 5856601
4.300 52.100 5856601
4.317 52.100 5856601
4.317 52.108 5856601
4.317 52.117 5856601
4.325 52.117 5856601
4.333 52.117 5856601
4.333 52.125 5856601
4.350 52.125 5856601
4.350 52.133 5856601
4.358 52.133 5856601
4.358 52.142 5856601
4.367 52.142 5856601
4.367 52.133 5856601
4.400 52.133 5856601
4.400 52.142 5856601
4.433 52.142 5856601
4.433 52.133 5856601
4.442 52.133 5856601
4.442 52.142 5856601
4.492 52.142 5856601
4.492 52.133 5856601
4.500 52.133 5856601
4.500 52.117 5856601
4.508 52.117 5856601
4.508 52.108 5856601
4.517 52.108 5856601
4.517 52.117 5856601
4.542 52.117 5856601
4.542 52.108 5856601
4.583 52.108 5856601
4.583 52.100 5856601
4.600 52.100 5856601
4.600 52.108 5856601
4.625 52.108 5856601
4.625 52.100 5856601
4.650 52.100 5856601
4.650 52.092 5856601
4.700 52.092 5856601
4.700 52.083 5856601
4.717 52.083 5856601
4.717 52.075 5856601
4.742 52.075 5856601
4.742 52.067 5856601
4.783 52.067 5856601
4.783 52.058 5856601
4.800 52.058 5856601
4.800 52.042 5856601
4.808 52.042 5856601
4.808 52.050 5856601
4.850 52.050 5856601
4.850 52.058 5856601
4.875 52.058 5856601
4.875 52.050 5856601
4.883 52.050 5856601
4.883 52.058 5856601
4.908 52.058 5856601
4.908 52.067 5856601
4.917 52.067 5856601
4.917 52.075 5856601
5.025 52.075 5856601
5.025 52.067 5856601
5.033 52.067 5856601
5.033 52.058 5856601
5.042 52.058 5856601
5.042 52.050 5856601
5.083 52.050 5856601
5.092 52.050 5856601
5.092 52.042 5856601
5.142 52.042 5856601
5.142 52.050 5856601
5.150 52.050 5856601
5.150 52.067 5856601
5.158 52.067 5856601
5.158 52.075 5856601
5.175 52.075 5856601
5.175 52.067 5856601
5.208 52.067 5856601
5.208 52.050 5856601
5.242 52.050 5856601
5.242 52.058 5856601
5.267 52.058 5856601
5.267 52.075 5856601
5.283 52.075 5856601
5.283 52.092 5856601
5.308 52.092 5856601
5.308 52.100 5856601
5.342 52.100 5856601
5.342 52.050 5856601
5.358 52.050 5856601
5.358 52.042 5856601
5.392 52.042 5856601
5.392 52.033 5856601
5.408 52.033 5856601
5.408 52.025 5856601
5.450 52.025 5856601
5.450 52.017 5856601
5.483 52.017 5856601
5.483 52.008 5856601
5.500 52.008 5856601
5.500 52.000 5856601
5.533 52.000 5856601
5.533 51.992 5856601
5.542 51.992 5856601
5.542 51.983 5856601
5.558 51.983 5856601
5.558 51.992 5856601
5.592 51.992 5856601
5.592 51.983 5856601
5.608 51.983 5856601
5.608 51.975 5856601
5.625 51.975 5856601
5.625 51.992 5856601
5.642 51.992 5856601
5.642 52.000 5856601
5.650 52.000 5856601
5.650 52.008 5856601
5.700 52.008 5856601
5.700 52.033 5856601
5.692 52.033 5856601
5.692 52.058 5856601
5.683 52.058 5856601
5.683 52.083 5856601
5.717 52.083 5856601
5.717 52.075 5856601
5.733 52.075 5856601
5.733 52.067 5856601
5.775 52.067 5856601
5.775 52.075 5856601
5.783 52.075 5856601
5.783 52.083 5856601
5.800 52.083 5856601
5.800 52.092 5856601
5.858 52.092 5856601
5.858 52.100 5856601
5.892 52.100 5856601
5.892 52.108 5856601
5.900 52.108 5856601
5.900 52.100 5856601
5.933 52.100 5856601
5.933 52.092 5856601
5.942 52.092 5856601
5.942 52.075 5856601
5.950 52.075 5856601
5.950 52.067 5856601
5.967 52.067 5856601
5.967 52.058 5856601
5.975 52.058 5856601
5.975 52.025 5856601
5.950 52.025 5856601
5.950 52.017 5856601
5.958 52.017 5856601
5.958 51.967 5856601
5.975 51.967 5856601
5.975 51.950 5856601
5.983 51.950 5856601
5.983 51.942 5856601
6.050 51.942 5856601
6.050 51.933 5856601
6.142 51.933 5856601
6.142 51.925 5856601
6.167 51.925 5856601
6.167 51.892 5856601
6.175 51.892 5856601
6.175 51.883 5856601
6.200 51.883 5856601
6.200 51.892 5856601
6.208 51.892 5856601
6.208 51.900 5856601
6.217 51.900 5856601
6.217 51.908 5856601
6.225 51.908 5856601
6.225 51.917 5856601
6.233 51.917 5856601
6.233 51.900 5856601
6.242 51.900 5856601
6.242 51.892 5856601
6.250 51.892 5856601
6.250 51.900 5856601
6.308 51.900 5856601
6.308 51.892 5856601
6.325 51.892 5856601
6.325 51.883 5856601
6.358 51.883 5856601
6.358 51.875 5856601
6.367 51.875 5856601
6.367 51.867 5856601
6.375 51.867 5856601
6.375 51.850 5856601
6.392 51.850 5856601
6.392 51.842 5856601
6.408 51.842 5856601
6.408 51.833 5856601
6.425 51.833 5856601
6.425 51.825 5856601
6.433 51.825 5856601
6.433 51.808 5856601
6.475 51.808 5856601
6.475 51.800 5856601
6.483 51.800 5856601
6.483 51.792 5856601
6.492 51.792 5856601
6.492 51.783 5856601
6.500 51.783 5856601
6.500 51.767 5856601
6.517 51.767 5856601
6.517 51.758 5856601
6.533 51.758 5856601
6.533 51.717 5856601
6.550 51.717 5856601
6.550 51.708 5856601
6.558 51.708 5856601
6.558 51.692 5856601
6.617 51.692 5856601
6.617 51.683 5856601
6.625 51.683 5856601
6.625 51.675 5856601
6.633 51.675 5856601
6.633 51.667 5856601
6.675 51.667 5856601
6.675 51.658 5856601
6.742 51.658 5856601
6.742 51.675 5856601
6.750 51.675 5856601
6.750 51.700 5856601
6.767 51.700 5856601
6.767 51.708 5856601
6.783 51.708 5856601
6.783 51.717 5856601
6.808 51.717 5856601
6.808 51.725 5856601
6.817 51.725 5856601
6.817 51.717 5856601
6.833 51.717 5856601
6.833 51.725 5856601
6.842 51.725 5856601
6.842 51.750 5856601
6.867 51.750 5856601
6.867 51.767 5856601
6.875 51.767 5856601
6.875 51.775 5856601
6.883 51.775 5856601
6.883 51.783 5856601
6.900 51.783 5856601
6.900 51.792 5856601
6.917 51.792 5856601
6.917 51.800 5856601
6.967 51.800 5856601
6.967 51.808 5856601
6.975 51.808 5856601
6.975 51.817 5856601
6.992 51.817 5856601
6.992 51.833 5856601
7.042 51.833 5856601
7.042 51.883 5856601
7.050 51.883 5856601
7.050 51.892 5856601
7.058 51.892 5856601
7.058 51.900 5856601
7.067 51.900 5856601
7.067 51.908 5856601
7.092 51.908 5856601
7.092 51.917 5856601
7.100 51.917 5856601
7.100 51.925 5856601
7.117 51.925 5856601
7.117 51.917 5856601
7.158 51.917 5856601
7.158 51.925 5856601
7.175 51.925 5856601
7.175 51.917 5856601
7.225 51.917 5856601
7.225 51.925 5856601
7.267 51.925 5856601
7.267 51.933 5856601
7.283 51.933 5856601
7.283 51.942 5856601
7.292 51.942 5856601
7.292 51.950 5856601
7.317 51.950 5856601
7.317 51.958 5856601
7.325 51.958 5856601
7.325 51.967 5856601
7.375 51.967 5856601
7.375 51.958 5856601
7.400 51.958 5856601
7.400 51.950 5856601
7.417 51.950 5856601
7.417 51.942 5856601
7.425 51.942 5856601
7.425 51.933 5856601
7.442 51.933 5856601
7.442 51.942 5856601
7.483 51.942 5856601
7.483 51.933 5856601
7.525 51.933 5856601
7.525 51.925 5856601
7.550 51.925 5856601
7.550 51.908 5856601
7.542 51.908 5856601
7.542 51.867 5856601
7.558 51.867 5856601
7.558 51.858 5856601
7.567 51.858 5856601
7.567 51.850 5856601
7.625 51.850 5856601
7.625 51.833 5856601
7.633 51.833 5856601
7.633 51.800 5856601
7.625 51.800 5856601
7.625 51.783 5856601
7.617 51.783 5856601
7.617 51.758 5856601
7.608 51.758 5856601
7.608 51.750 5856601
7.617 51.750 5856601
7.617 51.742 5856601
7.608 51.742 5856601
7.608 51.725 5856601
7.625 51.725 5856601
7.625 51.733 5856601
7.667 51.733 5856601
7.667 51.725 5856601
7.725 51.725 5856601
7.725 51.733 5856601
7.733 51.733 5856601
7.733 51.742 5856601
7.767 51.742 5856601
7.767 51.750 5856601
7.775 51.750 5856601
7.775 51.742 5856601
7.825 51.742 5856601
7.825 51.733 5856601
7.850 51.733 5856601
7.850 51.742 5856601
7.892 51.742 5856601
7.892 51.733 5856601
7.908 51.733 5856601
7.908 51.725 5856601
7.983 51.725 5856601
7.983 51.733 5856601
8.017 51.733 5856601
8.017 51.742 5856601
8.075 51.742 5856601
8.075 51.758 5856601
8.083 51.758 5856601
8.083 51.775 5856601
8.133 51.775 5856601
8.133 51.767 5856601
8.142 51.767 5856601
8.142 51.775 5856601
8.158 51.775 5856601
8.158 51.767 5856601
8.167 51.767 5856601
8.167 51.758 5856601
8.225 51.758 5856601
8.225 51.767 5856601
8.325 51.767 5856601
8.325 51.758 5856601
8.333 51.758 5856601
8.333 51.767 5856601
8.375 51.767 5856601
8.375 51.775 5856601
8.442 51.775 5856601
8.442 51.758 5856601
8.450 51.758 5856601
8.450 51.750 5856601
8.517 51.750 5856601
8.517 51.758 5856601
8.533 51.758 5856601
8.533 51.767 5856601
8.575 51.767 5856601
8.575 51.775 5856601
8.617 51.775 5856601
8.617 51.783 5856601
8.625 51.783 5856601
8.625 51.792 5856601
8.733 51.792 5856601
8.733 51.800 5856601
8.742 51.800 5856601
8.742 51.808 5856601
8.758 51.808 5856601
8.758 51.817 5856601
8.783 51.817 5856601
8.783 51.825 5856601
8.792 51.825 5856601
8.792 51.833 5856601
8.808 51.833 5856601
8.808 51.850 5856601
8.817 51.850 5856601
8.817 51.858 5856601
8.825 51.858 5856601
8.825 51.867 5856601
8.833 51.867 5856601
8.833 51.875 5856601
8.842 51.875 5856601
8.842 51.883 5856601
8.850 51.883 5856601
8.850 51.875 5856601
8.858 51.875 5856601
8.858 51.867 5856601
8.867 51.867 5856601
8.867 51.858 5856601
8.892 51.858 5856601
8.892 51.850 5856601
8.917 51.850 5856601
8.917 51.842 5856601
8.925 51.842 5856601
8.925 51.817 5856601
8.942 51.817 5856601
8.942 51.800 5856601
8.950 51.800 5856601
8.950 51.792 5856601
8.958 51.792 5856601
8.958 51.783 5856601
8.967 51.783 5856601
8.967 51.775 5856601
8.975 51.775 5856601
8.975 51.758 5856601
8.983 51.758 5856601
8.983 51.708 5856601
8.992 51.708 5856601
8.992 51.700 5856601
8.983 51.700 5856601
8.983 51.692 5856601
8.975 51.692 5856601
8.975 51.683 5856601
8.967 51.683 5856601
8.967 51.658 5856601
8.975 51.658 5856601
8.975 51.625 5856601
8.983 51.625 5856601
8.983 51.600 5856601
8.992 51.600 5856601
8.992 51.592 5856601
9.008 51.592 5856601
9.008 51.575 5856601
8.992 51.575 5856601
8.992 51.567 5856601
8.925 51.567 5856601
8.925 51.558 5856601
8.917 51.558 5856601
8.917 51.533 5856601
8.883 51.533 5856601
8.883 51.525 5856601
8.867 51.525 5856601
8.867 51.517 5856601
8.858 51.517 5856601
8.858 51.500 5856601
8.825 51.500 5856601
8.825 51.483 5856601
8.817 51.483 5856601
8.817 51.475 5856601
8.800 51.475 5856601
8.800 51.467 5856601
8.783 51.467 5856601
8.783 51.458 5856601
8.775 51.458 5856601
8.775 51.450 5856601
8.767 51.450 5856601
8.767 51.442 5856601
8.725 51.442 5856601
8.725 51.450 5856601
8.717 51.450 5856601
8.717 51.442 5856601
8.700 51.442 5856601
8.700 51.433 5856601
8.692 51.433 5856601
8.692 51.425 5856601
8.683 51.425 5856601
8.683 51.417 5856601
8.675 51.417 5856601
8.675 51.408 5856601
8.650 51.408 5856601
8.650 51.400 5856601
8.633 51.400 5856601
8.633 51.392 5856601
8.625 51.392 5856601
8.625 51.383 5856601
8.575 51.383 5856601
8.575 51.375 5856601
8.567 51.375 5856601
8.567 51.367 5856601
8.558 51.367 5856601
8.558 51.350 5856601
8.567 51.350 5856601
8.567 51.342 5856601
8.558 51.342 5856601
8.558 51.308 5856601
8.567 51.308 5856601
8.567 51.300 5856601
8.558 51.300 5856601
8.558 51.267 5856601
8.567 51.267 5856601
8.567 51.258 5856601
8.592 51.258 5856601
8.592 51.225 5856601
8.567 51.225 5856601
8.567 51.217 5856601
8.542 51.217 5856601
8.542 51.208 5856601
8.525 51.208 5856601
8.525 51.200 5856601
8.508 51.200 5856601
8.508 51.192 5856601
8.492 51.192 5856601
8.492 51.183 5856601
8.483 51.183 5856601
8.483 51.167 5856601
8.467 51.167 5856601
8.467 51.158 5856601
8.450 51.158 5856601
8.450 51.142 5856601
8.442 51.142 5856601
8.442 51.133 5856601
8.408 51.133 5856601
8.408 51.125 5856601
8.392 51.125 5856601
8.392 51.117 5856601
8.383 51.117 5856601
8.383 51.108 5856601
8.375 51.108 5856601
8.375 51.100 5856601
8.350 51.100 5856601
8.350 51.092 5856601
8.300 51.092 5856601
8.300 51.100 5856601
8.233 51.100 5856601
8.233 51.083 5856601
8.217 51.083 5856601
8.217 51.075 5856601
8.208 51.075 5856601
8.208 51.067 5856601
8.183 51.067 5856601
8.183 51.058 5856601
8.175 51.058 5856601
8.175 51.050 5856601
8.183 51.050 5856601
8.183 51.033 5856601
8.192 51.033 5856601
8.192 51.017 5856601
8.183 51.017 5856601
8.183 51.008 5856601
8.175 51.008 5856601
8.175 50.992 5856601
8.167 50.992 5856601
8.167 50.983 5856601
8.175 50.983 5856601
8.175 50.950 5856601
8.192 50.950 5856601
8.192 50.942 5856601
8.217 50.942 5856601
8.217 50.933 5856601
8.267 50.933 5856601
8.267 50.942 5856601
8.275 50.942 5856601
8.275 50.975 5856601
8.283 50.975 5856601
8.283 50.983 5856601
8.292 50.983 5856601
8.292 50.992 5856601
8.317 50.992 5856601
8.317 50.975 5856601
8.342 50.975 5856601
8.342 50.983 5856601
8.383 50.983 5856601
8.383 50.992 5856601
8.392 50.992 5856601
8.392 50.983 5856601
8.408 50.983 5856601
8.408 50.975 5856601
8.442 50.975 5856601
8.442 50.967 5856601
8.458 50.967 5856601
8.458 50.975 5856601
8.483 50.975 5856601
8.483 50.967 5856601
8.500 50.967 5856601
8.500 50.958 5856601
8.533 50.958 5856601
8.533 50.950 5856601
8.542 50.950 5856601
8.542 50.958 5856601
8.600 50.958 5856601
8.600 50.975 5856601
8.617 50.975 5856601
8.617 50.983 5856601
8.625 50.983 5856601
8.625 50.992 5856601
8.617 50.992 5856601
8.617 51.000 5856601
8.625 51.000 5856601
8.625 51.008 5856601
8.650 51.008 5856601
8.650 51.000 5856601
8.692 51.000 5856601
8.692 51.008 5856601
8.725 51.008 5856601
8.725 51.017 5856601
8.775 51.017 5856601
8.775 51.008 5856601
8.783 51.008 5856601
8.783 51.000 5856601
8.792 51.000 5856601
8.792 50.983 5856601
8.825 50.983 5856601
8.825 51.000 5856601
8.842 51.000 5856601
8.842 51.008 5856601
8.850 51.008 5856601
8.850 51.017 5856601
8.867 51.017 5856601
8.867 51.033 5856601
8.875 51.033 5856601
8.875 51.042 5856601
8.883 51.042 5856601
8.883 51.050 5856601
8.925 51.050 5856601
8.925 51.058 5856601
8.933 51.058 5856601
8.933 51.075 5856601
8.958 51.075 5856601
8.958 51.067 5856601
8.967 51.067 5856601
8.967 51.058 5856601
8.992 51.058 5856601
8.992 51.067 5856601
9.025 51.067 5856601
9.025 51.058 5856601
9.033 51.058 5856601
9.033 51.033 5856601
9.017 51.033 5856601
9.017 51.017 5856601
9.025 51.017 5856601
9.025 50.992 5856601
9.033 50.992 5856601
9.033 50.975 5856601
9.025 50.975 5856601
9.025 50.967 5856601
9.033 50.967 5856601
9.033 50.958 5856601
9.042 50.958 5856601
9.042 50.942 5856601
9.050 50.942 5856601
9.050 50.892 5856601
9.058 50.892 5856601
9.058 50.858 5856601
9.050 50.858 5856601
9.050 50.825 5856601
9.117 50.825 5856601
9.117 50.817 5856601
9.142 50.817 5856601
9.142 50.808 5856601
9.150 50.808 5856601
9.150 50.792 5856601
9.158 50.792 5856601
9.158 50.783 5856601
9.167 50.783 5856601
9.167 50.775 5856601
9.175 50.775 5856601
9.175 50.767 5856601
9.183 50.767 5856601
9.183 50.742 5856601
9.175 50.742 5856601
9.175 50.725 5856601
9.167 50.725 5856601
9.167 50.708 5856601
9.158 50.708 5856601
9.158 50.700 5856601
9.167 50.700 5856601
9.167 50.667 5856601
9.208 50.667 5856601
9.208 50.642 5856601
9.217 50.642 5856601
9.217 50.633 5856601
9.225 50.633 5856601
9.225 50.625 5856601
9.242 50.625 5856601
9.242 50.608 5856601
9.250 50.608 5856601
9.250 50.592 5856601
9.242 50.592 5856601
9.242 50.575 5856601
9.233 50.575 5856601
9.233 50.542 5856601
9.225 50.542 5856601
9.225 50.533 5856601
9.233 50.533 5856601
9.233 50.525 5856601
9.242 50.525 5856601
9.242 50.517 5856601
9.250 50.517 5856601
9.250 50.508 5856601
9.258 50.508 5856601
9.258 50.500 5856601
9.275 50.500 5856601
9.275 50.483 5856601
9.283 50.483 5856601
9.283 50.467 5856601
9.317 50.467 5856601
9.317 50.458 5856601
9.350 50.458 5856601
9.350 50.450 5856601
9.358 50.450 5856601
9.358 50.458 5856601
9.367 50.458 5856601
9.367 50.450 5856601
9.400 50.450 5856601
9.400 50.458 5856601
9.417 50.458 5856601
9.417 50.467 5856601
9.442 50.467 5856601
9.442 50.450 5856601
9.458 50.450 5856601
9.458 50.442 5856601
9.483 50.442 5856601
9.483 50.392 5856601
9.492 50.392 5856601
9.492 50.383 5856601
9.500 50.383 5856601
9.500 50.392 5856601
9.533 50.392 5856601
9.533 50.383 5856601
9.667 50.383 5856601
9.667 50.375 5856601
9.750 50.375 5856601
9.750 50.383 5856601
9.775 50.383 5856601
9.775 50.392 5856601
9.833 50.392 5856601
9.833 50.400 5856601
9.850 50.400 5856601
9.850 50.392 5856601
9.858 50.392 5856601
9.858 50.400 5856601
9.892 50.400 5856601
9.892 50.408 5856601
9.917 50.408 5856601
9.917 50.417 5856601
9.942 50.417 5856601
9.942 50.425 5856601
9.967 50.425 5856601
9.967 50.433 5856601
9.975 50.433 5856601
9.975 50.450 5856601
9.983 50.450 5856601
9.983 50.458 5856601
10.025 50.458 5856601
10.025 50.475 5856601
10.033 50.475 5856601
10.033 50.483 5856601
10.042 50.483 5856601
10.042 50.492 5856601
10.058 50.492 5856601
10.058 50.508 5856601
10.067 50.508 5856601
10.067 50.533 5856601
10.058 50.533 5856601
10.058 50.542 5856601
10.050 50.542 5856601
10.050 50.550 5856601
10.058 50.550 5856601
10.058 50.558 5856601
10.083 50.558 5856601
10.083 50.575 5856601
10.133 50.575 5856601
10.133 50.567 5856601
10.150 50.567 5856601
10.150 50.550 5856601
10.167 50.550 5856601
10.167 50.558 5856601
10.208 50.558 5856601
10.208 50.550 5856601
10.217 50.550 5856601
10.217 50.542 5856601
10.242 50.542 5856601
10.242 50.533 5856601
10.258 50.533 5856601
10.258 50.525 5856601
10.267 50.525 5856601
10.267 50.500 5856601
10.275 50.500 5856601
10.275 50.492 5856601
10.333 50.492 5856601
10.333 50.483 5856601
10.358 50.483 5856601
10.358 50.492 5856601
10.367 50.492 5856601
10.367 50.500 5856601
10.375 50.500 5856601
10.375 50.475 5856601
10.425 50.475 5856601
10.425 50.442 5856601
10.442 50.442 5856601
10.442 50.417 5856601
10.467 50.417 5856601
10.467 50.450 5856601
10.475 50.450 5856601
10.475 50.458 5856601
10.500 50.458 5856601
10.500 50.450 5856601
10.525 50.450 5856601
10.525 50.442 5856601
10.567 50.442 5856601
10.567 50.450 5856601
10.575 50.450 5856601
10.575 50.442 5856601
10.583 50.442 5856601
10.583 50.433 5856601
10.592 50.433 5856601
10.592 50.417 5856601
10.650 50.417 5856601
10.650 50.425 5856601
10.658 50.425 5856601
10.658 50.417 5856601
10.675 50.417 5856601
10.675 50.425 5856601
10.692 50.425 5856601
10.692 50.408 5856601
10.725 50.408 5856601
10.725 50.400 5856601
10.733 50.400 5856601
10.733 50.392 5856601
10.792 50.392 5856601
10.792 50.383 5856601
10.808 50.383 5856601
10.808 50.375 5856601
10.858 50.375 5856601
10.858 50.367 5856601
10.875 50.367 5856601
10.875 50.358 5856601
10.917 50.358 5856601
10.917 50.375 5856601
10.908 50.375 5856601
10.908 50.383 5856601
10.917 50.383 5856601
10.917 50.392 5856601
10.933 50.392 5856601
10.933 50.400 5856601
10.942 50.400 5856601
10.942 50.408 5856601
10.950 50.408 5856601
10.950 50.433 5856601
10.967 50.433 5856601
10.967 50.442 5856601
11.000 50.442 5856601
11.000 50.450 5856601
11.017 50.450 5856601
11.017 50.458 5856601
11.042 50.458 5856601
11.042 50.467 5856601
11.050 50.467 5856601
11.050 50.475 5856601
11.100 50.475 5856601
11.100 50.492 5856601
11.108 50.492 5856601
11.108 50.500 5856601
11.125 50.500 5856601
11.125 50.508 5856601
11.133 50.508 5856601
11.133 50.500 5856601
11.158 50.500 5856601
11.158 50.492 5856601
11.208 50.492 5856601
11.208 50.500 5856601
11.225 50.500 5856601
11.225 50.492 5856601
11.258 50.492 5856601
11.258 50.483 5856601
11.292 50.483 5856601
11.292 50.475 5856601
11.300 50.475 5856601
11.300 50.467 5856601
11.317 50.467 5856601
11.317 50.458 5856601
11.350 50.458 5856601
11.350 50.450 5856601
11.367 50.450 5856601
11.367 50.442 5856601
11.375 50.442 5856601
11.375 50.450 5856601
11.383 50.450 5856601
11.383 50.442 5856601
11.400 50.442 5856601
11.400 50.450 5856601
11.417 50.450 5856601
11.417 50.442 5856601
11.450 50.442 5856601
11.450 50.450 5856601
11.467 50.450 5856601
11.467 50.433 5856601
11.475 50.433 5856601
11.475 50.425 5856601
11.517 50.425 5856601
11.517 50.417 5856601
11.542 50.417 5856601
11.542 50.425 5856601
11.550 50.425 5856601
11.550 50.417 5856601
11.575 50.417 5856601
11.575 50.400 5856601
11.583 50.400 5856601
11.583 50.383 5856601
11.600 50.383 5856601
11.600 50.375 5856601
11.608 50.375 5856601
11.608 50.367 5856601
11.600 50.367 5856601
11.600 50.358 5856601
11.608 50.358 5856601
11.608 50.342 5856601
11.617 50.342 5856601
11.617 50.325 5856601
11.625 50.325 5856601
11.625 50.292 5856601
11.642 50.292 5856601
11.642 50.283 5856601
11.650 50.283 5856601
11.650 50.275 5856601
11.667 50.275 5856601
11.667 50.258 5856601
11.658 50.258 5856601
11.658 50.242 5856601
11.650 50.242 5856601
11.650 50.225 5856601
11.667 50.225 5856601
11.667 50.217 5856601
11.675 50.217 5856601
11.675 50.208 5856601
11.683 50.208 5856601
11.683 50.200 5856601
11.692 50.200 5856601
11.692 50.192 5856601
11.700 50.192 5856601
11.700 50.183 5856601
11.717 50.183 5856601
11.717 50.175 5856601
11.733 50.175 5856601
11.733 50.167 5856601
11.750 50.167 5856601
11.750 50.150 5856601
11.758 50.150 5856601
11.758 50.142 5856601
11.775 50.142 5856601
11.775 50.133 5856601
11.792 50.133 5856601
11.792 50.125 5856601
11.808 50.125 5856601
11.808 50.108 5856601
11.817 50.108 5856601
11.817 50.075 5856601
11.825 50.075 5856601
11.825 50.067 5856601
11.842 50.067 5856601
11.842 50.058 5856601
11.850 50.058 5856601
11.850 50.050 5856601
11.867 50.050 5856601
11.867 50.033 5856601
11.858 50.033 5856601
11.858 50.025 5856601
11.833 50.025 5856601
11.833 50.017 5856601
11.825 50.017 5856601
11.825 49.992 5856601
11.817 49.992 5856601
11.817 49.983 5856601
11.808 49.983 5856601
11.808 49.967 5856601
11.800 49.967 5856601
11.800 49.958 5856601
11.792 49.958 5856601
11.792 49.950 5856601
11.783 49.950 5856601
11.783 49.942 5856601
11.767 49.942 5856601
11.767 49.925 5856601
11.758 49.925 5856601
11.758 49.900 5856601
11.775 49.900 5856601
11.775 49.858 5856601
11.758 49.858 5856601
11.758 49.850 5856601
11.750 49.850 5856601
11.750 49.842 5856601
11.742 49.842 5856601
11.742 49.825 5856601
11.708 49.825 5856601
11.708 49.817 5856601
11.667 49.817 5856601
11.667 49.808 5856601
11.658 49.808 5856601
11.658 49.783 5856601
11.675 49.783 5856601
11.675 49.742 5856601
11.683 49.742 5856601
11.683 49.733 5856601
11.692 49.733 5856601
11.692 49.725 5856601
11.700 49.725 5856601
11.700 49.700 5856601
11.683 49.700 5856601
11.683 49.692 5856601
11.675 49.692 5856601
11.675 49.683 5856601
11.667 49.683 5856601
11.667 49.675 5856601
11.658 49.675 5856601
11.658 49.667 5856601
11.650 49.667 5856601
11.650 49.650 5856601
11.658 49.650 5856601
11.658 49.642 5856601
11.642 49.642 5856601
11.642 49.633 5856601
11.625 49.633 5856601
11.625 49.625 5856601
11.617 49.625 5856601
11.617 49.600 5856601
11.633 49.600 5856601
11.633 49.592 5856601
11.650 49.592 5856601
11.650 49.583 5856601
11.667 49.583 5856601
11.667 49.575 5856601
11.692 49.575 5856601
11.692 49.567 5856601
11.675 49.567 5856601
11.675 49.558 5856601
11.667 49.558 5856601
11.667 49.550 5856601
11.658 49.550 5856601
11.658 49.542 5856601
11.650 49.542 5856601
11.650 49.517 5856601
11.642 49.517 5856601
11.642 49.500 5856601
11.650 49.500 5856601
11.650 49.492 5856601
11.642 49.492 5856601
11.642 49.483 5856601
11.658 49.483 5856601
11.658 49.475 5856601
11.667 49.475 5856601
11.667 49.442 5856601
11.658 49.442 5856601
11.658 49.425 5856601
11.650 49.425 5856601
11.650 49.433 5856601
11.633 49.433 5856601
11.633 49.425 5856601
11.617 49.425 5856601
11.617 49.417 5856601
11.567 49.417 5856601
11.567 49.408 5856601
11.542 49.408 5856601
11.542 49.400 5856601
11.525 49.400 5856601
11.525 49.392 5856601
11.533 49.392 5856601
11.533 49.358 5856601
11.558 49.358 5856601
11.558 49.350 5856601
11.567 49.350 5856601
11.567 49.342 5856601
11.558 49.342 5856601
11.558 49.333 5856601
11.550 49.333 5856601
11.550 49.317 5856601
11.542 49.317 5856601
11.542 49.300 5856601
11.533 49.300 5856601
11.533 49.275 5856601
11.517 49.275 5856601
11.517 49.250 5856601
11.508 49.250 5856601
11.508 49.242 5856601
11.500 49.242 5856601
11.500 49.233 5856601
11.483 49.233 5856601
11.483 49.250 5856601
11.433 49.250 5856601
11.433 49.242 5856601
11.425 49.242 5856601
11.425 49.258 5856601
11.417 49.258 5856601
11.417 49.267 5856601
11.408 49.267 5856601
11.408 49.275 5856601
11.392 49.275 5856601
11.392 49.283 5856601
11.383 49.283 5856601
11.383 49.292 5856601
11.375 49.292 5856601
11.375 49.317 5856601
11.383 49.317 5856601
11.383 49.325 5856601
11.375 49.325 5856601
11.375 49.333 5856601
11.367 49.333 5856601
11.367 49.325 5856601
11.342 49.325 5856601
11.342 49.317 5856601
11.317 49.317 5856601
11.317 49.308 5856601
11.308 49.308 5856601
11.308 49.292 5856601
11.292 49.292 5856601
11.292 49.283 5856601
11.283 49.283 5856601
11.283 49.250 5856601
11.275 49.250 5856601
11.275 49.233 5856601
11.267 49.233 5856601
11.267 49.200 5856601
11.275 49.200 5856601
11.275 49.175 5856601
11.258 49.175 5856601
11.258 49.167 5856601
11.267 49.167 5856601
11.267 49.150 5856601
11.258 49.150 5856601
11.258 49.125 5856601
11.242 49.125 5856601
11.242 49.117 5856601
11.192 49.117 5856601
11.192 49.125 5856601
11.142 49.125 5856601
11.142 49.117 5856601
11.133 49.117 5856601
11.133 49.108 5856601
11.108 49.108 5856601
11.108 49.083 5856601
11.117 49.083 5856601
11.117 49.067 5856601
11.092 49.067 5856601
11.092 49.058 5856601
11.083 49.058 5856601
11.083 49.050 5856601
11.067 49.050 5856601
11.067 49.042 5856601
11.058 49.042 5856601
11.058 49.025 5856601
11.050 49.025 5856601
11.050 49.017 5856601
11.042 49.017 5856601
11.042 49.008 5856601
11.033 49.008 5856601
11.033 49.017 5856601
11.025 49.017 5856601
11.025 49.008 5856601
10.992 49.008 5856601
10.992 49.000 5856601
10.983 49.000 5856601
10.983 48.992 5856601
10.967 48.992 5856601
10.967 48.983 5856601
10.942 48.983 5856601
10.942 48.975 5856601
10.933 48.975 5856601
10.933 48.983 5856601
10.925 48.983 5856601
10.925 49.000 5856601
10.917 49.000 5856601
10.917 49.017 5856601
10.900 49.017 5856601
10.900 49.025 5856601
10.908 49.025 5856601
10.908 49.083 5856601
10.883 49.083 5856601
10.883 49.092 5856601
10.867 49.092 5856601
10.867 49.100 5856601
10.858 49.100 5856601
10.858 49.108 5856601
10.850 49.108 5856601
10.850 49.117 5856601
10.817 49.117 5856601
10.817 49.133 5856601
10.808 49.133 5856601
10.808 49.142 5856601
10.800 49.142 5856601
10.800 49.167 5856601
10.792 49.167 5856601
10.792 49.183 5856601
10.783 49.183 5856601
10.783 49.192 5856601
10.758 49.192 5856601
10.758 49.208 5856601
10.733 49.208 5856601
10.733 49.217 5856601
10.725 49.217 5856601
10.725 49.225 5856601
10.708 49.225 5856601
10.708 49.233 5856601
10.692 49.233 5856601
10.692 49.225 5856601
10.650 49.225 5856601
10.650 49.233 5856601
10.642 49.233 5856601
10.642 49.250 5856601
10.567 49.250 5856601
10.567 49.258 5856601
10.550 49.258 5856601
10.550 49.267 5856601
10.533 49.267 5856601
10.533 49.275 5856601
10.508 49.275 5856601
10.508 49.283 5856601
10.483 49.283 5856601
10.483 49.292 5856601
10.475 49.292 5856601
10.475 49.325 5856601
10.450 49.325 5856601
10.450 49.333 5856601
10.433 49.333 5856601
10.433 49.358 5856601
10.425 49.358 5856601
10.425 49.392 5856601
10.417 49.392 5856601
10.417 49.400 5856601
10.392 49.400 5856601
10.392 49.417 5856601
10.350 49.417 5856601
10.350 49.425 5856601
10.283 49.425 5856601
10.283 49.417 5856601
10.275 49.417 5856601
10.275 49.400 5856601
10.267 49.400 5856601
10.267 49.392 5856601
10.258 49.392 5856601
10.258 49.375 5856601
10.267 49.375 5856601
10.267 49.283 5856601
10.275 49.283 5856601
10.275 49.275 5856601
10.233 49.275 5856601
10.233 49.267 5856601
10.225 49.267 5856601
10.225 49.258 5856601
10.200 49.258 5856601
10.200 49.250 5856601
10.192 49.250 5856601
10.192 49.242 5856601
10.175 49.242 5856601
10.175 49.225 5856601
10.167 49.225 5856601
10.167 49.217 5856601
10.158 49.217 5856601
10.158 49.208 5856601
10.150 49.208 5856601
10.150 49.200 5856601
10.158 49.200 5856601
10.158 49.192 5856601
10.167 49.192 5856601
10.167 49.183 5856601
10.175 49.183 5856601
10.175 49.167 5856601
10.158 49.167 5856601
10.158 49.158 5856601
10.142 49.158 5856601
10.142 49.150 5856601
10.150 49.150 5856601
10.150 49.125 5856601
10.167 49.125 5856601
10.167 49.117 5856601
10.175 49.117 5856601
10.175 49.108 5856601
10.192 49.108 5856601
10.192 49.092 5856601
10.200 49.092 5856601
10.200 49.083 5856601
10.208 49.083 5856601
10.208 49.042 5856601
10.200 49.042 5856601
10.200 49.017 5856601
10.225 49.017 5856601
10.225 49.008 5856601
10.242 49.008 5856601
10.242 49.000 5856601
10.250 49.000 5856601
10.250 48.992 5856601
10.275 48.992 5856601
10.275 48.983 5856601
10.300 48.983 5856601
10.300 48.958 5856601
10.308 48.958 5856601
10.308 48.917 5856601
10.300 48.917 5856601
10.300 48.900 5856601
10.292 48.900 5856601
10.292 48.892 5856601
10.283 48.892 5856601
10.283 48.858 5856601
10.225 48.858 5856601
10.225 48.850 5856601
10.208 48.850 5856601
10.208 48.858 5856601
10.158 48.858 5856601
10.158 48.833 5856601
10.175 48.833 5856601
10.175 48.800 5856601
10.158 48.800 5856601
10.158 48.775 5856601
10.150 48.775 5856601
10.150 48.767 5856601
10.125 48.767 5856601
10.125 48.758 5856601
10.100 48.758 5856601
10.100 48.750 5856601
10.092 48.750 5856601
10.092 48.758 5856601
10.042 48.758 5856601
10.042 48.767 5856601
10.050 48.767 5856601
10.050 48.775 5856601
9.975 48.775 5856601
9.975 48.767 5856601
9.950 48.767 5856601
9.950 48.758 5856601
9.925 48.758 5856601
9.925 48.750 5856601
9.917 48.750 5856601
9.917 48.725 5856601
9.925 48.725 5856601
9.925 48.667 5856601
9.933 48.667 5856601
9.933 48.642 5856601
9.917 48.642 5856601
9.917 48.633 5856601
9.908 48.633 5856601
9.908 48.608 5856601
9.883 48.608 5856601
9.883 48.583 5856601
9.875 48.583 5856601
9.875 48.575 5856601
9.867 48.575 5856601
9.867 48.567 5856601
9.850 48.567 5856601
9.850 48.558 5856601
9.833 48.558 5856601
9.833 48.550 5856601
9.825 48.550 5856601
9.825 48.533 5856601
9.817 48.533 5856601
9.817 48.542 5856601
9.775 48.542 5856601
9.775 48.550 5856601
9.767 48.550 5856601
9.767 48.558 5856601
9.750 48.558 5856601
9.750 48.575 5856601
9.717 48.575 5856601
9.717 48.558 5856601
9.708 48.558 5856601
9.708 48.542 5856601
9.650 48.542 5856601
9.650 48.533 5856601
9.625 48.533 5856601
9.625 48.525 5856601
9.592 48.525 5856601
9.592 48.517 5856601
9.550 48.517 5856601
9.550 48.508 5856601
9.542 48.508 5856601
9.542 48.483 5856601
9.550 48.483 5856601
9.550 48.475 5856601
9.558 48.475 5856601
9.558 48.467 5856601
9.542 48.467 5856601
9.542 48.458 5856601
9.533 48.458 5856601
9.533 48.450 5856601
9.500 48.450 5856601
9.500 48.433 5856601
9.492 48.433 5856601
9.492 48.425 5856601
9.433 48.425 5856601
9.433 48.433 5856601
9.417 48.433 5856601
9.417 48.425 5856601
9.408 48.425 5856601
9.408 48.433 5856601
9.400 48.433 5856601
9.400 48.458 5856601
9.383 48.458 5856601
9.383 48.467 5856601
9.350 48.467 5856601
9.350 48.475 5856601
9.342 48.475 5856601
9.342 48.483 5856601
9.308 48.483 5856601
9.308 48.475 5856601
9.300 48.475 5856601
9.300 48.450 5856601
9.308 48.450 5856601
9.308 48.433 5856601
9.292 48.433 5856601
9.292 48.425 5856601
9.283 48.425 5856601
9.283 48.400 5856601
9.275 48.400 5856601
9.275 48.392 5856601
9.258 48.392 5856601
9.258 48.383 5856601
9.242 48.383 5856601
9.242 48.392 5856601
9.233 48.392 5856601
9.233 48.383 5856601
9.225 48.383 5856601
9.225 48.400 5856601
9.217 48.400 5856601
9.217 48.408 5856601
9.192 48.408 5856601
9.192 48.400 5856601
9.175 48.400 5856601
9.175 48.392 5856601
9.167 48.392 5856601
9.167 48.383 5856601
9.175 48.383 5856601
9.175 48.375 5856601
9.125 48.375 5856601
9.125 48.358 5856601
9.117 48.358 5856601
9.117 48.367 5856601
9.092 48.367 5856601
9.092 48.358 5856601
9.083 48.358 5856601
9.083 48.350 5856601
9.075 48.350 5856601
9.075 48.342 5856601
9.083 48.342 5856601
9.083 48.333 5856601
9.100 48.333 5856601
9.100 48.317 5856601
9.108 48.317 5856601
9.108 48.308 5856601
9.100 48.308 5856601
9.100 48.300 5856601
9.092 48.300 5856601
9.092 48.258 5856601
9.067 48.258 5856601
9.067 48.250 5856601
9.050 48.250 5856601
9.050 48.258 5856601
9.042 48.258 5856601
9.042 48.275 5856601
9.033 48.275 5856601
9.033 48.283 5856601
9.017 48.283 5856601
9.017 48.292 5856601
9.008 48.292 5856601
9.008 48.300 5856601
8.983 48.300 5856601
8.983 48.258 5856601
8.992 48.258 5856601
8.992 48.233 5856601
9.000 48.233 5856601
9.000 48.225 5856601
8.992 48.225 5856601
8.992 48.183 5856601
8.983 48.183 5856601
8.983 48.175 5856601
8.967 48.175 5856601
8.967 48.167 5856601
8.950 48.167 5856601
8.950 48.183 5856601
8.917 48.183 5856601
8.917 48.192 5856601
8.892 48.192 5856601
8.892 48.200 5856601
8.883 48.200 5856601
8.883 48.208 5856601
8.875 48.208 5856601
8.875 48.183 5856601
8.858 48.183 5856601
8.858 48.175 5856601
8.850 48.175 5856601
8.850 48.167 5856601
8.767 48.167 5856601
8.767 48.158 5856601
8.758 48.158 5856601
8.758 48.142 5856601
8.767 48.142 5856601
8.767 48.133 5856601
8.775 48.133 5856601
8.775 48.125 5856601
8.783 48.125 5856601
8.783 48.108 5856601
8.775 48.108 5856601
8.775 48.100 5856601
8.767 48.100 5856601
8.767 48.050 5856601
8.717 48.050 5856601
8.717 48.058 5856601
8.642 48.058 5856601
8.642 48.050 5856601
8.617 48.050 5856601
8.617 48.033 5856601
8.625 48.033 5856601
8.625 48.025 5856601
8.633 48.017 5856602
8.625 48.017 5856602
8.625 48.025 5856602
8.633 48.025 5856602
8.633 48.017 5856602
