# Rhone catchment
4.808 43.367 9881700
4.800 43.367 9881700
4.792 43.367 9881700
4.792 43.375 9881700
4.775 43.375 9881700
4.775 43.383 9881700
4.767 43.383 9881700
4.767 43.392 9881700
4.742 43.392 9881700
4.742 43.400 9881700
4.733 43.400 9881700
4.733 43.408 9881700
4.717 43.408 9881700
4.717 43.417 9881700
4.708 43.417 9881700
4.708 43.433 9881700
4.700 43.433 9881700
4.700 43.458 9881700
4.717 43.458 9881700
4.717 43.475 9881700
4.708 43.475 9881700
4.708 43.508 9881700
4.683 43.508 9881700
4.683 43.517 9881700
4.675 43.517 9881700
4.675 43.542 9881700
4.667 43.542 9881700
4.667 43.558 9881700
4.658 43.558 9881700
4.658 43.567 9881700
4.642 43.567 9881700
4.642 43.575 9881700
4.633 43.575 9881700
4.633 43.583 9881700
4.625 43.583 9881700
4.625 43.592 9881700
4.600 43.592 9881700
4.600 43.600 9881700
4.592 43.600 9881700
4.592 43.608 9881700
4.583 43.608 9881700
4.583 43.617 9881700
4.575 43.617 9881700
4.575 43.633 9881700
4.567 43.633 9881700
4.567 43.658 9881700
4.575 43.658 9881700
4.575 43.667 9881700
4.583 43.667 9881700
4.583 43.683 9881700
4.600 43.683 9881700
4.600 43.708 9881700
4.592 43.708 9881700
4.592 43.733 9881700
4.583 43.733 9881700
4.583 43.742 9881700
4.575 43.742 9881700
4.575 43.750 9881700
4.567 43.750 9881700
4.567 43.775 9881700
4.558 43.775 9881700
4.558 43.800 9881700
4.533 43.800 9881700
4.533 43.792 9881700
4.517 43.792 9881700
4.517 43.783 9881700
4.508 43.783 9881700
4.508 43.792 9881700
4.492 43.792 9881700
4.492 43.800 9881700
4.492 43.808 9881700
4.500 43.808 9881700
4.500 43.825 9881700
4.508 43.825 9881700
4.508 43.833 9881700
4.517 43.833 9881700
4.517 43.842 9881700
4.525 43.842 9881700
4.525 43.850 9881700
4.542 43.850 9881700
4.542 43.892 9881700
4.525 43.892 9881700
4.525 43.908 9881700
4.517 43.908 9881700
4.517 43.917 9881700
4.508 43.917 9881700
4.508 43.925 9881700
4.475 43.925 9881700
4.475 43.917 9881700
4.467 43.917 9881700
4.467 43.925 9881700
4.442 43.925 9881700
4.442 43.917 9881700
4.425 43.917 9881700
4.425 43.908 9881700
4.392 43.908 9881700
4.392 43.892 9881700
4.383 43.892 9881700
4.383 43.883 9881700
4.358 43.883 9881700
4.358 43.875 9881700
4.342 43.875 9881700
4.342 43.883 9881700
4.333 43.883 9881700
4.333 43.892 9881700
4.325 43.892 9881700
4.325 43.883 9881700
4.308 43.883 9881700
4.308 43.875 9881700
4.300 43.875 9881700
4.300 43.867 9881700
4.292 43.867 9881700
4.292 43.858 9881700
4.267 43.858 9881700
4.267 43.850 9881700
4.183 43.850 9881700
4.183 43.858 9881700
4.167 43.858 9881700
4.167 43.875 9881700
4.158 43.875 9881700
4.158 43.883 9881700
4.150 43.883 9881700
4.150 43.892 9881700
4.142 43.892 9881700
4.142 43.917 9881700
4.150 43.917 9881700
4.150 43.925 9881700
4.158 43.925 9881700
4.158 43.933 9881700
4.167 43.933 9881700
4.167 43.992 9881700
4.133 43.992 9881700
4.133 43.983 9881700
4.108 43.983 9881700
4.108 43.992 9881700
4.092 43.992 9881700
4.092 44.000 9881700
4.075 44.000 9881700
4.075 44.008 9881700
4.008 44.008 9881700
4.008 44.000 9881700
4.000 44.000 9881700
4.000 44.008 9881700
3.950 44.008 9881700
3.950 44.017 9881700
3.933 44.017 9881700
3.933 44.025 9881700
3.925 44.025 9881700
3.925 44.033 9881700
3.917 44.033 9881700
3.917 44.025 9881700
3.892 44.025 9881700
3.892 44.017 9881700
3.858 44.017 9881700
3.858 44.025 9881700
3.808 44.025 9881700
3.808 44.033 9881700
3.783 44.033 9881700
3.783 44.050 9881700
3.767 44.050 9881700
3.767 44.058 9881700
3.758 44.058 9881700
3.758 44.075 9881700
3.742 44.075 9881700
3.742 44.083 9881700
3.700 44.083 9881700
3.700 44.092 9881700
3.692 44.092 9881700
3.692 44.100 9881700
3.675 44.100 9881700
3.675 44.108 9881700
3.658 44.108 9881700
3.658 44.117 9881700
3.650 44.117 9881700
3.650 44.125 9881700
3.633 44.125 9881700
3.633 44.133 9881700
3.633 44.150 9881700
3.625 44.150 9881700
3.625 44.158 9881700
3.617 44.158 9881700
3.617 44.175 9881700
3.608 44.175 9881700
3.608 44.208 9881700
3.617 44.208 9881700
3.617 44.250 9881700
3.633 44.250 9881700
3.633 44.258 9881700
3.658 44.258 9881700
3.658 44.242 9881700
3.667 44.242 9881700
3.667 44.233 9881700
3.683 44.233 9881700
3.683 44.225 9881700
3.700 44.225 9881700
3.700 44.233 9881700
3.733 44.233 9881700
3.733 44.250 9881700
3.767 44.250 9881700
3.767 44.258 9881700
3.792 44.258 9881700
3.792 44.267 9881700
3.800 44.267 9881700
3.800 44.283 9881700
3.808 44.283 9881700
3.808 44.308 9881700
3.817 44.308 9881700
3.817 44.333 9881700
3.825 44.333 9881700
3.825 44.358 9881700
3.833 44.358 9881700
3.833 44.367 9881700
3.850 44.367 9881700
3.850 44.375 9881700
3.858 44.375 9881700
3.858 44.383 9881700
3.867 44.383 9881700
3.867 44.392 9881700
3.850 44.392 9881700
3.850 44.408 9881700
3.833 44.408 9881700
3.833 44.417 9881700
3.783 44.417 9881700
3.783 44.425 9881700
3.742 44.425 9881700
3.742 44.450 9881700
3.750 44.450 9881700
3.750 44.458 9881700
3.742 44.458 9881700
3.742 44.475 9881700
3.758 44.475 9881700
3.758 44.483 9881700
3.767 44.483 9881700
3.767 44.525 9881700
3.775 44.525 9881700
3.775 44.533 9881700
3.733 44.533 9881700
3.733 44.550 9881700
3.725 44.550 9881700
3.725 44.558 9881700
3.717 44.558 9881700
3.717 44.617 9881700
3.725 44.617 9881700
3.725 44.608 9881700
3.750 44.608 9881700
3.750 44.600 9881700
3.783 44.600 9881700
3.783 44.592 9881700
3.808 44.592 9881700
3.808 44.558 9881700
3.842 44.558 9881700
3.842 44.550 9881700
3.867 44.550 9881700
3.867 44.558 9881700
3.875 44.558 9881700
3.875 44.550 9881700
3.900 44.550 9881700
3.900 44.558 9881700
3.908 44.558 9881700
3.908 44.583 9881700
3.917 44.583 9881700
3.917 44.600 9881700
3.925 44.600 9881700
3.925 44.608 9881700
3.942 44.608 9881700
3.942 44.617 9881700
3.958 44.617 9881700
3.958 44.625 9881700
4.017 44.625 9881700
4.017 44.633 9881700
4.042 44.633 9881700
4.042 44.658 9881700
4.025 44.658 9881700
4.025 44.667 9881700
4.017 44.667 9881700
4.017 44.675 9881700
4.025 44.675 9881700
4.025 44.692 9881700
4.033 44.692 9881700
4.033 44.700 9881700
4.042 44.700 9881700
4.042 44.708 9881700
4.067 44.708 9881700
4.067 44.700 9881700
4.083 44.700 9881700
4.083 44.708 9881700
4.092 44.708 9881700
4.092 44.717 9881700
4.108 44.717 9881700
4.108 44.725 9881700
4.125 44.725 9881700
4.125 44.742 9881700
4.133 44.742 9881700
4.133 44.750 9881700
4.192 44.750 9881700
4.192 44.758 9881700
4.200 44.758 9881700
4.200 44.767 9881700
4.217 44.767 9881700
4.217 44.775 9881700
4.233 44.775 9881700
4.233 44.783 9881700
4.242 44.783 9881700
4.242 44.808 9881700
4.233 44.808 9881700
4.233 44.825 9881700
4.225 44.825 9881700
4.225 44.833 9881700
4.217 44.833 9881700
4.217 44.842 9881700
4.208 44.842 9881700
4.208 44.850 9881700
4.192 44.850 9881700
4.192 44.858 9881700
4.183 44.858 9881700
4.183 44.883 9881700
4.175 44.883 9881700
4.175 44.900 9881700
4.183 44.900 9881700
4.183 44.917 9881700
4.192 44.917 9881700
4.192 44.925 9881700
4.208 44.925 9881700
4.208 44.942 9881700
4.217 44.942 9881700
4.217 44.950 9881700
4.225 44.950 9881700
4.225 44.967 9881700
4.242 44.967 9881700
4.242 44.975 9881700
4.258 44.975 9881700
4.258 44.992 9881700
4.300 44.992 9881700
4.300 45.000 9881700
4.308 45.000 9881700
4.308 45.008 9881700
4.325 45.008 9881700
4.325 45.017 9881700
4.350 45.017 9881700
4.350 45.025 9881700
4.367 45.025 9881700
4.367 45.033 9881700
4.375 45.033 9881700
4.375 45.042 9881700
4.383 45.042 9881700
4.383 45.075 9881700
4.392 45.075 9881700
4.392 45.092 9881700
4.400 45.092 9881700
4.400 45.108 9881700
4.408 45.108 9881700
4.408 45.133 9881700
4.433 45.133 9881700
4.433 45.150 9881700
4.442 45.150 9881700
4.442 45.167 9881700
4.450 45.167 9881700
4.450 45.175 9881700
4.458 45.175 9881700
4.458 45.183 9881700
4.467 45.183 9881700
4.467 45.192 9881700
4.475 45.192 9881700
4.475 45.225 9881700
4.483 45.225 9881700
4.483 45.233 9881700
4.467 45.233 9881700
4.467 45.242 9881700
4.458 45.242 9881700
4.458 45.275 9881700
4.467 45.275 9881700
4.467 45.292 9881700
4.475 45.292 9881700
4.475 45.325 9881700
4.483 45.325 9881700
4.483 45.342 9881700
4.475 45.342 9881700
4.475 45.350 9881700
4.458 45.350 9881700
4.458 45.358 9881700
4.442 45.358 9881700
4.442 45.367 9881700
4.425 45.367 9881700
4.425 45.375 9881700
4.433 45.375 9881700
4.433 45.392 9881700
4.442 45.392 9881700
4.442 45.408 9881700
4.433 45.408 9881700
4.433 45.417 9881700
4.425 45.417 9881700
4.425 45.425 9881700
4.417 45.425 9881700
4.417 45.433 9881700
4.425 45.433 9881700
4.425 45.450 9881700
4.433 45.450 9881700
4.433 45.458 9881700
4.450 45.458 9881700
4.450 45.508 9881700
4.467 45.508 9881700
4.467 45.517 9881700
4.475 45.517 9881700
4.475 45.533 9881700
4.483 45.533 9881700
4.483 45.550 9881700
4.492 45.550 9881700
4.492 45.575 9881700
4.500 45.575 9881700
4.500 45.583 9881700
4.558 45.583 9881700
4.558 45.592 9881700
4.567 45.592 9881700
4.567 45.600 9881700
4.575 45.600 9881700
4.575 45.617 9881700
4.592 45.617 9881700
4.592 45.633 9881700
4.583 45.633 9881700
4.583 45.642 9881700
4.575 45.642 9881700
4.575 45.650 9881700
4.567 45.650 9881700
4.567 45.700 9881700
4.558 45.700 9881700
4.558 45.708 9881700
4.550 45.708 9881700
4.550 45.692 9881700
4.542 45.692 9881700
4.542 45.683 9881700
4.517 45.683 9881700
4.517 45.675 9881700
4.467 45.675 9881700
4.467 45.667 9881700
4.450 45.667 9881700
4.450 45.658 9881700
4.442 45.658 9881700
4.442 45.667 9881700
4.433 45.667 9881700
4.433 45.658 9881700
4.408 45.658 9881700
4.408 45.650 9881700
4.400 45.650 9881700
4.400 45.642 9881700
4.383 45.642 9881700
4.383 45.650 9881700
4.375 45.650 9881700
4.375 45.658 9881700
4.367 45.658 9881700
4.367 45.667 9881700
4.375 45.667 9881700
4.375 45.675 9881700
4.400 45.675 9881700
4.400 45.683 9881700
4.408 45.683 9881700
4.408 45.692 9881700
4.417 45.692 9881700
4.417 45.717 9881700
4.433 45.717 9881700
4.433 45.733 9881700
4.442 45.733 9881700
4.442 45.792 9881700
4.433 45.792 9881700
4.433 45.800 9881700
4.425 45.800 9881700
4.425 45.808 9881700
4.408 45.808 9881700
4.408 45.817 9881700
4.400 45.817 9881700
4.400 45.825 9881700
4.392 45.825 9881700
4.392 45.842 9881700
4.383 45.842 9881700
4.383 45.850 9881700
4.367 45.850 9881700
4.367 45.858 9881700
4.358 45.858 9881700
4.358 45.867 9881700
4.350 45.867 9881700
4.350 45.875 9881700
4.342 45.875 9881700
4.342 45.883 9881700
4.333 45.883 9881700
4.333 45.900 9881700
4.325 45.900 9881700
4.325 45.908 9881700
4.342 45.908 9881700
4.342 45.917 9881700
4.375 45.917 9881700
4.375 45.925 9881700
4.383 45.925 9881700
4.383 45.942 9881700
4.392 45.942 9881700
4.392 45.967 9881700
4.400 45.967 9881700
4.400 45.975 9881700
4.408 45.975 9881700
4.408 45.983 9881700
4.417 45.983 9881700
4.417 46.008 9881700
4.425 46.008 9881700
4.425 46.042 9881700
4.433 46.042 9881700
4.433 46.058 9881700
4.442 46.058 9881700
4.442 46.083 9881700
4.433 46.083 9881700
4.433 46.100 9881700
4.425 46.100 9881700
4.425 46.125 9881700
4.417 46.125 9881700
4.417 46.142 9881700
4.425 46.142 9881700
4.425 46.158 9881700
4.433 46.158 9881700
4.433 46.167 9881700
4.442 46.167 9881700
4.442 46.175 9881700
4.467 46.175 9881700
4.467 46.183 9881700
4.475 46.183 9881700
4.475 46.192 9881700
4.483 46.192 9881700
4.483 46.233 9881700
4.475 46.233 9881700
4.475 46.242 9881700
4.467 46.242 9881700
4.467 46.267 9881700
4.475 46.267 9881700
4.475 46.283 9881700
4.467 46.283 9881700
4.467 46.292 9881700
4.450 46.292 9881700
4.450 46.317 9881700
4.433 46.317 9881700
4.433 46.350 9881700
4.442 46.350 9881700
4.442 46.358 9881700
4.450 46.358 9881700
4.450 46.375 9881700
4.458 46.375 9881700
4.458 46.392 9881700
4.467 46.392 9881700
4.467 46.400 9881700
4.475 46.400 9881700
4.475 46.458 9881700
4.467 46.458 9881700
4.467 46.475 9881700
4.458 46.475 9881700
4.458 46.483 9881700
4.467 46.483 9881700
4.467 46.492 9881700
4.475 46.492 9881700
4.475 46.500 9881700
4.458 46.500 9881700
4.458 46.533 9881700
4.467 46.533 9881700
4.467 46.558 9881700
4.458 46.558 9881700
4.458 46.575 9881700
4.467 46.575 9881700
4.467 46.583 9881700
4.475 46.583 9881700
4.475 46.608 9881700
4.467 46.608 9881700
4.467 46.617 9881700
4.475 46.617 9881700
4.475 46.625 9881700
4.483 46.625 9881700
4.483 46.642 9881700
4.492 46.642 9881700
4.492 46.650 9881700
4.508 46.650 9881700
4.508 46.658 9881700
4.517 46.658 9881700
4.517 46.667 9881700
4.508 46.667 9881700
4.508 46.683 9881700
4.517 46.683 9881700
4.517 46.700 9881700
4.508 46.700 9881700
4.508 46.725 9881700
4.517 46.725 9881700
4.517 46.742 9881700
4.508 46.742 9881700
4.508 46.758 9881700
4.500 46.758 9881700
4.500 46.767 9881700
4.492 46.767 9881700
4.492 46.758 9881700
4.475 46.758 9881700
4.475 46.767 9881700
4.483 46.767 9881700
4.483 46.775 9881700
4.492 46.775 9881700
4.492 46.817 9881700
4.508 46.817 9881700
4.508 46.825 9881700
4.517 46.825 9881700
4.517 46.850 9881700
4.525 46.850 9881700
4.525 46.875 9881700
4.533 46.875 9881700
4.533 46.883 9881700
4.542 46.883 9881700
4.542 46.892 9881700
4.558 46.892 9881700
4.558 46.908 9881700
4.567 46.908 9881700
4.567 46.917 9881700
4.583 46.917 9881700
4.583 46.933 9881700
4.592 46.933 9881700
4.592 46.942 9881700
4.583 46.942 9881700
4.583 46.958 9881700
4.592 46.958 9881700
4.592 46.967 9881700
4.600 46.967 9881700
4.600 46.975 9881700
4.625 46.975 9881700
4.625 46.992 9881700
4.642 46.992 9881700
4.642 47.000 9881700
4.650 47.000 9881700
4.650 47.008 9881700
4.658 47.008 9881700
4.658 47.058 9881700
4.633 47.058 9881700
4.633 47.067 9881700
4.625 47.067 9881700
4.625 47.075 9881700
4.617 47.075 9881700
4.617 47.083 9881700
4.608 47.083 9881700
4.608 47.092 9881700
4.583 47.092 9881700
4.583 47.100 9881700
4.575 47.100 9881700
4.575 47.108 9881700
4.558 47.108 9881700
4.558 47.125 9881700
4.567 47.125 9881700
4.567 47.133 9881700
4.575 47.133 9881700
4.575 47.167 9881700
4.567 47.167 9881700
4.567 47.192 9881700
4.558 47.192 9881700
4.558 47.200 9881700
4.550 47.200 9881700
4.550 47.208 9881700
4.558 47.208 9881700
4.558 47.250 9881700
4.567 47.250 9881700
4.567 47.275 9881700
4.583 47.275 9881700
4.583 47.283 9881700
4.633 47.283 9881700
4.633 47.292 9881700
4.683 47.292 9881700
4.683 47.300 9881700
4.692 47.300 9881700
4.692 47.325 9881700
4.708 47.325 9881700
4.708 47.333 9881700
4.725 47.333 9881700
4.725 47.342 9881700
4.742 47.342 9881700
4.742 47.350 9881700
4.767 47.350 9881700
4.767 47.358 9881700
4.775 47.358 9881700
4.775 47.367 9881700
4.783 47.367 9881700
4.783 47.383 9881700
4.775 47.383 9881700
4.775 47.408 9881700
4.767 47.408 9881700
4.767 47.417 9881700
4.758 47.417 9881700
4.758 47.458 9881700
4.742 47.458 9881700
4.742 47.467 9881700
4.733 47.467 9881700
4.733 47.483 9881700
4.742 47.483 9881700
4.742 47.508 9881700
4.750 47.508 9881700
4.750 47.517 9881700
4.758 47.517 9881700
4.758 47.525 9881700
4.775 47.525 9881700
4.775 47.542 9881700
4.767 47.542 9881700
4.767 47.550 9881700
4.775 47.550 9881700
4.775 47.558 9881700
4.783 47.558 9881700
4.783 47.567 9881700
4.792 47.567 9881700
4.792 47.592 9881700
4.800 47.592 9881700
4.800 47.600 9881700
4.817 47.600 9881700
4.817 47.608 9881700
4.825 47.608 9881700
4.825 47.600 9881700
4.833 47.600 9881700
4.833 47.592 9881700
4.867 47.592 9881700
4.867 47.600 9881700
4.883 47.600 9881700
4.883 47.608 9881700
4.892 47.608 9881700
4.892 47.625 9881700
4.900 47.625 9881700
4.900 47.633 9881700
4.908 47.633 9881700
4.908 47.642 9881700
4.917 47.642 9881700
4.917 47.650 9881700
4.933 47.650 9881700
4.933 47.667 9881700
4.942 47.667 9881700
4.942 47.675 9881700
4.950 47.675 9881700
4.950 47.683 9881700
4.958 47.683 9881700
4.958 47.692 9881700
4.967 47.692 9881700
4.967 47.683 9881700
5.000 47.683 9881700
5.000 47.692 9881700
5.008 47.692 9881700
5.008 47.700 9881700
5.025 47.700 9881700
5.025 47.717 9881700
5.042 47.717 9881700
5.042 47.725 9881700
5.092 47.725 9881700
5.092 47.717 9881700
5.100 47.717 9881700
5.100 47.725 9881700
5.142 47.725 9881700
5.142 47.717 9881700
5.167 47.717 9881700
5.167 47.733 9881700
5.175 47.733 9881700
5.175 47.767 9881700
5.183 47.767 9881700
5.183 47.775 9881700
5.192 47.775 9881700
5.192 47.783 9881700
5.233 47.783 9881700
5.233 47.792 9881700
5.258 47.792 9881700
5.258 47.800 9881700
5.267 47.800 9881700
5.267 47.808 9881700
5.292 47.808 9881700
5.292 47.817 9881700
5.333 47.817 9881700
5.333 47.808 9881700
5.350 47.808 9881700
5.350 47.800 9881700
5.383 47.800 9881700
5.383 47.808 9881700
5.400 47.808 9881700
5.400 47.817 9881700
5.408 47.817 9881700
5.408 47.825 9881700
5.417 47.825 9881700
5.417 47.842 9881700
5.442 47.842 9881700
5.442 47.850 9881700
5.467 47.850 9881700
5.467 47.892 9881700
5.475 47.892 9881700
5.475 47.900 9881700
5.492 47.900 9881700
5.492 47.908 9881700
5.500 47.908 9881700
5.500 47.942 9881700
5.500 47.950 9881700
5.558 47.950 9881700
5.558 47.958 9881700
5.583 47.958 9881700
5.583 47.967 9881700
5.642 47.967 9881700
5.642 47.992 9881700
5.633 47.992 9881700
5.633 48.000 9881700
5.625 48.000 9881700
5.625 48.025 9881700
5.642 48.025 9881700
5.642 48.033 9881700
5.667 48.033 9881700
5.667 48.042 9881700
5.700 48.042 9881700
5.700 48.050 9881700
5.717 48.050 9881700
5.717 48.058 9881700
5.750 48.058 9881700
5.750 48.050 9881700
5.758 48.050 9881700
5.758 48.042 9881700
5.767 48.042 9881700
5.767 48.033 9881700
5.775 48.033 9881700
5.775 48.042 9881700
5.800 48.042 9881700
5.800 48.050 9881700
5.817 48.050 9881700
5.817 48.067 9881700
5.825 48.067 9881700
5.825 48.075 9881700
5.833 48.075 9881700
5.833 48.083 9881700
5.850 48.083 9881700
5.850 48.092 9881700
5.883 48.092 9881700
5.883 48.125 9881700
5.917 48.125 9881700
5.917 48.133 9881700
5.925 48.133 9881700
5.925 48.142 9881700
5.958 48.142 9881700
5.958 48.150 9881700
5.967 48.150 9881700
5.967 48.158 9881700
5.975 48.158 9881700
5.975 48.167 9881700
5.983 48.167 9881700
5.983 48.175 9881700
6.008 48.175 9881700
6.008 48.167 9881700
6.017 48.167 9881700
6.017 48.158 9881700
6.075 48.158 9881700
6.075 48.150 9881700
6.083 48.150 9881700
6.083 48.142 9881700
6.100 48.142 9881700
6.100 48.133 9881700
6.108 48.133 9881700
6.108 48.125 9881700
6.117 48.125 9881700
6.117 48.108 9881700
6.125 48.108 9881700
6.125 48.100 9881700
6.183 48.100 9881700
6.183 48.092 9881700
6.208 48.092 9881700
6.208 48.100 9881700
6.225 48.100 9881700
6.225 48.108 9881700
6.233 48.108 9881700
6.233 48.125 9881700
6.258 48.125 9881700
6.258 48.158 9881700
6.292 48.158 9881700
6.292 48.150 9881700
6.308 48.150 9881700
6.308 48.158 9881700
6.333 48.158 9881700
6.333 48.150 9881700
6.342 48.150 9881700
6.342 48.142 9881700
6.367 48.142 9881700
6.367 48.125 9881700
6.392 48.125 9881700
6.392 48.133 9881700
6.400 48.133 9881700
6.400 48.125 9881700
6.442 48.125 9881700
6.442 48.083 9881700
6.450 48.083 9881700
6.450 48.058 9881700
6.458 48.058 9881700
6.458 48.050 9881700
6.467 48.050 9881700
6.467 48.025 9881700
6.483 48.025 9881700
6.483 48.017 9881700
6.492 48.017 9881700
6.492 48.000 9881700
6.525 48.000 9881700
6.525 47.992 9881700
6.542 47.992 9881700
6.542 47.983 9881700
6.592 47.983 9881700
6.592 47.967 9881700
6.600 47.967 9881700
6.600 47.933 9881700
6.608 47.933 9881700
6.608 47.925 9881700
6.633 47.925 9881700
6.633 47.908 9881700
6.650 47.908 9881700
6.650 47.900 9881700
6.667 47.900 9881700
6.667 47.883 9881700
6.692 47.883 9881700
6.692 47.875 9881700
6.708 47.875 9881700
6.708 47.867 9881700
6.742 47.867 9881700
6.742 47.858 9881700
6.750 47.858 9881700
6.750 47.850 9881700
6.775 47.850 9881700
6.775 47.842 9881700
6.792 47.842 9881700
6.792 47.825 9881700
6.800 47.825 9881700
6.800 47.817 9881700
6.817 47.817 9881700
6.817 47.808 9881700
6.825 47.808 9881700
6.825 47.817 9881700
6.842 47.817 9881700
6.842 47.808 9881700
6.850 47.808 9881700
6.850 47.800 9881700
6.858 47.800 9881700
6.858 47.792 9881700
6.867 47.792 9881700
6.867 47.783 9881700
6.917 47.783 9881700
6.917 47.775 9881700
6.933 47.775 9881700
6.933 47.767 9881700
6.958 47.767 9881700
6.958 47.758 9881700
6.975 47.758 9881700
6.975 47.750 9881700
7.000 47.750 9881700
7.000 47.742 9881700
7.017 47.742 9881700
7.017 47.733 9881700
7.025 47.733 9881700
7.025 47.725 9881700
7.042 47.725 9881700
7.042 47.717 9881700
7.033 47.717 9881700
7.033 47.683 9881700
7.042 47.683 9881700
7.042 47.658 9881700
7.067 47.658 9881700
7.067 47.633 9881700
7.075 47.633 9881700
7.075 47.625 9881700
7.083 47.625 9881700
7.083 47.592 9881700
7.092 47.592 9881700
7.092 47.575 9881700
7.100 47.575 9881700
7.100 47.567 9881700
7.125 47.567 9881700
7.125 47.558 9881700
7.133 47.558 9881700
7.133 47.550 9881700
7.142 47.550 9881700
7.142 47.525 9881700
7.150 47.525 9881700
7.150 47.517 9881700
7.142 47.517 9881700
7.142 47.508 9881700
7.150 47.508 9881700
7.150 47.500 9881700
7.158 47.500 9881700
7.158 47.492 9881700
7.175 47.492 9881700
7.175 47.483 9881700
7.183 47.483 9881700
7.183 47.442 9881700
7.200 47.442 9881700
7.200 47.433 9881700
7.233 47.433 9881700
7.233 47.400 9881700
7.225 47.400 9881700
7.225 47.383 9881700
7.217 47.383 9881700
7.217 47.375 9881700
7.208 47.375 9881700
7.208 47.367 9881700
7.200 47.367 9881700
7.200 47.358 9881700
7.192 47.358 9881700
7.192 47.350 9881700
7.183 47.350 9881700
7.183 47.342 9881700
7.175 47.342 9881700
7.175 47.333 9881700
7.167 47.333 9881700
7.167 47.325 9881700
7.150 47.325 9881700
7.150 47.317 9881700
7.125 47.317 9881700
7.125 47.308 9881700
7.108 47.308 9881700
7.108 47.300 9881700
7.083 47.300 9881700
7.083 47.292 9881700
7.042 47.292 9881700
7.042 47.283 9881700
7.025 47.283 9881700
7.025 47.275 9881700
7.008 47.275 9881700
7.008 47.267 9881700
7.000 47.267 9881700
7.000 47.258 9881700
6.975 47.258 9881700
6.975 47.208 9881700
6.983 47.208 9881700
6.983 47.200 9881700
6.975 47.200 9881700
6.958 47.200 9881700
6.958 47.192 9881700
6.933 47.192 9881700
6.933 47.183 9881700
6.925 47.183 9881700
6.925 47.150 9881700
6.925 47.142 9881700
6.908 47.142 9881700
6.908 47.133 9881700
6.900 47.133 9881700
6.900 47.125 9881700
6.883 47.125 9881700
6.883 47.117 9881700
6.867 47.117 9881700
6.867 47.108 9881700
6.858 47.108 9881700
6.858 47.067 9881700
6.808 47.067 9881700
6.800 47.067 9881700
6.800 47.075 9881700
6.792 47.075 9881700
6.792 47.100 9881700
6.775 47.100 9881700
6.775 47.092 9881700
6.767 47.092 9881700
6.767 47.083 9881700
6.750 47.083 9881700
6.750 47.075 9881700
6.725 47.075 9881700
6.725 47.058 9881700
6.717 47.058 9881700
6.717 47.042 9881700
6.708 47.042 9881700
6.708 47.033 9881700
6.700 47.033 9881700
6.700 47.025 9881700
6.692 47.025 9881700
6.692 47.033 9881700
6.675 47.033 9881700
6.675 47.025 9881700
6.667 47.025 9881700
6.667 47.017 9881700
6.633 47.017 9881700
6.633 47.008 9881700
6.625 47.008 9881700
6.625 47.000 9881700
6.600 47.000 9881700
6.600 46.992 9881700
6.575 46.992 9881700
6.575 46.983 9881700
6.550 46.983 9881700
6.550 46.975 9881700
6.525 46.975 9881700
6.525 46.967 9881700
6.508 46.967 9881700
6.508 46.958 9881700
6.483 46.958 9881700
6.483 46.942 9881700
6.475 46.942 9881700
6.475 46.933 9881700
6.483 46.933 9881700
6.483 46.925 9881700
6.517 46.925 9881700
6.517 46.933 9881700
6.533 46.933 9881700
6.533 46.925 9881700
6.525 46.925 9881700
6.525 46.892 9881700
6.492 46.892 9881700
6.492 46.883 9881700
6.467 46.883 9881700
6.467 46.875 9881700
6.450 46.875 9881700
6.450 46.867 9881700
6.442 46.867 9881700
6.442 46.858 9881700
6.425 46.858 9881700
6.425 46.850 9881700
6.433 46.850 9881700
6.433 46.833 9881700
6.425 46.833 9881700
6.425 46.825 9881700
6.417 46.825 9881700
6.417 46.817 9881700
6.408 46.817 9881700
6.408 46.808 9881700
6.400 46.808 9881700
6.400 46.783 9881700
6.392 46.783 9881700
6.392 46.775 9881700
6.375 46.775 9881700
6.375 46.767 9881700
6.367 46.767 9881700
6.367 46.758 9881700
6.358 46.758 9881700
6.358 46.750 9881700
6.350 46.750 9881700
6.350 46.725 9881700
6.317 46.725 9881700
6.317 46.717 9881700
6.300 46.717 9881700
6.300 46.708 9881700
6.275 46.708 9881700
6.275 46.700 9881700
6.258 46.700 9881700
6.258 46.692 9881700
6.250 46.692 9881700
6.250 46.667 9881700
6.242 46.667 9881700
6.242 46.658 9881700
6.233 46.658 9881700
6.233 46.650 9881700
6.217 46.650 9881700
6.217 46.642 9881700
6.200 46.642 9881700
6.200 46.633 9881700
6.192 46.633 9881700
6.192 46.625 9881700
6.183 46.625 9881700
6.183 46.617 9881700
6.167 46.617 9881700
6.167 46.608 9881700
6.158 46.608 9881700
6.158 46.625 9881700
6.142 46.625 9881700
6.142 46.633 9881700
6.125 46.633 9881700
6.125 46.642 9881700
6.108 46.642 9881700
6.108 46.633 9881700
6.092 46.633 9881700
6.092 46.625 9881700
6.083 46.625 9881700
6.083 46.617 9881700
6.075 46.617 9881700
6.075 46.608 9881700
6.050 46.608 9881700
6.050 46.592 9881700
6.067 46.592 9881700
6.067 46.583 9881700
6.075 46.583 9881700
6.075 46.575 9881700
6.083 46.575 9881700
6.083 46.583 9881700
6.092 46.583 9881700
6.092 46.575 9881700
6.100 46.575 9881700
6.100 46.567 9881700
6.108 46.567 9881700
6.108 46.558 9881700
6.092 46.558 9881700
6.092 46.542 9881700
6.083 46.542 9881700
6.083 46.525 9881700
6.075 46.525 9881700
6.075 46.517 9881700
6.058 46.517 9881700
6.058 46.492 9881700
6.067 46.492 9881700
6.067 46.475 9881700
6.075 46.475 9881700
6.075 46.467 9881700
6.083 46.467 9881700
6.083 46.458 9881700
6.100 46.458 9881700
6.100 46.467 9881700
6.108 46.467 9881700
6.108 46.475 9881700
6.117 46.475 9881700
6.117 46.483 9881700
6.125 46.483 9881700
6.125 46.492 9881700
6.133 46.492 9881700
6.133 46.500 9881700
6.142 46.500 9881700
6.142 46.508 9881700
6.158 46.508 9881700
6.158 46.517 9881700
6.167 46.517 9881700
6.167 46.525 9881700
6.183 46.525 9881700
6.183 46.542 9881700
6.200 46.542 9881700
6.200 46.550 9881700
6.208 46.550 9881700
6.208 46.558 9881700
6.267 46.558 9881700
6.267 46.567 9881700
6.275 46.567 9881700
6.275 46.575 9881700
6.292 46.575 9881700
6.292 46.583 9881700
6.308 46.583 9881700
6.308 46.592 9881700
6.317 46.592 9881700
6.317 46.617 9881700
6.325 46.617 9881700
6.325 46.625 9881700
6.342 46.625 9881700
6.342 46.642 9881700
6.350 46.642 9881700
6.350 46.675 9881700
6.358 46.675 9881700
6.358 46.683 9881700
6.367 46.683 9881700
6.367 46.692 9881700
6.383 46.692 9881700
6.383 46.700 9881700
6.400 46.700 9881700
6.400 46.708 9881700
6.442 46.708 9881700
6.442 46.717 9881700
6.450 46.717 9881700
6.450 46.708 9881700
6.483 46.708 9881700
6.483 46.700 9881700
6.492 46.700 9881700
6.492 46.692 9881700
6.508 46.692 9881700
6.508 46.683 9881700
6.525 46.683 9881700
6.525 46.667 9881700
6.533 46.667 9881700
6.533 46.658 9881700
6.575 46.658 9881700
6.575 46.617 9881700
6.633 46.617 9881700
6.633 46.608 9881700
6.700 46.608 9881700
6.700 46.600 9881700
6.708 46.600 9881700
6.708 46.592 9881700
6.717 46.592 9881700
6.717 46.558 9881700
6.758 46.558 9881700
6.758 46.567 9881700
6.767 46.567 9881700
6.767 46.558 9881700
6.775 46.558 9881700
6.775 46.550 9881700
6.783 46.550 9881700
6.783 46.533 9881700
6.792 46.533 9881700
6.792 46.525 9881700
6.800 46.525 9881700
6.800 46.517 9881700
6.817 46.517 9881700
6.817 46.492 9881700
6.833 46.492 9881700
6.833 46.500 9881700
6.858 46.500 9881700
6.858 46.508 9881700
6.875 46.508 9881700
6.875 46.517 9881700
6.883 46.517 9881700
6.883 46.533 9881700
6.892 46.533 9881700
6.892 46.542 9881700
6.942 46.542 9881700
6.942 46.550 9881700
6.975 46.550 9881700
6.975 46.542 9881700
7.000 46.542 9881700
7.000 46.500 9881700
6.992 46.500 9881700
6.992 46.483 9881700
6.983 46.483 9881700
6.983 46.433 9881700
7.000 46.433 9881700
7.000 46.408 9881700
6.992 46.408 9881700
6.992 46.392 9881700
7.000 46.392 9881700
7.000 46.383 9881700
7.008 46.383 9881700
7.008 46.375 9881700
7.017 46.375 9881700
7.017 46.383 9881700
7.025 46.383 9881700
7.025 46.392 9881700
7.067 46.392 9881700
7.067 46.400 9881700
7.092 46.400 9881700
7.092 46.392 9881700
7.108 46.392 9881700
7.108 46.383 9881700
7.192 46.383 9881700
7.192 46.375 9881700
7.208 46.375 9881700
7.208 46.358 9881700
7.217 46.358 9881700
7.217 46.333 9881700
7.225 46.333 9881700
7.225 46.317 9881700
7.250 46.317 9881700
7.250 46.333 9881700
7.258 46.333 9881700
7.258 46.342 9881700
7.275 46.342 9881700
7.275 46.333 9881700
7.317 46.333 9881700
7.317 46.342 9881700
7.350 46.342 9881700
7.350 46.350 9881700
7.367 46.350 9881700
7.367 46.358 9881700
7.383 46.358 9881700
7.383 46.367 9881700
7.400 46.367 9881700
7.400 46.375 9881700
7.450 46.375 9881700
7.450 46.367 9881700
7.458 46.367 9881700
7.458 46.375 9881700
7.467 46.375 9881700
7.467 46.383 9881700
7.475 46.383 9881700
7.475 46.375 9881700
7.500 46.375 9881700
7.500 46.383 9881700
7.533 46.383 9881700
7.533 46.400 9881700
7.542 46.400 9881700
7.542 46.408 9881700
7.575 46.408 9881700
7.575 46.417 9881700
7.608 46.417 9881700
7.608 46.408 9881700
7.642 46.408 9881700
7.642 46.417 9881700
7.675 46.417 9881700
7.675 46.425 9881700
7.700 46.425 9881700
7.700 46.417 9881700
7.733 46.417 9881700
7.733 46.425 9881700
7.758 46.425 9881700
7.758 46.433 9881700
7.775 46.433 9881700
7.775 46.442 9881700
7.783 46.442 9881700
7.783 46.450 9881700
7.792 46.450 9881700
7.792 46.458 9881700
7.808 46.458 9881700
7.808 46.467 9881700
7.825 46.467 9881700
7.825 46.475 9881700
7.883 46.475 9881700
7.883 46.483 9881700
7.925 46.483 9881700
7.925 46.492 9881700
7.942 46.492 9881700
7.942 46.500 9881700
7.958 46.500 9881700
7.958 46.508 9881700
7.975 46.508 9881700
7.975 46.542 9881700
7.992 46.542 9881700
7.992 46.550 9881700
8.000 46.550 9881700
8.000 46.558 9881700
8.008 46.558 9881700
8.008 46.550 9881700
8.083 46.550 9881700
8.083 46.542 9881700
8.125 46.542 9881700
8.125 46.533 9881700
8.142 46.533 9881700
8.142 46.525 9881700
8.175 46.525 9881700
8.175 46.517 9881700
8.208 46.517 9881700
8.208 46.525 9881700
8.267 46.525 9881700
8.267 46.533 9881700
8.283 46.533 9881700
8.283 46.542 9881700
8.300 46.542 9881700
8.300 46.550 9881700
8.325 46.550 9881700
8.325 46.558 9881700
8.342 46.558 9881700
8.342 46.567 9881700
8.350 46.567 9881700
8.350 46.583 9881700
8.358 46.583 9881700
8.358 46.592 9881700
8.367 46.592 9881700
8.367 46.617 9881700
8.375 46.617 9881700
8.375 46.633 9881700
8.383 46.633 9881700
8.383 46.642 9881700
8.400 46.642 9881700
8.400 46.650 9881700
8.408 46.650 9881700
8.408 46.642 9881700
8.417 46.642 9881700
8.417 46.625 9881700
8.425 46.625 9881700
8.425 46.617 9881700
8.417 46.617 9881700
8.417 46.600 9881700
8.408 46.600 9881700
8.408 46.583 9881700
8.417 46.583 9881700
8.417 46.567 9881700
8.425 46.567 9881700
8.425 46.550 9881700
8.433 46.550 9881700
8.433 46.542 9881700
8.442 46.542 9881700
8.442 46.533 9881700
8.450 46.533 9881700
8.450 46.542 9881700
8.458 46.542 9881700
8.458 46.533 9881700
8.475 46.533 9881700
8.475 46.525 9881700
8.467 46.525 9881700
8.467 46.517 9881700
8.458 46.517 9881700
8.458 46.508 9881700
8.450 46.508 9881700
8.450 46.500 9881700
8.433 46.500 9881700
8.433 46.492 9881700
8.392 46.492 9881700
8.392 46.458 9881700
8.383 46.458 9881700
8.383 46.450 9881700
8.367 46.450 9881700
8.367 46.442 9881700
8.333 46.442 9881700
8.333 46.433 9881700
8.317 46.433 9881700
8.317 46.425 9881700
8.308 46.425 9881700
8.308 46.400 9881700
8.317 46.400 9881700
8.317 46.383 9881700
8.300 46.383 9881700
8.300 46.375 9881700
8.292 46.375 9881700
8.292 46.367 9881700
8.275 46.367 9881700
8.275 46.358 9881700
8.250 46.358 9881700
8.250 46.350 9881700
8.242 46.350 9881700
8.242 46.333 9881700
8.225 46.333 9881700
8.225 46.325 9881700
8.208 46.325 9881700
8.208 46.308 9881700
8.200 46.308 9881700
8.200 46.300 9881700
8.192 46.300 9881700
8.192 46.308 9881700
8.183 46.308 9881700
8.183 46.300 9881700
8.150 46.300 9881700
8.150 46.308 9881700
8.133 46.308 9881700
8.133 46.300 9881700
8.125 46.300 9881700
8.125 46.292 9881700
8.108 46.292 9881700
8.108 46.275 9881700
8.100 46.275 9881700
8.100 46.267 9881700
8.083 46.267 9881700
8.083 46.242 9881700
8.058 46.242 9881700
8.058 46.233 9881700
8.042 46.233 9881700
8.042 46.242 9881700
8.025 46.242 9881700
8.025 46.250 9881700
8.017 46.250 9881700
8.017 46.258 9881700
7.992 46.258 9881700
7.992 46.250 9881700
7.983 46.250 9881700
7.983 46.200 9881700
7.992 46.200 9881700
7.992 46.175 9881700
8.000 46.175 9881700
8.000 46.142 9881700
8.008 46.142 9881700
8.008 46.125 9881700
8.017 46.125 9881700
8.017 46.117 9881700
8.025 46.117 9881700
8.025 46.075 9881700
8.017 46.075 9881700
8.017 46.067 9881700
8.025 46.067 9881700
8.025 46.050 9881700
8.017 46.050 9881700
8.017 46.033 9881700
8.008 46.033 9881700
8.008 46.017 9881700
8.000 46.017 9881700
8.000 46.008 9881700
7.992 46.008 9881700
7.992 46.000 9881700
7.942 46.000 9881700
7.942 46.008 9881700
7.917 46.008 9881700
7.917 46.000 9881700
7.892 46.000 9881700
7.892 45.992 9881700
7.883 45.992 9881700
7.883 45.983 9881700
7.875 45.983 9881700
7.875 45.967 9881700
7.867 45.967 9881700
7.867 45.925 9881700
7.858 45.925 9881700
7.858 45.917 9881700
7.833 45.917 9881700
7.833 45.925 9881700
7.808 45.925 9881700
7.808 45.917 9881700
7.792 45.917 9881700
7.792 45.925 9881700
7.783 45.925 9881700
7.783 45.933 9881700
7.733 45.933 9881700
7.733 45.925 9881700
7.717 45.925 9881700
7.717 45.942 9881700
7.708 45.942 9881700
7.708 45.958 9881700
7.683 45.958 9881700
7.683 45.967 9881700
7.675 45.967 9881700
7.675 45.975 9881700
7.625 45.975 9881700
7.625 45.967 9881700
7.592 45.967 9881700
7.592 45.975 9881700
7.583 45.975 9881700
7.583 45.992 9881700
7.550 45.992 9881700
7.550 45.983 9881700
7.542 45.983 9881700
7.542 45.958 9881700
7.517 45.958 9881700
7.517 45.967 9881700
7.483 45.967 9881700
7.483 45.958 9881700
7.475 45.958 9881700
7.475 45.942 9881700
7.458 45.942 9881700
7.458 45.933 9881700
7.450 45.933 9881700
7.450 45.925 9881700
7.425 45.925 9881700
7.425 45.917 9881700
7.417 45.917 9881700
7.417 45.908 9881700
7.400 45.908 9881700
7.400 45.900 9881700
7.367 45.900 9881700
7.367 45.908 9881700
7.358 45.908 9881700
7.358 45.917 9881700
7.333 45.917 9881700
7.333 45.908 9881700
7.325 45.908 9881700
7.325 45.917 9881700
7.317 45.917 9881700
7.317 45.925 9881700
7.292 45.925 9881700
7.292 45.917 9881700
7.283 45.917 9881700
7.283 45.908 9881700
7.275 45.908 9881700
7.275 45.900 9881700
7.258 45.900 9881700
7.258 45.892 9881700
7.242 45.892 9881700
7.242 45.900 9881700
7.233 45.900 9881700
7.233 45.892 9881700
7.225 45.892 9881700
7.225 45.883 9881700
7.208 45.883 9881700
7.208 45.875 9881700
7.200 45.875 9881700
7.200 45.867 9881700
7.175 45.867 9881700
7.175 45.875 9881700
7.167 45.875 9881700
7.167 45.883 9881700
7.150 45.883 9881700
7.150 45.875 9881700
7.142 45.875 9881700
7.142 45.867 9881700
7.133 45.867 9881700
7.133 45.858 9881700
7.100 45.858 9881700
7.100 45.867 9881700
7.092 45.867 9881700
7.092 45.875 9881700
7.083 45.875 9881700
7.083 45.892 9881700
7.075 45.892 9881700
7.075 45.900 9881700
7.067 45.900 9881700
7.067 45.908 9881700
7.058 45.908 9881700
7.058 45.917 9881700
7.017 45.917 9881700
7.017 45.908 9881700
7.008 45.908 9881700
7.008 45.883 9881700
7.000 45.883 9881700
7.000 45.875 9881700
6.992 45.875 9881700
6.992 45.867 9881700
6.950 45.867 9881700
6.950 45.858 9881700
6.933 45.858 9881700
6.933 45.850 9881700
6.875 45.850 9881700
6.875 45.842 9881700
6.867 45.842 9881700
6.867 45.833 9881700
6.858 45.833 9881700
6.858 45.842 9881700
6.833 45.842 9881700
6.833 45.833 9881700
6.817 45.833 9881700
6.817 45.825 9881700
6.808 45.825 9881700
6.808 45.783 9881700
6.800 45.783 9881700
6.800 45.767 9881700
6.808 45.767 9881700
6.808 45.742 9881700
6.817 45.742 9881700
6.817 45.725 9881700
6.825 45.725 9881700
6.825 45.708 9881700
6.833 45.708 9881700
6.833 45.700 9881700
6.850 45.700 9881700
6.850 45.683 9881700
6.875 45.683 9881700
6.875 45.675 9881700
6.892 45.675 9881700
6.892 45.667 9881700
6.908 45.667 9881700
6.908 45.658 9881700
6.925 45.658 9881700
6.925 45.650 9881700
6.983 45.650 9881700
6.983 45.642 9881700
7.000 45.642 9881700
7.000 45.633 9881700
6.992 45.633 9881700
6.992 45.625 9881700
6.983 45.625 9881700
6.983 45.575 9881700
7.000 45.575 9881700
7.000 45.567 9881700
6.992 45.567 9881700
6.992 45.525 9881700
7.000 45.525 9881700
7.000 45.508 9881700
7.017 45.508 9881700
7.017 45.500 9881700
7.050 45.500 9881700
7.050 45.492 9881700
7.058 45.492 9881700
7.058 45.475 9881700
7.092 45.475 9881700
7.092 45.467 9881700
7.100 45.467 9881700
7.100 45.442 9881700
7.108 45.442 9881700
7.108 45.433 9881700
7.125 45.433 9881700
7.125 45.425 9881700
7.133 45.425 9881700
7.133 45.417 9881700
7.158 45.417 9881700
7.158 45.408 9881700
7.175 45.408 9881700
7.175 45.392 9881700
7.158 45.392 9881700
7.158 45.375 9881700
7.150 45.375 9881700
7.150 45.358 9881700
7.142 45.358 9881700
7.142 45.342 9881700
7.133 45.342 9881700
7.133 45.333 9881700
7.125 45.333 9881700
7.125 45.325 9881700
7.108 45.325 9881700
7.108 45.317 9881700
7.117 45.317 9881700
7.117 45.292 9881700
7.125 45.292 9881700
7.125 45.250 9881700
7.108 45.250 9881700
7.108 45.242 9881700
7.092 45.242 9881700
7.092 45.233 9881700
7.083 45.233 9881700
7.083 45.225 9881700
7.033 45.225 9881700
7.033 45.233 9881700
7.017 45.233 9881700
7.017 45.242 9881700
6.992 45.242 9881700
6.992 45.258 9881700
6.983 45.258 9881700
6.983 45.267 9881700
6.908 45.267 9881700
6.908 45.258 9881700
6.892 45.258 9881700
6.892 45.250 9881700
6.875 45.250 9881700
6.875 45.242 9881700
6.858 45.242 9881700
6.858 45.225 9881700
6.867 45.225 9881700
6.867 45.217 9881700
6.883 45.217 9881700
6.883 45.208 9881700
6.908 45.208 9881700
6.908 45.200 9881700
6.917 45.200 9881700
6.917 45.192 9881700
6.925 45.192 9881700
6.925 45.175 9881700
6.917 45.175 9881700
6.917 45.167 9881700
6.892 45.167 9881700
6.892 45.142 9881700
6.867 45.142 9881700
6.867 45.133 9881700
6.858 45.133 9881700
6.858 45.125 9881700
6.850 45.125 9881700
6.850 45.133 9881700
6.833 45.133 9881700
6.833 45.142 9881700
6.825 45.142 9881700
6.825 45.150 9881700
6.800 45.150 9881700
6.800 45.158 9881700
6.750 45.158 9881700
6.750 45.150 9881700
6.742 45.150 9881700
6.742 45.142 9881700
6.717 45.142 9881700
6.717 45.150 9881700
6.700 45.150 9881700
6.700 45.142 9881700
6.667 45.142 9881700
6.667 45.125 9881700
6.650 45.125 9881700
6.650 45.117 9881700
6.633 45.117 9881700
6.633 45.108 9881700
6.625 45.108 9881700
6.625 45.117 9881700
6.600 45.117 9881700
6.600 45.125 9881700
6.567 45.125 9881700
6.567 45.108 9881700
6.558 45.108 9881700
6.558 45.100 9881700
6.550 45.100 9881700
6.550 45.083 9881700
6.558 45.083 9881700
6.558 45.075 9881700
6.567 45.075 9881700
6.567 45.067 9881700
6.592 45.067 9881700
6.592 45.058 9881700
6.617 45.058 9881700
6.617 45.050 9881700
6.633 45.050 9881700
6.633 45.042 9881700
6.642 45.042 9881700
6.642 45.033 9881700
6.667 45.033 9881700
6.667 45.025 9881700
6.725 45.025 9881700
6.725 45.017 9881700
6.733 45.017 9881700
6.733 45.008 9881700
6.742 45.008 9881700
6.742 44.992 9881700
6.733 44.992 9881700
6.733 44.983 9881700
6.717 44.983 9881700
6.717 44.958 9881700
6.725 44.958 9881700
6.725 44.942 9881700
6.733 44.942 9881700
6.733 44.908 9881700
6.750 44.908 9881700
6.750 44.900 9881700
6.783 44.900 9881700
6.783 44.892 9881700
6.800 44.892 9881700
6.800 44.883 9881700
6.808 44.883 9881700
6.808 44.875 9881700
6.825 44.875 9881700
6.825 44.867 9881700
6.833 44.867 9881700
6.833 44.858 9881700
6.850 44.858 9881700
6.850 44.850 9881700
6.875 44.850 9881700
6.875 44.842 9881700
6.908 44.842 9881700
6.908 44.850 9881700
6.917 44.850 9881700
6.917 44.867 9881700
6.942 44.867 9881700
6.942 44.858 9881700
6.950 44.858 9881700
6.950 44.850 9881700
7.000 44.850 9881700
7.000 44.833 9881700
7.008 44.833 9881700
7.008 44.825 9881700
7.017 44.825 9881700
7.017 44.817 9881700
7.008 44.817 9881700
7.008 44.783 9881700
7.017 44.783 9881700
7.017 44.742 9881700
7.025 44.742 9881700
7.025 44.733 9881700
7.033 44.733 9881700
7.033 44.725 9881700
7.042 44.725 9881700
7.042 44.717 9881700
7.067 44.717 9881700
7.067 44.692 9881700
7.075 44.692 9881700
7.075 44.683 9881700
7.067 44.683 9881700
7.067 44.675 9881700
7.050 44.675 9881700
7.050 44.683 9881700
7.033 44.683 9881700
7.033 44.692 9881700
6.983 44.692 9881700
6.983 44.683 9881700
6.967 44.683 9881700
6.967 44.675 9881700
6.958 44.675 9881700
6.958 44.667 9881700
6.950 44.667 9881700
6.950 44.617 9881700
6.942 44.617 9881700
6.942 44.600 9881700
6.933 44.600 9881700
6.933 44.592 9881700
6.925 44.592 9881700
6.925 44.567 9881700
6.908 44.567 9881700
6.908 44.558 9881700
6.883 44.558 9881700
6.883 44.550 9881700
6.875 44.550 9881700
6.875 44.542 9881700
6.858 44.542 9881700
6.858 44.508 9881700
6.867 44.508 9881700
6.867 44.492 9881700
6.875 44.492 9881700
6.875 44.483 9881700
6.883 44.483 9881700
6.883 44.475 9881700
6.892 44.475 9881700
6.892 44.467 9881700
6.900 44.467 9881700
6.900 44.458 9881700
6.908 44.458 9881700
6.908 44.450 9881700
6.917 44.450 9881700
6.917 44.442 9881700
6.933 44.442 9881700
6.933 44.433 9881700
6.917 44.433 9881700
6.917 44.425 9881700
6.908 44.425 9881700
6.908 44.417 9881700
6.900 44.417 9881700
6.900 44.392 9881700
6.892 44.392 9881700
6.892 44.367 9881700
6.875 44.367 9881700
6.875 44.358 9881700
6.858 44.358 9881700
6.858 44.342 9881700
6.850 44.342 9881700
6.850 44.350 9881700
6.842 44.350 9881700
6.842 44.342 9881700
6.817 44.342 9881700
6.817 44.333 9881700
6.808 44.333 9881700
6.808 44.325 9881700
6.800 44.325 9881700
6.800 44.300 9881700
6.792 44.300 9881700
6.792 44.292 9881700
6.783 44.292 9881700
6.783 44.283 9881700
6.767 44.283 9881700
6.767 44.275 9881700
6.758 44.275 9881700
6.758 44.267 9881700
6.725 44.267 9881700
6.725 44.233 9881700
6.717 44.233 9881700
6.717 44.225 9881700
6.708 44.225 9881700
6.708 44.208 9881700
6.700 44.208 9881700
6.700 44.167 9881700
6.692 44.167 9881700
6.692 44.150 9881700
6.708 44.150 9881700
6.708 44.108 9881700
6.700 44.108 9881700
6.700 44.100 9881700
6.692 44.100 9881700
6.692 44.108 9881700
6.667 44.108 9881700
6.667 44.100 9881700
6.658 44.100 9881700
6.658 44.092 9881700
6.642 44.092 9881700
6.642 44.083 9881700
6.617 44.083 9881700
6.617 44.092 9881700
6.608 44.092 9881700
6.608 44.083 9881700
6.600 44.083 9881700
6.600 44.042 9881700
6.592 44.042 9881700
6.592 44.017 9881700
6.600 44.017 9881700
6.600 44.008 9881700
6.608 44.008 9881700
6.608 44.000 9881700
6.617 44.000 9881700
6.617 43.992 9881700
6.625 43.992 9881700
6.625 43.958 9881700
6.608 43.958 9881700
6.608 43.942 9881700
6.600 43.942 9881700
6.600 43.925 9881700
6.608 43.925 9881700
6.608 43.908 9881700
6.617 43.908 9881700
6.617 43.900 9881700
6.633 43.900 9881700
6.633 43.883 9881700
6.617 43.883 9881700
6.617 43.867 9881700
6.608 43.867 9881700
6.608 43.850 9881700
6.617 43.850 9881700
6.617 43.842 9881700
6.625 43.842 9881700
6.625 43.833 9881700
6.667 43.833 9881700
6.667 43.825 9881700
6.708 43.825 9881700
6.708 43.808 9881700
6.800 43.808 9881700
6.800 43.817 9881700
6.858 43.817 9881700
6.858 43.800 9881700
6.842 43.800 9881700
6.842 43.792 9881700
6.817 43.792 9881700
6.817 43.783 9881700
6.775 43.783 9881700
6.775 43.758 9881700
6.750 43.758 9881700
6.750 43.767 9881700
6.742 43.767 9881700
6.742 43.758 9881700
6.725 43.758 9881700
6.725 43.750 9881700
6.717 43.750 9881700
6.717 43.758 9881700
6.692 43.758 9881700
6.692 43.750 9881700
6.667 43.750 9881700
6.667 43.742 9881700
6.675 43.742 9881700
6.675 43.733 9881700
6.667 43.733 9881700
6.667 43.725 9881700
6.658 43.725 9881700
6.658 43.708 9881700
6.642 43.708 9881700
6.642 43.700 9881700
6.633 43.700 9881700
6.633 43.675 9881700
6.625 43.675 9881700
6.625 43.667 9881700
6.608 43.667 9881700
6.608 43.658 9881700
6.592 43.658 9881700
6.592 43.650 9881700
6.575 43.650 9881700
6.575 43.642 9881700
6.558 43.642 9881700
6.558 43.650 9881700
6.508 43.650 9881700
6.508 43.658 9881700
6.500 43.658 9881700
6.500 43.650 9881700
6.492 43.650 9881700
6.492 43.658 9881700
6.442 43.658 9881700
6.442 43.667 9881700
6.433 43.667 9881700
6.433 43.658 9881700
6.417 43.658 9881700
6.417 43.667 9881700
6.400 43.667 9881700
6.400 43.658 9881700
6.392 43.658 9881700
6.392 43.642 9881700
6.383 43.642 9881700
6.383 43.650 9881700
6.367 43.650 9881700
6.367 43.658 9881700
6.333 43.658 9881700
6.333 43.667 9881700
6.325 43.667 9881700
6.325 43.675 9881700
6.333 43.675 9881700
6.333 43.683 9881700
6.350 43.683 9881700
6.350 43.700 9881700
6.342 43.700 9881700
6.342 43.717 9881700
6.333 43.717 9881700
6.333 43.725 9881700
6.325 43.725 9881700
6.325 43.733 9881700
6.308 43.733 9881700
6.308 43.742 9881700
6.292 43.742 9881700
6.292 43.750 9881700
6.283 43.750 9881700
6.283 43.733 9881700
6.275 43.733 9881700
6.275 43.725 9881700
6.258 43.725 9881700
6.258 43.717 9881700
6.250 43.717 9881700
6.250 43.683 9881700
6.258 43.683 9881700
6.258 43.675 9881700
6.275 43.675 9881700
6.275 43.658 9881700
6.225 43.658 9881700
6.225 43.667 9881700
6.217 43.667 9881700
6.217 43.675 9881700
6.200 43.675 9881700
6.200 43.683 9881700
6.192 43.683 9881700
6.192 43.675 9881700
6.150 43.675 9881700
6.150 43.667 9881700
6.117 43.667 9881700
6.117 43.658 9881700
6.108 43.658 9881700
6.108 43.642 9881700
6.100 43.642 9881700
6.100 43.633 9881700
6.050 43.633 9881700
6.050 43.625 9881700
6.025 43.625 9881700
6.025 43.633 9881700
6.017 43.633 9881700
6.017 43.642 9881700
5.992 43.642 9881700
5.992 43.650 9881700
5.975 43.650 9881700
5.975 43.658 9881700
5.950 43.658 9881700
5.950 43.667 9881700
5.942 43.667 9881700
5.942 43.658 9881700
5.933 43.658 9881700
5.933 43.650 9881700
5.908 43.650 9881700
5.908 43.658 9881700
5.900 43.658 9881700
5.900 43.650 9881700
5.892 43.650 9881700
5.892 43.642 9881700
5.900 43.642 9881700
5.900 43.617 9881700
5.875 43.617 9881700
5.875 43.608 9881700
5.867 43.608 9881700
5.867 43.600 9881700
5.858 43.600 9881700
5.858 43.583 9881700
5.850 43.583 9881700
5.850 43.575 9881700
5.825 43.575 9881700
5.825 43.558 9881700
5.833 43.558 9881700
5.833 43.542 9881700
5.817 43.542 9881700
5.817 43.533 9881700
5.783 43.533 9881700
5.775 43.533 9881700
5.775 43.542 9881700
5.758 43.542 9881700
5.758 43.533 9881700
5.750 43.533 9881700
5.750 43.542 9881700
5.692 43.542 9881700
5.692 43.550 9881700
5.675 43.550 9881700
5.675 43.542 9881700
5.667 43.542 9881700
5.667 43.558 9881700
5.650 43.558 9881700
5.650 43.567 9881700
5.642 43.567 9881700
5.642 43.575 9881700
5.608 43.575 9881700
5.608 43.567 9881700
5.583 43.567 9881700
5.583 43.575 9881700
5.575 43.575 9881700
5.575 43.567 9881700
5.517 43.567 9881700
5.517 43.558 9881700
5.500 43.558 9881700
5.500 43.567 9881700
5.492 43.567 9881700
5.492 43.592 9881700
5.475 43.592 9881700
5.475 43.600 9881700
5.467 43.600 9881700
5.467 43.608 9881700
5.450 43.608 9881700
5.450 43.617 9881700
5.408 43.617 9881700
5.408 43.625 9881700
5.383 43.625 9881700
5.383 43.658 9881700
5.325 43.658 9881700
5.325 43.667 9881700
5.317 43.667 9881700
5.317 43.675 9881700
5.308 43.675 9881700
5.308 43.683 9881700
5.258 43.683 9881700
5.258 43.692 9881700
5.242 43.692 9881700
5.242 43.683 9881700
5.225 43.683 9881700
5.225 43.675 9881700
5.175 43.675 9881700
5.175 43.683 9881700
5.158 43.683 9881700
5.158 43.675 9881700
5.142 43.675 9881700
5.142 43.683 9881700
5.133 43.683 9881700
5.133 43.692 9881700
5.108 43.692 9881700
5.108 43.700 9881700
5.058 43.700 9881700
5.050 43.700 9881700
5.050 43.708 9881700
5.042 43.708 9881700
5.042 43.725 9881700
5.033 43.725 9881700
5.033 43.733 9881700
5.025 43.733 9881700
5.025 43.750 9881700
5.008 43.750 9881700
5.008 43.742 9881700
4.983 43.742 9881700
4.983 43.733 9881700
4.942 43.733 9881700
4.942 43.725 9881700
4.950 43.725 9881700
4.950 43.692 9881700
4.908 43.692 9881700
4.908 43.675 9881700
4.892 43.675 9881700
4.892 43.667 9881700
4.875 43.667 9881700
4.875 43.633 9881700
4.867 43.633 9881700
4.867 43.625 9881700
4.850 43.625 9881700
4.850 43.617 9881700
4.833 43.617 9881700
4.833 43.608 9881700
4.817 43.608 9881700
4.817 43.592 9881700
4.792 43.592 9881700
4.792 43.575 9881700
4.775 43.575 9881700
4.775 43.567 9881700
4.758 43.567 9881700
4.758 43.558 9881700
4.750 43.558 9881700
4.750 43.550 9881700
4.742 43.550 9881700
4.742 43.542 9881700
4.750 43.542 9881700
4.750 43.517 9881700
4.758 43.517 9881700
4.758 43.508 9881700
4.767 43.508 9881700
4.767 43.500 9881700
4.775 43.500 9881700
4.775 43.475 9881700
4.775 43.450 9881700
4.767 43.450 9881700
4.767 43.442 9881700
4.775 43.442 9881700
4.775 43.425 9881700
4.783 43.425 9881700
4.783 43.417 9881700
4.800 43.417 9881700
4.800 43.408 9881700
4.808 43.408 9881700
4.808 43.400 9881700
4.800 43.400 9881700
4.800 43.383 9881700
4.808 43.383 9881700
4.808 43.375 9881700
4.808 43.367 9881700
