# RBD_F1v3.0 river basin SE sv Troendelag (Tr&#248;ndelag)
# data from <a href="http://www.eea.europa.eu/data-and-maps/data/wise-Basin-basin-districts-rbds">EEA</a>
14.093730001246968 64.951370001498276
14.12988006429662 64.978559976578211
14.130944961379155 64.97933497846644
14.132010047509329 64.980109970499825
14.135389931339111 64.977299984768507
14.136140057324672 64.976280000139425
14.134809990560788 64.973420015762912
14.132950058472627 64.970749978649977
14.129290020829744 64.96745998772623
14.124819940311992 64.964860024928896
14.11863996982027 64.962819987247556
14.113090028682002 64.961720010591506
14.108999957514083 64.960920000653019
14.105839966791779 64.959589979039123
14.102899969369332 64.95716997290495
14.101910046353851 64.953229973739795
14.101409994784484 64.950379980399433
14.100500022027886 64.9503500195421
14.099680022021476 64.950319996046034
14.095879994510454 64.95018997660037
14.093730001246968 64.951370001498276
12.338560059080116 63.720630009424731
12.347099931410526 63.726519936802895
12.36711919998101 63.74037741257554
12.380600029527729 63.749700019184324
12.402590002452861 63.764859991819833
12.421599937157106 63.778019989117894
12.440799989989561 63.791260043155454
12.480230028815136 63.818760017849719
12.498560043421373 63.832580001545921
12.518329743852819 63.847441178384884
12.538119968328344 63.862300003253608
12.577920008582204 63.892880014844394
12.589226567048708 63.901560395207291
12.600539998158906 63.910240010252259
12.607759995693909 63.906429974088333
12.611730009271524 63.90523000792146
12.614389979384509 63.904160016715856
12.616770054646734 63.903059984885168
12.623190041921216 63.901570014600871
12.623959945989764 63.901299995460334
12.6244600275178 63.900150006789133
12.627760043700796 63.898559977947535
12.632519975464515 63.897340011422031
12.634609956294822 63.896530023873723
12.63688005229972 63.895589990547379
12.638250017919681 63.895179994491599
12.638810024726226 63.894729995060935
12.639300003240498 63.894230009912896
12.640680002430084 63.894219975057062
12.642289992623134 63.895109991622576
12.64296004453071 63.895620024350656
12.645169996616525 63.894539987951745
12.646739940339016 63.893939998969564
12.649690054298723 63.894499994565933
12.653569945417066 63.895020013071694
12.662419992477099 63.895129979729546
12.666209996850547 63.896199979231056
12.671360028885367 63.897389989620287
12.673849951513944 63.89733997153931
12.675679947721786 63.897430024009452
12.677669980416265 63.89857998153871
12.678480045061464 63.898780007549099
12.681920041337802 63.898679970629232
12.682780049074362 63.89877997503929
12.683780039889223 63.898760002517029
12.687040014295352 63.897309972215325
12.689929997332877 63.895349994111726
12.691840017515053 63.894499987865267
12.692600047706147 63.894219977401242
12.690949952048323 63.893120027920155
12.689489962605236 63.890079979697326
12.689099963089587 63.886479991780917
12.690329939084936 63.884559993524078
12.691259946253492 63.884050025894197
12.691230026082511 63.883589971850945
12.690680021379693 63.883199975609074
12.68922998471619 63.883419988963375
12.684490045226049 63.88560001268587
12.683310046521798 63.885950006417417
12.682430016494084 63.885839973911274
12.679850009443159 63.885599969880438
12.67678005124076 63.886089978681788
12.676269948357307 63.886129982105544
12.674729961354201 63.885470024901686
12.673620051208216 63.884979981398352
12.673140017009841 63.88470001845068
12.674449989000466 63.883559998049044
12.673039959061938 63.881559974372962
12.669840038108068 63.87959997608354
12.668189995073869 63.878149982100147
12.667630042295327 63.875720012247797
12.666190046353719 63.874709979715469
12.663950020275333 63.873050018157663
12.663199943797164 63.871250017120502
12.664239979012123 63.868669992204616
12.664699983683489 63.866560024763459
12.664660001474811 63.865679979892199
12.664100060545982 63.865339987823468
12.663289968441273 63.865120000543222
12.659980046467107 63.865699985909252
12.652959976003435 63.866689999654511
12.650380052692933 63.86663002180638
12.644979990787201 63.865510024316535
12.64195995190366 63.864379973365565
12.640530018553592 63.863920011266465
12.632080053448275 63.863880009712389
12.629730025195784 63.863450014391958
12.628179982204763 63.862249982341432
12.625470016776415 63.859569978376832
12.623979949804285 63.858339984397226
12.622039968032881 63.858009994985281
12.617390035065052 63.858639993597691
12.612330043500696 63.860129979549264
12.610049954864451 63.860569984305577
12.609239972441836 63.86057999546702
12.608550014866987 63.860480018536698
12.608269962967418 63.860239998451654
12.608419989823069 63.858529999345222
12.609390048422286 63.85632002419711
12.612749998798712 63.854110020601034
12.614819962512875 63.852600002149615
12.615049985935586 63.851790002379232
12.614120018213512 63.85016997490483
12.612079970098611 63.848969985194195
12.610650004955618 63.848109984098549
12.61018004966331 63.84730001742227
12.611620012950359 63.846229979677084
12.61641003270033 63.845190005265557
12.618289949557994 63.844230022137197
12.619859966797048 63.84076998944272
12.620230024353976 63.835900026928613
12.621179957830114 63.832890015265939
12.622279980567935 63.831060010096671
12.622240048766377 63.830740008357665
12.622100029511985 63.829909993282179
12.618399944563988 63.827280010656921
12.614970005705299 63.825059981218345
12.614839966256772 63.824200024638728
12.614670047980477 63.82324999012782
12.611700031446144 63.821939993341047
12.607950056645095 63.821000001899513
12.606809948521668 63.819570023272689
12.604579953044835 63.817039975010303
12.600569965113843 63.815450002844429
12.595460048267503 63.814230012549189
12.594830000981924 63.813929994368955
12.594569959862472 63.813369997038983
12.593789996239785 63.81286998837188
12.592219974046937 63.812770008354462
12.590640048099802 63.813260000166828
12.589669958427224 63.813779994413743
12.586799972010466 63.814019998720781
12.580190062581945 63.813810018849672
12.573939955605516 63.814320009824471
12.571679943041943 63.814700004435657
12.57017999240464 63.814639996560473
12.566499954609911 63.813069978892131
12.561499984998008 63.810650014525564
12.558079938827099 63.809470004370475
12.557679956434159 63.808539980894729
12.557779960208219 63.807830007156596
12.557759986659855 63.807429998499011
12.552480063937612 63.806030015756164
12.549009951908056 63.804829997889755
12.548149938199531 63.804180002568287
12.547860032119914 63.803360009612199
12.546330039073311 63.802460025220824
12.542719964060108 63.801200000547347
12.541349947015629 63.800350005733506
12.539689941783227 63.799180027390186
12.537999952776879 63.798469999078925
12.536949989811882 63.797680003293806
12.533979939427779 63.794759976039025
12.532890051091071 63.79329999330897
12.533760030434086 63.791900010231707
12.53526995358258 63.791009988470485
12.535470055550368 63.790469976451007
12.533270056312224 63.789829983213885
12.531149959053018 63.789089991496354
12.531020012003362 63.788259971152648
12.531670031247405 63.78685000622044
12.532190023902334 63.785330023897956
12.529289939828054 63.783020002214755
12.524589967072144 63.779980018630987
12.519419988270746 63.776259983979962
12.517189976352354 63.774330009706055
12.515729973845485 63.772909990000812
12.514970054906168 63.772700014149628
12.513919973962754 63.772680022680639
12.513019940756214 63.772680016521456
12.51345004415764 63.771950002900425
12.513060003642787 63.770789974520618
12.512589957555734 63.769719981623311
12.509859951895354 63.768980007114543
12.507049960407631 63.770129977591239
12.505699995471906 63.770689997354353
12.502379969306716 63.770809979631686
12.499899940415776 63.77108002564075
12.49913001819124 63.771029998481247
12.498409945966698 63.770429999305719
12.497990002591203 63.770190018160086
12.496179961902618 63.770239994858478
12.494279981133014 63.769989975874807
12.493270023634624 63.76911998981938
12.491480038564157 63.768780003392237
12.488849984579964 63.768240021084992
12.486869973303619 63.767780003781148
12.485380053873193 63.767470000115985
12.484999989595691 63.767459988198802
12.484680033384713 63.767440003278558
12.481260042560795 63.768009977965761
12.478899950409208 63.768330017302176
12.475149993634698 63.767770004501592
12.471509991236609 63.767990006285544
12.465749999714054 63.768769990082724
12.461780028590463 63.770110015004164
12.454209991770208 63.773850007827761
12.453670018406328 63.774360001522076
12.453660014444745 63.774910000948836
12.454199980038398 63.77533002287457
12.454960060841822 63.775929986009416
12.452709939389484 63.776629994323152
12.44753995522486 63.777740002382366
12.445070040872841 63.777670005490094
12.443199955428476 63.778050001597492
12.44010999561309 63.778630006057419
12.438290047836018 63.778890016906303
12.436760023793143 63.778639998499187
12.434140041426664 63.776809970123672
12.429980007535411 63.774370001187478
12.429150031644589 63.773180004315023
12.429859967308351 63.771680016817747
12.429670003169841 63.770700000258536
12.430959947626201 63.769949974204614
12.432100030731139 63.769250014195805
12.433290006400579 63.767210012575539
12.434079973826618 63.766440003043314
12.431699971030193 63.76540002313299
12.427400010541684 63.763210017425877
12.425499952146744 63.7628000044526
12.421579940700541 63.76238001941072
12.416280055428082 63.761909973365661
12.412519998003392 63.76144000155648
12.409119996616344 63.760239974158523
12.40511004106737 63.757939969774107
12.39972995649585 63.755779983179224
12.39623002464398 63.754859996057711
12.392849991113025 63.754170025605745
12.390219957445332 63.753630024810604
12.38848995614036 63.75304000516504
12.388219965970723 63.750890002152303
12.387809999731049 63.748040016066838
12.385580053155728 63.745570005925757
12.38385001279631 63.743759996657523
12.383050042286259 63.74296000596626
12.383120021266617 63.742099974324994
12.383089974527699 63.741490004898594
12.382420046656952 63.740970024024861
12.380849974689134 63.740060011572588
12.379000047271051 63.737589992525713
12.377709995443285 63.736519984215413
12.375909940998399 63.735700016067319
12.370440057163096 63.735019978788564
12.368939986414786 63.734819982024675
12.367870015692374 63.734630015686641
12.367689991840985 63.734079991288247
12.36974005314527 63.733719988654975
12.371569939410923 63.73336000922734
12.372740022856952 63.732090000542392
12.373060057546063 63.730949983003264
12.372560002157487 63.730179991629825
12.371659995778277 63.729850023437415
12.371219939158943 63.729719986411105
12.368840028084412 63.727779998359345
12.364809955413023 63.725440021779015
12.362920003368229 63.724529993702234
12.361770001288839 63.723989980883395
12.358760036254779 63.722769990683751
12.35828997542745 63.722579983602131
12.356389949413781 63.722559992527323
12.351999967530594 63.723600001119813
12.347289985878678 63.724290010492595
12.34654006242455 63.724440024414676
12.345650022415343 63.724399971311215
12.344820063722992 63.723580025225679
12.343739947673848 63.721489997841104
12.342610045835587 63.720759993041014
12.340379946699057 63.720329977368252
12.338560059080116 63.720630009424731
12.30041998425124 63.673300002242598
12.303540028115846 63.677600012903376
12.306210062444844 63.676720004507466
12.303530023151236 63.67533001364491
12.301969983122447 63.674030002171328
12.30041998425124 63.673300002242598
12.218367844320216 63.626663474330641
12.221849971645632 63.62833003362794
12.227250053666467 63.630880006495879
12.259250030255354 63.64911996883513
12.294699974062064 63.669279980705603
12.297919995073523 63.669939971978245
12.299199942499515 63.669939997355293
12.300310024748137 63.668830017728617
12.301650011119531 63.667410008591929
12.304260002700273 63.667120021522372
12.309820053128727 63.667439975256492
12.31620005003893 63.668310023973348
12.323190025245381 63.66693001070756
12.325250001782605 63.665970010961601
12.326169953835961 63.663999981181661
12.32655001957432 63.662069978241377
12.326279937886749 63.66113999119753
12.327329974157049 63.660679972609735
12.328949968392761 63.660989982088886
12.331140057888078 63.661410016529786
12.334319954277529 63.660559988736146
12.336320034578941 63.660199995114283
12.338020041798384 63.660229975621583
12.340099957512503 63.659919992059336
12.341520003812954 63.659640016278274
12.344589946084483 63.660510006094107
12.346279991108503 63.661279984417689
12.347749963587221 63.661139987806159
12.349090003771368 63.660219979330222
12.350789959996735 63.658919972814999
12.353869971023832 63.65799999708932
12.355610003672377 63.655830002524759
12.357700037486362 63.653970007663091
12.365090042791484 63.652810003822871
12.369999986866683 63.652490006402488
12.371870063681129 63.651740003420841
12.372370027158105 63.650099991479394
12.371600042313988 63.648000010993215
12.369830050316903 63.645269987335176
12.371200013700616 63.637780004627537
12.371060006260276 63.636950007525378
12.368770035333259 63.635810005606878
12.363649974779628 63.63447999536583
12.357520015178405 63.633679990530879
12.350380017072009 63.633429998306603
12.348199952431818 63.632749981516056
12.347659951326431 63.632569989546859
12.345959998683401 63.631250007134014
12.34376998249865 63.630840026652216
12.338819963769177 63.628510027146973
12.336790003050938 63.627140026980832
12.3374400326969 63.624400020090754
12.337399950168944 63.623290013711781
12.335880050683969 63.622629989687283
12.333699954381077 63.622140014161644
12.333279967688759 63.621619975659698
12.334250020221303 63.621179982048233
12.336840030994967 63.621390005036979
12.338279944955191 63.621540027118861
12.339960008690625 63.620999983126055
12.34060998562768 63.61982002336061
12.341340041278556 63.619099985004652
12.344700061660932 63.618849986486474
12.346189974528926 63.618790021344381
12.347509938655451 63.617700011404821
12.348129961949827 63.616900008281789
12.350420040717848 63.616360006400171
12.353100058740978 63.615020018546666
12.352959959721378 63.614859977881153
12.351410050675502 63.612839974899281
12.349600001149755 63.611459983873637
12.346590051108384 63.611099969659605
12.344330040321976 63.610139973438876
12.341580039812447 63.608549975378935
12.340870006630224 63.608259980841169
12.338090037611387 63.607190012161695
12.335680045560954 63.605829998132542
12.331399985687879 63.605640015254927
12.325759992431475 63.606569989336222
12.322959945911281 63.606560015646657
12.319969951311128 63.604719974358979
12.317870019722099 63.601329981890231
12.31629004043184 63.600339981068934
12.312560011115629 63.599349995081205
12.310150037197912 63.599310024577271
12.305700046160432 63.600070007593494
12.300520059654863 63.600519973964509
12.296209986231869 63.601939996124187
12.29382002871807 63.604469973497977
12.293820016731258 63.605419978830078
12.292860017640495 63.606180013892313
12.287280044825319 63.607759984429869
12.281619941633075 63.609130013571026
12.277959941515595 63.610149974023585
12.276430026337403 63.611830026438838
12.276299944075868 63.612159972371238
12.276129985669741 63.612359985752505
12.274790005097557 63.612949981877897
12.269930016668638 63.613260025279025
12.264330059682901 63.61394001391367
12.261870049513984 63.615259975350718
12.260479980777104 63.6181200014125
12.258680025157 63.620340021593684
12.254409967356136 63.62134001778135
12.250159986030505 63.621849975984262
12.249849992415051 63.622429974333862
12.25114001906873 63.623099971789706
12.254290038743457 63.624069972532638
12.255169989918038 63.625029977109584
12.254039941173055 63.626389974073021
12.253260002464323 63.626589995302901
12.251659968243896 63.626379988033044
12.24980002627653 63.625799976254555
12.248059990671541 63.625239984500944
12.245579992390391 63.625229989117152
12.241709944619213 63.624550025440925
12.238759963913683 63.624229980653176
12.236769961778599 63.625909995930115
12.2357400186609 63.626290011202101
12.232470005100993 63.627509985688114
12.230839979218112 63.627999991760433
12.227899937800535 63.628529974602031
12.227180025452563 63.628479997035342
12.226629982003619 63.62820999080909
12.225660040677207 63.627600024068805
12.222599996635028 63.62756999272758
12.221849967391105 63.628329977741544
12.218367844320216 63.626663474330641
12.208860033751591 63.622149981613902
12.21184485664622 63.62356002610251
12.214829969252769 63.624969956797713
12.214840026216802 63.624820025504754
12.213190001868362 63.623309977348896
12.20909001787243 63.621970002440797
12.208860033751591 63.622149981613902
12.17187006177056 63.440400010899822
12.188630051675348 63.456040005801491
12.192850046871227 63.459969981855501
12.212879938705669 63.478589988031509
12.21260994185328 63.479089980487622
12.217889969683021 63.478060002647041
12.220970015648964 63.477609989459722
12.222380041440967 63.476939970560572
12.222859961349004 63.475679984518266
12.22305999700013 63.474539994277769
12.224409992646713 63.474159986982592
12.227769962669358 63.473990000746433
12.229790050701327 63.473619990819643
12.231500050410583 63.472259976644132
12.233259942553016 63.471230003837199
12.238879987644417 63.470489971942101
12.240049949176132 63.470209984821615
12.240579975996084 63.468989975470272
12.241680007063524 63.468229978109605
12.242720024984358 63.466640005911877
12.242400023743372 63.465880011225259
12.240399998630339 63.464789991578037
12.237990049090753 63.463580016003803
12.237690045437095 63.462709977311128
12.238459970110384 63.461389978358085
12.242290028045629 63.456729984694789
12.245439988214285 63.454859984130721
12.251360026022923 63.451400014242786
12.251879960973929 63.450620022212796
12.252319943269784 63.449969987945728
12.251740039859452 63.449030013782696
12.248590054465225 63.447360010116249
12.245659983733773 63.445110016767082
12.244339962828082 63.443499977230239
12.244830024939814 63.441620018995216
12.244279946160839 63.438820004980585
12.242900014186414 63.433960018491753
12.24170002127326 63.432320010614816
12.237380041782485 63.43169999813005
12.23568002422564 63.431339972749491
12.235909989365025 63.430200016015569
12.234950047826212 63.428560016824356
12.233870038265213 63.428380024036372
12.232679970960287 63.428609985458827
12.228469962346434 63.430019985859026
12.222669982374819 63.431800009581387
12.2192199937335 63.432060003062517
12.215089945899674 63.432270008840923
12.207429943251098 63.432450027331548
12.198630037195748 63.431429979312554
12.194759981948346 63.431320009978684
12.193280025299062 63.431730007212764
12.192799987951329 63.432859985140645
12.192970035433202 63.434319974614802
12.192149957635987 63.434840000201859
12.18855994655136 63.435419974886216
12.184530021455931 63.436549973396879
12.1794800444821 63.436860020817996
12.173389990529589 63.438149971343847
12.172550062671702 63.438660021023558
12.172440015500971 63.438869998556392
12.17187006177056 63.440400010899822
12.016940005745633 63.302839998954184
12.017282818313493 63.303113586383319
12.017930038910148 63.303629995678577
12.0319400245432 63.314759991004358
12.033829939414945 63.316260017249967
12.060300054070076 63.336949998570837
12.084079969679271 63.355579973731253
12.098379998866989 63.36968000819936
12.14010006960129 63.410700046915288
12.140360046958861 63.41094997297138
12.143769941034073 63.409900025626499
12.14433994917577 63.4098099966848
12.147099944352822 63.409079971300237
12.147039968072939 63.40846997401421
12.145879973210391 63.407000025074865
12.146719970629546 63.406429984024598
12.147800034525224 63.406240019144775
12.149360032160473 63.405020009014024
12.149460000363559 63.403459978643923
12.148519986418231 63.402150024446584
12.148859982241284 63.40112000522177
12.148369983149436 63.400239987476901
12.146739958601099 63.399800006724377
12.146109947534798 63.399010012168205
12.146310001636706 63.396749978426143
12.143919954597138 63.395360007386756
12.14220995634442 63.394759997730333
12.142699964150601 63.394099993971949
12.144509995389228 63.39385000133224
12.149510040098157 63.392990008664277
12.151760041312567 63.392450003342461
12.153589974509382 63.391800006321738
12.155720037800668 63.391869996661676
12.161940036436155 63.392230003372866
12.164150013608255 63.391899990349245
12.166010024514144 63.391580003035813
12.169889941172697 63.391190018209841
12.17350001372286 63.389710007388082
12.175199989925774 63.38749000904614
12.177249999003649 63.383150021268378
12.178859949579715 63.381330023159137
12.181219941671795 63.380600006324578
12.186759975918141 63.379339985507762
12.190049942357833 63.378329982379078
12.191170022941799 63.377089973358011
12.192399963033969 63.373850007893864
12.19511999037748 63.371899990209599
12.195589982436871 63.371200017930391
12.195470040109955 63.371080020713329
12.195270009323227 63.370890022287831
12.194350049044724 63.370859999717403
12.192870008082718 63.371050025039899
12.189859985733955 63.371579986749609
12.183340019376622 63.372680006869082
12.181329971678364 63.37242002192032
12.180589962272908 63.371760006593227
12.179680057160681 63.369930000521755
12.180209971650468 63.365929987093274
12.177339962012264 63.365480006212351
12.173040034404639 63.366779985354476
12.171500016387025 63.367099999081972
12.16737004891664 63.367080004156925
12.166310004532606 63.367600017017047
12.165619982727712 63.36816001590973
12.164480047627587 63.368270014030742
12.162259998789253 63.367999973460527
12.159490024720887 63.368539984814696
12.155669993144258 63.368469999046539
12.154089974913409 63.367849972864455
12.150479980622723 63.365879998798533
12.148289952479971 63.363709975477768
12.14591000606833 63.362049984648444
12.144160039683104 63.361769994300793
12.140699990923247 63.361749979685463
12.137980033036989 63.361000021478027
12.13209999986352 63.359110002278392
12.130650032957488 63.358239976754405
12.1310699551659 63.357590002156044
12.132780019394346 63.357379991687338
12.135450023044259 63.357279987672371
12.137209972303928 63.355690002878575
12.137879991352261 63.354059981275611
12.137179944217241 63.352329990704334
12.136159978718979 63.350769988813752
12.131890018584791 63.349610013609372
12.129990042703357 63.348709982694885
12.127089963744311 63.346849973955926
12.123790002570765 63.345219983614001
12.118009961762615 63.34438000852051
12.109109948412776 63.342800020832826
12.108579952484355 63.342580021762501
12.108029981174607 63.342360010258901
12.107880007844894 63.341590012296166
12.107659968645216 63.339469994621702
12.106540040254963 63.338350018913054
12.106069958534473 63.337890006350719
12.106459998276533 63.336840016442679
12.108429985603562 63.336070009463313
12.111019949060369 63.335289974948978
12.112059986796467 63.334429977484284
12.115409969615277 63.333230016753063
12.119439971447157 63.331910011642009
12.125260059103502 63.329720005701873
12.126260057784499 63.328900022471984
12.125509968167199 63.328350005245262
12.124719971342525 63.327550007910276
12.122179961962969 63.325200000556592
12.120160022869948 63.322430022133702
12.120580026856388 63.321000004185699
12.121890011292313 63.319770024091632
12.125119992487958 63.317550005943026
12.127410027981277 63.316490014545266
12.127699975979406 63.315949998249607
12.129580028539195 63.314330015349761
12.133030012457807 63.311720008509688
12.13481998773724 63.310870008513319
12.137189956060894 63.310069997870784
12.138000019080231 63.309090010531278
12.139829981610223 63.307750022974417
12.141540013818025 63.307630008914707
12.143569978556886 63.307830024929437
12.146389942844646 63.307940019128978
12.149439944585351 63.308169981763214
12.150440014491368 63.3071999743552
12.150419996386269 63.306709972169443
12.149249944322451 63.306030013105847
12.147409995910534 63.305459974207245
12.14703003327342 63.304980024172892
12.146320022780635 63.304130011708331
12.143830053594458 63.303299969838427
12.138910036494249 63.300959979993706
12.134509979049872 63.298979993663714
12.131629945314367 63.299050013272023
12.127510053603697 63.300860008419534
12.122400007995711 63.301269991131136
12.119550003363059 63.30080998779755
12.117660030340021 63.301059985170141
12.113329980312548 63.301019983078483
12.110090011377837 63.300889972571838
12.105090036188825 63.303180002303172
12.101320018757519 63.305310011331329
12.099659972737744 63.305149983790542
12.092779987915129 63.304819977801195
12.084799937471713 63.304439972586422
12.076760015435569 63.303470005654525
12.069949977129225 63.303650019661781
12.063800004411728 63.305010008915687
12.056810044768644 63.30713997028252
12.054839977732755 63.307070027368169
12.049519980704334 63.305490022313364
12.04628999531057 63.304659989039905
12.0430600340908 63.303300014027975
12.036600016627006 63.302589985315443
12.032699960823368 63.303029977478303
12.030169957748472 63.303510006070141
12.028240020317462 63.303119994249926
12.027150006006869 63.302999990395165
12.026259981012663 63.302889992463811
12.016940005745633 63.302839998954184
11.974629984863968 63.269170019284104
12.005090070980412 63.293439927559248
12.00661997291248 63.291870006179977
12.006950037541101 63.290600026190248
12.006619985132499 63.289279973700928
12.006100032157661 63.288449973090771
12.005220043330157 63.288300001327769
12.003509962565225 63.288119999940598
12.002039956084134 63.287320007035213
12.001570046024232 63.286659995369064
12.000899984662844 63.285809996135818
11.998230003359136 63.283990012886697
11.997570030223029 63.283229985029905
11.996880010496479 63.282900001191393
11.994719997561727 63.282319992659488
11.993709990133782 63.282039983476231
11.993210016978738 63.281819970683379
11.993210045775363 63.281600013220505
11.993830026175038 63.281320016672389
11.994809956389771 63.281150015685029
11.996439971000468 63.279890004649388
11.996839975690385 63.278590024235093
11.996829959883014 63.276550019711593
11.996259961697387 63.27503998025756
11.995090033491486 63.273140017774168
11.992050052013278 63.271569980486603
11.985550040159314 63.269860007747013
11.978770030817049 63.268819970299248
11.977079942301259 63.268779989015854
11.976350001786274 63.268759989561168
11.97509993962867 63.26912999607039
11.974629984863968 63.269170019284104
12.201179950659032 63.019430004062428
12.199480016002472 63.021330022073265
12.176928896628036 63.046543811201374
12.16993001450642 63.054360035705258
12.14517002921639 63.081979990561841
12.149169943119185 63.079469978000631
12.152740017371963 63.078150021743333
12.158589951987047 63.076880010248317
12.158939998338905 63.076819997683806
12.159790032917835 63.076740020480486
12.161599969048405 63.076529991886801
12.163979981667318 63.075730001966079
12.165370047145119 63.07480001723426
12.165470038507088 63.073979999396869
12.166750039512289 63.072010009530075
12.170859982289304 63.06789000108089
12.17319001826896 63.065600024904363
12.17428996924099 63.064070021133084
12.174779962621908 63.063300002135335
12.17672005777839 63.0623699821139
12.179350050436105 63.06178000856228
12.183999958958131 63.061320003241832
12.188789979630634 63.06079002009028
12.19171005943036 63.060899989072084
12.193239967645026 63.060719987311685
12.197050050431489 63.059539981473606
12.200099986820907 63.058249973413218
12.201209978732615 63.056660002380433
12.202399944990763 63.053230025216841
12.202799976879092 63.050509983110679
12.203370009451579 63.048419996737302
12.205610019095214 63.046969977866304
12.209969963767223 63.045210023549103
12.213300025657928 63.044160003958446
12.214929970122693 63.043299984307822
12.215130035287881 63.042460011668538
12.213190054193799 63.041540019869743
12.209979975175466 63.0406399840247
12.207909957680124 63.039450017164135
12.206489955628053 63.037789990225448
12.205229952097866 63.036119999527187
12.204110021835053 63.0344399955125
12.203410009425085 63.032910012351763
12.202349954571071 63.03235998447331
12.200420026351161 63.031500003491864
12.198299950636741 63.03070999762852
12.196640006954615 63.03004999293357
12.195620007274284 63.029619996013167
12.196899989810385 63.028189998723313
12.197220050731937 63.026910003881476
12.198429983255956 63.02570999932265
12.199619947200583 63.024839974714077
12.199320043450783 63.023599996541265
12.199469953521616 63.023019985879749
12.20037998516073 63.022249975169636
12.200379968980847 63.022089997964564
12.200359950199982 63.021720009243495
12.201179950659032 63.019430004062428
12.227800006013528 62.788080024826861
12.226539946216841 62.788719993136084
12.225630003448387 62.789419985578917
12.221780046467964 62.790599987700276
12.216169946801569 62.792040017452756
12.211120011548084 62.79336001210396
12.207759964627432 62.794410024486929
12.205260023782694 62.795709994365332
12.20323998844203 62.797370013303656
12.202480024154442 62.799540002467907
12.203429972860107 62.802999970995877
12.204049952926065 62.805300013324171
12.203829978367972 62.806969983795611
12.202229946000923 62.808610024308976
12.19943995109786 62.810930015935313
12.196120000331344 62.812540000460828
12.192940011965591 62.813619985707078
12.191310006103112 62.814320000272645
12.192589945191045 62.815849979253599
12.195910045356078 62.81952997838178
12.195539971250986 62.820759987398141
12.192470026799732 62.821279977132363
12.189169963287668 62.821280007989166
12.185469974586356 62.821039975946022
12.181640028722338 62.821540004696551
12.179239947596576 62.82303997787632
12.178219976310212 62.824419989258331
12.177830007089959 62.827000005129321
12.177770060703802 62.829359990308376
12.178180059610042 62.831009980872622
12.179370039074556 62.832300001076881
12.180520022835887 62.833379979533007
12.179909969145294 62.834529983820218
12.17748996009537 62.836860017325726
12.176580024694163 62.838680010261719
12.174600038584662 62.839300017249599
12.172880027808667 62.839880023465611
12.170740007278258 62.840769986815914
12.168320051398684 62.841749973180754
12.165490027961123 62.842510015540057
12.162949981888856 62.842589975339628
12.160349956862781 62.842160002434127
12.159970055922628 62.841939995103388
12.159230044882614 62.841499980420117
12.158259982587962 62.840460013040918
12.157849965192796 62.839479984148433
12.157819948776387 62.83821001955409
12.157370020754664 62.837699991002346
12.156109948083307 62.837060012342725
12.153819976065783 62.836670022774996
12.14965001743057 62.836569973874767
12.142499975459394 62.836359987800705
12.139040019462595 62.835590017257267
12.134539959332237 62.833590022034649
12.131579951377262 62.832150014802693
12.128100058405227 62.831679986006954
12.123480013420352 62.83187001042667
12.121899997135156 62.831449986369606
12.118720046375941 62.830200009666505
12.115030037003001 62.828920005874473
12.112009980831925 62.827770003328204
12.107380010463084 62.828029996120286
12.104029978279796 62.829029974879241
12.104029956608409 62.82903002838443
12.103830009913683 62.829549978005353
12.098549991839057 62.842799989926725
12.091869994238976 62.859559995507105
12.091869972587679 62.859560049912773
12.074690042253112 62.902549973869689
12.09730987969437 62.917879951410221
12.134779897611791 62.943219993203471
12.15004000605888 62.95357998456489
12.170419947379306 62.967409983796983
12.178369995440741 62.972890020937108
12.218090021323873 63.000229971557843
12.218230028182299 63.00033000168753
12.219710016817098 63.001210019088148
12.222400010051167 63.001869970830512
12.225799966320476 63.002320017403761
12.228140000515715 63.002439976304373
12.229340010813194 63.001790008654609
12.231000053149302 63.000170003566453
12.233449940556342 62.999099982521869
12.236349957050457 62.998340007451475
12.238089999181511 62.998100005788231
12.240339979019939 62.997609971570597
12.242090032146908 62.996619986941717
12.243000034423115 62.994330015822847
12.244510018429251 62.992320021570443
12.24570998522614 62.990889984296309
12.246449943033682 62.99058999021139
12.24906994348447 62.989499982354744
12.253040006101182 62.988889976000905
12.256800016762815 62.988000015578166
12.257979948165454 62.986440002567107
12.257599982622226 62.984549973887937
12.256299976556575 62.982729971913571
12.256649980430151 62.98131998133443
12.256789976243581 62.979210001685573
12.256250046683697 62.977739992620684
12.257770004771647 62.97678999450978
12.261699970921821 62.976439993353587
12.266149957249247 62.97656001422704
12.268610056018989 62.976659979930851
12.269350052947914 62.975740023324761
12.265429998346566 62.974340027686218
12.26441000169512 62.972960012382892
12.264439939862463 62.970629973557244
12.266840001031943 62.966619990999021
12.267259959693932 62.965260004564001
12.265829984566249 62.96384999632545
12.265150041449665 62.96320997805423
12.265089987848111 62.96304001313225
12.264889948155952 62.96251998577258
12.265800052468693 62.960380011179993
12.268130026831569 62.958620001614854
12.270699975612638 62.957050022477922
12.271060032527961 62.953870001860381
12.270749963626834 62.952130026393505
12.271330001618344 62.950370018074395
12.274260056602465 62.949539976993293
12.278269981877953 62.949699972913919
12.282639996219558 62.949789994373887
12.286639943487252 62.949169993541631
12.289659997791469 62.947650008097355
12.291090024916841 62.945149999383567
12.292619976940873 62.942739998770051
12.295179968881403 62.941130015892966
12.299190031354939 62.939089977692994
12.302350016918993 62.937789989174377
12.304970035849161 62.937100017747177
12.307730044480321 62.936760020902838
12.310529970862289 62.936439996664141
12.314619972015603 62.934840002531217
12.317229978561452 62.932789977948069
12.320399993126342 62.930129973251262
12.323219979930109 62.928850004830956
12.325710004712391 62.928610004618903
12.327859995625028 62.928399970185239
12.330089996397634 62.927940022620739
12.332800050299836 62.927809996026845
12.337400029455857 62.927879989450346
12.3426999565001 62.928289996587409
12.346589960914134 62.928369986760131
12.350620008409056 62.927979973165712
12.352980058580352 62.927340024918571
12.355199981139654 62.927400026698137
12.357279950704125 62.927590002607914
12.361939940133412 62.92806997729064
12.365500036519899 62.928439978362483
12.367330058460423 62.928800019452503
12.368809940895838 62.929419976895304
12.371130021825698 62.929489982118035
12.372800013872329 62.928839982492022
12.373590019140886 62.927329973634137
12.375379994685956 62.925169984044963
12.378130048500651 62.923349992826594
12.382680000423054 62.921080008435275
12.385730030642943 62.919699991480769
12.389529957823042 62.918560009428269
12.391670007744281 62.917980013672626
12.395080050651579 62.917980021172589
12.398960030100309 62.918779999350654
12.401729956717803 62.919029976901435
12.403720009653627 62.918520004313002
12.40794999576727 62.916520003513313
12.41130997231447 62.915609971737432
12.414850017211982 62.915429987609919
12.418249947565883 62.915559975486374
12.422120055709215 62.915580020862386
12.426419999035724 62.91603000724308
12.428650041797493 62.916359995815213
12.430149997028629 62.916540013402063
12.432710016610587 62.916359976871846
12.436310005072217 62.916279979677284
12.438150048278015 62.915970008488578
12.440920056074889 62.914519992159782
12.443929999885265 62.913000001534243
12.444879943395334 62.911789985484198
12.447829956189208 62.910910011099311
12.450609940720337 62.909710023571641
12.451280032251631 62.908690002015483
12.450959947727192 62.906809983691346
12.451980056855701 62.904789986935086
12.452379958253839 62.90440000805723
12.453689959176982 62.903079985323195
12.455240034143113 62.900860005167338
12.457629971074834 62.899809991253463
12.459650005049937 62.899660001325557
12.464909957497415 62.90052998067808
12.46665000641128 62.900469996235387
12.467829979173169 62.900340001007471
12.468689978132756 62.898979971513775
12.469200057214943 62.895699977810857
12.469539987564382 62.892719983525652
12.469409988867957 62.890729994757301
12.468580056211582 62.886820008192622
12.46842000293409 62.88334999722926
12.467859950563723 62.881019993813446
12.466969975086148 62.879519999881992
12.466740055389902 62.878449989874852
12.46763001978845 62.877379985739921
12.470050004184868 62.876610019024994
12.473200024119794 62.874039992422404
12.476469964239113 62.871200011853929
12.477940032265993 62.869149981045311
12.478550027512867 62.867400001842078
12.476350036740531 62.866790021331113
12.474720005746217 62.86578998673906
12.475679965277903 62.864450013653986
12.474489960837593 62.863190025124851
12.472209960665943 62.862429983661208
12.470270037843791 62.860450021163707
12.467309975456766 62.858479995375092
12.464729959820032 62.857480013746809
12.462730004037095 62.857339975807655
12.460679980577899 62.856159992234346
12.460210061849144 62.855240022879258
12.461250013523298 62.853720014541302
12.45971005709939 62.852029976660347
12.459489946970891 62.851239996188056
12.460589959415184 62.849370001456158
12.461659949176184 62.847900000843175
12.462039947471574 62.846920003273851
12.461780048088819 62.846290024123441
12.461629999795843 62.845880014876727
12.457879953473197 62.843620015400482
12.455810053822773 62.842790015378661
12.454470049064188 62.842009993030516
12.454189973627905 62.840159977883637
12.454020046754257 62.838350011431622
12.453759941378548 62.836630016183328
12.45336996460443 62.835430007180435
12.453650004771834 62.834289977638704
12.456349948973871 62.832929972121882
12.458959941916964 62.832269974306286
12.460980033905699 62.831030008424257
12.461990022639045 62.829569995611863
12.462880040391969 62.827809990019823
12.461949944783917 62.825919973548082
12.461530042811715 62.824839988295821
12.461260029647265 62.823740011837501
12.463079953543344 62.822930019387087
12.466319987567875 62.822339984010931
12.468599940341925 62.821519972645511
12.469629955707699 62.820220010746532
12.470119981471356 62.81873001884685
12.46979997768454 62.817310016656329
12.46869998222633 62.816169977242765
12.468539978110057 62.815309977263396
12.468589946254326 62.814690014385654
12.468549936799786 62.814219981805067
12.467569980206802 62.813640020280765
12.464069975049716 62.813580020943142
12.459330032533911 62.813600002335413
12.455419975421918 62.813849999304402
12.45156002073327 62.814780001296235
12.448710017689814 62.816039999195496
12.446889994392597 62.817379996268109
12.445499966445816 62.818159987416017
12.443590038540501 62.818380000584661
12.441629955724913 62.819069999630671
12.440370013114068 62.82098998083935
12.439090023591167 62.822840005567421
12.437709966676515 62.82359998583776
12.437779949446961 62.824589974468545
12.437740050863491 62.825630005806957
12.436879947822719 62.825910004779892
12.433320028272851 62.825239987845293
12.431830060045099 62.825300016542549
12.428609955894519 62.826830000263307
12.425789944523819 62.827409972855079
12.423829955524836 62.828259984933148
12.422709948867563 62.830120008149393
12.421770049014169 62.830910003398643
12.419919939792393 62.831620003164744
12.418470019606486 62.831619985726498
12.416470046074535 62.831300020467857
12.415159966741665 62.830190027174908
12.414060060879329 62.82868999660905
12.413649996904342 62.827989978980753
12.412180058030277 62.827940014877392
12.410030018471142 62.828359978821297
12.406579955394049 62.827970026728821
12.403330032703394 62.827320024318666
12.400779957450109 62.826760007546305
12.39858001573902 62.826649972881349
12.398299988047272 62.826460020297681
12.397869973674936 62.826169978813603
12.398590046250703 62.825200007702882
12.398449985365701 62.823800009615333
12.397599946393223 62.822059985774928
12.397010056970318 62.821189992291487
12.394969964190381 62.820360001306021
12.392439995176009 62.819659974623704
12.390429991920435 62.819369988776167
12.388449982596626 62.81986999333413
12.387269947512983 62.81986998363643
12.386179967189014 62.819839993030897
12.384350038062188 62.820490020388611
12.382749969389669 62.820259977365104
12.382019968853507 62.819639982538675
12.381720046859233 62.818780018788381
12.381699970245826 62.818319981498888
12.380719999220887 62.817929991571532
12.378239987445685 62.817819975007126
12.375970024532101 62.817740015255815
12.373950020341189 62.81754998648254
12.37240997295307 62.817620021841414
12.371789979676649 62.817729985754603
12.366560048427937 62.816900026760436
12.362830028044359 62.81600002473705
12.359040010755836 62.8149699707674
12.355289962515538 62.814659981920123
12.351230031055426 62.814820021874098
12.349509986033356 62.815050022122087
12.348329998394897 62.814949982831621
12.346629940305444 62.81379000216986
12.345639984229926 62.812929974948403
12.342780039067897 62.812350004299383
12.33980001731533 62.812299994483006
12.337459979396581 62.811379989708115
12.335899978476602 62.810430012212187
12.334409972625501 62.80957000538411
12.334779942214984 62.808810016459219
12.335730023202776 62.808530015418846
12.335970040261328 62.807510005949197
12.333630038419955 62.807039975374117
12.331760004393061 62.806780010781317
12.330139999272804 62.805740014108565
12.325340056453248 62.804940009492341
12.322660025789407 62.805529974511941
12.320300008006823 62.805590023329621
12.316529947203623 62.805259973133325
12.311859940768521 62.804939999785582
12.308479941424551 62.804790017759437
12.30610003733441 62.804329982225525
12.304550016185052 62.803199990267814
12.300810016855829 62.801460011033427
12.298779997636517 62.800119984830218
12.296839950531616 62.798730016396107
12.296139990784006 62.797540022808512
12.296620050572539 62.797039978780198
12.296810062149929 62.796850009359112
12.297880035773277 62.795759976419674
12.301900027294037 62.794489990285484
12.304969996754812 62.793609974118958
12.307119992722573 62.792510010795588
12.308490037087816 62.790859995244332
12.307949975313198 62.789150019078235
12.306150056372571 62.787380005138573
12.30425999895064 62.786309986378981
12.301759951355622 62.785730020489382
12.297629964438046 62.785039976165372
12.294580037141396 62.784490021538176
12.291640024666849 62.784089977450286
12.288859968036888 62.783059996507568
12.286790044332257 62.781410003792821
12.285009997702501 62.780319978006567
12.281309973728341 62.780310005370765
12.277140061850043 62.780400021634073
12.273519986852227 62.780330017561795
12.271059964405955 62.779539998398917
12.268709987668108 62.778560014761965
12.265290023774442 62.77881999711763
12.262449939867157 62.779429989574204
12.258499982087089 62.780030020793845
12.255559966059105 62.78035998977483
12.252870048315502 62.780540008734597
12.252430059791614 62.781529990733738
12.254149981485707 62.782589998977095
12.254590006320337 62.784039996208762
12.252939994122157 62.785489992611836
12.249630044345153 62.786289998343094
12.246320015480268 62.786530008952106
12.242809972357042 62.786139999047656
12.239640020524179 62.785839974496618
12.23619004924887 62.785949977236619
12.234719967269639 62.786480010790285
12.232769989703808 62.787020026330929
12.230730052541411 62.787449997686444
12.228840007136311 62.78790001183912
12.227800006013528 62.788080024826861

