# Seine catchment
0.450 48.675 6715400
0.450 48.692 6715400
0.458 48.692 6715400
0.458 48.700 6715400
0.475 48.700 6715400
0.475 48.692 6715400
0.533 48.692 6715400
0.533 48.700 6715400
0.550 48.700 6715400
0.550 48.708 6715400
0.567 48.708 6715400
0.567 48.700 6715400
0.575 48.700 6715400
0.575 48.708 6715400
0.592 48.708 6715400
0.592 48.717 6715400
0.608 48.717 6715400
0.608 48.725 6715400
0.625 48.725 6715400
0.625 48.733 6715400
0.650 48.733 6715400
0.650 48.750 6715400
0.658 48.750 6715400
0.658 48.767 6715400
0.675 48.767 6715400
0.675 48.775 6715400
0.692 48.775 6715400
0.692 48.783 6715400
0.708 48.783 6715400
0.708 48.792 6715400
0.717 48.792 6715400
0.717 48.800 6715400
0.725 48.800 6715400
0.725 48.817 6715400
0.733 48.817 6715400
0.733 48.825 6715400
0.742 48.825 6715400
0.742 48.833 6715400
0.775 48.833 6715400
0.775 48.842 6715400
0.767 48.842 6715400
0.767 48.875 6715400
0.775 48.875 6715400
0.775 48.883 6715400
0.783 48.883 6715400
0.783 48.892 6715400
0.792 48.892 6715400
0.792 48.900 6715400
0.800 48.900 6715400
0.800 48.908 6715400
0.792 48.908 6715400
0.792 48.917 6715400
0.783 48.917 6715400
0.783 48.933 6715400
0.775 48.933 6715400
0.775 48.950 6715400
0.783 48.950 6715400
0.783 48.958 6715400
0.792 48.958 6715400
0.792 48.967 6715400
0.800 48.967 6715400
0.800 48.983 6715400
0.808 48.983 6715400
0.808 48.992 6715400
0.825 48.992 6715400
0.825 49.000 6715400
0.850 49.000 6715400
0.850 49.008 6715400
0.858 49.008 6715400
0.858 49.017 6715400
0.867 49.017 6715400
0.867 49.042 6715400
0.858 49.042 6715400
0.858 49.050 6715400
0.867 49.050 6715400
0.867 49.058 6715400
0.950 49.058 6715400
0.950 49.050 6715400
0.967 49.050 6715400
0.967 49.058 6715400
0.992 49.058 6715400
0.992 49.050 6715400
1.033 49.050 6715400
1.033 49.058 6715400
1.042 49.058 6715400
1.042 49.067 6715400
1.050 49.067 6715400
1.050 49.083 6715400
1.042 49.083 6715400
1.042 49.100 6715400
1.025 49.100 6715400
1.025 49.108 6715400
1.017 49.108 6715400
1.017 49.100 6715400
1.000 49.100 6715400
1.000 49.108 6715400
0.983 49.108 6715400
0.983 49.117 6715400
0.975 49.117 6715400
0.975 49.125 6715400
0.967 49.125 6715400
0.967 49.133 6715400
0.958 49.133 6715400
0.958 49.142 6715400
0.950 49.142 6715400
0.950 49.150 6715400
0.942 49.150 6715400
0.942 49.158 6715400
0.933 49.158 6715400
0.933 49.167 6715400
0.942 49.167 6715400
0.942 49.175 6715400
0.967 49.175 6715400
0.967 49.183 6715400
0.983 49.183 6715400
0.983 49.192 6715400
0.975 49.192 6715400
0.975 49.200 6715400
0.967 49.200 6715400
0.967 49.217 6715400
0.908 49.217 6715400
0.908 49.225 6715400
0.900 49.225 6715400
0.900 49.242 6715400
0.925 49.242 6715400
0.925 49.250 6715400
0.942 49.250 6715400
0.942 49.275 6715400
0.933 49.275 6715400
0.933 49.283 6715400
0.875 49.283 6715400
0.875 49.292 6715400
0.850 49.292 6715400
0.850 49.300 6715400
0.783 49.300 6715400
0.783 49.317 6715400
0.775 49.317 6715400
0.775 49.350 6715400
0.767 49.350 6715400
0.767 49.367 6715400
0.758 49.367 6715400
0.758 49.375 6715400
0.717 49.375 6715400
0.717 49.367 6715400
0.708 49.367 6715400
0.708 49.358 6715400
0.667 49.358 6715400
0.667 49.367 6715400
0.650 49.367 6715400
0.650 49.358 6715400
0.633 49.358 6715400
0.633 49.367 6715400
0.625 49.367 6715400
0.625 49.383 6715400
0.617 49.383 6715400
0.617 49.392 6715400
0.608 49.392 6715400
0.608 49.400 6715400
0.592 49.400 6715400
0.592 49.417 6715400
0.558 49.417 6715400
0.558 49.408 6715400
0.550 49.408 6715400
0.550 49.392 6715400
0.517 49.392 6715400
0.517 49.408 6715400
0.508 49.408 6715400
0.508 49.433 6715400
0.500 49.433 6715400
0.500 49.442 6715400
0.500 49.458 6715400
0.508 49.458 6715400
0.508 49.483 6715400
0.525 49.483 6715400
0.525 49.492 6715400
0.542 49.492 6715400
0.542 49.483 6715400
0.550 49.483 6715400
0.550 49.500 6715400
0.558 49.500 6715400
0.558 49.508 6715400
0.567 49.508 6715400
0.567 49.517 6715400
0.575 49.517 6715400
0.575 49.525 6715400
0.583 49.525 6715400
0.583 49.533 6715400
0.592 49.533 6715400
0.592 49.542 6715400
0.600 49.542 6715400
0.600 49.567 6715400
0.575 49.567 6715400
0.575 49.575 6715400
0.583 49.575 6715400
0.583 49.583 6715400
0.592 49.583 6715400
0.592 49.575 6715400
0.608 49.575 6715400
0.608 49.583 6715400
0.625 49.583 6715400
0.625 49.592 6715400
0.633 49.592 6715400
0.675 49.592 6715400
0.675 49.583 6715400
0.692 49.583 6715400
0.692 49.600 6715400
0.700 49.600 6715400
0.700 49.608 6715400
0.717 49.608 6715400
0.717 49.625 6715400
0.733 49.625 6715400
0.733 49.633 6715400
0.792 49.633 6715400
0.792 49.625 6715400
0.850 49.625 6715400
0.850 49.633 6715400
0.858 49.633 6715400
0.858 49.650 6715400
0.867 49.650 6715400
0.867 49.658 6715400
0.883 49.658 6715400
0.892 49.658 6715400
0.892 49.650 6715400
0.900 49.650 6715400
0.900 49.642 6715400
0.908 49.642 6715400
0.908 49.650 6715400
0.958 49.650 6715400
0.958 49.658 6715400
0.975 49.658 6715400
0.975 49.650 6715400
0.983 49.650 6715400
0.983 49.642 6715400
1.000 49.642 6715400
1.000 49.633 6715400
1.025 49.633 6715400
1.025 49.625 6715400
1.042 49.625 6715400
1.042 49.633 6715400
1.050 49.633 6715400
1.050 49.642 6715400
1.067 49.642 6715400
1.083 49.642 6715400
1.083 49.633 6715400
1.133 49.633 6715400
1.133 49.625 6715400
1.200 49.625 6715400
1.200 49.633 6715400
1.208 49.633 6715400
1.208 49.617 6715400
1.217 49.617 6715400
1.217 49.608 6715400
1.250 49.608 6715400
1.250 49.617 6715400
1.283 49.617 6715400
1.283 49.608 6715400
1.292 49.608 6715400
1.292 49.600 6715400
1.342 49.600 6715400
1.342 49.592 6715400
1.392 49.592 6715400
1.392 49.600 6715400
1.417 49.600 6715400
1.417 49.608 6715400
1.442 49.608 6715400
1.442 49.617 6715400
1.458 49.617 6715400
1.458 49.625 6715400
1.500 49.625 6715400
1.500 49.617 6715400
1.525 49.617 6715400
1.525 49.633 6715400
1.550 49.633 6715400
1.550 49.650 6715400
1.567 49.650 6715400
1.567 49.642 6715400
1.625 49.642 6715400
1.625 49.633 6715400
1.633 49.633 6715400
1.633 49.642 6715400
1.642 49.642 6715400
1.642 49.650 6715400
1.650 49.650 6715400
1.650 49.667 6715400
1.658 49.667 6715400
1.658 49.675 6715400
1.675 49.675 6715400
1.675 49.667 6715400
1.692 49.667 6715400
1.692 49.658 6715400
1.742 49.658 6715400
1.742 49.650 6715400
1.750 49.650 6715400
1.750 49.658 6715400
1.758 49.658 6715400
1.758 49.667 6715400
1.767 49.667 6715400
1.767 49.675 6715400
1.783 49.675 6715400
1.783 49.683 6715400
1.792 49.683 6715400
1.800 49.683 6715400
1.800 49.675 6715400
1.825 49.675 6715400
1.825 49.667 6715400
1.883 49.667 6715400
1.883 49.658 6715400
1.925 49.658 6715400
1.925 49.650 6715400
1.950 49.650 6715400
1.950 49.642 6715400
1.975 49.642 6715400
1.975 49.633 6715400
1.992 49.633 6715400
1.992 49.625 6715400
2.000 49.625 6715400
2.000 49.617 6715400
2.033 49.617 6715400
2.033 49.608 6715400
2.050 49.608 6715400
2.050 49.600 6715400
2.083 49.600 6715400
2.083 49.592 6715400
2.092 49.592 6715400
2.092 49.600 6715400
2.150 49.600 6715400
2.150 49.592 6715400
2.167 49.592 6715400
2.167 49.583 6715400
2.175 49.583 6715400
2.175 49.575 6715400
2.200 49.575 6715400
2.200 49.567 6715400
2.217 49.567 6715400
2.217 49.558 6715400
2.225 49.558 6715400
2.225 49.567 6715400
2.242 49.567 6715400
2.242 49.558 6715400
2.267 49.558 6715400
2.267 49.550 6715400
2.283 49.550 6715400
2.283 49.542 6715400
2.292 49.542 6715400
2.292 49.550 6715400
2.300 49.550 6715400
2.300 49.558 6715400
2.308 49.558 6715400
2.308 49.567 6715400
2.333 49.567 6715400
2.333 49.575 6715400
2.342 49.575 6715400
2.342 49.567 6715400
2.392 49.567 6715400
2.392 49.558 6715400
2.400 49.558 6715400
2.400 49.567 6715400
2.433 49.567 6715400
2.433 49.558 6715400
2.467 49.558 6715400
2.467 49.550 6715400
2.483 49.550 6715400
2.483 49.558 6715400
2.525 49.558 6715400
2.525 49.550 6715400
2.558 49.550 6715400
2.558 49.542 6715400
2.600 49.542 6715400
2.600 49.550 6715400
2.625 49.550 6715400
2.625 49.542 6715400
2.667 49.542 6715400
2.667 49.567 6715400
2.675 49.567 6715400
2.675 49.583 6715400
2.683 49.583 6715400
2.683 49.600 6715400
2.675 49.600 6715400
2.675 49.608 6715400
2.683 49.608 6715400
2.683 49.617 6715400
2.708 49.617 6715400
2.708 49.625 6715400
2.725 49.625 6715400
2.725 49.633 6715400
2.750 49.633 6715400
2.750 49.642 6715400
2.775 49.642 6715400
2.775 49.633 6715400
2.842 49.633 6715400
2.842 49.625 6715400
2.867 49.625 6715400
2.867 49.642 6715400
2.875 49.642 6715400
2.875 49.650 6715400
2.883 49.650 6715400
2.883 49.658 6715400
2.892 49.658 6715400
2.892 49.667 6715400
2.900 49.667 6715400
2.900 49.675 6715400
2.917 49.675 6715400
2.917 49.667 6715400
2.925 49.667 6715400
2.925 49.675 6715400
2.983 49.675 6715400
2.983 49.667 6715400
3.000 49.667 6715400
3.000 49.675 6715400
3.008 49.675 6715400
3.008 49.683 6715400
3.033 49.683 6715400
3.033 49.675 6715400
3.042 49.675 6715400
3.042 49.683 6715400
3.067 49.683 6715400
3.067 49.692 6715400
3.083 49.692 6715400
3.083 49.683 6715400
3.117 49.683 6715400
3.117 49.675 6715400
3.142 49.675 6715400
3.142 49.683 6715400
3.175 49.683 6715400
3.175 49.692 6715400
3.225 49.692 6715400
3.225 49.700 6715400
3.242 49.700 6715400
3.242 49.725 6715400
3.275 49.725 6715400
3.275 49.733 6715400
3.292 49.733 6715400
3.292 49.750 6715400
3.300 49.750 6715400
3.300 49.767 6715400
3.308 49.767 6715400
3.308 49.783 6715400
3.317 49.783 6715400
3.317 49.792 6715400
3.333 49.792 6715400
3.333 49.800 6715400
3.342 49.800 6715400
3.342 49.817 6715400
3.367 49.817 6715400
3.367 49.825 6715400
3.375 49.825 6715400
3.375 49.833 6715400
3.383 49.833 6715400
3.383 49.842 6715400
3.400 49.842 6715400
3.400 49.850 6715400
3.408 49.850 6715400
3.408 49.858 6715400
3.417 49.858 6715400
3.417 49.875 6715400
3.425 49.875 6715400
3.425 49.883 6715400
3.433 49.883 6715400
3.433 49.892 6715400
3.442 49.892 6715400
3.442 49.900 6715400
3.458 49.900 6715400
3.458 49.908 6715400
3.475 49.908 6715400
3.475 49.917 6715400
3.500 49.917 6715400
3.500 49.925 6715400
3.517 49.925 6715400
3.517 49.942 6715400
3.525 49.942 6715400
3.525 49.950 6715400
3.542 49.950 6715400
3.542 49.958 6715400
3.558 49.958 6715400
3.558 49.983 6715400
3.575 49.983 6715400
3.575 49.992 6715400
3.608 49.992 6715400
3.608 50.000 6715400
3.617 50.000 6715400
3.617 50.008 6715400
3.625 50.008 6715400
3.625 50.017 6715400
3.633 50.017 6715400
3.633 50.008 6715400
3.667 50.008 6715400
3.667 50.000 6715400
3.708 50.000 6715400
3.708 49.992 6715400
3.725 49.992 6715400
3.725 50.000 6715400
3.825 50.000 6715400
3.825 50.008 6715400
3.858 50.008 6715400
3.858 50.000 6715400
3.892 50.000 6715400
3.892 49.992 6715400
3.925 49.992 6715400
3.925 49.983 6715400
3.950 49.983 6715400
3.950 49.975 6715400
4.025 49.975 6715400
4.025 49.983 6715400
4.033 49.983 6715400
4.033 49.992 6715400
4.083 49.992 6715400
4.083 50.008 6715400
4.108 50.008 6715400
4.108 50.017 6715400
4.125 50.017 6715400
4.125 50.025 6715400
4.133 50.025 6715400
4.133 50.033 6715400
4.208 50.033 6715400
4.208 50.025 6715400
4.217 50.025 6715400
4.217 50.017 6715400
4.225 50.017 6715400
4.225 50.008 6715400
4.333 50.008 6715400
4.333 50.000 6715400
4.350 50.000 6715400
4.350 50.008 6715400
4.358 50.008 6715400
4.358 49.983 6715400
4.367 49.983 6715400
4.367 49.967 6715400
4.358 49.967 6715400
4.358 49.958 6715400
4.342 49.958 6715400
4.342 49.950 6715400
4.333 49.950 6715400
4.333 49.942 6715400
4.375 49.942 6715400
4.375 49.933 6715400
4.417 49.933 6715400
4.417 49.925 6715400
4.433 49.925 6715400
4.433 49.917 6715400
4.458 49.917 6715400
4.458 49.908 6715400
4.417 49.908 6715400
4.417 49.917 6715400
4.383 49.917 6715400
4.383 49.908 6715400
4.375 49.908 6715400
4.375 49.917 6715400
4.342 49.917 6715400
4.342 49.883 6715400
4.350 49.883 6715400
4.350 49.875 6715400
4.358 49.875 6715400
4.358 49.858 6715400
4.367 49.858 6715400
4.367 49.842 6715400
4.383 49.842 6715400
4.383 49.833 6715400
4.417 49.833 6715400
4.417 49.817 6715400
4.400 49.817 6715400
4.400 49.808 6715400
4.392 49.808 6715400
4.392 49.800 6715400
4.383 49.800 6715400
4.383 49.792 6715400
4.367 49.792 6715400
4.367 49.783 6715400
4.358 49.783 6715400
4.358 49.767 6715400
4.367 49.767 6715400
4.367 49.750 6715400
4.425 49.750 6715400
4.425 49.742 6715400
4.442 49.742 6715400
4.442 49.708 6715400
4.450 49.708 6715400
4.450 49.700 6715400
4.458 49.700 6715400
4.458 49.675 6715400
4.483 49.675 6715400
4.483 49.667 6715400
4.492 49.667 6715400
4.492 49.650 6715400
4.508 49.650 6715400
4.508 49.642 6715400
4.525 49.642 6715400
4.525 49.633 6715400
4.583 49.633 6715400
4.583 49.625 6715400
4.642 49.625 6715400
4.642 49.617 6715400
4.658 49.617 6715400
4.658 49.592 6715400
4.667 49.592 6715400
4.667 49.575 6715400
4.675 49.575 6715400
4.675 49.583 6715400
4.683 49.583 6715400
4.683 49.575 6715400
4.692 49.575 6715400
4.692 49.567 6715400
4.708 49.567 6715400
4.708 49.558 6715400
4.725 49.558 6715400
4.725 49.542 6715400
4.742 49.542 6715400
4.742 49.533 6715400
4.750 49.533 6715400
4.750 49.525 6715400
4.758 49.525 6715400
4.758 49.517 6715400
4.767 49.517 6715400
4.767 49.492 6715400
4.758 49.492 6715400
4.758 49.483 6715400
4.750 49.483 6715400
4.750 49.475 6715400
4.775 49.475 6715400
4.775 49.467 6715400
4.783 49.467 6715400
4.783 49.475 6715400
4.808 49.475 6715400
4.808 49.442 6715400
4.817 49.442 6715400
4.817 49.433 6715400
4.808 49.433 6715400
4.808 49.425 6715400
4.800 49.425 6715400
4.800 49.408 6715400
4.817 49.408 6715400
4.817 49.400 6715400
4.858 49.400 6715400
4.858 49.408 6715400
4.867 49.408 6715400
4.867 49.417 6715400
4.875 49.417 6715400
4.875 49.425 6715400
4.892 49.425 6715400
4.892 49.417 6715400
4.917 49.417 6715400
4.917 49.408 6715400
4.958 49.408 6715400
4.958 49.400 6715400
4.967 49.400 6715400
4.967 49.408 6715400
4.992 49.408 6715400
4.992 49.417 6715400
5.008 49.417 6715400
5.008 49.425 6715400
5.025 49.425 6715400
5.025 49.417 6715400
5.042 49.417 6715400
5.042 49.408 6715400
5.050 49.408 6715400
5.050 49.400 6715400
5.075 49.400 6715400
5.075 49.367 6715400
5.067 49.367 6715400
5.067 49.325 6715400
5.075 49.325 6715400
5.075 49.283 6715400
5.083 49.283 6715400
5.083 49.275 6715400
5.150 49.275 6715400
5.150 49.267 6715400
5.158 49.267 6715400
5.158 49.225 6715400
5.167 49.225 6715400
5.167 49.217 6715400
5.183 49.217 6715400
5.183 49.208 6715400
5.192 49.208 6715400
5.192 49.175 6715400
5.200 49.175 6715400
5.200 49.167 6715400
5.208 49.167 6715400
5.208 49.175 6715400
5.217 49.175 6715400
5.217 49.167 6715400
5.225 49.167 6715400
5.225 49.158 6715400
5.233 49.158 6715400
5.233 49.150 6715400
5.242 49.150 6715400
5.242 49.125 6715400
5.258 49.125 6715400
5.258 49.108 6715400
5.267 49.108 6715400
5.267 49.100 6715400
5.275 49.100 6715400
5.275 49.092 6715400
5.283 49.092 6715400
5.283 49.058 6715400
5.292 49.058 6715400
5.292 49.042 6715400
5.317 49.042 6715400
5.317 49.017 6715400
5.300 49.017 6715400
5.300 49.008 6715400
5.275 49.008 6715400
5.275 48.992 6715400
5.292 48.992 6715400
5.292 48.983 6715400
5.317 48.983 6715400
5.317 48.975 6715400
5.333 48.975 6715400
5.333 48.958 6715400
5.358 48.958 6715400
5.358 48.942 6715400
5.367 48.942 6715400
5.367 48.933 6715400
5.392 48.933 6715400
5.392 48.917 6715400
5.383 48.917 6715400
5.383 48.900 6715400
5.375 48.900 6715400
5.375 48.883 6715400
5.383 48.883 6715400
5.383 48.867 6715400
5.400 48.867 6715400
5.400 48.858 6715400
5.408 48.858 6715400
5.408 48.850 6715400
5.417 48.850 6715400
5.417 48.825 6715400
5.433 48.825 6715400
5.433 48.817 6715400
5.425 48.817 6715400
5.425 48.758 6715400
5.442 48.758 6715400
5.442 48.742 6715400
5.450 48.742 6715400
5.450 48.708 6715400
5.458 48.708 6715400
5.458 48.700 6715400
5.467 48.700 6715400
5.467 48.692 6715400
5.500 48.692 6715400
5.500 48.683 6715400
5.508 48.683 6715400
5.508 48.675 6715400
5.500 48.675 6715400
5.500 48.667 6715400
5.517 48.667 6715400
5.517 48.658 6715400
5.533 48.658 6715400
5.533 48.625 6715400
5.525 48.625 6715400
5.525 48.608 6715400
5.517 48.608 6715400
5.517 48.592 6715400
5.525 48.592 6715400
5.525 48.575 6715400
5.533 48.575 6715400
5.533 48.558 6715400
5.575 48.558 6715400
5.575 48.550 6715400
5.583 48.550 6715400
5.583 48.542 6715400
5.592 48.542 6715400
5.592 48.492 6715400
5.583 48.492 6715400
5.583 48.458 6715400
5.575 48.458 6715400
5.575 48.450 6715400
5.567 48.450 6715400
5.567 48.425 6715400
5.575 48.425 6715400
5.575 48.417 6715400
5.567 48.417 6715400
5.567 48.408 6715400
5.558 48.408 6715400
5.558 48.400 6715400
5.550 48.400 6715400
5.550 48.383 6715400
5.542 48.383 6715400
5.542 48.375 6715400
5.550 48.375 6715400
5.550 48.350 6715400
5.542 48.350 6715400
5.542 48.333 6715400
5.533 48.333 6715400
5.533 48.325 6715400
5.525 48.325 6715400
5.525 48.317 6715400
5.508 48.317 6715400
5.508 48.308 6715400
5.475 48.308 6715400
5.475 48.317 6715400
5.467 48.317 6715400
5.467 48.308 6715400
5.450 48.308 6715400
5.450 48.300 6715400
5.458 48.300 6715400
5.458 48.292 6715400
5.467 48.292 6715400
5.467 48.275 6715400
5.475 48.275 6715400
5.475 48.267 6715400
5.483 48.267 6715400
5.483 48.250 6715400
5.517 48.250 6715400
5.517 48.242 6715400
5.525 48.242 6715400
5.525 48.217 6715400
5.517 48.217 6715400
5.517 48.200 6715400
5.508 48.200 6715400
5.508 48.183 6715400
5.517 48.183 6715400
5.517 48.167 6715400
5.492 48.167 6715400
5.492 48.142 6715400
5.500 48.142 6715400
5.500 48.125 6715400
5.492 48.125 6715400
5.492 48.100 6715400
5.483 48.100 6715400
5.483 48.092 6715400
5.475 48.092 6715400
5.475 48.075 6715400
5.458 48.075 6715400
5.458 48.042 6715400
5.467 48.042 6715400
5.467 48.017 6715400
5.475 48.017 6715400
5.475 48.008 6715400
5.483 48.008 6715400
5.483 47.975 6715400
5.475 47.975 6715400
5.475 47.958 6715400
5.483 47.958 6715400
5.483 47.950 6715400
5.492 47.950 6715400
5.492 47.942 6715400
5.500 47.942 6715400
5.500 47.908 6715400
5.492 47.908 6715400
5.492 47.900 6715400
5.475 47.900 6715400
5.475 47.892 6715400
5.467 47.892 6715400
5.467 47.850 6715400
5.442 47.850 6715400
5.442 47.842 6715400
5.417 47.842 6715400
5.417 47.825 6715400
5.408 47.825 6715400
5.408 47.817 6715400
5.400 47.817 6715400
5.400 47.808 6715400
5.383 47.808 6715400
5.383 47.800 6715400
5.350 47.800 6715400
5.350 47.808 6715400
5.333 47.808 6715400
5.333 47.817 6715400
5.292 47.817 6715400
5.292 47.808 6715400
5.267 47.808 6715400
5.267 47.800 6715400
5.258 47.800 6715400
5.258 47.792 6715400
5.233 47.792 6715400
5.233 47.783 6715400
5.192 47.783 6715400
5.192 47.775 6715400
5.183 47.775 6715400
5.183 47.767 6715400
5.175 47.767 6715400
5.175 47.733 6715400
5.167 47.733 6715400
5.167 47.717 6715400
5.142 47.717 6715400
5.142 47.725 6715400
5.100 47.725 6715400
5.100 47.717 6715400
5.092 47.717 6715400
5.092 47.725 6715400
5.042 47.725 6715400
5.042 47.717 6715400
5.025 47.717 6715400
5.025 47.700 6715400
5.008 47.700 6715400
5.008 47.692 6715400
5.000 47.692 6715400
5.000 47.683 6715400
4.967 47.683 6715400
4.967 47.692 6715400
4.958 47.692 6715400
4.958 47.683 6715400
4.950 47.683 6715400
4.950 47.675 6715400
4.942 47.675 6715400
4.942 47.667 6715400
4.933 47.667 6715400
4.933 47.650 6715400
4.917 47.650 6715400
4.917 47.642 6715400
4.908 47.642 6715400
4.908 47.633 6715400
4.900 47.633 6715400
4.900 47.625 6715400
4.892 47.625 6715400
4.892 47.608 6715400
4.883 47.608 6715400
4.883 47.600 6715400
4.867 47.600 6715400
4.867 47.592 6715400
4.833 47.592 6715400
4.833 47.600 6715400
4.825 47.600 6715400
4.825 47.608 6715400
4.817 47.608 6715400
4.817 47.600 6715400
4.800 47.600 6715400
4.800 47.592 6715400
4.792 47.592 6715400
4.792 47.567 6715400
4.783 47.567 6715400
4.783 47.558 6715400
4.775 47.558 6715400
4.775 47.550 6715400
4.767 47.550 6715400
4.767 47.542 6715400
4.775 47.542 6715400
4.775 47.525 6715400
4.758 47.525 6715400
4.758 47.517 6715400
4.750 47.517 6715400
4.750 47.508 6715400
4.742 47.508 6715400
4.742 47.483 6715400
4.733 47.483 6715400
4.733 47.467 6715400
4.742 47.467 6715400
4.742 47.458 6715400
4.758 47.458 6715400
4.758 47.417 6715400
4.767 47.417 6715400
4.767 47.408 6715400
4.775 47.408 6715400
4.775 47.383 6715400
4.783 47.383 6715400
4.783 47.367 6715400
4.775 47.367 6715400
4.775 47.358 6715400
4.767 47.358 6715400
4.767 47.350 6715400
4.742 47.350 6715400
4.742 47.342 6715400
4.725 47.342 6715400
4.725 47.333 6715400
4.708 47.333 6715400
4.708 47.325 6715400
4.692 47.325 6715400
4.692 47.300 6715400
4.683 47.300 6715400
4.683 47.292 6715400
4.633 47.292 6715400
4.633 47.283 6715400
4.583 47.283 6715400
4.583 47.275 6715400
4.567 47.275 6715400
4.567 47.250 6715400
4.558 47.250 6715400
4.558 47.208 6715400
4.550 47.208 6715400
4.533 47.208 6715400
4.533 47.217 6715400
4.517 47.217 6715400
4.517 47.225 6715400
4.500 47.225 6715400
4.500 47.233 6715400
4.492 47.233 6715400
4.492 47.242 6715400
4.483 47.242 6715400
4.483 47.250 6715400
4.475 47.250 6715400
4.475 47.242 6715400
4.442 47.242 6715400
4.442 47.225 6715400
4.433 47.225 6715400
4.433 47.217 6715400
4.408 47.217 6715400
4.408 47.225 6715400
4.342 47.225 6715400
4.342 47.217 6715400
4.325 47.217 6715400
4.325 47.225 6715400
4.308 47.225 6715400
4.308 47.217 6715400
4.225 47.217 6715400
4.225 47.225 6715400
4.217 47.225 6715400
4.217 47.233 6715400
4.225 47.233 6715400
4.225 47.267 6715400
4.217 47.267 6715400
4.217 47.275 6715400
4.208 47.275 6715400
4.208 47.283 6715400
4.183 47.283 6715400
4.183 47.292 6715400
4.175 47.292 6715400
4.175 47.283 6715400
4.167 47.283 6715400
4.167 47.258 6715400
4.158 47.258 6715400
4.158 47.250 6715400
4.150 47.250 6715400
4.150 47.217 6715400
4.142 47.217 6715400
4.142 47.200 6715400
4.133 47.200 6715400
4.133 47.183 6715400
4.125 47.183 6715400
4.125 47.167 6715400
4.117 47.167 6715400
4.117 47.133 6715400
4.108 47.133 6715400
4.108 47.117 6715400
4.100 47.117 6715400
4.100 47.108 6715400
4.067 47.108 6715400
4.067 47.092 6715400
4.058 47.092 6715400
4.058 47.083 6715400
4.042 47.083 6715400
4.042 46.992 6715400
4.017 46.992 6715400
4.017 46.958 6715400
3.983 46.958 6715400
3.983 46.975 6715400
3.975 46.975 6715400
3.975 46.983 6715400
3.967 46.983 6715400
3.967 46.992 6715400
3.950 46.992 6715400
3.950 47.025 6715400
3.942 47.025 6715400
3.942 47.042 6715400
3.933 47.042 6715400
3.933 47.050 6715400
3.925 47.050 6715400
3.925 47.058 6715400
3.933 47.058 6715400
3.933 47.083 6715400
3.925 47.083 6715400
3.925 47.092 6715400
3.917 47.092 6715400
3.917 47.100 6715400
3.908 47.100 6715400
3.908 47.108 6715400
3.892 47.108 6715400
3.892 47.117 6715400
3.858 47.117 6715400
3.858 47.125 6715400
3.833 47.125 6715400
3.833 47.133 6715400
3.808 47.133 6715400
3.808 47.125 6715400
3.792 47.125 6715400
3.792 47.133 6715400
3.775 47.133 6715400
3.775 47.142 6715400
3.758 47.142 6715400
3.758 47.150 6715400
3.742 47.150 6715400
3.742 47.158 6715400
3.717 47.158 6715400
3.717 47.150 6715400
3.708 47.150 6715400
3.708 47.158 6715400
3.667 47.158 6715400
3.667 47.150 6715400
3.658 47.150 6715400
3.658 47.158 6715400
3.642 47.158 6715400
3.642 47.192 6715400
3.633 47.192 6715400
3.633 47.200 6715400
3.617 47.200 6715400
3.617 47.208 6715400
3.575 47.208 6715400
3.575 47.200 6715400
3.567 47.200 6715400
3.567 47.192 6715400
3.558 47.192 6715400
3.558 47.200 6715400
3.533 47.200 6715400
3.533 47.192 6715400
3.492 47.192 6715400
3.492 47.183 6715400
3.483 47.183 6715400
3.483 47.175 6715400
3.475 47.175 6715400
3.475 47.183 6715400
3.467 47.183 6715400
3.467 47.192 6715400
3.458 47.192 6715400
3.458 47.208 6715400
3.442 47.208 6715400
3.442 47.217 6715400
3.408 47.217 6715400
3.408 47.225 6715400
3.392 47.225 6715400
3.392 47.233 6715400
3.400 47.233 6715400
3.400 47.267 6715400
3.383 47.267 6715400
3.383 47.292 6715400
3.375 47.292 6715400
3.375 47.300 6715400
3.367 47.300 6715400
3.367 47.308 6715400
3.358 47.308 6715400
3.358 47.325 6715400
3.325 47.325 6715400
3.325 47.333 6715400
3.333 47.333 6715400
3.333 47.342 6715400
3.308 47.342 6715400
3.308 47.350 6715400
3.275 47.350 6715400
3.275 47.358 6715400
3.267 47.358 6715400
3.267 47.367 6715400
3.275 47.367 6715400
3.275 47.392 6715400
3.292 47.392 6715400
3.292 47.417 6715400
3.300 47.417 6715400
3.300 47.442 6715400
3.308 47.442 6715400
3.308 47.450 6715400
3.333 47.450 6715400
3.333 47.458 6715400
3.342 47.458 6715400
3.342 47.467 6715400
3.350 47.467 6715400
3.350 47.475 6715400
3.358 47.475 6715400
3.358 47.492 6715400
3.342 47.492 6715400
3.342 47.508 6715400
3.325 47.508 6715400
3.325 47.525 6715400
3.317 47.525 6715400
3.317 47.533 6715400
3.300 47.533 6715400
3.300 47.525 6715400
3.292 47.525 6715400
3.292 47.533 6715400
3.275 47.533 6715400
3.275 47.550 6715400
3.225 47.550 6715400
3.225 47.558 6715400
3.217 47.558 6715400
3.217 47.575 6715400
3.208 47.575 6715400
3.208 47.583 6715400
3.175 47.583 6715400
3.175 47.575 6715400
3.167 47.575 6715400
3.167 47.567 6715400
3.067 47.567 6715400
3.067 47.583 6715400
3.058 47.583 6715400
3.058 47.600 6715400
3.050 47.600 6715400
3.050 47.617 6715400
3.042 47.617 6715400
3.042 47.642 6715400
3.033 47.642 6715400
3.033 47.650 6715400
3.025 47.650 6715400
3.025 47.658 6715400
3.008 47.658 6715400
3.008 47.667 6715400
2.958 47.667 6715400
2.958 47.675 6715400
2.950 47.675 6715400
2.950 47.683 6715400
2.917 47.683 6715400
2.917 47.692 6715400
2.908 47.692 6715400
2.908 47.700 6715400
2.867 47.700 6715400
2.867 47.708 6715400
2.850 47.708 6715400
2.850 47.725 6715400
2.800 47.725 6715400
2.800 47.733 6715400
2.767 47.733 6715400
2.767 47.725 6715400
2.750 47.725 6715400
2.750 47.717 6715400
2.717 47.717 6715400
2.717 47.708 6715400
2.708 47.708 6715400
2.708 47.717 6715400
2.700 47.717 6715400
2.700 47.725 6715400
2.683 47.725 6715400
2.683 47.733 6715400
2.667 47.733 6715400
2.667 47.742 6715400
2.658 47.742 6715400
2.658 47.750 6715400
2.642 47.750 6715400
2.642 47.742 6715400
2.633 47.742 6715400
2.633 47.750 6715400
2.617 47.750 6715400
2.617 47.758 6715400
2.608 47.758 6715400
2.608 47.767 6715400
2.583 47.767 6715400
2.583 47.783 6715400
2.592 47.783 6715400
2.592 47.792 6715400
2.600 47.792 6715400
2.600 47.800 6715400
2.592 47.800 6715400
2.592 47.808 6715400
2.550 47.808 6715400
2.550 47.817 6715400
2.517 47.817 6715400
2.517 47.825 6715400
2.500 47.825 6715400
2.500 47.833 6715400
2.483 47.833 6715400
2.483 47.842 6715400
2.475 47.842 6715400
2.475 47.850 6715400
2.458 47.850 6715400
2.458 47.858 6715400
2.417 47.858 6715400
2.417 47.867 6715400
2.408 47.867 6715400
2.408 47.875 6715400
2.400 47.875 6715400
2.400 47.883 6715400
2.408 47.883 6715400
2.408 47.892 6715400
2.400 47.892 6715400
2.400 47.900 6715400
2.367 47.900 6715400
2.367 47.925 6715400
2.333 47.925 6715400
2.333 47.942 6715400
2.325 47.942 6715400
2.325 47.992 6715400
2.300 47.992 6715400
2.300 48.000 6715400
2.292 48.000 6715400
2.292 48.017 6715400
2.283 48.017 6715400
2.283 48.025 6715400
2.275 48.025 6715400
2.275 48.033 6715400
2.258 48.033 6715400
2.258 48.042 6715400
2.233 48.042 6715400
2.233 48.033 6715400
2.192 48.033 6715400
2.192 48.042 6715400
2.175 48.042 6715400
2.175 48.033 6715400
2.167 48.033 6715400
2.167 48.025 6715400
2.158 48.025 6715400
2.158 48.017 6715400
2.150 48.017 6715400
2.150 48.025 6715400
2.133 48.025 6715400
2.133 48.033 6715400
2.092 48.033 6715400
2.092 48.025 6715400
2.050 48.025 6715400
2.050 48.033 6715400
2.042 48.033 6715400
2.042 48.042 6715400
2.033 48.042 6715400
2.033 48.058 6715400
2.025 48.058 6715400
2.025 48.067 6715400
2.017 48.067 6715400
2.017 48.083 6715400
2.025 48.083 6715400
2.025 48.092 6715400
2.058 48.092 6715400
2.058 48.100 6715400
2.067 48.100 6715400
2.067 48.108 6715400
2.083 48.108 6715400
2.083 48.117 6715400
2.092 48.117 6715400
2.092 48.125 6715400
2.083 48.125 6715400
2.083 48.133 6715400
2.075 48.133 6715400
2.075 48.142 6715400
2.058 48.142 6715400
2.058 48.150 6715400
2.050 48.150 6715400
2.050 48.183 6715400
2.067 48.183 6715400
2.067 48.192 6715400
2.058 48.192 6715400
2.058 48.200 6715400
2.050 48.200 6715400
2.050 48.208 6715400
2.042 48.208 6715400
2.042 48.217 6715400
2.008 48.217 6715400
2.008 48.225 6715400
2.000 48.225 6715400
2.000 48.233 6715400
1.992 48.233 6715400
1.992 48.242 6715400
1.958 48.242 6715400
1.958 48.250 6715400
1.950 48.250 6715400
1.950 48.258 6715400
1.925 48.258 6715400
1.925 48.275 6715400
1.933 48.275 6715400
1.933 48.292 6715400
1.925 48.292 6715400
1.925 48.317 6715400
1.917 48.317 6715400
1.917 48.333 6715400
1.908 48.333 6715400
1.908 48.342 6715400
1.900 48.342 6715400
1.900 48.350 6715400
1.892 48.350 6715400
1.892 48.358 6715400
1.883 48.358 6715400
1.883 48.367 6715400
1.875 48.367 6715400
1.875 48.375 6715400
1.850 48.375 6715400
1.850 48.367 6715400
1.817 48.367 6715400
1.817 48.358 6715400
1.808 48.358 6715400
1.808 48.350 6715400
1.783 48.350 6715400
1.783 48.342 6715400
1.775 48.342 6715400
1.775 48.358 6715400
1.700 48.358 6715400
1.700 48.367 6715400
1.692 48.367 6715400
1.692 48.358 6715400
1.650 48.358 6715400
1.650 48.367 6715400
1.633 48.367 6715400
1.633 48.375 6715400
1.625 48.375 6715400
1.625 48.392 6715400
1.600 48.392 6715400
1.600 48.383 6715400
1.592 48.383 6715400
1.592 48.375 6715400
1.600 48.375 6715400
1.600 48.342 6715400
1.592 48.342 6715400
1.592 48.333 6715400
1.575 48.333 6715400
1.575 48.325 6715400
1.558 48.325 6715400
1.558 48.317 6715400
1.508 48.317 6715400
1.508 48.333 6715400
1.450 48.333 6715400
1.450 48.342 6715400
1.442 48.342 6715400
1.442 48.350 6715400
1.417 48.350 6715400
1.417 48.358 6715400
1.392 48.358 6715400
1.392 48.367 6715400
1.358 48.367 6715400
1.358 48.358 6715400
1.350 48.358 6715400
1.350 48.367 6715400
1.292 48.367 6715400
1.292 48.375 6715400
1.250 48.375 6715400
1.250 48.392 6715400
1.242 48.392 6715400
1.242 48.408 6715400
1.200 48.408 6715400
1.200 48.400 6715400
1.175 48.400 6715400
1.175 48.392 6715400
1.158 48.392 6715400
1.158 48.383 6715400
1.150 48.383 6715400
1.150 48.375 6715400
1.108 48.375 6715400
1.108 48.367 6715400
1.075 48.367 6715400
1.075 48.375 6715400
1.050 48.375 6715400
1.050 48.425 6715400
1.058 48.425 6715400
1.058 48.442 6715400
1.000 48.442 6715400
1.000 48.433 6715400
0.983 48.433 6715400
0.983 48.425 6715400
0.958 48.425 6715400
0.958 48.450 6715400
0.967 48.450 6715400
0.967 48.475 6715400
0.950 48.475 6715400
0.950 48.492 6715400
0.942 48.492 6715400
0.942 48.500 6715400
0.933 48.500 6715400
0.933 48.508 6715400
0.925 48.508 6715400
0.925 48.500 6715400
0.875 48.500 6715400
0.875 48.508 6715400
0.867 48.508 6715400
0.867 48.517 6715400
0.858 48.517 6715400
0.858 48.525 6715400
0.833 48.525 6715400
0.833 48.533 6715400
0.817 48.533 6715400
0.817 48.542 6715400
0.808 48.542 6715400
0.808 48.558 6715400
0.800 48.558 6715400
0.800 48.567 6715400
0.833 48.567 6715400
0.833 48.600 6715400
0.825 48.600 6715400
0.825 48.608 6715400
0.717 48.608 6715400
0.717 48.617 6715400
0.633 48.617 6715400
0.633 48.608 6715400
0.617 48.608 6715400
0.617 48.600 6715400
0.608 48.600 6715400
0.608 48.608 6715400
0.575 48.608 6715400
0.575 48.617 6715400
0.542 48.617 6715400
0.542 48.633 6715400
0.525 48.633 6715400
0.525 48.642 6715400
0.517 48.642 6715400
0.517 48.650 6715400
0.483 48.650 6715400
0.483 48.658 6715400
0.467 48.658 6715400
0.467 48.675 6715400
0.450 48.675 6715400
