# RBD_F1v3.0 river basin UK en Solway Tweed (Solway Tweed)
# data from <a href="http://www.eea.europa.eu/data-and-maps/data/wise-Basin-basin-districts-rbds">EEA</a>
-2.010080961792392 55.823044014666898
-1.965474031877617 55.791919979734168
-1.948657000023559 55.759678015248575
-1.92994598317922 55.744918991932195
-1.955325948368996 55.731608986217026
-1.955228955365202 55.731528988644712
-1.9564749685016 55.731007006520343
-1.957151965977937 55.730722975614746
-1.963375028939981 55.728119014606989
-1.975314022913282 55.734858979062025
-1.99840705589897 55.737110017584826
-2.00716803743106 55.7424999826545
-2.030266976795869 55.742495989324766
-2.057319993305148 55.724064008846803
-2.057305030411065 55.713730010197686
-2.074020010348564 55.714172013113696
-2.09388199162133 55.699329009020964
-2.082740983587222 55.698441022333085
-2.079512970503119 55.675526009097453
-2.06439601183154 55.669696972408325
-2.070738985234795 55.660254975714317
-2.067546976256238 55.653068989650983
-2.059595998379602 55.650374975563381
-2.065149971386669 55.644980982276202
-2.026218030957688 55.64365001504666
-2.01509696344633 55.648593984989056
-1.999205966257232 55.648144005362759
-1.991263007809614 55.631968999272061
-1.96346803209938 55.628818991507281
-1.954728040503056 55.631962008232456
-1.934082966188897 55.629257024350991
-1.931688986093352 55.635543997642571
-1.925559967631959 55.634723997794566
-1.91749100994365 55.619251002060771
-1.890477011578884 55.602264017226716
-1.883363012608773 55.592823025462451
-1.889719982226427 55.589233011291
-1.885876970282176 55.583621997030626
-1.865956025277434 55.578425987785771
-1.858876957121465 55.561793974738769
-1.843024013366826 55.560878994689489
-1.835917022363063 55.554127001056408
-1.851024997097938 55.541569018008445
-1.848702032019415 55.527634015076508
-1.870103980346801 55.523167013125693
-1.874878998320032 55.515983985929346
-1.871801024284339 55.48857099949543
-1.865493025203659 55.481823019087194
-1.844939991837998 55.47685600648505
-1.840218041079156 55.471007984255543
-1.848231043775986 55.444060993848126
-1.857738946255986 55.437777979022016
-1.85911998575823 55.438304987438194
-1.86011001406175 55.437782002296679
-1.867210984330783 55.441387009264332
-1.876704002509868 55.438702025135591
-1.880641996925217 55.443420008834714
-1.889335046742709 55.444103011145685
-1.89566803460473 55.440513971669851
-1.895705963773183 55.426136012487667
-1.936815040459729 55.411335014927275
-1.951819019855452 55.413589014788265
-1.964450017665863 55.420783971442987
-1.974723028406303 55.415843977770074
-1.989729984485413 55.419440998605701
-2.0213229914323 55.407757021896721
-2.045020950840981 55.413142982429214
-2.047385981713934 55.409095975131883
-2.075458989900571 55.40899302738665
-2.09554895856447 55.403679009696255
-2.105830047870831 55.409508015962096
-2.105846009453626 55.415352011564508
-2.124831008909836 55.424320019101309
-2.140615946742041 55.419806981875119
-2.154057049371883 55.422489014929397
-2.153387023759639 55.453490988893968
-2.168466965055221 55.467177990141259
-2.186239972184728 55.462212002702529
-2.192872994786108 55.443999978312654
-2.205481031546257 55.43634399862745
-2.229547017787343 55.429782976412795
-2.247737003299934 55.432219986171212
-2.267078977929044 55.429484976575509
-2.290718041200006 55.420443985054554
-2.293043985664835 55.414596992238799
-2.311148021736487 55.406464021167579
-2.331699047462595 55.408656996641746
-2.330073951076302 55.403270983962841
-2.342670024335078 55.398742967491692
-2.333939027100834 55.393371967948866
-2.329094040405633 55.380356009769848
-2.354971968109324 55.361857992789254
-2.351693037220419 55.360011999331057
-2.352540960936277 55.360100017864596
-2.349415010577706 55.357833983408703
-2.356538032022385 55.360508022251324
-2.373826985973422 55.353718010962226
-2.376145959107733 55.348766003246261
-2.385596034706689 55.347388984480439
-2.3982169769298 55.347796981717416
-2.402229968722014 55.354748000659221
-2.416865010979272 55.358970977270602
-2.427881013731954 55.35646101172135
-2.428326950117947 55.35652899262908
-2.428669976089469 55.35645699763112
-2.443288008461084 55.358875024243311
-2.458206976865088 55.352978017046489
-2.481478999462532 55.353565019525931
-2.516967046331167 55.323090001170705
-2.529180958298547 55.323035999104775
-2.54838802737247 55.315761995991672
-2.566191962248815 55.321071976046376
-2.577794004559613 55.317157981378685
-2.580923037985529 55.313514990741467
-2.586073023018914 55.306598972626361
-2.586884996207033 55.306465018128073
-2.586880042801785 55.306373998387983
-2.589773954048705 55.290550006069289
-2.608161010791805 55.28290198552876
-2.619355975851099 55.268687976502484
-2.636231961100687 55.26590699624554
-2.649082960722745 55.257751027287448
-2.652873044130589 55.248969990917892
-2.645731945750391 55.245185977421755
-2.645579004862276 55.235752009251321
-2.694684012359339 55.210769968911308
-2.691078050895665 55.206745001281206
-2.676504041744902 55.204578016964227
-2.672477027071881 55.198756984294597
-2.681628033215669 55.182532978490286
-2.671299024396259 55.175399969792231
-2.681366992641354 55.167254974246326
-2.675667025250992 55.155155004898226
-2.659854947686298 55.148051986436187
-2.654949008498372 55.135944002704662
-2.644672965478614 55.131057973845259
-2.6281409650773 55.127098005258865
-2.617981999014409 55.129397975033513
-2.595931030511147 55.123214977160238
-2.562209018456298 55.122929022680083
-2.554447042083172 55.109076990523931
-2.549529006364525 55.107578002468834
-2.531032966333129 55.103576991713823
-2.514252054331721 55.103168014604698
-2.51022504804483 55.104733003432955
-2.48982101252499 55.102570015616394
-2.482044045390653 55.107543998307406
-2.466268990440373 55.099067992907607
-2.456091991527132 55.100002004928037
-2.446652982973463 55.096892980506276
-2.438808035677496 55.096023978923505
-2.438407980142563 55.094173026109537
-2.437215995054583 55.093780998210718
-2.437971038166859 55.092154983694805
-2.437157033555707 55.088390004155769
-2.440612957913554 55.086455982821597
-2.441807993248081 55.083877975713008
-2.445956987443573 55.083466016437477
-2.458175984124563 55.07663001999282
-2.469135019827806 55.076138024497034
-2.469071987778356 55.070747005311731
-2.451011010389052 55.066319014632292
-2.450184956349732 55.059834009675534
-2.463414996294926 55.052352973467244
-2.45701898644355 55.043831022719964
-2.461625949657594 55.036174979139091
-2.481116023607482 55.030254021453558
-2.504409007447422 55.016232009673978
-2.520060006350977 55.017063023963459
-2.555119951006007 55.007472974352126
-2.558947965067281 55.001614009486239
-2.551125040820336 55.001201996181798
-2.551788967071415 54.992660996065894
-2.570424960997244 54.984035012760238
-2.562323028844068 54.963401980938734
-2.577058029320687 54.95614197733952
-2.597372047668577 54.956943993799669
-2.608114017459625 54.944308997995293
-2.637062018697052 54.942402004824686
-2.638428009773916 54.936061981049107
-2.647707011180712 54.930622010392064
-2.646023976078102 54.922993017443659
-2.670764968669573 54.909374004920231
-2.669192046060356 54.900364018770581
-2.661250974465866 54.899990005956113
-2.658257039057925 54.89620602042281
-2.645677989721858 54.901423977259469
-2.628383948356987 54.892524980221651
-2.614371959767424 54.893947993926361
-2.570192968586738 54.857311009842981
-2.580843976774843 54.843765011715021
-2.554041984837888 54.815593976336729
-2.540766038867849 54.812060992548354
-2.541322007781006 54.795429015932342
-2.547495049553634 54.791805017942664
-2.542624980378175 54.776550012587592
-2.555649991025851 54.762649976424903
-2.548552015847398 54.754950996501691
-2.549910962753226 54.740566026846167
-2.513134959868353 54.719158009617914
-2.503038024722524 54.718749982981898
-2.502550957523316 54.718327002285612
-2.502255988388423 54.718304000903842
-2.499375987307671 54.715568993612742
-2.486910036790408 54.704738982977183
-2.485246978952866 54.70454000263608
-2.475304021015114 54.705333972778433
-2.478023005640555 54.704021005817083
-2.477406042686522 54.703616987716607
-2.473355983180588 54.703140024670908
-2.461279045210525 54.693062002498088
-2.435041016033981 54.675872994444596
-2.420051989894335 54.651207012329813
-2.423829049682319 54.641758020073617
-2.388081030876933 54.630642009040983
-2.376633964717702 54.611499993428218
-2.367794987600419 54.61452901415084
-2.357717965077273 54.613208991029907
-2.323348053516904 54.582306013242892
-2.304042028429282 54.579650972103039
-2.297043033946603 54.574725986047326
-2.276181991284535 54.57836901177668
-2.269204976856231 54.576141012702429
-2.252081012578332 54.559100992136436
-2.229611014672052 54.551055991992158
-2.229572992710092 54.544315024464439
-2.237292963401574 54.542503024670246
-2.233403052065233 54.538013013589548
-2.207875956536018 54.533568988224602
-2.202426027794301 54.525490004848464
-2.183122951598245 54.528213994085618
-2.173830025794996 54.523284989809696
-2.203052019900241 54.495826975507939
-2.2053180084037 54.485934984090001
-2.196036985987133 54.481907001580453
-2.189037025315931 54.470234022565833
-2.209821012361471 54.460761981037138
-2.232186032525877 54.459823989923379
-2.267608000440524 54.45031401168842
-2.265244988785994 54.442676979545773
-2.286032015098812 54.438133011570123
-2.299918986086511 54.439448978957856
-2.289848960087344 54.43273202786029
-2.306709995302944 54.419658982458024
-2.304235001611901 54.397644015419409
-2.290318044450237 54.390037991254808
-2.294782955395988 54.368457976477472
-2.318625035305884 54.366150013047822
-2.344709004095562 54.356189971996592
-2.362389992240542 54.354340008425055
-2.359624988313055 54.351546984606941
-2.359284975196825 54.351203986677284
-2.37395602401934 54.357001981889788
-2.38179198182316 54.37225699575972
-2.38186703766537 54.380344004088705
-2.374208961300426 54.38486502970472
-2.39045004459558 54.392451982904859
-2.39281600830562 54.398288976065807
-2.417826039381236 54.401443006873045
-2.430546968484883 54.397259014090892
-2.430898996260378 54.397434009101147
-2.431318027052514 54.397259020877492
-2.441388036468209 54.402615013189518
-2.46370601816795 54.400733972574209
-2.463876977839841 54.40121798847769
-2.464481006824713 54.401180019753291
-2.465297011946586 54.405219973143694
-2.448447037773497 54.414271976412643
-2.446477992776699 54.445739976911881
-2.458961011047111 54.45872498778818
-2.471277010359803 54.456428986456274
-2.49297596900197 54.464882023876555
-2.493136017780473 54.478183974486932
-2.495070016320584 54.478625996221652
-2.504007964789973 54.47983598365893
-2.539404015303499 54.475471023289884
-2.558095987736415 54.483607973684386
-2.561526992514355 54.483723018719104
-2.612011048364471 54.480068004026521
-2.633048956877358 54.492991977559484
-2.636711998464452 54.500808978816202
-2.652513001919174 54.503222980526267
-2.660933039642681 54.498684006419857
-2.660024038529019 54.49015000085911
-2.686988001394432 54.486855014746489
-2.698397023536916 54.476902017076753
-2.731328991432787 54.462776007235313
-2.758004983875582 54.464053988384308
-2.765660017706769 54.462787974631048
-2.769844978260053 54.461945016647654
-2.770040026061616 54.461906013229864
-2.776771010284536 54.458897013207853
-2.779063019558591 54.460091021186422
-2.780645045464282 54.459770018315332
-2.794694010068331 54.468219992334305
-2.794841981681265 54.475856996951876
-2.803426021377997 54.480742971460529
-2.812562034360947 54.47439198010138
-2.823454026587085 54.478813005113622
-2.836508017415933 54.475574002616497
-2.851233969494831 54.478618999824896
-2.864225014009032 54.488597992386595
-2.866236010244517 54.487319978618245
-2.87289798724361 54.481158992691022
-2.874675994593897 54.481967989469993
-2.875983978127824 54.48114002574777
-2.878459962177152 54.483062984416271
-2.880692034702519 54.484698993779766
-2.904555958473865 54.481826981198267
-2.908215968396096 54.472812994734078
-2.918886012636905 54.466888015302594
-2.940609957041029 54.472114991280655
-2.950921004755483 54.484169021209148
-2.963997982755892 54.482264984204534
-2.978210049641128 54.495636007089367
-3.012935993768894 54.494899973352673
-3.012947970426147 54.495337985590616
-3.012948003305868 54.495445024220473
-3.012953974893965 54.495578982671077
-3.013692043850806 54.525455003273244
-3.023085967520583 54.530319013192042
-3.0153569777014 54.561393995970569
-3.025542974281457 54.566699984140385
-3.005802976950817 54.581695979437896
-2.962589030902853 54.586543981541503
-2.959037016637597 54.600051997136042
-2.947563976546471 54.605987972865151
-2.949981042661909 54.610011976123964
-2.931576032849992 54.617793968064611
-2.939041031794634 54.639308993370676
-2.918266997571986 54.645759978287806
-2.929390946522739 54.657809983924309
-2.946681966635914 54.66801098760358
-2.964490028658044 54.666973021218453
-2.977495964534298 54.659675973017571
-2.99555297065848 54.668968013678153
-3.024258021310124 54.669628003624872
-3.034221972624297 54.665050975508883
-3.036260976685388 54.653796979464843
-3.046948979329695 54.647410986116739
-3.068807965314281 54.65351501585117
-3.077225029842194 54.649395022934513
-3.098108989871108 54.647857984222235
-3.109388043912771 54.635173987396286
-3.133473992964544 54.637645992277257
-3.146119957416646 54.646515018978064
-3.144085981641279 54.656872012769284
-3.124761998287434 54.658848011581611
-3.114096983537208 54.665687973464514
-3.109825995592896 54.679661012118473
-3.092188028741882 54.687133971205625
-3.102619000706778 54.699947023622734
-3.11974900408427 54.702038002728358
-3.128043039556058 54.721286989024591
-3.149928982229212 54.726474995172197
-3.130772011289882 54.7356410013142
-3.135731992320163 54.746383999744744
-3.155226019783882 54.748893980015637
-3.16949100350122 54.758644020727559
-3.199882945236469 54.761493980359532
-3.214177036285445 54.771686996667349
-3.236004985526811 54.773712004357876
-3.246011020160039 54.770466004746865
-3.26871500644946 54.775623024483579
-3.294261973828144 54.772208974861165
-3.303157030801295 54.782898010523823
-3.314083041389981 54.784130019931844
-3.294849951725394 54.790626988047059
-3.291221031021727 54.798755987754717
-3.299170042107053 54.804065975626912
-3.325509027901239 54.800632019912996
-3.334693007627442 54.796039997224526
-3.345683014231978 54.799064990492958
-3.358767018883415 54.794872015759942
-3.369697999105728 54.796097006580574
-3.371451021821424 54.801921989400171
-3.357784026339834 54.811962020834251
-3.374424050221938 54.82076300785269
-3.376635958457014 54.817142001091483
-3.392303041976054 54.820110007537977
-3.397920022133815 54.824988981905399
-3.391818032593426 54.828654971184861
-3.395085962513705 54.833110992168855
-3.412543036859486 54.835086969701301
-3.437706995398454 54.799515006607514
-3.441908007965424 54.801403980121712
-3.52692097002174 54.839637976258494
-3.541161984137095 54.819672003103733
-3.630870026778786 54.782032021208678
-3.868901957004619 54.616985001513065
-3.90920201534614 54.596602972603471
-4.108618012933706 54.704730975181413
-4.369359039823017 54.628300004872145
-4.839772000428473 54.584445979805594
-4.888959980629442 54.583855021098181
-4.96994301273755 54.600857005776845
-5.036065999901051 54.635962996448733
-5.058956018972536 54.674987968239762
-5.056254973654718 54.701072980419895
-5.072036003365601 54.715976975854311
-5.090715025931593 54.750335982291638
-5.10922798812654 54.760215989704697
-5.121930956222683 54.772471999986003
-5.168866036374149 54.795914021058358
-5.217936965728334 54.829902996668821
-5.231050983584002 54.846161020008324
-5.235428974150483 54.861648982633206
-5.261463999389161 54.88964101986604
-5.271353996714436 54.910430974310358
-5.273720005593766 54.953876023781334
-5.275420991028119 54.954783972050734
-5.271915002552198 54.962399001920048
-5.277994024553158 54.985275006861571
-5.239521996834132 55.031173986958073
-5.196874047626954 55.052307020376197
-5.129361015412862 55.066795022348252
-5.104668047433925 55.102592012487293
-5.028681994692661 55.080380970520338
-5.027451045644774 55.080021020497661
-5.02813499068048 55.079601017720449
-5.009316013578387 55.068385989079964
-4.996021999788412 55.068714001456776
-4.98554299314151 55.075268002272459
-4.96431099146606 55.063647974766482
-4.939165963110073 55.073250030356547
-4.930102988514922 55.067172986267565
-4.915115007424367 55.065734981704303
-4.897194003336228 55.067061977602947
-4.887416011606851 55.072688970485331
-4.86264398994484 55.076869979769725
-4.849058028141366 55.073143001023162
-4.84695200196116 55.065551985539969
-4.835844978048471 55.063560026826039
-4.822605992060633 55.053532020543031
-4.809940004592403 55.05157498038281
-4.802869990795356 55.040051020396454
-4.793303010393744 55.037575022201374
-4.783267975997814 55.039600019932685
-4.775172997326798 55.035739978072179
-4.76788496061391 55.043548991658483
-4.751778017210271 55.048408986949148
-4.753649970853907 55.052864012421843
-4.735790019975286 55.055065006280451
-4.732906953937681 55.058722991632983
-4.721268997350731 55.060333023032349
-4.701834963568352 55.050876989732579
-4.68950598835861 55.053848023464248
-4.68914702771143 55.071837986058711
-4.677107956588961 55.09098401298818
-4.694146966116251 55.09959802707094
-4.680538025271142 55.107090007634945
-4.68014598478156 55.112941991232923
-4.684602998229142 55.120936997705051
-4.696411973773471 55.121574008472486
-4.700180983727473 55.130931993424966
-4.693917021380561 55.142756992939077
-4.706430981848888 55.153717012019527
-4.700918966241625 55.165076975810763
-4.677394971039989 55.177283980490294
-4.664756031666404 55.176211983602599
-4.65962498112513 55.181720992891201
-4.648493966074358 55.179713977570522
-4.637778972518063 55.183989977790276
-4.618166986917801 55.1844140218532
-4.600826034773417 55.195575999947337
-4.593796030913897 55.208308977709869
-4.564433965346263 55.203987012837075
-4.543985013383335 55.216102995540489
-4.54335496689525 55.21561799035829
-4.542414980379439 55.216132981780589
-4.534891962630053 55.209099014830237
-4.538301977909766 55.200938987129625
-4.520194003485008 55.200416997700941
-4.510436023828552 55.19522097286211
-4.509170960144669 55.187606985329204
-4.498464984678267 55.179737002943192
-4.498686976346658 55.170741984052114
-4.47141595242217 55.148822992186638
-4.467669995150938 55.139007979287712
-4.442986961117471 55.13002798971084
-4.438352951158802 55.129191981890784
-4.426508996838707 55.13309500215265
-4.426304030085261 55.132862008867711
-4.42603304387471 55.132969019569764
-4.426563051368974 55.133991001456465
-4.417295041906271 55.136425006184929
-4.41599897714866 55.140944979279922
-4.403377960949507 55.139846977203121
-4.381557985337445 55.155556001825765
-4.371988991050262 55.153046022662402
-4.357983038059519 55.155116973544629
-4.362006997595588 55.183352982009936
-4.355847002847651 55.198756974891097
-4.332747987407459 55.220325009103831
-4.343194969102495 55.224170977847081
-4.346605980983658 55.228103971696093
-4.349010951437536 55.229453995340755
-4.349783973901469 55.231766014433965
-4.351633012225562 55.233897976237209
-4.353786992637279 55.243744026583499
-4.345486969978379 55.249748027509916
-4.349760981821519 55.255507977561066
-4.347152021856482 55.257102974866591
-4.347614979971976 55.259143977283458
-4.312521971267892 55.278243991295874
-4.318681964557985 55.289364011280384
-4.310936027997013 55.294951966574573
-4.310669053984824 55.296223007266981
-4.314142006625854 55.306080007000659
-4.322799992609807 55.305916008004196
-4.323051988785952 55.306335004487025
-4.323612948850102 55.30635099372688
-4.324614005354906 55.308922023980372
-4.326290009351832 55.311690991199328
-4.325921017531698 55.312271006862467
-4.326394999217505 55.313488005094214
-4.320517008376767 55.320788977256704
-4.312782975208976 55.321678026067339
-4.315318018551698 55.339767014736886
-4.355184025413784 55.347095007589836
-4.358682010518645 55.352871003347389
-4.35778302454312 55.353385976056877
-4.357948009697531 55.353786025169931
-4.358287965921775 55.353667989406006
-4.353008029700697 55.356128969579323
-4.34781803922428 55.359103984280054
-4.343541037960861 55.376984009957283
-4.333056966849287 55.386622981676496
-4.326169956926924 55.390350002811658
-4.31181594922403 55.387927986877472
-4.299613053495887 55.395348008550464
-4.306186009234976 55.399718987434667
-4.304105975995927 55.404701000780612
-4.288298961159617 55.404549013038697
-4.279089042345118 55.40921800482753
-4.259129987817443 55.405539978909871
-4.223696016861502 55.407538988675824
-4.208589958145401 55.41994900820135
-4.189028949734012 55.423446983342558
-4.181579045290214 55.431666990403265
-4.180404961691884 55.431782029590615
-4.180025020504872 55.432147997553265
-4.177941003332611 55.432011016025321
-4.169783961683449 55.432776992554693
-4.141951042534259 55.429672003533959
-4.143359029930647 55.426501982750864
-4.120101040381034 55.420165986560953
-4.117516039446311 55.416164015000163
-4.089004012625183 55.412437010749976
-4.078149050286124 55.413902005719336
-4.05074395919452 55.423594983519038
-4.032583992644596 55.423900973402716
-4.017135965519921 55.430897005312445
-4.022217986089601 55.437553025983739
-4.0094990118583 55.451693990551504
-3.986020037020567 55.463340967381306
-3.985938979406372 55.463382989028204
-3.970142036549274 55.471209986498167
-3.963437963495438 55.463679999322054
-3.947475036527271 55.460789020642679
-3.928726023081297 55.465579985469567
-3.922733006014833 55.456237991324777
-3.894434023021763 55.459823994140365
-3.886316025442986 55.455456018839122
-3.846284996193997 55.461905991172266
-3.843744977155933 55.461657993646845
-3.841543017461702 55.461978969740663
-3.83592098242146 55.460892000353148
-3.826421014177793 55.459957004869381
-3.824098014939738 55.45860300008885
-3.819994033718251 55.457806007230083
-3.817365048300357 55.454666013154103
-3.816668023089012 55.454262018134202
-3.816815025968877 55.454014008666746
-3.816647039854439 55.453811968573319
-3.824585015626528 55.440434021809232
-3.816261024195689 55.428203991962363
-3.808342956485337 55.427872000546039
-3.804917989616204 55.42207698520501
-3.792889978988799 55.418208991719546
-3.790175985576768 55.410609998910353
-3.776655001628458 55.408561969257519
-3.777283047932359 55.404957007887631
-3.766841996373796 55.401062025508146
-3.761357006698931 55.402039020854474
-3.759730001836737 55.383185978082061
-3.747361974110916 55.371230989772791
-3.733660035440643 55.364684980857447
-3.709926987755112 55.36322397235481
-3.718844035261756 55.350513016903761
-3.709114024060133 55.344359989136635
-3.713628965775923 55.339352002150505
-3.708935039399069 55.321891998898749
-3.697561958330031 55.313960995992154
-3.676070975453992 55.308864999775871
-3.66197101832935 55.291980996281879
-3.638319998075445 55.291401023694036
-3.633727023453924 55.294609012573524
-3.619558015350888 55.294795993699594
-3.610330006869874 55.300311983875197
-3.602420990098628 55.299519022685935
-3.602899962859179 55.291870028203533
-3.589910995856021 55.282153983170602
-3.578873026822582 55.301620022451509
-3.591487971119908 55.30190698772352
-3.595160998711507 55.314892007692507
-3.57666897866522 55.325466023436249
-3.564010045380106 55.324284001174313
-3.563505967285978 55.331477994478945
-3.567764030924651 55.33951199600417
-3.587681994533577 55.344649972893215
-3.57286697192761 55.348885009339149
-3.570785959162266 55.35610201699285
-3.575588020324288 55.35783800049073
-3.569672016550747 55.367801998686367
-3.57693003606595 55.371754005308588
-3.573182967513887 55.37674300511997
-3.583617024192165 55.381103985016701
-3.576713017043552 55.38613497779658
-3.578506001153989 55.391506024198641
-3.608675006808177 55.395607024411753
-3.608741012661349 55.395934994703914
-3.609481958395138 55.396046020635978
-3.609150000410528 55.397975990548488
-3.609664956053467 55.400536016204143
-3.606927034505494 55.410908003677342
-3.595982021069589 55.413749976666168
-3.595428024834445 55.419597989415543
-3.587621950547748 55.421944000459945
-3.584823022068713 55.430968994920939
-3.57403196258239 55.437850994807548
-3.554947005346937 55.434948002602269
-3.540041980087755 55.437832000157272
-3.538543973818209 55.437389000735109
-3.538445037863781 55.437404979657209
-3.537745981239533 55.439357972039396
-3.538584038952659 55.440997976527498
-3.535102985277596 55.446746998283047
-3.529884960237581 55.461327012409022
-3.525839004518206 55.462039992205753
-3.515536979896148 55.479034025306071
-3.520715010621279 55.490203974647883
-3.510551021418124 55.49347698659345
-3.504907001025082 55.511520017195053
-3.486128971958764 55.517590013648466
-3.502404029810936 55.549747013626245
-3.487049007595309 55.562964998147137
-3.503397954530603 55.575798009131205
-3.515307983604261 55.576099026984132
-3.518084954430769 55.586403006161909
-3.527742028541492 55.589878015033605
-3.537100987976083 55.585715992022038
-3.550036964403287 55.591845977648759
-3.551889024556044 55.598559984383193
-3.535138981228425 55.616748994374184
-3.536230951665708 55.624373979055662
-3.554559024222589 55.625937982956103
-3.5675650055498 55.63341501084372
-3.555886964428353 55.639403978342763
-3.549129997302461 55.64937601509677
-3.548886013647308 55.663310986870364
-3.533257045525164 55.670246017429747
-3.522079041514449 55.669036981049679
-3.503195005010909 55.674212982720043
-3.499599032059553 55.684142981279535
-3.498314993424925 55.684489988633736
-3.498043037648927 55.685061978556028
-3.468099990172858 55.692611992499046
-3.464342979762093 55.698497997213707
-3.454806008432921 55.702147997298546
-3.448472959638829 55.706684001264861
-3.434246017687835 55.724017968030303
-3.420944006759009 55.730465017836018
-3.4090040028193 55.730601979135329
-3.403738984338017 55.739200996427257
-3.410904016281655 55.739116981996034
-3.41119600879105 55.747203987538398
-3.430242044335937 55.745185999064581
-3.431401004875268 55.755058010761452
-3.444558965985612 55.766136001907931
-3.439114965052349 55.769793975814864
-3.442652010453479 55.776835983885732
-3.450670014517798 55.780444980766603
-3.450478039049989 55.780578969565028
-3.453322999311359 55.78081098009612
-3.444403958133532 55.784797990048531
-3.442895977633412 55.785847028588748
-3.443248032876968 55.795360979973964
-3.434044032366272 55.805354990944885
-3.433643961053756 55.80541198439375
-3.433262948878643 55.80581297651463
-3.414202983197637 55.808281004200254
-3.401910026739589 55.821452986516668
-3.399775011885709 55.820586980871873
-3.398718962082662 55.821486989710664
-3.387871942147972 55.815768977075216
-3.372760024828092 55.809649982148734
-3.36619000204103 55.804329007540751
-3.370107007275876 55.779571974074464
-3.360371023479253 55.774737998544424
-3.359199029741232 55.763966007306124
-3.352122018213996 55.766738972199967
-3.341655971756799 55.763710004429292
-3.326073046195312 55.774212003051979
-3.313337025782898 55.774798991987439
-3.281075028535693 55.78772000600442
-3.27964497543408 55.768414002767507
-3.262751965842154 55.76364500509127
-3.260118029413379 55.753300001275655
-3.238139040262622 55.766593992570414
-3.232047970375781 55.775642027448384
-3.213828950282192 55.779415000779188
-3.211647049260938 55.786179001998811
-3.207965953848259 55.788719001870092
-3.206987951091781 55.790267989036977
-3.198762057218624 55.79506701880549
-3.185870963783556 55.803955021852325
-3.184849976666074 55.803177008123278
-3.184262009278397 55.803519996731303
-3.184503949569478 55.80291398459385
-3.181788011345439 55.800845989474169
-3.196113969607025 55.773749998980691
-3.184630051719032 55.763077016981512
-3.192337023158715 55.754462991905378
-3.182452007980185 55.743773978910824
-3.18693001721024 55.733849001519665
-3.15962098820697 55.72602100513987
-3.148636031478921 55.731514022452714
-3.135598029782815 55.721301968878606
-3.137815950361391 55.715438983597707
-3.125736945299908 55.710608975467004
-3.090268975558136 55.723061016575308
-3.102423019580891 55.730590997399446
-3.104243971876655 55.738662988721153
-3.082383986691921 55.754581014031004
-3.057803036881604 55.766837993044774
-3.056485029542942 55.769188009868415
-3.04825997744359 55.771594980859383
-3.038346966386164 55.776530995375687
-3.012184052610878 55.782143002871436
-3.005992011980985 55.789378968278662
-2.982876958395136 55.795914015511983
-2.982478044762025 55.795349014967506
-2.982218997863328 55.795413986260854
-2.957344013578311 55.789321999680148
-2.94315504806935 55.796168994369509
-2.945021958569666 55.807387983295442
-2.907685976202799 55.814410987788477
-2.90682103255437 55.814155996505427
-2.905293026811436 55.814426013811463
-2.885192973631374 55.807835022085918
-2.862346998265443 55.821025993121083
-2.851825968853911 55.81436198465024
-2.857252993384433 55.807133021338281
-2.842058000526834 55.80544296967156
-2.804955018287219 55.824557972685561
-2.805095038484394 55.831299009794328
-2.78204496738863 55.836390984282303
-2.766263987472573 55.845924026880482
-2.755085020734855 55.845993017112384
-2.757323041614256 55.837893970638042
-2.750876001206585 55.834785022296771
-2.714218966796635 55.838599985537897
-2.69200794867696 55.84681297962414
-2.66925894939025 55.870753981128544
-2.656587986674524 55.877563014808139
-2.642194990437468 55.877190016449795
-2.637304003582062 55.871371981887876
-2.627708033781655 55.870971998700369
-2.624777970768559 55.887611023838566
-2.630475991215733 55.893870991702244
-2.62423902050887 55.903789977902292
-2.604280035391661 55.906136017942742
-2.594936983269435 55.922806007350587
-2.56786400810903 55.931919016447019
-2.547003972755312 55.928417028248028
-2.546954048756234 55.924824014299531
-2.534894957864995 55.92083400564745
-2.502079041428801 55.920074008152525
-2.485120011149763 55.907562008509423
-2.461097984748765 55.905406973490933
-2.454557996701023 55.893298972500276
-2.379272957493803 55.880523997075187
-2.373612983810721 55.873801991517972
-2.376753990587048 55.86795397255058
-2.352664029652512 55.854995997745718
-2.333482016684818 55.853698989693243
-2.318189032236078 55.8393629755764
-2.29585596619517 55.84256399283079
-2.296691986684708 55.847503975399576
-2.289534958850454 55.851566016145348
-2.276736009229663 55.84889999295099
-2.259201994875428 55.854327989078506
-2.246383988839224 55.848514983875425
-2.230397999107629 55.846298014453573
-2.224033016500329 55.850352999171953
-2.204831001310106 55.844096992011707
-2.202407043910047 55.838710989532693
-2.186411048419714 55.832892991161728
-2.18316002997105 55.82076600095774
-2.205469010274145 55.813541002756033
-2.199051048209401 55.806812013616337
-2.159967993210695 55.809115985829521
-2.125686966297395 55.817244982447235
-2.097752017225484 55.815471968855313
-2.077018033611723 55.822226996757067
-2.064240988990976 55.818192017946259
-2.065807052503164 55.799934003744696
-2.043441963816808 55.806713000724628
-2.035297988652966 55.810611995446678
-2.034762955987215 55.810874984953657
-2.034617043117485 55.810927007460087
-2.033359970398133 55.811370992980414
-2.033531983940359 55.81148099136098
-2.010080961792392 55.823044014666898

