# RBD_F1v3.0 river basin UK en North West (North West)
# data from <a href="http://www.eea.europa.eu/data-and-maps/data/wise-Basin-basin-districts-rbds">EEA</a>
-2.359624988313055 54.351546984606941
-2.353198998175547 54.349098002495154
-2.336411043803306 54.339522997636649
-2.332220955367033 54.334206012744666
-2.315364963183186 54.327507004848819
-2.313449033362746 54.316565972577742
-2.321272036916034 54.310863017554318
-2.32197102687637 54.301872004751012
-2.316570996843346 54.299191025148502
-2.314939007741205 54.286613002607311
-2.322563951637072 54.27939998949671
-2.314016974652506 54.266391972600651
-2.322406035310992 54.259177968177546
-2.317230001002313 54.256389993740882
-2.301613991770772 54.250244026026309
-2.287837987522443 54.255669011533833
-2.280817020325578 54.239058981552077
-2.246370953845735 54.252616988814012
-2.253988003993381 54.243160001890587
-2.252085017082786 54.238338020366669
-2.253929998360582 54.233726990334169
-2.246197019232347 54.22340399990609
-2.272214031889885 54.214358967011712
-2.283642030996388 54.203548017649489
-2.26058199681908 54.193709989604898
-2.247578036670093 54.197783978446083
-2.236033964746344 54.189715987937305
-2.25284997054439 54.182490981095214
-2.232868022445008 54.171745002063389
-2.245087029919574 54.165432004882192
-2.248304021050278 54.15451002221198
-2.249611988483891 54.153736019508628
-2.24886997134942 54.152587974753828
-2.249589958259428 54.150142997395825
-2.245073962751069 54.146709023979497
-2.242657992358307 54.142963013393228
-2.233649034126476 54.138019980590862
-2.231905978821102 54.136696024749718
-2.231363019806022 54.136765008099665
-2.229604963948195 54.135798993367246
-2.207430047092723 54.139884999313239
-2.200504009166691 54.132175009588693
-2.200470032517363 54.125194973550528
-2.204230968293242 54.11202600725867
-2.200365978331823 54.103493008437844
-2.207958984021877 54.092692990045059
-2.189566967920557 54.083285980540843
-2.200220024558951 54.073380009299669
-2.193316047883174 54.067551001268633
-2.218497026784505 54.061213986784871
-2.216137967539885 54.048187020088733
-2.228329995682288 54.043221005658971
-2.208366002881828 54.021232998137869
-2.196139014354136 54.018107976285506
-2.200696029261849 54.013606996857852
-2.19533995873741 54.010467983723736
-2.202934980420423 54.003264994708161
-2.193011016786039 54.001933999864868
-2.18685599775065 53.990256995563918
-2.176914997112584 53.983977996518917
-2.191354028806126 53.973171014556257
-2.178330029317368 53.958358977333816
-2.169947010988751 53.958373988628935
-2.163193033673898 53.950370972597355
-2.180993020235221 53.941222977423898
-2.172285009651509 53.934505001437664
-2.167511032087953 53.921069991373926
-2.183464048135134 53.912510004260227
-2.194045977989407 53.89631301676701
-2.203939011018493 53.896296976777826
-2.206939996889244 53.887753015956299
-2.20592705387687 53.8874930193859
-2.206173036041774 53.886406012291758
-2.177236982823827 53.880156976773534
-2.168082977608368 53.873877977395914
-2.127052018335162 53.886516978070311
-2.123231953167078 53.881126002273447
-2.101941008999589 53.884743001602487
-2.097357973023598 53.876656014359369
-2.088982003657776 53.872166017249469
-2.076812040033277 53.871726980467336
-2.068429957701023 53.861393007770992
-2.038010003411912 53.854667987260484
-2.04332798496021 53.850619990422594
-2.059292021062685 53.851508977804059
-2.063848966614418 53.848811985773388
-2.060034024227243 53.838923987782692
-2.068373968234787 53.827235998748435
-2.103299021344187 53.81822196892157
-2.095691022473327 53.812836004543762
-2.104778007125943 53.802040004545233
-2.112366038307764 53.800686020013806
-2.116933966213977 53.805176028515376
-2.129067983553636 53.800220024322513
-2.129041020178598 53.791228990125617
-2.122200022116037 53.788090015301563
-2.133561013363538 53.780436987123238
-2.126697013162792 53.769210995064249
-2.129693980965389 53.757071979105952
-2.147876037216869 53.751204982899601
-2.163045033542698 53.751637000910776
-2.188013972344729 53.739013985686476
-2.187627022331947 53.738715967814272
-2.188549977049545 53.738231987510652
-2.188009991596068 53.73811702607545
-2.18467298173805 53.736427022725813
-2.172042998175547 53.72664998302465
-2.172033048140474 53.724209008343223
-2.163680990313808 53.720173001721584
-2.169713953250679 53.712974999709516
-2.16806495540459 53.711558997760285
-2.168944037236572 53.709826992133692
-2.161352981605776 53.705795009235473
-2.161319994841867 53.697254017509472
-2.160618002722464 53.697059988878699
-2.160559033691212 53.696357973918666
-2.1465809868023 53.691818001049811
-2.143074974299084 53.677051996539682
-2.126430969471988 53.680668003986185
-2.123376965089642 53.671679980714394
-2.100663039719583 53.669006018370503
-2.100510007172389 53.669074992152687
-2.09990600688854 53.669005975782603
-2.087808029045275 53.674858000199507
-2.066612039757667 53.673972980093431
-2.055268970953724 53.682517978103547
-2.041643039880442 53.684321999381574
-2.052232963491818 53.67667799305454
-2.052226036860522 53.671283966661392
-2.031782032175502 53.66095396773914
-2.04084499600962 53.642074994719067
-2.02722597174674 53.636234013132224
-2.028731978493326 53.626792991001246
-2.02116504123582 53.615559002548913
-2.006803011710669 53.616013012413902
-2.001512044473254 53.62005599421849
-1.999999960395436 53.610619005261903
-1.990931002103101 53.607922014819174
-1.97658299364371 53.586792013824592
-1.962239016878062 53.576450019816036
-1.948646000224361 53.576446980835506
-1.944134023400744 53.561610986681067
-1.926776006907341 53.558456006417586
-1.925274976703347 53.55351301088092
-1.91697702356786 53.550807997472738
-1.901882993202568 53.550345997923579
-1.882292010387812 53.538647024446455
-1.869461043986417 53.539978005452106
-1.840111019898994 53.519267976365327
-1.821995041566562 53.522838989727262
-1.817506024035343 53.514293977883248
-1.793402033763274 53.508857971400836
-1.776888988889895 53.494445991078166
-1.790518996185957 53.481883988663832
-1.813132043331357 53.4801249880989
-1.816206016002406 53.466193983997201
-1.857662050045489 53.458160014139295
-1.862200998223473 53.451873993367528
-1.850928032888412 53.445708999308742
-1.8660189774528 53.435249027385275
-1.86454204108721 53.426257979484042
-1.878088957755618 53.425822992876789
-1.903701037112958 53.414157977352708
-1.902212011355172 53.407417024567394
-1.890192972355854 53.401111987780077
-1.872898993427532 53.399745987479093
-1.855630051861365 53.391186018961108
-1.865426038720092 53.384457012395806
-1.877423029242522 53.382979967800225
-1.883568986857753 53.376244020410091
-1.862532012832467 53.349391989404985
-1.849027963681688 53.344433017762526
-1.858801016791116 53.341746977802437
-1.869345976301168 53.331871008510184
-1.872386034945456 53.319735993461379
-1.858887044435158 53.315678002672897
-1.860402984649371 53.311183974330149
-1.879193032116903 53.301764969936904
-1.891188990117626 53.305374021240716
-1.903949985937795 53.303584976386084
-1.909243004537153 53.284714007586523
-1.920493043098544 53.285168004804859
-1.949006947876757 53.275294977817317
-1.944520978972475 53.265403997431157
-1.955022008385306 53.26001697572034
-1.960291019068266 53.236644974171753
-1.960292029493053 53.235744016283221
-1.953553967746684 53.231247013517596
-1.956559969914977 53.222709980130411
-1.954888976342952 53.221870002803414
-1.957326008501781 53.204726998547692
-1.951369006467469 53.176856989409565
-1.973087035638293 53.161647984377211
-1.994765015826585 53.162032980148126
-1.999999992657593 53.174622024794473
-2.009726007295529 53.178214978320334
-2.011478012721716 53.177863977150992
-2.012718970352408 53.178215008033398
-2.020947976548193 53.175968007733367
-2.023935005498081 53.165180011551108
-2.041131962516183 53.158882011291993
-2.041927009976826 53.157058986178548
-2.044868024873173 53.155730991247957
-2.044862983027334 53.150337011840783
-2.069948974837415 53.152145027594315
-2.080532984625136 53.156558993781985
-2.096054994480107 53.15113397289845
-2.122653013346689 53.160172008705729
-2.136101971272814 53.156113023659408
-2.137559961003238 53.144424013064814
-2.124833014864814 53.138145014484202
-2.125533018333083 53.121963980460592
-2.141965974040712 53.120148012319561
-2.154113001719351 53.105018997395561
-2.163893005235121 53.105426975105537
-2.187476031886723 53.10803599062838
-2.204798958171544 53.113487002030411
-2.208446013956566 53.11600097696769
-2.207395044498831 53.114304017618259
-2.209936018948827 53.115101005729898
-2.203175969650812 53.107471020573421
-2.207555980221938 53.086338001353575
-2.248519991368472 53.069179981936891
-2.258151992952712 53.057468023857879
-2.283452037907938 53.047072970882851
-2.278926971871198 53.039443987385305
-2.298217967561432 53.025009004928812
-2.297982043443575 53.024741995931507
-2.298214981273031 53.024563025976562
-2.281692970113274 53.006171978970769
-2.290594049662792 52.999859007243622
-2.292029034686927 52.991763979125395
-2.297241021866439 52.991301995554672
-2.293498018278359 52.988612997047433
-2.306836039895123 52.978691019722135
-2.298451009911043 52.969085980063639
-2.305229019865849 52.962062992877691
-2.329045028960864 52.961097981416323
-2.326828038625751 52.963351972991575
-2.331845005912199 52.964686993695842
-2.332072966353549 52.965130025178773
-2.3321810029365 52.965335977242688
-2.332212026244538 52.965396968186518
-2.335242952970245 52.9661789817619
-2.364139029196456 52.973582995568179
-2.371666003139539 52.983002019464799
-2.40886002389751 52.97793197227405
-2.409331020078363 52.977622976913104
-2.410345023229482 52.977478005502391
-2.425998964503715 52.970547013256351
-2.434839038718704 52.969298966937799
-2.460169980021373 52.955401991377457
-2.461489952288321 52.954814993887581
-2.46169497918179 52.954562994754532
-2.46370798202294 52.953457019805519
-2.463606031024439 52.952217019554652
-2.465897957344187 52.949405996904268
-2.462854000213435 52.943122983968948
-2.472477993374574 52.938586971173201
-2.466438997555273 52.930522971958034
-2.470050990091575 52.920615977022301
-2.466311025044875 52.918666997171186
-2.466274981092967 52.91523701531078
-2.468192993186866 52.913276982332697
-2.485926011368771 52.903499974667277
-2.491156021422261 52.901505007078534
-2.514300022802818 52.896300970621823
-2.526914017577238 52.894755987551747
-2.530925970015499 52.894736985523963
-2.531769027786273 52.896556986643894
-2.53079403195242 52.900580971517442
-2.534726032172811 52.902926992028391
-2.535298953816352 52.904160000568758
-2.536951954266465 52.904250980072533
-2.538283993922487 52.905044996844083
-2.55761900186601 52.905402976599639
-2.56621701542548 52.915755990828835
-2.573186974399232 52.918163027009513
-2.566728979880126 52.930552980469947
-2.598930037059372 52.935771992178644
-2.603512964098294 52.944290005376871
-2.628973018709898 52.9519540202039
-2.634383020723023 52.968853008599211
-2.647864977440719 52.974174026422062
-2.650993050583279 52.984047008028668
-2.678275989459628 52.99300398070114
-2.701942036512978 52.994582971379245
-2.719818959029658 53.002078974468489
-2.713931993805843 53.006610998300445
-2.717232960148792 53.025921004835055
-2.723400962185883 53.038020972928102
-2.746011018392185 53.057658982297262
-2.749315983142994 53.070224973385642
-2.738228994865359 53.076587982292224
-2.725556038984465 53.077564011517829
-2.732411031404495 53.085612982034789
-2.731839993885773 53.09595498940962
-2.722992004897258 53.102752979244293
-2.723837039696694 53.10858898908053
-2.715681017892855 53.112235978293711
-2.746658021921184 53.132274990345515
-2.784231043858147 53.143718997767891
-2.782816014879046 53.14777402156578
-2.804815001912536 53.164711002456073
-2.814071008049714 53.179482013674914
-2.840588961933162 53.196376994669734
-2.83995497201795 53.202225028758022
-2.86639795546418 53.214171975510361
-2.869639007823738 53.226288017717096
-2.864686008172099 53.24070701249282
-2.890926986107961 53.24141300671139
-2.899375041793443 53.251239993165413
-2.914515980041549 53.258316010656145
-2.935384966511992 53.252757990215379
-2.951890994639176 53.253529019343162
-2.962645041450094 53.265129001397099
-3.032247028729777 53.291065011583299
-3.053746012422806 53.311107987537689
-3.071845039239638 53.314540983882871
-3.093293997766296 53.33142901373386
-3.119054035945077 53.340178984188334
-3.134429957448454 53.353518992049594
-3.149428034374624 53.352477980799115
-3.160236041663036 53.363158989652121
-3.164693973277243 53.361319983171455
-3.172601981491643 53.375625985593665
-3.195598016573474 53.387787010455028
-3.195840038673381 53.385955989254285
-3.199216000321809 53.387192024840481
-3.201192983344624 53.38668897500024
-3.263687039672554 53.370800013341835
-3.294783999621431 53.403399988961155
-3.329143987904697 53.416331988184325
-3.308711963461123 53.429726027717365
-3.229230016066202 53.537448990362243
-3.168424009185008 53.565001984913209
-3.116310964577174 53.614562998493703
-3.106702007599875 53.63253400807006
-3.106811015999077 53.645858974855628
-3.137231003969875 53.688434969497926
-3.140802955339828 53.70201100122879
-3.13875697179566 53.712337014011105
-3.118182958995669 53.737629013042302
-3.099789986096368 53.778076006099106
-3.092167016151551 53.862658991905235
-3.098000991887474 53.878223019808971
-3.110500036326815 53.888911979110574
-3.136325046490211 53.898846016189296
-3.144960988833662 53.907425026691726
-3.145025984549212 53.916046018325233
-3.132884989664386 53.929958016305314
-3.128935042749548 53.942738002076233
-3.133575965570835 53.955437006569802
-3.243501028820201 54.026874968219701
-3.273183971574054 54.059406013166672
-3.303897007109982 54.080920975507226
-3.311992969896615 54.102802022579134
-3.371819999150518 54.147895991153256
-3.37656301454547 54.157622980080369
-3.373146980737938 54.185661008342187
-3.381005023801689 54.205032020522182
-3.396755979870829 54.217960005072904
-3.434603015633334 54.231543977981993
-3.445483037387294 54.253020974682322
-3.482233031582016 54.278213988909449
-3.483431963990489 54.29075600759213
-3.470520970005697 54.315257990229405
-3.473704021651696 54.325557999325454
-3.478575971078602 54.333758996850747
-3.501607965411033 54.351589005907734
-3.517784996102366 54.381972979281954
-3.533217962937683 54.393585028469317
-3.558079011683715 54.405208992555146
-3.575256024369173 54.428574012080588
-3.598269037908231 54.44300801674536
-3.619540021171318 54.46500801208964
-3.644072975374353 54.48103299152347
-3.680321000819423 54.517235023879962
-3.864405026581458 54.617804972224036
-3.857343956078732 54.622825995120508
-3.868901957004619 54.616985001513065
-3.630870026778786 54.782032021208678
-3.541161984137095 54.819672003103733
-3.52692097002174 54.839637976258494
-3.441908007965424 54.801403980121712
-3.437706995398454 54.799515006607514
-3.412543036859486 54.835086969701301
-3.395085962513705 54.833110992168855
-3.391818032593426 54.828654971184861
-3.397920022133815 54.824988981905399
-3.392303041976054 54.820110007537977
-3.376635958457014 54.817142001091483
-3.374424050221938 54.82076300785269
-3.357784026339834 54.811962020834251
-3.371451021821424 54.801921989400171
-3.369697999105728 54.796097006580574
-3.358767018883415 54.794872015759942
-3.345683014231978 54.799064990492958
-3.334693007627442 54.796039997224526
-3.325509027901239 54.800632019912996
-3.299170042107053 54.804065975626912
-3.291221031021727 54.798755987754717
-3.294849951725394 54.790626988047059
-3.314083041389981 54.784130019931844
-3.303157030801295 54.782898010523823
-3.294261973828144 54.772208974861165
-3.26871500644946 54.775623024483579
-3.246011020160039 54.770466004746865
-3.236004985526811 54.773712004357876
-3.214177036285445 54.771686996667349
-3.199882945236469 54.761493980359532
-3.16949100350122 54.758644020727559
-3.155226019783882 54.748893980015637
-3.135731992320163 54.746383999744744
-3.130772011289882 54.7356410013142
-3.149928982229212 54.726474995172197
-3.128043039556058 54.721286989024591
-3.11974900408427 54.702038002728358
-3.102619000706778 54.699947023622734
-3.092188028741882 54.687133971205625
-3.109825995592896 54.679661012118473
-3.114096983537208 54.665687973464514
-3.124761998287434 54.658848011581611
-3.144085981641279 54.656872012769284
-3.146119957416646 54.646515018978064
-3.133473992964544 54.637645992277257
-3.109388043912771 54.635173987396286
-3.098108989871108 54.647857984222235
-3.077225029842194 54.649395022934513
-3.068807965314281 54.65351501585117
-3.046948979329695 54.647410986116739
-3.036260976685388 54.653796979464843
-3.034221972624297 54.665050975508883
-3.024258021310124 54.669628003624872
-2.99555297065848 54.668968013678153
-2.977495964534298 54.659675973017571
-2.964490028658044 54.666973021218453
-2.946681966635914 54.66801098760358
-2.929390946522739 54.657809983924309
-2.918266997571986 54.645759978287806
-2.939041031794634 54.639308993370676
-2.931576032849992 54.617793968064611
-2.949981042661909 54.610011976123964
-2.947563976546471 54.605987972865151
-2.959037016637597 54.600051997136042
-2.962589030902853 54.586543981541503
-3.005802976950817 54.581695979437896
-3.025542974281457 54.566699984140385
-3.0153569777014 54.561393995970569
-3.023085967520583 54.530319013192042
-3.013692043850806 54.525455003273244
-3.012953974893965 54.495578982671077
-3.012948003305868 54.495445024220473
-3.012947970426147 54.495337985590616
-3.012935993768894 54.494899973352673
-2.978210049641128 54.495636007089367
-2.963997982755892 54.482264984204534
-2.950921004755483 54.484169021209148
-2.940609957041029 54.472114991280655
-2.918886012636905 54.466888015302594
-2.908215968396096 54.472812994734078
-2.904555958473865 54.481826981198267
-2.880692034702519 54.484698993779766
-2.878459962177152 54.483062984416271
-2.875983978127824 54.48114002574777
-2.874675994593897 54.481967989469993
-2.87289798724361 54.481158992691022
-2.866236010244517 54.487319978618245
-2.864225014009032 54.488597992386595
-2.851233969494831 54.478618999824896
-2.836508017415933 54.475574002616497
-2.823454026587085 54.478813005113622
-2.812562034360947 54.47439198010138
-2.803426021377997 54.480742971460529
-2.794841981681265 54.475856996951876
-2.794694010068331 54.468219992334305
-2.780645045464282 54.459770018315332
-2.779063019558591 54.460091021186422
-2.776771010284536 54.458897013207853
-2.770040026061616 54.461906013229864
-2.769844978260053 54.461945016647654
-2.765660017706769 54.462787974631048
-2.758004983875582 54.464053988384308
-2.731328991432787 54.462776007235313
-2.698397023536916 54.476902017076753
-2.686988001394432 54.486855014746489
-2.660024038529019 54.49015000085911
-2.660933039642681 54.498684006419857
-2.652513001919174 54.503222980526267
-2.636711998464452 54.500808978816202
-2.633048956877358 54.492991977559484
-2.612011048364471 54.480068004026521
-2.561526992514355 54.483723018719104
-2.558095987736415 54.483607973684386
-2.539404015303499 54.475471023289884
-2.504007964789973 54.47983598365893
-2.495070016320584 54.478625996221652
-2.493136017780473 54.478183974486932
-2.49297596900197 54.464882023876555
-2.471277010359803 54.456428986456274
-2.458961011047111 54.45872498778818
-2.446477992776699 54.445739976911881
-2.448447037773497 54.414271976412643
-2.465297011946586 54.405219973143694
-2.464481006824713 54.401180019753291
-2.463876977839841 54.40121798847769
-2.46370601816795 54.400733972574209
-2.441388036468209 54.402615013189518
-2.431318027052514 54.397259020877492
-2.430898996260378 54.397434009101147
-2.430546968484883 54.397259014090892
-2.417826039381236 54.401443006873045
-2.39281600830562 54.398288976065807
-2.39045004459558 54.392451982904859
-2.374208961300426 54.38486502970472
-2.38186703766537 54.380344004088705
-2.38179198182316 54.37225699575972
-2.37395602401934 54.357001981889788
-2.359284975196825 54.351203986677284
-2.359624988313055 54.351546984606941

