# RBD_F1v3.0 river basin UK en Anglian (Anglian)
# data from <a href="http://www.eea.europa.eu/data-and-maps/data/wise-Basin-basin-districts-rbds">EEA</a>
1.616018981368801 51.91468402078835
1.599930014466279 51.90434600079336
1.57846995952775 51.904697012419064
1.563762029565039 51.914696022530492
1.564733994673888 51.927422001594167
1.580676961865258 51.93699298270797
1.601623982222269 51.936909018274314
1.616102974736132 51.927876013330042
1.616018981368801 51.91468402078835
1.734559969501332 52.884021973679438
1.72071999727271 52.881370995738564
1.708136994822276 52.882809003098785
1.690800016923752 52.889565014544253
1.674055982524565 52.900893999156757
1.672446994345977 52.914021018167865
1.686709965867307 52.923817003285905
1.701813049784755 52.925399973085597
1.717371969838404 52.92248199325752
1.745431962307072 52.906700008121433
1.748108982766089 52.898777020871989
1.744244985465249 52.889972975630371
1.734559969501332 52.884021973679438
-0.682168035735674 53.413982020610945
-0.656317960786435 53.407131015492006
-0.643017950986165 53.396861988141318
-0.638367974671267 53.386658008004275
-0.62723997237964 53.382483995436296
-0.584719976008201 53.394573000813253
-0.566409002593364 53.379971016125268
-0.560902973272599 53.342593984963372
-0.555078961481302 53.337127995484302
-0.499240962067608 53.34407397838423
-0.443074038822938 53.360443009586376
-0.401663020274907 53.362594999639491
-0.33883097571245 53.374320984305776
-0.298564991120029 53.366112006515962
-0.278963031388407 53.367629969981131
-0.272401963966832 53.362591010197605
-0.237668015804264 53.366576996010096
-0.217688008565779 53.377070996221036
-0.226904955878353 53.390243978965735
-0.18710104871046 53.389198020363878
-0.175096977132981 53.394416985332036
-0.165250007131927 53.390209006495951
-0.144227034471266 53.3894389763974
-0.126686010522846 53.395007995992884
-0.12797194822479 53.399970974197885
-0.11475696812985 53.409653017746272
-0.094396979105659 53.410679017750432
-0.08175702175968 53.407330008949693
-0.077061987480305 53.394668982061276
-0.066113950556067 53.387298981073286
-0.091313949588009 53.378711975211914
-0.112254027366162 53.364208008012909
-0.107688042834932 53.330357013473446
-0.107314002238305 53.329990016560572
-0.107074025176419 53.328330990168958
-0.091817953824355 53.314856977165419
-0.068473975033202 53.301921994847405
-0.065552989757414 53.300075976098547
-0.060366978775475 53.298641011210862
-0.050189044430355 53.307915006832182
-0.031355989391788 53.309405976707843
-0.01522999126743 53.317229982539942
-0.007770001998735 53.316207978493807
0.007114999064151 53.329445015396502
-0.021629998915669 53.341163995295311
-0.018586954371464 53.358195988587816
0.010804019148844 53.359950996221343
0.054252976550469 53.372700001449054
0.060053006967966 53.383838996112814
0.073860021200868 53.389441987104334
0.071867959621371 53.394875018337537
0.077967981372001 53.396563982131475
0.082427032237048 53.410873004992951
0.103851986359766 53.402854975125194
0.121057967139533 53.416038999218323
0.133884028282767 53.416709980211508
0.139117015844388 53.431000025498584
0.148141991148676 53.430840015180081
0.155940985226302 53.439490979724908
0.159023028849147 53.441005974396703
0.185461044364174 53.446437973652301
0.189185968473029 53.447201970367921
0.192895966042353 53.447964005659401
0.191721998864855 53.448448010075055
0.226029026726518 53.454028987371665
0.25838095880507 53.423148976162189
0.280310010956694 53.373814007580719
0.311851679385444 53.328257049805671
0.319381976827822 53.317363971341813
0.34861797942493 53.284660013670461
0.372776014447019 53.238685980551551
0.388066026057838 53.181659977126763
0.384756990377607 53.139446024938131
0.410615969909799 53.087207984520596
0.409563991553439 53.056637003048699
0.423754987424241 53.039164970340067
0.441254997244434 53.031589994661701
0.46223004427143 53.028622001218899
0.483493033588501 53.030711978698491
0.527292006134641 53.045257976101084
0.551752984130506 53.066852984741388
0.574756985467701 53.070319992691815
0.59711898507682 53.061211006606669
0.603025043191495 53.029120985894245
0.614333026211674 53.018065992508724
0.631790037293516 53.01046401925921
0.784611991646679 52.999663988410084
0.805874000302502 53.00170097614555
0.838927045344782 53.010535999874783
0.925613956297994 52.999984993091864
0.978429000774734 53.002384016924061
1.076901960889814 52.978587990254255
1.144884984921061 52.968207987131926
1.213051024741297 52.96663699435129
1.274243018370017 52.958659972407133
1.360499958936825 52.935237977371294
1.448967994886012 52.898098011429795
1.518209007284334 52.856887984034259
1.628335997378729 52.800712985992234
1.683453032961188 52.762893998229458
1.721638028867107 52.741305993486677
1.744742984994257 52.689441984219918
1.772251015430737 52.670395002367954
1.788112029567512 52.653274998665658
1.822754994119058 52.640670979675335
1.832483992254004 52.632141009330915
1.829519019494522 52.612155996141119
1.840181991804279 52.58257697901179
1.813957032351665 52.560084979657077
1.808703027054543 52.547501000777594
1.811748992715898 52.534652977608886
1.822624022924937 52.523491016685469
1.842963962467157 52.511875019975854
1.846910000751262 52.498844025439482
1.815809964514906 52.469207985840178
1.79697799956687 52.460392001340679
1.763010985627775 52.433528971382039
1.755810990097306 52.396041978912066
1.745570981445778 52.376658969576972
1.720055016081656 52.344851996057059
1.702452031601277 52.306957012980938
1.678375044677248 52.293490991385404
1.661592980421537 52.276328980689335
1.65618100787059 52.257483994237155
1.652543002759241 52.186362999579565
1.637289011702364 52.163928975116491
1.621780974774669 52.124854991404902
1.629958978147872 52.102698973105298
1.62673999524209 52.092349985313106
1.591420032989437 52.069358987548867
1.504810963252582 52.041992006419555
1.464552011873975 52.007487997631181
1.455051020001795 51.995068023433333
1.410560042284073 51.964358995163082
1.402221969325611 51.956515991186095
1.397163010306494 51.943913016183892
1.400294992182934 51.931068022661314
1.421954965799038 51.912173982815254
1.42523698378291 51.900275980176602
1.413735029632624 51.873973984018939
1.378296996413022 51.85042600784562
1.373257955414857 51.837818001771076
1.376390978106069 51.824978016630837
1.387212042296496 51.813857994056228
1.414700979841462 51.798545969075263
1.420405959445731 51.768599977416891
1.431202999250342 51.757476987181469
1.448033985531003 51.749759980530072
1.478485958168412 51.743771003656306
1.499175992787056 51.745689018758959
1.517110974105629 51.752377022845089
1.569803026565547 51.794452971024796
1.5872490156331 51.797088991999956
1.6033449599836 51.792666986558629
1.611751962593728 51.784026982402871
1.611480038231127 51.774586001585718
1.573978023275891 51.736045998128283
1.566250961673508 51.721012002650994
1.517811033381319 51.682587010299073
1.479107040095329 51.677150993840826
1.461208028977229 51.670456010980914
1.448797029447512 51.660011005985162
1.443762009322941 51.647407971789086
1.44535397939208 51.631886003924862
1.438750007668916 51.623206984436038
1.383207990061592 51.606360974407657
1.370833004577111 51.595905000997327
1.360837030525554 51.579341982242362
1.321987996090978 51.565745989132324
1.309638031771848 51.555286021506838
1.305977006476194 51.546229973214146
1.305793022312031 51.545894986958416
1.28277802258388 51.540889994257959
0.888434019146786 51.45645100184035
0.850579955773434 51.551285004517588
0.850454966027966 51.551597973635381
0.850146996510073 51.550914986284361
0.850069980773313 51.550743001439514
0.849849018236596 51.550654991016046
0.848058020106579 51.549969013467688
0.842469002528803 51.547825019098923
0.818946015935066 51.538803021648441
0.812156026052449 51.534960006118908
0.79634495851037 51.526010986107643
0.791406957933421 51.523216003011576
0.787242022110896 51.520858974223934
0.785475001524924 51.521264009116173
0.764124972972038 51.526157972433268
0.756542965528614 51.527897022858333
0.751716002382493 51.529002978359379
0.647887961125477 51.540217984542579
0.639050955787832 51.53886299631727
0.610476036572115 51.534481012934513
0.593338016378602 51.537998972304564
0.55393296782501 51.546088970433736
0.548152034878263 51.54727597996677
0.547630976568739 51.545494007558524
0.545281999812403 51.537458999895676
0.544318035696399 51.534163979205175
0.542279019712959 51.533435024660385
0.535048992681103 51.530848982063688
0.534474022477527 51.530643002601863
0.533403037911788 51.530997009506216
0.52962603912332 51.532241975604812
0.529111978337111 51.534100017925873
0.524321011285246 51.551437004995677
0.533718991418316 51.562992016469337
0.526712010223869 51.566741996288293
0.505850007077581 51.568606973021467
0.498750031373205 51.570038016254578
0.497486971873967 51.569358976727507
0.493678992392221 51.569698003761879
0.477930987427345 51.558787983170944
0.452993967461891 51.551216006287106
0.448021984341172 51.552669986441259
0.439087015898191 51.547458978062181
0.431520986052356 51.554362998240023
0.423497994705208 51.55273101640848
0.412372989154541 51.560603978411528
0.412611031410765 51.565098013401574
0.402828025561295 51.571144023554751
0.403325959991243 51.580577982518079
0.387415980483636 51.58000196920537
0.386397030462496 51.588120010163323
0.3761459785006 51.595847997836373
0.383333025539116 51.598522025214955
0.375256987314624 51.595989016215853
0.375432019031902 51.59586699266994
0.370383981670559 51.594855972593109
0.356461990802059 51.595760003431423
0.351647974326087 51.596703017881296
0.341656016406424 51.602511982119871
0.319132017926081 51.599811976336589
0.304186972747382 51.60415301651237
0.314631036552425 51.61069098641849
0.312200978259791 51.619736009908607
0.295311022220429 51.628609023498548
0.294263021425974 51.62866997564786
0.292468972449863 51.629566009310572
0.28378395904667 51.629284021702453
0.282047003655915 51.637862970628348
0.267762960167583 51.641288973605619
0.265622006875833 51.653801007424427
0.282114977903905 51.667991982640189
0.300586015357097 51.675724015011056
0.300188965473473 51.696418980971565
0.320512030376368 51.711757990845868
0.32812899697347 51.733192015069356
0.335433033400193 51.734397983785591
0.338837972796259 51.744221022683234
0.33756296155927 51.749728967741341
0.337738030867651 51.750992025334604
0.337195012653519 51.751323991210555
0.337061034340918 51.751904016488368
0.327906043424089 51.757029999823118
0.337009988054709 51.764941971703401
0.336657041279423 51.772147994177089
0.319992971679955 51.786414998216173
0.306385992322459 51.818165021087296
0.325224959419138 51.831734020315501
0.345058967748541 51.836284987360912
0.353668000271062 51.84825498450563
0.32831499207444 51.877540976578601
0.314732024318035 51.881854979397865
0.310064983091509 51.890040973504888
0.300672986010902 51.891124990080456
0.282637987843449 51.908112024053629
0.276101030719982 51.908240986667849
0.272799010244848 51.942561977224855
0.273925957655453 51.943645008306859
0.284782968296578 51.950340018271959
0.265429039985859 51.941752980979764
0.248541047865002 51.924148976155941
0.238212043462798 51.921195996002858
0.237938008349686 51.915694987137712
0.236195003020792 51.915474017297143
0.225287994129409 51.916205979523376
0.213485990912149 51.921214978731051
0.213926038903286 51.93014097910509
0.208771033512689 51.937721010738663
0.207415033688838 51.942463026430978
0.204157957528491 51.944496006453939
0.20365899136698 51.945231976605612
0.203010991805971 51.945212975316657
0.202318972462215 51.945648021883983
0.181898032158468 51.944678972102992
0.177396967925108 51.956901971250616
0.156638959684048 51.979320984056841
0.140954026556053 51.986351000119527
0.122051030378642 52.002429972002403
0.077957971436163 52.009960018764374
0.065147009008551 52.004222983859009
0.045922024805826 52.010525003889285
0.036374998873629 52.008888014649848
0.033314960531572 52.005069995219579
0.031956988269571 52.004482023689
0.027579024095717 52.00775100645987
-0.022640988605231 52.008995024113162
-0.034664990298085 52.0172919808778
-0.038488027009598 52.01760499906166
-0.039723007245556 52.018276005685813
-0.043591956403863 52.01802098247682
-0.048462014878571 52.018421012922538
-0.053946023698437 52.017345023047326
-0.061648986853601 52.01683802121849
-0.061885024680626 52.01578497234275
-0.065368036615123 52.015102018137426
-0.068719045730353 51.997547014746033
-0.073402020519162 51.993258974120309
-0.089177991559356 51.985420005936412
-0.099606951755367 51.981048973871353
-0.107272957564991 51.979114987038216
-0.132351000803789 51.981560004895385
-0.146788981569144 51.966948999629793
-0.169360003166028 51.966853971806195
-0.169603014732567 51.94302699853899
-0.206676005353538 51.925609980080424
-0.228692982273879 51.920546982418436
-0.234805974863907 51.907661024516713
-0.209414963643929 51.893336999092952
-0.21133204220734 51.881676011847475
-0.217247027386901 51.879065972238429
-0.242873040233449 51.873997019305037
-0.273230980989349 51.896931007199058
-0.283612961142615 51.910572019256314
-0.338901013114757 51.929352014581355
-0.363625022141643 51.949482020305673
-0.372466001759262 51.946457022575387
-0.386930037759993 51.948901997421373
-0.399454004313342 51.944575974614565
-0.412448971237326 51.94745297612625
-0.424211026952374 51.944012016811648
-0.452433004032092 51.948433004672381
-0.478087028120257 51.942923995732578
-0.484479996550491 51.925918999077226
-0.504313506449254 51.914741088641989
-0.514122007125527 51.909209979327379
-0.540588977517714 51.900101027247779
-0.551078956495556 51.890338995575938
-0.548986022630502 51.887614999101949
-0.544207018213282 51.889354972727041
-0.532793044604811 51.871677014598326
-0.549023989316593 51.841305011471114
-0.563622044154101 51.838782994616558
-0.591778971129879 51.843620002045412
-0.606348004060775 51.841994984576644
-0.601671988810848 51.828903009874814
-0.611897021686774 51.826774985192891
-0.616194956535365 51.823230978875145
-0.626437005916782 51.819228987184168
-0.628448036383514 51.819407973261654
-0.652105028635674 51.831466970278839
-0.662414993803043 51.837790996025788
-0.663976985455213 51.840881008608605
-0.659657997037413 51.855655973835553
-0.682530975506722 51.868053008800707
-0.749419012166935 51.865635003998904
-0.776051032947628 51.874458021462843
-0.772998969996586 51.879821984057386
-0.780782029639331 51.88754697145103
-0.774798964362786 51.893780028499386
-0.743959967761053 51.905144021715529
-0.756456972834666 51.926410980957414
-0.77223095797806 51.934668980632146
-0.791295030537094 51.929019998154445
-0.800210974353388 51.921917011318548
-0.800487018166951 51.911578995947629
-0.818881006791347 51.903220995557014
-0.845594980073202 51.881904983941503
-0.861540009188216 51.883411017592167
-0.878381011914156 51.878177992216081
-0.886940994001582 51.884552016091178
-0.909459010391369 51.884761974484206
-0.914360040769043 51.892452006300253
-0.946253964130428 51.895888983341592
-0.945305991355683 51.905322972467133
-0.951699971531586 51.91167402287946
-0.964876969889521 51.907745015179792
-0.974221972840311 51.912323016088379
-0.985851976117415 51.912421998084071
-1.009289951675199 51.90452997861756
-1.014200014825758 51.912662989339829
-1.02656699002971 51.912319021196254
-1.053290976845461 51.920627978763264
-1.072930035372839 51.920334021411378
-1.079407964325346 51.923533975958925
-1.076988005414503 51.9352039810299
-1.102415038684678 51.936748998082862
-1.118133012512056 51.951255991251237
-1.145923986488413 51.943817018843696
-1.198281962320931 51.945084004129072
-1.210782011413544 51.937527005042512
-1.220183045229929 51.94073499966634
-1.220722995430362 51.940680982441272
-1.220910025243935 51.940742004804612
-1.249330001991377 51.937777998264067
-1.260166001008122 51.942344970505602
-1.265148024993706 51.949120001972126
-1.261333006570972 51.959884986280429
-1.238675991980912 51.965583999332353
-1.230546992361516 51.972724970334561
-1.178760994846035 51.978222017050236
-1.168328030598385 51.99118397428947
-1.148530972712499 51.998238003953389
-1.158659013461388 52.001906995867579
-1.166487029319429 52.011852019571542
-1.186082014677455 52.01112698221197
-1.191134953968693 52.018767988905488
-1.204163035289725 52.023803974027082
-1.210451988472866 52.039130974883371
-1.218622023250325 52.04537200232469
-1.216903955303708 52.048934982677139
-1.210911991371802 52.054419996814623
-1.210784995543178 52.061614984165679
-1.196069992058695 52.068710017226756
-1.193022026942795 52.075881973741581
-1.191351968470965 52.087558976875584
-1.203684971529926 52.091689979735612
-1.199250027283644 52.094807012186259
-1.199460995248275 52.102908984817255
-1.193720029544213 52.118149014158128
-1.159110989419728 52.120791990183569
-1.156435019099275 52.12013597997062
-1.153204019181025 52.121242979059943
-1.150567017730284 52.121440981263206
-1.146913979356204 52.123393993106397
-1.146141979566168 52.123657021291727
-1.146098999516076 52.123829002487575
-1.143924990814673 52.124988986418472
-1.143769966915584 52.133082997855318
-1.130437959368048 52.142425981345056
-1.130263010076004 52.151417003398819
-1.134463999965134 52.160888976314162
-1.13582804798361 52.16151401674275
-1.135909024746439 52.161796985061329
-1.137362023572209 52.162215972188058
-1.142434991805383 52.164543003823631
-1.145894041185543 52.164676986166299
-1.151904012124454 52.166408982025118
-1.170805980589425 52.166961976646725
-1.169097012173018 52.185412993487951
-1.170257025688404 52.185921019288713
-1.187965011692596 52.193637994745679
-1.187119037169816 52.199927976049608
-1.198839998355799 52.199108010000728
-1.206806953349072 52.203658980790536
-1.211697973484301 52.216727993287698
-1.207903015623353 52.224346011743691
-1.218056042982203 52.229809015009195
-1.216512990030227 52.234294979973058
-1.2060699543886 52.245014001557927
-1.188493989136524 52.24489597898112
-1.181054961589055 52.251137016404414
-1.188010025710833 52.27141596951919
-1.162817018950073 52.286075990110909
-1.174260965066863 52.301440993873989
-1.198916025538798 52.316898008329218
-1.166353975260216 52.331958997328172
-1.150971023703041 52.330502019184877
-1.126560025347923 52.340362986895592
-1.109720035238212 52.338286985303192
-1.097713003465924 52.351233973696161
-1.065679987083858 52.338397980525031
-1.061858043035085 52.345562003756598
-1.049254958579328 52.351303008394247
-1.047149031771297 52.380959016604145
-1.020060960516638 52.37669399405749
-0.982137996831107 52.39660298388695
-0.982289956410193 52.397442008549902
-0.981372021761159 52.397944971591642
-0.982710012430027 52.399765020830941
-0.983442007760343 52.403809020591716
-0.985696025760246 52.403827973819787
-0.98636102983021 52.404731973848158
-1.016079023093993 52.404536982819671
-1.016619999836497 52.405365013014283
-1.017774018125462 52.413539996344184
-0.99504798751545 52.410648025152149
-0.99049397532712 52.416903980362235
-0.985347966671687 52.416861996608269
-0.991831015926188 52.422760019574277
-0.990165020870998 52.431289969542
-1.005647969942934 52.429622993257354
-1.012770016942555 52.434543988484691
-1.012891026588417 52.434627998792919
-1.013258964814887 52.434631020192448
-1.024549038419762 52.43967100951776
-1.046396023093239 52.437064995241627
-1.050876042244743 52.438479989134365
-1.064717022368874 52.453479984637774
-1.065875050506252 52.468327015802032
-1.059919999371798 52.471424007453678
-1.070857022874164 52.476455975337814
-1.06254898140729 52.48628202550637
-1.06454699527256 52.487534013344394
-1.063208995017956 52.489882990241099
-1.069228976855514 52.492820987297712
-1.069239959070729 52.493003984151059
-1.063965001372781 52.503417994528846
-1.058425958493117 52.506927014659283
-1.056025017206785 52.517920983617934
-1.054688958155477 52.518333004560652
-1.029360032174908 52.521979978747318
-1.026981035208862 52.529601979471302
-1.016611972757202 52.531765027988868
-1.001523995563982 52.546925005686923
-0.972590987673102 52.554316997670476
-0.968630032593142 52.565970989346091
-0.922380000568399 52.58669299132206
-0.934825022668418 52.597552972643236
-0.933968034205257 52.599978976444802
-0.918588009615828 52.620823024945032
-0.918365959642791 52.629809987357525
-0.926380970700876 52.634379993162824
-0.92026197775636 52.640143973675123
-0.91676195928917 52.641068016276805
-0.91220002187964 52.640095010125435
-0.898753964983441 52.645816998186405
-0.891410034727112 52.643948009746474
-0.890103017977228 52.637191977708177
-0.874577004120377 52.637496974793685
-0.854218023286468 52.653033980456513
-0.844670015549228 52.650696015262604
-0.845242966817206 52.656994001339861
-0.824414983375467 52.661735973967112
-0.82858602897936 52.671665021018157
-0.822466030398358 52.679248994812703
-0.790227015065747 52.668133011926884
-0.776192962666318 52.667542021812146
-0.763319986663048 52.678195977627922
-0.731978029977769 52.687756001786923
-0.708284040654376 52.688399978189345
-0.689454993545659 52.68420539951552
-0.689174952432595 52.684142985049959
-0.68819298450189 52.684669022952022
-0.687683037423295 52.684574001652258
-0.686714004732956 52.685467010182528
-0.680151991748345 52.688987993020419
-0.679891010517859 52.691722995942328
-0.677030985133102 52.694347010454294
-0.675361021249432 52.725051967580633
-0.67783202999702 52.713364005940583
-0.675873006350631 52.73392902520068
-0.69544804283195 52.746699989638806
-0.698910011656072 52.754832994553951
-0.687863988700925 52.777187022013237
-0.689075956534879 52.786193996249686
-0.697015041007794 52.793472011691421
-0.716371012269002 52.793347296749488
-0.722977033703665 52.793304013886321
-0.718985857790169 52.803914349769762
-0.718092004485857 52.806289993711047
-0.720254403934424 52.809038487344964
-0.723825033713274 52.813575987605539
-0.721843712012015 52.815456201356085
-0.716298968289494 52.8207170166704
-0.725635640865445 52.830758782765976
-0.74499598725019 52.851562980383719
-0.734263604752715 52.865528028759826
-0.732682977499411 52.86758397710588
-0.735375486882198 52.870003734962225
-0.752943999043081 52.885783983112752
-0.742489415787475 52.89861281330289
-0.740588992488238 52.900943980790061
-0.7456639770393 52.931564009454775
-0.751458744295441 52.934617260631633
-0.764878023176418 52.941685015821122
-0.791380003900946 52.947346021097083
-0.787941029593186 52.963917016377778
-0.772029997188091 52.973643997204583
-0.775447988442854 52.984467010973383
-0.764355899682099 52.986259661549489
-0.761264966810909 52.986758997581852
-0.755335992905396 52.996361014935935
-0.768033501882382 53.000957601771326
-0.782288010053842 53.006114980820961
-0.799387018708402 53.007637008772285
-0.805944002677163 53.013099993213835
-0.799050032145221 53.019771988846422
-0.804192022266072 53.022521984300468
-0.797208984345872 53.032340999671121
-0.784535977929488 53.032210984328437
-0.779808972118896 53.041153009888873
-0.778303113152881 53.041936103889121
-0.758607982501182 53.0521740081576
-0.758304042032621 53.062736985323646
-0.777115972969553 53.078757991731081
-0.763850014089062 53.0814399960529
-0.753048010234389 53.101825990818874
-0.743722024451469 53.10596098510905
-0.733918962759497 53.10540797852989
-0.7224249741148 53.11517300608363
-0.718862983012531 53.134464003155237
-0.680533000781202 53.141238991006219
-0.660752015311413 53.152255983763325
-0.670081029763847 53.164948001230499
-0.665980037026433 53.176589985813997
-0.670952014134435 53.185188010786021
-0.681898000955559 53.194302011210219
-0.696307040132475 53.188164004014197
-0.704508998311416 53.189151975874076
-0.718216011268142 53.206383003517296
-0.714737044487178 53.222529996215584
-0.68266800067513 53.242408989941538
-0.682856976508056 53.244064675514814
-0.683850017977555 53.252761998268156
-0.698590039222586 53.261012978976808
-0.718113001861768 53.285048997333092
-0.742661002003142 53.292052989420363
-0.742503036613713 53.297447000119035
-0.730420995410616 53.300014016420278
-0.696298041504484 53.28705997573514
-0.687084971875788 53.318424018823841
-0.679539002251578 53.319691009988169
-0.699419028957471 53.332496978861357
-0.706326971937218 53.352347972665029
-0.744723980483995 53.349613012313803
-0.73758003230344 53.362576013427663
-0.745474026347281 53.375243985928734
-0.758091958668603 53.380772004203465
-0.761666988916532 53.387100005162168
-0.759550029574595 53.408202972083338
-0.730917957516057 53.409701998922728
-0.715205976607579 53.406836993576334
-0.702202999582304 53.413891014493025
-0.682168035735674 53.413982020610945

