# RBD_F1v3.0 river basin UK en Northumbria (Northumbria)
# data from <a href="http://www.eea.europa.eu/data-and-maps/data/wise-Basin-basin-districts-rbds">EEA</a>
-1.975314022913282 55.734858979062025
-1.963375028939981 55.728119014606989
-1.957151965977937 55.730722975614746
-1.9564749685016 55.731007006520343
-1.955228955365202 55.731528988644712
-1.955325948368996 55.731608986217026
-1.92994598317922 55.744918991932195
-1.929840980957676 55.744834987801802
-1.914416979499474 55.734085011781481
-1.87184400687614 55.720481995840522
-1.825800020282132 55.711581999997058
-1.774771008961815 55.707146000134635
-1.733280989836599 55.689342003617341
-1.706418039938937 55.684143019216322
-1.687563038204631 55.670691978386117
-1.668516998416947 55.663429012142075
-1.646005960380021 55.660830984983903
-1.598827019674079 55.666843001795222
-1.584873048415165 55.663963021806971
-1.574724949091734 55.657672989489498
-1.567680984472105 55.623370971635012
-1.59992300224834 55.599135977422627
-1.604525977360701 55.586414001373107
-1.599256029806814 55.568722000493153
-1.574240042747918 55.535148975172639
-1.57225796434525 55.515205015747441
-1.560623045234927 55.494506997904722
-1.556708964965042 55.454723020945863
-1.537827045807924 55.429260011434216
-1.536010044956856 55.404582989027375
-1.547577008446649 55.381827999688575
-1.543273980963046 55.369071971876728
-1.514076023954076 55.349547999677576
-1.505219045295086 55.336365003861452
-1.508974967513881 55.306683000773994
-1.527429956517897 55.289432979463463
-1.532020011733447 55.276710989788285
-1.527731985629395 55.263957979285763
-1.496017986949835 55.240989986966305
-1.484863965824955 55.213820981331459
-1.465842959558844 55.19572101085177
-1.466327983392238 55.185161971053667
-1.478831988075556 55.160109999514589
-1.4745739820008 55.147350023184494
-1.454839037616851 55.129210972849769
-1.450299031064032 55.104529998257043
-1.419665993505542 55.079784018780167
-1.39467298365706 55.037276989179844
-1.37710602955904 55.022330985658193
-1.369576001957738 55.009070981082345
-1.326005994592563 54.971530991414312
-1.320940040934414 54.9597320101512
-1.325673977995924 54.932727982014185
-1.320522033877227 54.887015976552178
-1.30728396032899 54.85680800512759
-1.292926963078313 54.841872987963555
-1.271271960099323 54.778922986315997
-1.227252795588552 54.744501506042155
-1.221354028157759 54.739882980980852
-1.151594037196414 54.709617979704227
-1.144468979549889 54.700390009572871
-1.141178025937869 54.676181990449635
-1.128958029548838 54.665291019346135
-1.088366006456137 54.648033006464658
-1.02954696609017 54.643195986834883
-1.001471959493786 54.619289024443731
-0.983044009256392 54.611918986106289
-0.906972009751927 54.604637023115657
-0.875957966573683 54.593154990926998
-0.824714985484365 54.585521974726859
-0.835616015382445 54.567946977439448
-0.835737974065943 54.567989012913991
-0.838011015017839 54.562626003275234
-0.843449987787742 54.549788988240493
-0.851279967322086 54.546268024126782
-0.849973967040198 54.537720008903932
-0.864319971240492 54.522121006526802
-0.882305953712022 54.514201996747609
-0.89051599057824 54.496300027094058
-0.891112036569928 54.496243005671687
-0.891299997034745 54.495856972144509
-0.915839952477164 54.491539001187341
-0.920834032025138 54.488482992417744
-0.924768049888153 54.489964015644979
-0.929575042598679 54.489117005257981
-0.933229016488835 54.486797004561502
-0.94714398599388 54.486018989460483
-0.981195957899642 54.508208992785256
-0.984654041536145 54.508758997472093
-0.988303967898454 54.508712992733116
-0.997673014232869 54.503077969394433
-1.020106021011265 54.50146501022143
-1.033855032841462 54.507865979164897
-1.038297979451136 54.515991002572015
-1.050676017038728 54.515189996132925
-1.052366998749291 54.508910978293954
-1.062436040611549 54.507640994539834
-1.065519015973523 54.500851012914204
-1.018339043847059 54.478531018603888
-1.020000987567325 54.473598021254809
-1.011654951036786 54.467689973702328
-1.012540954711635 54.467498984330362
-1.011677050823665 54.466789007520227
-1.049652031420462 54.459453974397377
-1.062969026072383 54.450568986030305
-1.068775011121931 54.432635970191271
-1.056866003589873 54.414119982852483
-1.067834986953522 54.406115981464019
-1.085551033261388 54.406250004707907
-1.108348030002436 54.420802984521636
-1.128296990102787 54.424991981531967
-1.13915970578482 54.423549637444602
-1.170030016594925 54.419445004003151
-1.190027979025191 54.421378985249461
-1.190818983167219 54.420887001068806
-1.191577986451277 54.420940026188674
-1.198610008244234 54.416042002626789
-1.197359010865814 54.401202979937224
-1.196891970924906 54.400741990152724
-1.196641008742262 54.398501996367237
-1.178205987822746 54.381286998050903
-1.17928897834041 54.380256974306718
-1.185301991032384 54.377975022650098
-1.220745971820673 54.38652401370193
-1.234754986829403 54.378524990786786
-1.259089030686369 54.395306015228151
-1.265032999002054 54.40747501323402
-1.272711957577383 54.408870994602374
-1.271759000551004 54.419201013178245
-1.283208016368617 54.425564000750356
-1.295545967348115 54.425185993956376
-1.29842194968783 54.437335982217526
-1.312268002116942 54.43921299732289
-1.324692007964035 54.433890974338944
-1.356310023247674 54.433163020920297
-1.356856028248344 54.44754798201474
-1.366038954299932 54.452090981219619
-1.415587965227817 54.438858006287965
-1.436391020772026 54.439856998953786
-1.451166041391728 54.430484969969889
-1.485689029570326 54.443671992642521
-1.517342945932204 54.445651980683245
-1.531283032600574 54.434867996513219
-1.552087987655292 54.435843990878759
-1.582969963409923 54.431461016247745
-1.586696983744201 54.444057024150538
-1.612836973505247 54.452236009609116
-1.625181000460074 54.451823970258431
-1.632012974680857 54.463978010279689
-1.642073045276217 54.4604149981528
-1.652849989998519 54.463142023467121
-1.688431013136344 54.450657021504696
-1.730005021852393 54.461540000784453
-1.725286042872122 54.475013990492343
-1.729891991774218 54.478618989184241
-1.752234011483882 54.484959022875053
-1.77230501301526 54.484546980734592
-1.78076399751275 54.490406007569646
-1.79004102363904 54.487724000767841
-1.803908975178621 54.493140993481276
-1.834804002250029 54.48959399964285
-1.847147954645874 54.491404977784342
-1.865838001836742 54.48470298130497
-1.870327954775569 54.485141993481797
-1.879605988709695 54.479759020114521
-1.87964497437254 54.466277997868254
-1.913603978083084 54.460014020730057
-1.953715022774626 54.46093397871465
-1.962919979908691 54.456401993238352
-1.96738197816739 54.457211016235867
-2.010802018243668 54.471728986258796
-2.030860029727513 54.466330981277309
-2.035507009909347 54.487002976581188
-2.052481020227965 54.4807050071596
-2.061742023095694 54.481151988960391
-2.083328040432585 54.469006000415703
-2.112631997882492 54.463588986057026
-2.137262043202332 54.446484001482695
-2.151148008565134 54.44826501629796
-2.16739700886322 54.461726996259877
-2.172428013022505 54.462372002938437
-2.172801043343348 54.462619986817394
-2.173287979462331 54.462481999483323
-2.174344008335338 54.462616017639668
-2.182590004355255 54.459853997735742
-2.193601992861065 54.456744970689506
-2.193807039441191 54.45609699402565
-2.195909974787855 54.455391009743138
-2.195881960151452 54.449551014665033
-2.219805015995953 54.452656012250344
-2.22686800193748 54.459831017384204
-2.209821012361471 54.460761981037138
-2.189037025315931 54.470234022565833
-2.196036985987133 54.481907001580453
-2.2053180084037 54.485934984090001
-2.203052019900241 54.495826975507939
-2.173830025794996 54.523284989809696
-2.183122951598245 54.528213994085618
-2.202426027794301 54.525490004848464
-2.207875956536018 54.533568988224602
-2.233403052065233 54.538013013589548
-2.237292963401574 54.542503024670246
-2.229572992710092 54.544315024464439
-2.229611014672052 54.551055991992158
-2.252081012578332 54.559100992136436
-2.269204976856231 54.576141012702429
-2.276181991284535 54.57836901177668
-2.297043033946603 54.574725986047326
-2.304042028429282 54.579650972103039
-2.323348053516904 54.582306013242892
-2.357717965077273 54.613208991029907
-2.367794987600419 54.61452901415084
-2.376633964717702 54.611499993428218
-2.388081030876933 54.630642009040983
-2.423829049682319 54.641758020073617
-2.420051989894335 54.651207012329813
-2.435041016033981 54.675872994444596
-2.461279045210525 54.693062002498088
-2.473355983180588 54.703140024670908
-2.477406042686522 54.703616987716607
-2.478023005640555 54.704021005817083
-2.475304021015114 54.705333972778433
-2.485246978952866 54.70454000263608
-2.486910036790408 54.704738982977183
-2.499375987307671 54.715568993612742
-2.502255988388423 54.718304000903842
-2.502550957523316 54.718327002285612
-2.503038024722524 54.718749982981898
-2.513134959868353 54.719158009617914
-2.549910962753226 54.740566026846167
-2.548552015847398 54.754950996501691
-2.555649991025851 54.762649976424903
-2.542624980378175 54.776550012587592
-2.547495049553634 54.791805017942664
-2.541322007781006 54.795429015932342
-2.540766038867849 54.812060992548354
-2.554041984837888 54.815593976336729
-2.580843976774843 54.843765011715021
-2.570192968586738 54.857311009842981
-2.614371959767424 54.893947993926361
-2.628383948356987 54.892524980221651
-2.645677989721858 54.901423977259469
-2.658257039057925 54.89620602042281
-2.661250974465866 54.899990005956113
-2.669192046060356 54.900364018770581
-2.670764968669573 54.909374004920231
-2.646023976078102 54.922993017443659
-2.647707011180712 54.930622010392064
-2.638428009773916 54.936061981049107
-2.637062018697052 54.942402004824686
-2.608114017459625 54.944308997995293
-2.597372047668577 54.956943993799669
-2.577058029320687 54.95614197733952
-2.562323028844068 54.963401980938734
-2.570424960997244 54.984035012760238
-2.551788967071415 54.992660996065894
-2.551125040820336 55.001201996181798
-2.558947965067281 55.001614009486239
-2.555119951006007 55.007472974352126
-2.520060006350977 55.017063023963459
-2.504409007447422 55.016232009673978
-2.481116023607482 55.030254021453558
-2.461625949657594 55.036174979139091
-2.45701898644355 55.043831022719964
-2.463414996294926 55.052352973467244
-2.450184956349732 55.059834009675534
-2.451011010389052 55.066319014632292
-2.469071987778356 55.070747005311731
-2.469135019827806 55.076138024497034
-2.458175984124563 55.07663001999282
-2.445956987443573 55.083466016437477
-2.441807993248081 55.083877975713008
-2.440612957913554 55.086455982821597
-2.437157033555707 55.088390004155769
-2.437971038166859 55.092154983694805
-2.437215995054583 55.093780998210718
-2.438407980142563 55.094173026109537
-2.438808035677496 55.096023978923505
-2.446652982973463 55.096892980506276
-2.456091991527132 55.100002004928037
-2.466268990440373 55.099067992907607
-2.482044045390653 55.107543998307406
-2.48982101252499 55.102570015616394
-2.51022504804483 55.104733003432955
-2.514252054331721 55.103168014604698
-2.531032966333129 55.103576991713823
-2.549529006364525 55.107578002468834
-2.554447042083172 55.109076990523931
-2.562209018456298 55.122929022680083
-2.595931030511147 55.123214977160238
-2.617981999014409 55.129397975033513
-2.6281409650773 55.127098005258865
-2.644672965478614 55.131057973845259
-2.654949008498372 55.135944002704662
-2.659854947686298 55.148051986436187
-2.675667025250992 55.155155004898226
-2.681366992641354 55.167254974246326
-2.671299024396259 55.175399969792231
-2.681628033215669 55.182532978490286
-2.672477027071881 55.198756984294597
-2.676504041744902 55.204578016964227
-2.691078050895665 55.206745001281206
-2.694684012359339 55.210769968911308
-2.645579004862276 55.235752009251321
-2.645731945750391 55.245185977421755
-2.652873044130589 55.248969990917892
-2.649082960722745 55.257751027287448
-2.636231961100687 55.26590699624554
-2.619355975851099 55.268687976502484
-2.608161010791805 55.28290198552876
-2.589773954048705 55.290550006069289
-2.586880042801785 55.306373998387983
-2.586884996207033 55.306465018128073
-2.586073023018914 55.306598972626361
-2.580923037985529 55.313514990741467
-2.577794004559613 55.317157981378685
-2.566191962248815 55.321071976046376
-2.54838802737247 55.315761995991672
-2.529180958298547 55.323035999104775
-2.516967046331167 55.323090001170705
-2.481478999462532 55.353565019525931
-2.458206976865088 55.352978017046489
-2.443288008461084 55.358875024243311
-2.428669976089469 55.35645699763112
-2.428326950117947 55.35652899262908
-2.427881013731954 55.35646101172135
-2.416865010979272 55.358970977270602
-2.402229968722014 55.354748000659221
-2.3982169769298 55.347796981717416
-2.385596034706689 55.347388984480439
-2.376145959107733 55.348766003246261
-2.373826985973422 55.353718010962226
-2.356538032022385 55.360508022251324
-2.349415010577706 55.357833983408703
-2.352540960936277 55.360100017864596
-2.351693037220419 55.360011999331057
-2.354971968109324 55.361857992789254
-2.329094040405633 55.380356009769848
-2.333939027100834 55.393371967948866
-2.342670024335078 55.398742967491692
-2.330073951076302 55.403270983962841
-2.331699047462595 55.408656996641746
-2.311148021736487 55.406464021167579
-2.293043985664835 55.414596992238799
-2.290718041200006 55.420443985054554
-2.267078977929044 55.429484976575509
-2.247737003299934 55.432219986171212
-2.229547017787343 55.429782976412795
-2.205481031546257 55.43634399862745
-2.192872994786108 55.443999978312654
-2.186239972184728 55.462212002702529
-2.168466965055221 55.467177990141259
-2.153387023759639 55.453490988893968
-2.154057049371883 55.422489014929397
-2.140615946742041 55.419806981875119
-2.124831008909836 55.424320019101309
-2.105846009453626 55.415352011564508
-2.105830047870831 55.409508015962096
-2.09554895856447 55.403679009696255
-2.075458989900571 55.40899302738665
-2.047385981713934 55.409095975131883
-2.045020950840981 55.413142982429214
-2.0213229914323 55.407757021896721
-1.989729984485413 55.419440998605701
-1.974723028406303 55.415843977770074
-1.964450017665863 55.420783971442987
-1.951819019855452 55.413589014788265
-1.936815040459729 55.411335014927275
-1.895705963773183 55.426136012487667
-1.89566803460473 55.440513971669851
-1.889335046742709 55.444103011145685
-1.880641996925217 55.443420008834714
-1.876704002509868 55.438702025135591
-1.867210984330783 55.441387009264332
-1.86011001406175 55.437782002296679
-1.85911998575823 55.438304987438194
-1.857738946255986 55.437777979022016
-1.848231043775986 55.444060993848126
-1.840218041079156 55.471007984255543
-1.844939991837998 55.47685600648505
-1.865493025203659 55.481823019087194
-1.871801024284339 55.48857099949543
-1.874878998320032 55.515983985929346
-1.870103980346801 55.523167013125693
-1.848702032019415 55.527634015076508
-1.851024997097938 55.541569018008445
-1.835917022363063 55.554127001056408
-1.843024013366826 55.560878994689489
-1.858876957121465 55.561793974738769
-1.865956025277434 55.578425987785771
-1.885876970282176 55.583621997030626
-1.889719982226427 55.589233011291
-1.883363012608773 55.592823025462451
-1.890477011578884 55.602264017226716
-1.91749100994365 55.619251002060771
-1.925559967631959 55.634723997794566
-1.931688986093352 55.635543997642571
-1.934082966188897 55.629257024350991
-1.954728040503056 55.631962008232456
-1.96346803209938 55.628818991507281
-1.991263007809614 55.631968999272061
-1.999205966257232 55.648144005362759
-2.01509696344633 55.648593984989056
-2.026218030957688 55.64365001504666
-2.065149971386669 55.644980982276202
-2.059595998379602 55.650374975563381
-2.067546976256238 55.653068989650983
-2.070738985234795 55.660254975714317
-2.06439601183154 55.669696972408325
-2.079512970503119 55.675526009097453
-2.082740983587222 55.698441022333085
-2.09388199162133 55.699329009020964
-2.074020010348564 55.714172013113696
-2.057305030411065 55.713730010197686
-2.057319993305148 55.724064008846803
-2.030266976795869 55.742495989324766
-2.00716803743106 55.7424999826545
-1.99840705589897 55.737110017584826
-1.975314022913282 55.734858979062025

