# RBD_F1v3.0 river basin UK en Western Wales (Western Wales)
# data from <a href="http://www.eea.europa.eu/data-and-maps/data/wise-Basin-basin-districts-rbds">EEA</a>
-3.329143987904697 53.416331988184325
-3.294783999621431 53.403399988961155
-3.263687039672554 53.370800013341835
-3.290635998872028 53.363933998181352
-3.317703966703884 53.356306018917721
-3.319606992721947 53.355770021688414
-3.332957952613321 53.355971975610949
-3.357909963865635 53.352130009096307
-3.370302008194643 53.350227010487572
-3.369961946290029 53.349052975638905
-3.368558036273958 53.344200018288667
-3.361837978421999 53.343951989891728
-3.360818027704465 53.339108012046843
-3.351085011438242 53.33597896806554
-3.352801972851926 53.325622982185209
-3.394092949992729 53.321547984735069
-3.391535041048184 53.312141004925031
-3.380914015490249 53.308665998185589
-3.340484034536527 53.311824982118885
-3.334271995227023 53.305153015332522
-3.31329295502008 53.306285993490505
-3.297716030514276 53.287575019069216
-3.288622032660492 53.284526972287892
-3.291378019763248 53.276405000793083
-3.284576977506921 53.274680977131773
-3.275700028738837 53.278823978022061
-3.237991001150918 53.2715799857436
-3.24071598590708 53.262112000799881
-3.22411196906029 53.258235992682039
-3.216172041903993 53.242583981459319
-3.207892993583991 53.241318005211788
-3.187917957807379 53.223537007663985
-3.188447981501005 53.215426992192597
-3.199810975270162 53.220272009575837
-3.213333018301462 53.218863979938767
-3.230955005056057 53.209605976394251
-3.237667005915859 53.201087971980868
-3.269387004514475 53.192134982048643
-3.278121014114504 53.183944991013767
-3.270480957190961 53.178634973966041
-3.277132999675509 53.175865022509889
-3.279122972201956 53.167301021153364
-3.267587972606042 53.156639013005943
-3.254038039912484 53.153633005829171
-3.258982009799786 53.143691967807356
-3.252675998533074 53.132523022009742
-3.244353021993244 53.129012995758238
-3.247632981044662 53.113242981095411
-3.23851500177341 53.107943989451798
-3.243996997476718 53.090804981942014
-3.236209993298615 53.079647013386989
-3.238795047209176 53.065685003440571
-3.225452973946681 53.065822989863371
-3.214718006995085 53.058743005144642
-3.2175629687223 53.0537680029108
-3.212228018299081 53.04977401521942
-3.234975004827581 53.036506977741801
-3.258153041665051 53.038509021370338
-3.289316033775266 53.021102990325829
-3.307424024460806 53.02001199222893
-3.319254968023438 53.012226004809079
-3.331536018317583 53.023776992547198
-3.355443017822799 53.025303003257022
-3.365792018680921 53.022488021842953
-3.371869002495906 53.026016006386854
-3.40554104108198 53.006741008430403
-3.413896995599047 53.011585012910466
-3.410362019101879 53.019688013457461
-3.434653029622744 53.027672020140571
-3.450758023701254 53.025077985693621
-3.449713966401779 53.034980977738797
-3.469463001274864 53.045528015982732
-3.46248403827827 53.053294999692099
-3.479150002570703 53.066986013193691
-3.475649964740585 53.073772009655677
-3.493200018867259 53.084792996411892
-3.486854954727934 53.095660989920638
-3.503450043520532 53.100399000937308
-3.514375970443836 53.11374699153474
-3.524879000336906 53.114960003699444
-3.522178011770759 53.123088968694077
-3.533557979753589 53.127887981475666
-3.542345965734957 53.122825983588093
-3.569918038892168 53.120667001167512
-3.573371995686913 53.112117985072416
-3.590499007015185 53.111404007555976
-3.613075039239013 53.097091970277084
-3.649841957194295 53.100257983663219
-3.654583029663913 53.087542985678475
-3.654278030492407 53.084460973334849
-3.635551989758887 53.07797598845999
-3.619848968305064 53.077293009121213
-3.607459007056411 53.065322980348654
-3.586181972568891 53.054981016264321
-3.586023043225016 53.050644011647407
-3.59825502590581 53.038470987796003
-3.590876032809906 53.020358982242321
-3.604164990304929 53.017180970984512
-3.619233017043298 53.020648972468244
-3.633941962061914 53.016853016356983
-3.66983598320444 53.018608007964893
-3.680558979931667 53.006767001801634
-3.671947976070493 52.996100994388826
-3.681314961197172 52.987876977782136
-3.697039018862705 52.989898977693109
-3.700621011375621 52.986251995301103
-3.72324403284536 52.993118002020161
-3.72952402232847 53.001121967496687
-3.74209503074859 52.998688001882854
-3.746636966834849 52.981987009057768
-3.765608023943614 52.972266981853338
-3.759052023330465 52.957526973502681
-3.775181028291841 52.951443006212038
-3.795471966604215 52.956084996354257
-3.798280039101407 52.951996015846063
-3.812298972632977 52.949183974016421
-3.81155796452164 52.949097005896498
-3.805269992086064 52.941100989973776
-3.804905961712532 52.916686998534239
-3.809663997079767 52.907832970715312
-3.813378989241524 52.903663983970226
-3.814210956160673 52.899367988426818
-3.816031966350566 52.895976997550306
-3.815826042206949 52.891037006134304
-3.804551964020732 52.888062009317323
-3.808727965160355 52.881251981846106
-3.80657104143104 52.877197001570664
-3.806981038535361 52.874984970347427
-3.805264981816363 52.874740991593988
-3.804697052059596 52.873672016814815
-3.796987022463225 52.87355399386874
-3.785749027499702 52.871947990939638
-3.768705967884008 52.865673004977936
-3.748060959662335 52.869576018251159
-3.736493039719012 52.858954982775806
-3.733272972222774 52.852706996563171
-3.752625002329757 52.835339008302192
-3.765184006750106 52.833804981861185
-3.764892018102557 52.826613996404255
-3.76417401174462 52.826480991669271
-3.764132028365282 52.826175979344008
-3.742457972143021 52.822452994341702
-3.729545996824915 52.814999023683448
-3.715103018263171 52.825095978969856
-3.701043967558593 52.826198990050614
-3.678802972019565 52.807632017317694
-3.685077045034 52.797203000700435
-3.675869948766437 52.789241982715772
-3.65580700870534 52.788173995704035
-3.645493024512873 52.798259993557004
-3.644704997412217 52.797974008321866
-3.639500963961932 52.788402983219328
-3.624676981501419 52.788605018384239
-3.621417968867973 52.790222004457007
-3.618813972529436 52.790484999369973
-3.605417026292194 52.798156991049993
-3.601370980329707 52.800158997213224
-3.607777981232263 52.792880992871893
-3.604565006980001 52.786181994681925
-3.5955559842514 52.783156990536305
-3.598339981976971 52.77817200869265
-3.589053997782358 52.767508977261151
-3.590375971104594 52.742764025613155
-3.582085028125999 52.73882701271026
-3.593259051698802 52.720245016150841
-3.591619052038816 52.71965401950213
-3.592436968294517 52.718010004752941
-3.582835016413534 52.716480015105525
-3.581895028450834 52.716141018239377
-3.577263982748547 52.707870019734763
-3.571862965810958 52.706722013837712
-3.571555970234114 52.706424990474936
-3.573414953469981 52.705134985851551
-3.588742011467307 52.697826019692179
-3.595120996036359 52.690097977616112
-3.583173999137405 52.687110982141547
-3.588763959101599 52.678047017653618
-3.579087973289969 52.676375995865271
-3.575419009380447 52.656642990918492
-3.581234043630287 52.653869988289024
-3.572011958448986 52.644099984014375
-3.579910981456452 52.637702987405142
-3.585902032074914 52.639869969385622
-3.596851012245923 52.636126987588547
-3.598542986853742 52.621716013226944
-3.590931046972965 52.615524013546661
-3.565011001546269 52.613621012151668
-3.558944980772847 52.609207019140655
-3.549538996121223 52.614722978796429
-3.541370020723084 52.613483008588091
-3.53147502875149 52.605067967798362
-3.539985956905203 52.595070003062283
-3.585348968425625 52.583679008784614
-3.597515022523794 52.573174005481164
-3.597203974501373 52.564635993893532
-3.611313983180454 52.567142001569913
-3.624255986137627 52.557976026485662
-3.61802695598168 52.549067978636081
-3.622938959742586 52.54225500765827
-3.636087951493022 52.53892898741644
-3.635235019887874 52.535793019333596
-3.652386023568849 52.540951007996654
-3.654157967477553 52.529235989828429
-3.708575988345037 52.52576401648605
-3.707712976031361 52.541514985144389
-3.721804016773616 52.543556003012661
-3.719960961088844 52.534142016783974
-3.730590016829089 52.523196982549635
-3.730197028938026 52.513205992068308
-3.727999001752186 52.512393986186851
-3.72618402842882 52.504829011247168
-3.730266991253954 52.49622700088004
-3.739819974360215 52.495636026200309
-3.741879008807587 52.490210969729112
-3.737852000536608 52.483073974964519
-3.747376005510929 52.47348801286649
-3.775624988986407 52.46795297112287
-3.781394004983601 52.467139969029695
-3.781566026738586 52.466788991754505
-3.782111974310922 52.466682015583864
-3.789548967890448 52.450382012970408
-3.786151989625627 52.439194019218291
-3.784887052092472 52.438148013179223
-3.784609012269825 52.437419984702835
-3.78409795243202 52.437495974448929
-3.782413039845981 52.436103974380956
-3.770471038980107 52.438434981399801
-3.756886967094691 52.424796976506087
-3.757981009547914 52.415336998581729
-3.730615007568094 52.411247006765691
-3.719644971574229 52.412753984709241
-3.716958997411081 52.416245022708537
-3.711265964383223 52.418327023391974
-3.707897035596279 52.417560993534586
-3.702569994714668 52.408504020011016
-3.683226046655363 52.402488999903355
-3.684284976757672 52.391681995350616
-3.66660196654966 52.388786021627631
-3.662759976043742 52.384341983652114
-3.670617979167603 52.378386971891089
-3.669578986078994 52.370312007582669
-3.732700011372255 52.351868022705546
-3.742020035949741 52.344536011707916
-3.733709999625098 52.340160008949823
-3.747400977583009 52.33366401182392
-3.746504023359303 52.331672972302584
-3.755882948363262 52.325446976457364
-3.767706964104005 52.327518015527602
-3.770684047586603 52.319382000094457
-3.773526989253358 52.317287005646193
-3.780062970103817 52.314197999505176
-3.780137034481785 52.314158980012735
-3.78279397486456 52.312904026145141
-3.779465012470873 52.303061999433368
-3.774319033748385 52.299262984743741
-3.773385000542487 52.297755977775665
-3.768130026008782 52.294689007136078
-3.763071002553902 52.296561992871936
-3.762303987139801 52.277240988439971
-3.770254998146766 52.274425987547303
-3.771397018907274 52.266314983092826
-3.763437021614739 52.257113970236368
-3.762000960915584 52.257781996101805
-3.748106020409525 52.258437998694966
-3.739125026750894 52.253628015861082
-3.7260149941913 52.255615016646331
-3.72784998585738 52.246277006872546
-3.705576981709138 52.238510011350321
-3.724450989247312 52.234187984405189
-3.719763981861449 52.22661202112873
-3.727552017922395 52.219753017951689
-3.722761967355639 52.209484024017122
-3.731865011643517 52.198878998518303
-3.724174030005294 52.189231970412585
-3.72981395627045 52.183749991268485
-3.716934959783108 52.172249012226004
-3.722418002668794 52.162726998014826
-3.716399010644691 52.158317993537118
-3.715702985535825 52.14021701907393
-3.704405001272313 52.131385974086136
-3.717189987078844 52.121886995976695
-3.708610013707839 52.107623981026656
-3.702703035690215 52.105911016307999
-3.703922976839525 52.099597979039565
-3.696506033599727 52.09655796770695
-3.706190033158975 52.082480983198579
-3.688326994613898 52.073296009996184
-3.665007032971642 52.074078019103162
-3.661990024947317 52.07142296791676
-3.664723027758023 52.066436968208471
-3.675538015418671 52.063007014677254
-3.670349993230636 52.060832986472562
-3.673541967035721 52.048648975478621
-3.658963992135667 52.048855004792863
-3.666535991075563 52.036735982590542
-3.649726043284842 52.035625005440785
-3.654477961577533 52.026114976940015
-3.635920980858131 52.016932977044107
-3.649953018325147 52.002177978441836
-3.633851983602471 52.000152992689692
-3.626326968296498 51.993511016951445
-3.632557965729058 51.984603984089773
-3.626947987708497 51.950381994064131
-3.639924989077402 51.947051996848934
-3.663261025851504 51.948482989137496
-3.705429999726888 51.966765989514222
-3.749747005989741 51.945826992691323
-3.729396033553724 51.927466976761615
-3.736421998923818 51.921070003182862
-3.735998996794027 51.920573985173107
-3.736386960462949 51.920169979487007
-3.728807957125805 51.912189005086596
-3.737348002284746 51.907394024386107
-3.712877005729182 51.894755997120825
-3.712084009023092 51.887034974919835
-3.708823964198118 51.88370101216249
-3.701562008252191 51.883807968681836
-3.689636958424741 51.888556991272921
-3.672540980117646 51.892878981173119
-3.667871017328095 51.891162972264787
-3.642655016773219 51.862441968138405
-3.620707037269997 51.857970979652059
-3.6182490013008 51.858582014133951
-3.614901028321873 51.858050975959806
-3.5969309677038 51.863242974054472
-3.577080030379729 51.856315990131129
-3.570734977011246 51.861797026872779
-3.552726983396218 51.866080994632917
-3.537314000802657 51.861339990307556
-3.53565603362583 51.876648022016063
-3.508525979964309 51.882362012509283
-3.502951023173593 51.874865993068383
-3.497344027931526 51.860504000491197
-3.472640990037123 51.837887025270234
-3.470736990787148 51.824016987136417
-3.479130029067869 51.814423006479736
-3.477948961507617 51.800499001898402
-3.482846954859636 51.795043997395865
-3.522336041588257 51.783339988483675
-3.524221010915881 51.774731007761694
-3.541364003928022 51.767311025097314
-3.529454023890056 51.75802598581339
-3.528502023919014 51.751292984155356
-3.528335996716228 51.746349002124269
-3.546914992762038 51.738911007583404
-3.54506902500037 51.727245008293345
-3.539141033492106 51.723274017308043
-3.554740001581703 51.713672972764414
-3.582325970387964 51.715957972413136
-3.586855953975316 51.700606987253295
-3.579403974274156 51.694412003211347
-3.589716003805333 51.678985988739875
-3.57859099370567 51.671042977591235
-3.580523982897542 51.664271973265862
-3.560670987693287 51.654644013951561
-3.558210023460382 51.646132983321181
-3.520236982011457 51.63449100814141
-3.508129048322799 51.618011004622574
-3.481370026437142 51.617001022609237
-3.478278024969168 51.610744006076217
-3.463679990494195 51.605983973618585
-3.459825985025403 51.598388996223363
-3.466522002961194 51.582115022660773
-3.464875011307273 51.577316003073896
-3.466191034414298 51.571823008194414
-3.462541029806049 51.57051796563848
-3.470286012496499 51.56457499542811
-3.460015964061527 51.559265021583158
-3.43108703983265 51.556923002325426
-3.417800036071591 51.547191996631994
-3.434693016751205 51.533993005126163
-3.434259972161647 51.527377976295725
-3.436571014578313 51.524932980130039
-3.433475967795433 51.515408023667213
-3.43330798271648 51.512828997857802
-3.435737000948981 51.498408979386156
-3.429778965635382 51.492188029101669
-3.417300983861836 51.484695003795345
-3.391396975206801 51.485454983528207
-3.387305958289976 51.469318009045715
-3.375871967492572 51.472148999841295
-3.364806969039409 51.463286985895934
-3.363264961841284 51.4633029792735
-3.362635030535637 51.462859979738269
-3.345016967460545 51.463511998801906
-3.324611022894867 51.463744994790055
-3.307878990566421 51.461238980183275
-3.292137000765735 51.464558001114597
-3.281999019809155 51.462420989876016
-3.27611197636603 51.456916983762099
-3.27534697701841 51.456200006439637
-3.275033974566725 51.456401996524342
-3.266860976219099 51.461684975584632
-3.249541001781058 51.460074975235919
-3.236099988145432 51.468760989762671
-3.22021898528861 51.468101970881598
-3.219234032896052 51.457244989255138
-3.193767976910341 51.446716001500064
-3.193208966588727 51.439079015662131
-3.185657013686059 51.439156008662763
-3.181447974196412 51.43637802856685
-3.177606041646973 51.433842009736814
-3.175715993991691 51.435059008614566
-3.173522958834634 51.434554977343986
-3.171897988619317 51.429878015082053
-3.170901995903303 51.423385984683797
-3.168148047442184 51.405437014990412
-3.168228980960629 51.405411021457674
-3.093838001756963 51.363051996002255
-3.100923026594533 51.357135968048858
-3.180658016511535 51.349406995324415
-3.239082040661627 51.293197995490694
-3.31424801253546 51.285426973552831
-3.643650025194532 51.32158297480656
-3.957451036025031 51.396003967462633
-4.31216197827165 51.367503975447129
-4.312761950720803 51.369903982765145
-4.353639027289164 51.531505968705872
-4.369858021349539 51.550582966112792
-4.391184002122062 51.55820798514327
-4.689560019913602 51.612938022783361
-4.786858977185716 51.617653025533407
-4.810606981070809 51.622219017837416
-4.845567988940906 51.620105974876793
-4.862452013857657 51.612472989086221
-4.878662964442493 51.597893002658424
-4.921899027828143 51.578952992518801
-4.956431009943396 51.580642973772498
-4.985333020452398 51.589718014025316
-5.065801047378345 51.596600009894438
-5.092523958757591 51.615200012918834
-5.220283989817526 51.67979798915389
-5.240935033913913 51.681766992011312
-5.280930016008506 51.676387995644383
-5.297461044457916 51.67768501286362
-5.308792005938881 51.682212974984104
-5.316258985525849 51.690722992731423
-5.322131965574993 51.713131015764596
-5.34045403057995 51.730614000330888
-5.365400998781212 51.815925970127672
-5.377838046678239 51.826377998898181
-5.395787952181794 51.833083977081643
-5.429314982887073 51.838428008816223
-5.440295995095267 51.849765999789305
-5.424985987987688 51.878460008524478
-5.421163997330403 51.90350301959063
-5.411767004298406 51.912556003011879
-5.38768799768822 51.920685026365739
-5.347189015632443 51.916954020920585
-5.326800023178086 51.920070992348073
-5.292515981498691 51.931380998503705
-5.262422975516761 51.948771987143921
-5.21889303705664 51.963985013500896
-5.17612801572114 51.970322017385513
-5.150986011330006 51.979892997137874
-5.135149029260035 51.987232010664904
-5.124223976928159 51.998329023437961
-5.116760981001859 52.021453985537327
-5.100648980014955 52.038383013088676
-5.087467007845793 52.044624011548329
-5.063053969550436 52.049132981354546
-5.029999034812358 52.043839011385117
-4.997473970917381 52.042610005630266
-4.8720790280116 52.056270991114538
-4.795500962794061 52.082766992680234
-4.778934029001528 52.098373012334648
-4.772353963185371 52.112583022404749
-4.751560009773663 52.128978975776221
-4.702553974370727 52.148743004622411
-4.572455024647782 52.160918967768552
-4.539919976200515 52.159461978841236
-4.51936001033927 52.162437002036683
-4.502211993380778 52.170025010242462
-4.482547998131913 52.187042013720102
-4.452836012188834 52.192940013632352
-4.436468955150738 52.20000097652462
-4.391024965521346 52.230258982838436
-4.368826972135923 52.235957984670762
-4.340299970154326 52.235232989809759
-4.321395015287189 52.23812900784317
-4.278479962496726 52.261139014501907
-4.2428100095832 52.27067598120567
-4.225513992302897 52.281306995938365
-4.208828006696952 52.300953011855498
-4.16390801834783 52.335716015236692
-4.140899034010763 52.378882980533554
-4.125262031655621 52.397799973662131
-4.121966005258154 52.418296969448924
-4.111241040646989 52.441302978085723
-4.112656010422149 52.455268985306148
-4.098084035135554 52.471621966363578
-4.094540017821851 52.484431966722902
-4.106596011789229 52.504356019611301
-4.571664963231872 52.778809007597488
-4.589890970651181 52.785633018138256
-4.611040968254851 52.787703995851857
-4.662618021839836 52.779671000380922
-4.688977975745186 52.768664990847284
-4.732316009612044 52.763690999836392
-4.749650996472425 52.756068980846223
-4.767283992090291 52.740841004246114
-4.794960961391926 52.72870300649052
-4.814430994291047 52.729999976515998
-4.828864999176831 52.73913601327876
-4.830216995318567 52.762016014708905
-4.764139016082564 52.83538101320277
-4.760375957045295 52.85438898660437
-4.754486986349428 52.861645001970253
-4.696317011808786 52.894839998191671
-4.670406967669443 52.918674023408698
-4.605657046269035 52.948017017301396
-4.584510966086325 52.961987019184569
-4.569991991621166 52.965949979021062
-4.521931019791007 52.96881098414827
-4.496789961516014 52.98103699417112
-4.456119022535059 53.011947998645425
-4.409921021779062 53.026745011221443
-4.386621029364353 53.047962006194943
-4.383120995356384 53.060779991242875
-4.387891975117739 53.086327003949378
-4.400471999701713 53.096877981622214
-4.424976020875985 53.108176996985264
-4.459051970360296 53.140769982940384
-4.476061041247457 53.151127015078458
-4.508454997833173 53.162037025849266
-4.529955007215963 53.177361010506708
-4.541054021604736 53.199927979496245
-4.55370499060035 53.210463981587402
-4.573287022537749 53.217769994975043
-4.618568989700767 53.222294021886164
-4.65398399571334 53.242184000537847
-4.670938983123149 53.256382027258738
-4.708110044615526 53.272208988438031
-4.727301967827443 53.301220006593518
-4.727206027051065 53.311576996392105
-4.700935010170212 53.336104980355586
-4.637458951650979 53.344474985545304
-4.614886947752777 53.353621983597819
-4.603493010188719 53.36467696811399
-4.600036009068946 53.377499024696831
-4.605047011628169 53.390137015862592
-4.634903048058103 53.409961996889464
-4.640666985973713 53.418559981324343
-4.63853301428654 53.428211009302061
-4.624942017568729 53.438625008903522
-4.600586041658686 53.442370987161063
-4.576967963001103 53.43649301056147
-4.539122032754517 53.433833989141824
-4.484488993866878 53.438751000169646
-4.440055964827783 53.452885021252946
-4.398680988720096 53.443874006810212
-4.272448956690691 53.431254998887304
-4.229021958735554 53.397598017369191
-4.219036975610258 53.382088017075453
-4.179976011558185 53.344059001708672
-4.16157198255541 53.337172985304441
-4.140171019055517 53.335025982659943
-4.117230989907988 53.336776990518992
-4.066626033330188 53.331382965274656
-3.876111010592801 53.358788012995404
-3.854497990451987 53.358603987575187
-3.805729995341813 53.347877981912333
-3.737336025047162 53.340599004367085
-3.684195020647388 53.313842989518776
-3.662826963631886 53.311606990160882
-3.601890989518629 53.313792984003463
-3.569814032273703 53.322265996668555
-3.520533035224912 53.346352015484385
-3.476635016226111 53.354365974626091
-3.462986011205279 53.360592022899503
-3.44141703596227 53.384086968494991
-3.393377030508549 53.404846019621971
-3.346153977938912 53.411075993572346
-3.329497048376077 53.416100010616645
-3.329143987904697 53.416331988184325
-5.549989006861034 51.696746993755113
-5.56611097275199 51.697353003956856
-5.599114007810732 51.711474989273704
-5.619793047129276 51.713375000812903
-5.640067038751403 51.710208995178647
-5.666474043011379 51.701492018982961
-5.679361006236146 51.70087798737061
-5.693097028815744 51.705069975582191
-5.700858991227862 51.713130990944279
-5.695842016497648 51.72807297035812
-5.686591981125875 51.736262993720061
-5.674858012610692 51.740318007871686
-5.657467000534829 51.739491018903131
-5.621473024025684 51.722552993211053
-5.600790045314896 51.720654007865939
-5.561999012397182 51.729942001859193
-5.521777963367541 51.733191991887658
-5.490174986858166 51.747860019145399
-5.469209038070798 51.74895498493165
-5.454606986476604 51.743641009572926
-5.447065004433306 51.733681007394225
-5.458935969231827 51.717734982931375
-5.474663954007045 51.711734978750044
-5.499096997401297 51.712326006737271
-5.519378962590588 51.709182991469213
-5.549989006861034 51.696746993755113

