# RBD_F1v3.0 river basin UK en Dee (Dee)
# data from <a href="http://www.eea.europa.eu/data-and-maps/data/wise-Basin-basin-districts-rbds">EEA</a>
-2.628973018709898 52.9519540202039
-2.630110000356594 52.952316018063719
-2.631197977619692 52.952621021273742
-2.64462596689172 52.956661017694408
-2.658726984668367 52.953883981405895
-2.668464957504872 52.957877994568747
-2.67148302392798 52.957446969460584
-2.672931019352851 52.957850991584969
-2.680064995943389 52.956225971704036
-2.691489018047426 52.954596989401026
-2.692758009595964 52.953330985933945
-2.695182007468942 52.952777980150955
-2.716385974674659 52.929726011497536
-2.730534009366024 52.93053800355159
-2.730610027618043 52.93503602055398
-2.738786004337257 52.934535973658164
-2.747070025985606 52.94032699353923
-2.762709992143624 52.941128024439827
-2.785604018567057 52.931538018613018
-2.804936006082069 52.930958023170753
-2.80486901920067 52.927364007889295
-2.824224987998396 52.928127011746433
-2.843345007505404 52.916755975224071
-2.84010301903088 52.904816006207035
-2.850288019523668 52.900073968444261
-2.867593982372129 52.902889016387704
-2.868636977744933 52.917022976629255
-2.908104035061207 52.919426011599064
-2.925121018752533 52.915248987141105
-2.931219041039891 52.925522017830772
-2.937293982425203 52.926441015533833
-2.959285956337771 52.913783992791281
-2.971171029704776 52.912635973234153
-2.993134033496399 52.929984994537548
-3.005652969462732 52.924483999539817
-3.005434011157613 52.913311018617307
-3.034870032628419 52.904125021349429
-3.05647503706806 52.903812012890803
-3.079351005695277 52.896865993787145
-3.082148997423503 52.894241022706261
-3.090370021783623 52.891174009213252
-3.133417005144802 52.889168000645377
-3.135091003416436 52.896346972988418
-3.147208009521718 52.904770010541426
-3.16579098677337 52.904591021387631
-3.170702996746098 52.893752984897603
-3.1833610191075 52.894526985503617
-3.197319969942146 52.888541989207347
-3.211411998102484 52.887501015711017
-3.241654993684498 52.872761023787461
-3.263347001607514 52.869160014316826
-3.271660026567816 52.868163981151554
-3.291174999528138 52.870475994689535
-3.294441004877401 52.880329009247284
-3.320481961437463 52.881393009439151
-3.3431009919124 52.891929976857533
-3.375051965686571 52.891563008030481
-3.385695970222398 52.875705996847529
-3.413818979320149 52.872226989098984
-3.433485953464204 52.860301994843098
-3.467685004020583 52.861232976129536
-3.490159946961819 52.866797978405593
-3.502719026220858 52.843261984554196
-3.519600957877174 52.837649999845596
-3.532199967405901 52.837039983843965
-3.539778960061854 52.841438001384176
-3.554573967532249 52.839897026236315
-3.557221003618173 52.830872011648431
-3.574448018302531 52.83514002145732
-3.592157016740972 52.832207011604702
-3.605739966698687 52.818085009995322
-3.606649011311251 52.812706004777354
-3.607007983455672 52.812225001543943
-3.606765014021429 52.812023002134161
-3.606958968548519 52.810875000390922
-3.596295996821088 52.803374972492342
-3.599855983655111 52.801342014327275
-3.601370980329707 52.800158997213224
-3.605417026292194 52.798156991049993
-3.618813972529436 52.790484999369973
-3.621417968867973 52.790222004457007
-3.624676981501419 52.788605018384239
-3.639500963961932 52.788402983219328
-3.644704997412217 52.797974008321866
-3.645493024512873 52.798259993557004
-3.65580700870534 52.788173995704035
-3.675869948766437 52.789241982715772
-3.685077045034 52.797203000700435
-3.678802972019565 52.807632017317694
-3.701043967558593 52.826198990050614
-3.715103018263171 52.825095978969856
-3.729545996824915 52.814999023683448
-3.742457972143021 52.822452994341702
-3.764132028365282 52.826175979344008
-3.76417401174462 52.826480991669271
-3.764892018102557 52.826613996404255
-3.765184006750106 52.833804981861185
-3.752625002329757 52.835339008302192
-3.733272972222774 52.852706996563171
-3.736493039719012 52.858954982775806
-3.748060959662335 52.869576018251159
-3.768705967884008 52.865673004977936
-3.785749027499702 52.871947990939638
-3.796987022463225 52.87355399386874
-3.804697052059596 52.873672016814815
-3.805264981816363 52.874740991593988
-3.806981038535361 52.874984970347427
-3.80657104143104 52.877197001570664
-3.808727965160355 52.881251981846106
-3.804551964020732 52.888062009317323
-3.815826042206949 52.891037006134304
-3.816031966350566 52.895976997550306
-3.814210956160673 52.899367988426818
-3.813378989241524 52.903663983970226
-3.809663997079767 52.907832970715312
-3.804905961712532 52.916686998534239
-3.805269992086064 52.941100989973776
-3.81155796452164 52.949097005896498
-3.812298972632977 52.949183974016421
-3.798280039101407 52.951996015846063
-3.795471966604215 52.956084996354257
-3.775181028291841 52.951443006212038
-3.759052023330465 52.957526973502681
-3.765608023943614 52.972266981853338
-3.746636966834849 52.981987009057768
-3.74209503074859 52.998688001882854
-3.72952402232847 53.001121967496687
-3.72324403284536 52.993118002020161
-3.700621011375621 52.986251995301103
-3.697039018862705 52.989898977693109
-3.681314961197172 52.987876977782136
-3.671947976070493 52.996100994388826
-3.680558979931667 53.006767001801634
-3.66983598320444 53.018608007964893
-3.633941962061914 53.016853016356983
-3.619233017043298 53.020648972468244
-3.604164990304929 53.017180970984512
-3.590876032809906 53.020358982242321
-3.59825502590581 53.038470987796003
-3.586023043225016 53.050644011647407
-3.586181972568891 53.054981016264321
-3.607459007056411 53.065322980348654
-3.619848968305064 53.077293009121213
-3.635551989758887 53.07797598845999
-3.654278030492407 53.084460973334849
-3.654583029663913 53.087542985678475
-3.649841957194295 53.100257983663219
-3.613075039239013 53.097091970277084
-3.590499007015185 53.111404007555976
-3.573371995686913 53.112117985072416
-3.569918038892168 53.120667001167512
-3.542345965734957 53.122825983588093
-3.533557979753589 53.127887981475666
-3.522178011770759 53.123088968694077
-3.524879000336906 53.114960003699444
-3.514375970443836 53.11374699153474
-3.503450043520532 53.100399000937308
-3.486854954727934 53.095660989920638
-3.493200018867259 53.084792996411892
-3.475649964740585 53.073772009655677
-3.479150002570703 53.066986013193691
-3.46248403827827 53.053294999692099
-3.469463001274864 53.045528015982732
-3.449713966401779 53.034980977738797
-3.450758023701254 53.025077985693621
-3.434653029622744 53.027672020140571
-3.410362019101879 53.019688013457461
-3.413896995599047 53.011585012910466
-3.40554104108198 53.006741008430403
-3.371869002495906 53.026016006386854
-3.365792018680921 53.022488021842953
-3.355443017822799 53.025303003257022
-3.331536018317583 53.023776992547198
-3.319254968023438 53.012226004809079
-3.307424024460806 53.02001199222893
-3.289316033775266 53.021102990325829
-3.258153041665051 53.038509021370338
-3.234975004827581 53.036506977741801
-3.212228018299081 53.04977401521942
-3.2175629687223 53.0537680029108
-3.214718006995085 53.058743005144642
-3.225452973946681 53.065822989863371
-3.238795047209176 53.065685003440571
-3.236209993298615 53.079647013386989
-3.243996997476718 53.090804981942014
-3.23851500177341 53.107943989451798
-3.247632981044662 53.113242981095411
-3.244353021993244 53.129012995758238
-3.252675998533074 53.132523022009742
-3.258982009799786 53.143691967807356
-3.254038039912484 53.153633005829171
-3.267587972606042 53.156639013005943
-3.279122972201956 53.167301021153364
-3.277132999675509 53.175865022509889
-3.270480957190961 53.178634973966041
-3.278121014114504 53.183944991013767
-3.269387004514475 53.192134982048643
-3.237667005915859 53.201087971980868
-3.230955005056057 53.209605976394251
-3.213333018301462 53.218863979938767
-3.199810975270162 53.220272009575837
-3.188447981501005 53.215426992192597
-3.187917957807379 53.223537007663985
-3.207892993583991 53.241318005211788
-3.216172041903993 53.242583981459319
-3.22411196906029 53.258235992682039
-3.24071598590708 53.262112000799881
-3.237991001150918 53.2715799857436
-3.275700028738837 53.278823978022061
-3.284576977506921 53.274680977131773
-3.291378019763248 53.276405000793083
-3.288622032660492 53.284526972287892
-3.297716030514276 53.287575019069216
-3.31329295502008 53.306285993490505
-3.334271995227023 53.305153015332522
-3.340484034536527 53.311824982118885
-3.380914015490249 53.308665998185589
-3.391535041048184 53.312141004925031
-3.394092949992729 53.321547984735069
-3.352801972851926 53.325622982185209
-3.351085011438242 53.33597896806554
-3.360818027704465 53.339108012046843
-3.361837978421999 53.343951989891728
-3.368558036273958 53.344200018288667
-3.369961946290029 53.349052975638905
-3.370302008194643 53.350227010487572
-3.357909963865635 53.352130009096307
-3.332957952613321 53.355971975610949
-3.319606992721947 53.355770021688414
-3.317703966703884 53.356306018917721
-3.290635998872028 53.363933998181352
-3.263687039672554 53.370800013341835
-3.201192983344624 53.38668897500024
-3.199216000321809 53.387192024840481
-3.195840038673381 53.385955989254285
-3.195598016573474 53.387787010455028
-3.172601981491643 53.375625985593665
-3.164693973277243 53.361319983171455
-3.160236041663036 53.363158989652121
-3.149428034374624 53.352477980799115
-3.134429957448454 53.353518992049594
-3.119054035945077 53.340178984188334
-3.093293997766296 53.33142901373386
-3.071845039239638 53.314540983882871
-3.053746012422806 53.311107987537689
-3.032247028729777 53.291065011583299
-2.962645041450094 53.265129001397099
-2.951890994639176 53.253529019343162
-2.935384966511992 53.252757990215379
-2.914515980041549 53.258316010656145
-2.899375041793443 53.251239993165413
-2.890926986107961 53.24141300671139
-2.864686008172099 53.24070701249282
-2.869639007823738 53.226288017717096
-2.86639795546418 53.214171975510361
-2.83995497201795 53.202225028758022
-2.840588961933162 53.196376994669734
-2.814071008049714 53.179482013674914
-2.804815001912536 53.164711002456073
-2.782816014879046 53.14777402156578
-2.784231043858147 53.143718997767891
-2.746658021921184 53.132274990345515
-2.715681017892855 53.112235978293711
-2.723837039696694 53.10858898908053
-2.722992004897258 53.102752979244293
-2.731839993885773 53.09595498940962
-2.732411031404495 53.085612982034789
-2.725556038984465 53.077564011517829
-2.738228994865359 53.076587982292224
-2.749315983142994 53.070224973385642
-2.746011018392185 53.057658982297262
-2.723400962185883 53.038020972928102
-2.717232960148792 53.025921004835055
-2.713931993805843 53.006610998300445
-2.719818959029658 53.002078974468489
-2.701942036512978 52.994582971379245
-2.678275989459628 52.99300398070114
-2.650993050583279 52.984047008028668
-2.647864977440719 52.974174026422062
-2.634383020723023 52.968853008599211
-2.628973018709898 52.9519540202039

