# RBD_F1v3.0 river basin UK en Shannon (Shannon)
# data from <a href="http://www.eea.europa.eu/data-and-maps/data/wise-Basin-basin-districts-rbds">EEA</a>
-7.855611963282451 54.222008010948727
-7.855700981139563 54.222126018046986
-7.859537994834189 54.227242027607787
-7.85971802934999 54.237544980998472
-7.860198993796863 54.241093017778802
-7.860696963659526 54.244761993585733
-7.860997042038266 54.246974993252039
-7.861622956531624 54.251587000660336
-7.861516996194513 54.256729026348864
-7.861516998102791 54.256729257790056
-7.861514894067206 54.256815994224226
-7.861514041656707 54.256850980829199
-7.861513396280245 54.256883267932352
-7.861512999921818 54.256905019699353
-7.861451985750497 54.256882000821037
-7.85928101479052 54.256114972507199
-7.85918299511852 54.256080995180419
-7.85782955187127 54.255947653624403
-7.856737033100214 54.255839974557148
-7.854018948159669 54.255675978701376
-7.852882014313204 54.255748939321741
-7.85157102531821 54.25583298920067
-7.849717977865503 54.255336979122795
-7.848583033275479 54.255032015880552
-7.847773973429839 54.253360985599542
-7.847236965089984 54.251610015985769
-7.847512972493959 54.250496017832077
-7.847327723447743 54.25038667199432
-7.846969012938531 54.250174999493829
-7.846345001209422 54.249808995673092
-7.84493595248032 54.248981001138048
-7.844803977217039 54.247787015397478
-7.845080889170753 54.246593319760372
-7.845081049917479 54.246593006200364
-7.84574556498742 54.245192883538941
-7.846175967389283 54.244285992191905
-7.848355026127512 54.243251990130545
-7.84999002227292 54.242061973174813
-7.850519472888604 54.240830429057901
-7.850811880544159 54.240150338282113
-7.850812017169154 54.240149970104909
-7.848644970878601 54.238238997351303
-7.847016983665569 54.237518003886684
-7.846417081609037 54.237009676790457
-7.84579800195377 54.236484978336655
-7.845797997972813 54.236484514582585
-7.845805991169263 54.234337023347216
-7.84580615516947 54.234336941010589
-7.846702772714942 54.233850537938132
-7.847711944445555 54.233302985117241
-7.848372044250748 54.232894070223139
-7.849890967264641 54.23195301412737
-7.850962296946342 54.231327525547385
-7.851388047225787 54.231079012834378
-7.851769110531841 54.230908140736332
-7.853157001720657 54.230285990440898
-7.853571005009731 54.228691005869734
-7.853616109933345 54.228281819846273
-7.853710985578695 54.227420998365844
-7.853730586323258 54.227349896367528
-7.853749029912743 54.22728296788933
-7.853985126871445 54.22643675091571
-7.854398973651842 54.224953028515088
-7.854403451578788 54.223702951332513
-7.854407964982862 54.222404438907134
-7.854407960935117 54.222403975154727
-7.85506618336294 54.222187549482648
-7.855611963282451 54.222008010948727

