# RBD_F1v3.0 river basin UK en Humber (Humber)
# data from <a href="http://www.eea.europa.eu/data-and-maps/data/wise-Basin-basin-districts-rbds">EEA</a>
-2.035507009909347 54.487002976581188
-2.030860029727513 54.466330981277309
-2.010802018243668 54.471728986258796
-1.96738197816739 54.457211016235867
-1.962919979908691 54.456401993238352
-1.953715022774626 54.46093397871465
-1.913603978083084 54.460014020730057
-1.87964497437254 54.466277997868254
-1.879605988709695 54.479759020114521
-1.870327954775569 54.485141993481797
-1.865838001836742 54.48470298130497
-1.847147954645874 54.491404977784342
-1.834804002250029 54.48959399964285
-1.803908975178621 54.493140993481276
-1.79004102363904 54.487724000767841
-1.78076399751275 54.490406007569646
-1.77230501301526 54.484546980734592
-1.752234011483882 54.484959022875053
-1.729891991774218 54.478618989184241
-1.725286042872122 54.475013990492343
-1.730005021852393 54.461540000784453
-1.688431013136344 54.450657021504696
-1.652849989998519 54.463142023467121
-1.642073045276217 54.4604149981528
-1.632012974680857 54.463978010279689
-1.625181000460074 54.451823970258431
-1.612836973505247 54.452236009609116
-1.586696983744201 54.444057024150538
-1.582969963409923 54.431461016247745
-1.552087987655292 54.435843990878759
-1.531283032600574 54.434867996513219
-1.517342945932204 54.445651980683245
-1.485689029570326 54.443671992642521
-1.451166041391728 54.430484969969889
-1.436391020772026 54.439856998953786
-1.415587965227817 54.438858006287965
-1.366038954299932 54.452090981219619
-1.356856028248344 54.44754798201474
-1.356310023247674 54.433163020920297
-1.324692007964035 54.433890974338944
-1.312268002116942 54.43921299732289
-1.29842194968783 54.437335982217526
-1.295545967348115 54.425185993956376
-1.283208016368617 54.425564000750356
-1.271759000551004 54.419201013178245
-1.272711957577383 54.408870994602374
-1.265032999002054 54.40747501323402
-1.259089030686369 54.395306015228151
-1.234754986829403 54.378524990786786
-1.220745971820673 54.38652401370193
-1.185301991032384 54.377975022650098
-1.17928897834041 54.380256974306718
-1.178205987822746 54.381286998050903
-1.196641008742262 54.398501996367237
-1.196891970924906 54.400741990152724
-1.197359010865814 54.401202979937224
-1.198610008244234 54.416042002626789
-1.191577986451277 54.420940026188674
-1.190818983167219 54.420887001068806
-1.190027979025191 54.421378985249461
-1.170030016594925 54.419445004003151
-1.13915970578482 54.423549637444602
-1.128296990102787 54.424991981531967
-1.108348030002436 54.420802984521636
-1.085551033261388 54.406250004707907
-1.067834986953522 54.406115981464019
-1.056866003589873 54.414119982852483
-1.068775011121931 54.432635970191271
-1.062969026072383 54.450568986030305
-1.049652031420462 54.459453974397377
-1.011677050823665 54.466789007520227
-1.012540954711635 54.467498984330362
-1.011654951036786 54.467689973702328
-1.020000987567325 54.473598021254809
-1.018339043847059 54.478531018603888
-1.065519015973523 54.500851012914204
-1.062436040611549 54.507640994539834
-1.052366998749291 54.508910978293954
-1.050676017038728 54.515189996132925
-1.038297979451136 54.515991002572015
-1.033855032841462 54.507865979164897
-1.020106021011265 54.50146501022143
-0.997673014232869 54.503077969394433
-0.988303967898454 54.508712992733116
-0.984654041536145 54.508758997472093
-0.981195957899642 54.508208992785256
-0.94714398599388 54.486018989460483
-0.933229016488835 54.486797004561502
-0.929575042598679 54.489117005257981
-0.924768049888153 54.489964015644979
-0.920834032025138 54.488482992417744
-0.915839952477164 54.491539001187341
-0.891299997034745 54.495856972144509
-0.891112036569928 54.496243005671687
-0.89051599057824 54.496300027094058
-0.882305953712022 54.514201996747609
-0.864319971240492 54.522121006526802
-0.849973967040198 54.537720008903932
-0.851279967322086 54.546268024126782
-0.843449987787742 54.549788988240493
-0.838011015017839 54.562626003275234
-0.835737974065943 54.567989012913991
-0.835616015382445 54.567946977439448
-0.824714985484365 54.585521974726859
-0.824593988968941 54.585502990503969
-0.759491994995237 54.57482097815366
-0.730974991151489 54.558479023712344
-0.694366043442908 54.550396011585029
-0.658023959284099 54.536471981490962
-0.64084096961161 54.523848994352321
-0.622522004666925 54.516426004267878
-0.59369099030225 54.512439985633442
-0.560137978365063 54.501076008453062
-0.498276041441676 54.459067980269758
-0.486054986724955 54.436058015220816
-0.442377996230464 54.402451016112508
-0.388253004334627 54.338985009476581
-0.382004030671558 54.320048987462208
-0.358554035942801 54.296317984972795
-0.351493961005219 54.277938988484202
-0.335594042096501 54.263458010505417
-0.23378199103228 54.226273023538582
-0.227030973436971 54.217716026744483
-0.225011000610954 54.192386978702139
-0.213175044754878 54.181407997681667
-0.195083963573383 54.173920013546777
-0.157744991342168 54.166885018627347
-0.113966964669977 54.151749027233549
-0.079264961192957 54.144470016730963
-0.065434998808299 54.13783998927493
-0.049680983587746 54.124362981650719
-0.044766033272211 54.111022988135957
-0.056089034680724 54.098034013434493
-0.093004031439032 54.086918021272012
-0.133509983730669 54.083076008332057
-0.152191949032782 54.076148984823803
-0.174306955049296 54.058520992775868
-0.181885968193503 54.02941102785794
-0.177262022989539 54.002872017241572
-0.124197029817835 53.909450981380573
-0.100876045598348 53.883911018531116
-0.000431986512833 53.793628996543212
0.141443032855431 53.678149986764275
0.15946298373029 53.656024974198857
0.178692994280531 53.615905983884446
0.183975012865233 53.593136021496299
0.195821984171612 53.578719981828783
0.18824998901893 53.555213982626043
0.193157986076765 53.530647019958096
0.215425014507674 53.504523974527487
0.210985013653447 53.482281014495477
0.214568004617201 53.469470974284476
0.225931952142495 53.454121002979385
0.226029026726518 53.454028987371665
0.191721998864855 53.448448010075055
0.192895966042353 53.447964005659401
0.189185968473029 53.447201970367921
0.185461044364174 53.446437973652301
0.159023028849147 53.441005974396703
0.155940985226302 53.439490979724908
0.148141991148676 53.430840015180081
0.139117015844388 53.431000025498584
0.133884028282767 53.416709980211508
0.121057967139533 53.416038999218323
0.103851986359766 53.402854975125194
0.082427032237048 53.410873004992951
0.077967981372001 53.396563982131475
0.071867959621371 53.394875018337537
0.073860021200868 53.389441987104334
0.060053006967966 53.383838996112814
0.054252976550469 53.372700001449054
0.010804019148844 53.359950996221343
-0.018586954371464 53.358195988587816
-0.021629998915669 53.341163995295311
0.007114999064151 53.329445015396502
-0.007770001998735 53.316207978493807
-0.01522999126743 53.317229982539942
-0.031355989391788 53.309405976707843
-0.050189044430355 53.307915006832182
-0.060366978775475 53.298641011210862
-0.065552989757414 53.300075976098547
-0.068473975033202 53.301921994847405
-0.091817953824355 53.314856977165419
-0.107074025176419 53.328330990168958
-0.107314002238305 53.329990016560572
-0.107688042834932 53.330357013473446
-0.112254027366162 53.364208008012909
-0.091313949588009 53.378711975211914
-0.066113950556067 53.387298981073286
-0.077061987480305 53.394668982061276
-0.08175702175968 53.407330008949693
-0.094396979105659 53.410679017750432
-0.11475696812985 53.409653017746272
-0.12797194822479 53.399970974197885
-0.126686010522846 53.395007995992884
-0.144227034471266 53.3894389763974
-0.165250007131927 53.390209006495951
-0.175096977132981 53.394416985332036
-0.18710104871046 53.389198020363878
-0.226904955878353 53.390243978965735
-0.217688008565779 53.377070996221036
-0.237668015804264 53.366576996010096
-0.272401963966832 53.362591010197605
-0.278963031388407 53.367629969981131
-0.298564991120029 53.366112006515962
-0.33883097571245 53.374320984305776
-0.401663020274907 53.362594999639491
-0.443074038822938 53.360443009586376
-0.499240962067608 53.34407397838423
-0.555078961481302 53.337127995484302
-0.560902973272599 53.342593984963372
-0.566409002593364 53.379971016125268
-0.584719976008201 53.394573000813253
-0.62723997237964 53.382483995436296
-0.638367974671267 53.386658008004275
-0.643017950986165 53.396861988141318
-0.656317960786435 53.407131015492006
-0.682168035735674 53.413982020610945
-0.702202999582304 53.413891014493025
-0.715205976607579 53.406836993576334
-0.730917957516057 53.409701998922728
-0.759550029574595 53.408202972083338
-0.761666988916532 53.387100005162168
-0.758091958668603 53.380772004203465
-0.745474026347281 53.375243985928734
-0.73758003230344 53.362576013427663
-0.744723980483995 53.349613012313803
-0.706326971937218 53.352347972665029
-0.699419028957471 53.332496978861357
-0.679539002251578 53.319691009988169
-0.687084971875788 53.318424018823841
-0.696298041504484 53.28705997573514
-0.730420995410616 53.300014016420278
-0.742503036613713 53.297447000119035
-0.742661002003142 53.292052989420363
-0.718113001861768 53.285048997333092
-0.698590039222586 53.261012978976808
-0.683850017977555 53.252761998268156
-0.682856976508056 53.244064675514814
-0.68266800067513 53.242408989941538
-0.714737044487178 53.222529996215584
-0.718216011268142 53.206383003517296
-0.704508998311416 53.189151975874076
-0.696307040132475 53.188164004014197
-0.681898000955559 53.194302011210219
-0.670952014134435 53.185188010786021
-0.665980037026433 53.176589985813997
-0.670081029763847 53.164948001230499
-0.660752015311413 53.152255983763325
-0.680533000781202 53.141238991006219
-0.718862983012531 53.134464003155237
-0.7224249741148 53.11517300608363
-0.733918962759497 53.10540797852989
-0.743722024451469 53.10596098510905
-0.753048010234389 53.101825990818874
-0.763850014089062 53.0814399960529
-0.777115972969553 53.078757991731081
-0.758304042032621 53.062736985323646
-0.758607982501182 53.0521740081576
-0.778303113152881 53.041936103889121
-0.779808972118896 53.041153009888873
-0.784535977929488 53.032210984328437
-0.797208984345872 53.032340999671121
-0.804192022266072 53.022521984300468
-0.799050032145221 53.019771988846422
-0.805944002677163 53.013099993213835
-0.799387018708402 53.007637008772285
-0.782288010053842 53.006114980820961
-0.768033501882382 53.000957601771326
-0.755335992905396 52.996361014935935
-0.761264966810909 52.986758997581852
-0.764355899682099 52.986259661549489
-0.775447988442854 52.984467010973383
-0.772029997188091 52.973643997204583
-0.787941029593186 52.963917016377778
-0.791380003900946 52.947346021097083
-0.764878023176418 52.941685015821122
-0.751458744295441 52.934617260631633
-0.7456639770393 52.931564009454775
-0.740588992488238 52.900943980790061
-0.742489415787475 52.89861281330289
-0.752943999043081 52.885783983112752
-0.735375486882198 52.870003734962225
-0.732682977499411 52.86758397710588
-0.734263604752715 52.865528028759826
-0.74499598725019 52.851562980383719
-0.725635640865445 52.830758782765976
-0.716298968289494 52.8207170166704
-0.721843712012015 52.815456201356085
-0.723825033713274 52.813575987605539
-0.720254403934424 52.809038487344964
-0.718092004485857 52.806289993711047
-0.718985857790169 52.803914349769762
-0.722977033703665 52.793304013886321
-0.716371012269002 52.793347296749488
-0.697015041007794 52.793472011691421
-0.689075956534879 52.786193996249686
-0.687863988700925 52.777187022013237
-0.698910011656072 52.754832994553951
-0.69544804283195 52.746699989638806
-0.675873006350631 52.73392902520068
-0.67783202999702 52.713364005940583
-0.675361021249432 52.725051967580633
-0.677030985133102 52.694347010454294
-0.679891010517859 52.691722995942328
-0.680151991748345 52.688987993020419
-0.686714004732956 52.685467010182528
-0.687683037423295 52.684574001652258
-0.68819298450189 52.684669022952022
-0.689174952432595 52.684142985049959
-0.689454993545659 52.68420539951552
-0.708284040654376 52.688399978189345
-0.731978029977769 52.687756001786923
-0.763319986663048 52.678195977627922
-0.776192962666318 52.667542021812146
-0.790227015065747 52.668133011926884
-0.822466030398358 52.679248994812703
-0.82858602897936 52.671665021018157
-0.824414983375467 52.661735973967112
-0.845242966817206 52.656994001339861
-0.844670015549228 52.650696015262604
-0.854218023286468 52.653033980456513
-0.874577004120377 52.637496974793685
-0.890103017977228 52.637191977708177
-0.891410034727112 52.643948009746474
-0.898753964983441 52.645816998186405
-0.91220002187964 52.640095010125435
-0.91676195928917 52.641068016276805
-0.92026197775636 52.640143973675123
-0.926380970700876 52.634379993162824
-0.918365959642791 52.629809987357525
-0.918588009615828 52.620823024945032
-0.933968034205257 52.599978976444802
-0.934825022668418 52.597552972643236
-0.922380000568399 52.58669299132206
-0.968630032593142 52.565970989346091
-0.972590987673102 52.554316997670476
-1.001523995563982 52.546925005686923
-1.016611972757202 52.531765027988868
-1.026981035208862 52.529601979471302
-1.029360032174908 52.521979978747318
-1.054688958155477 52.518333004560652
-1.056025017206785 52.517920983617934
-1.058425958493117 52.506927014659283
-1.063965001372781 52.503417994528846
-1.069239959070729 52.493003984151059
-1.069228976855514 52.492820987297712
-1.069313036254033 52.492858975504113
-1.070563010823984 52.490390973666742
-1.087461964509281 52.492321005655342
-1.10077298195574 52.48972699931911
-1.110741017177364 52.499554016558307
-1.111116040108108 52.499599000330328
-1.134646013285233 52.489978999652116
-1.150847004061759 52.490096983936049
-1.163279990532582 52.494678015737975
-1.173808999772057 52.483067022858251
-1.206237954770529 52.481486979101852
-1.216426019568811 52.488300009760394
-1.227447993098227 52.489723015209293
-1.250165966761606 52.453002974803951
-1.276624987978394 52.454966987457269
-1.300042985164296 52.463199971271791
-1.315202977922682 52.473536987866083
-1.315586010594894 52.473479977326086
-1.320538979898334 52.470511978247188
-1.352967047024577 52.467999002346225
-1.369985982027084 52.461796013447213
-1.379496988326188 52.465893006287558
-1.411947032417272 52.461112974901162
-1.428230973605697 52.453998994564046
-1.438492998610038 52.457195011040341
-1.450840991445415 52.470290991644319
-1.46547597412569 52.477550977728683
-1.513991960721039 52.48450100939128
-1.515689974313515 52.485553983671053
-1.517658988741068 52.485867016117155
-1.53008697088023 52.494457022199349
-1.534387014038266 52.505713975440337
-1.559408047587821 52.508507019101152
-1.573827964658189 52.46495402284998
-1.621022963813404 52.45477302335798
-1.620371969218454 52.444880989843405
-1.613793971177926 52.43991497443136
-1.620457013095425 52.434990004822112
-1.620557001105162 52.423302025650209
-1.627990039227448 52.413887015980997
-1.606721972556267 52.407974024154967
-1.629158971953985 52.362189986623513
-1.644618998272378 52.357292024708173
-1.649084957382395 52.349662982368805
-1.660118005772529 52.346995990078703
-1.666781976509271 52.339374973342338
-1.693200956454724 52.339896985169055
-1.698292995416437 52.346652977322329
-1.733516988783945 52.348533985368306
-1.752642017173111 52.341831001180559
-1.78780499599741 52.356289024099212
-1.817209025621157 52.347793995518614
-1.823104951013603 52.34196098642591
-1.834108989514387 52.343772975657018
-1.848803999632827 52.339298007207056
-1.866906021098409 52.32763297473273
-1.870295012220424 52.332539007383858
-1.893569029920104 52.342044980577974
-1.898670982220157 52.357784008869857
-1.906006029602505 52.361384981337217
-1.912588980235539 52.374877974550088
-1.941954982263612 52.387034998999596
-1.974284033233276 52.386597021355634
-1.988242977629146 52.389744015335232
-2.004407983441145 52.383452983300415
-2.012803013478992 52.382781977606768
-2.018366043638075 52.381203018057121
-2.020116008647162 52.382194971414982
-2.021305035493679 52.382098996225089
-2.038946973418226 52.392887019680359
-2.041161014303203 52.403225003729787
-2.011027988699197 52.415817018724994
-2.011033008947338 52.432452987336859
-2.00441398712563 52.441894984713187
-2.013977992318256 52.44234500165485
-2.019131988283359 52.454028997062331
-2.009568011027715 52.461673991554648
-2.043435017287979 52.473804021803517
-2.047147017963792 52.50212499805982
-2.065565041972834 52.503013994773042
-2.077371009531182 52.514247995532138
-2.083257012772656 52.509295996574004
-2.09210099138396 52.51063902509425
-2.11317800435801 52.525950975923976
-2.115723001861653 52.527251971754623
-2.115852015200538 52.527893005390197
-2.118677974465618 52.529945020789505
-2.118710947408924 52.542083977490165
-2.112824010109183 52.546584980526518
-2.132789959348865 52.56499497984457
-2.131989982850271 52.565552005195372
-2.132793957669887 52.566345005159071
-2.121745026502324 52.572651018250895
-2.121030961578687 52.58119199021953
-2.100828983669224 52.586956017269522
-2.098149022024795 52.590232991239937
-2.093115005722269 52.608387023067628
-2.097113017824761 52.611572004616647
-2.104512988673537 52.616904977047412
-2.116674017129669 52.608170002689228
-2.135859996574325 52.603653017889869
-2.161716032723152 52.607215993269001
-2.168320034883318 52.5964199697138
-2.183788031245869 52.587852006820576
-2.22144196821729 52.590037995249325
-2.224411031543899 52.593178002717636
-2.21707597619028 52.602633973911125
-2.22523696987516 52.6102599822188
-2.251052029118188 52.60481298981906
-2.232054031782352 52.642612020029041
-2.23654601736944 52.653392977187181
-2.23607798533879 52.655040985776722
-2.236562982756459 52.656539980239494
-2.23219200195724 52.668685999556885
-2.240367968215979 52.676310981217121
-2.251477029554002 52.67898601802019
-2.253048012735237 52.694716971756037
-2.270145965664247 52.700042996755556
-2.281075974886561 52.70959101267173
-2.279025034468188 52.728824990692303
-2.257784008841439 52.745055990901378
-2.27986795695525 52.75808698197465
-2.2735050327253 52.763165004774763
-2.27349400280856 52.769744993563592
-2.280172958721197 52.771076017642592
-2.274322987106649 52.783676025299613
-2.289261012774093 52.800273969440184
-2.278671009383359 52.809268984401804
-2.289149980372785 52.813338981828238
-2.296113959101147 52.826328020595625
-2.285752981361422 52.830848981786858
-2.269427034361124 52.831337021724849
-2.265751960499605 52.837189023112337
-2.292530036688445 52.84521899591892
-2.326077993273051 52.863563970095306
-2.352099961234317 52.866633987912053
-2.361839033148931 52.876495020418027
-2.353057954107847 52.893154002355857
-2.373951024444701 52.902530986407122
-2.376111037718125 52.904979982917482
-2.379189972202984 52.906558983608988
-2.378904040673826 52.908145987160523
-2.381460018549608 52.911045018744211
-2.376353050486697 52.922298015519118
-2.362277036027784 52.929088995871886
-2.360844990007138 52.929192000878622
-2.360048956819653 52.929542998753028
-2.329564039114489 52.931430984299205
-2.321433970876232 52.938644002835723
-2.305924005808372 52.93655800044111
-2.300646964669159 52.945441973177687
-2.324095975672998 52.953189977892649
-2.326754037212869 52.95346499712619
-2.327075030406133 52.954170010957441
-2.328997007181638 52.954806994022015
-2.331845005912199 52.964686993695842
-2.326828038625751 52.963351972991575
-2.329045028960864 52.961097981416323
-2.305229019865849 52.962062992877691
-2.298451009911043 52.969085980063639
-2.306836039895123 52.978691019722135
-2.293498018278359 52.988612997047433
-2.297241021866439 52.991301995554672
-2.292029034686927 52.991763979125395
-2.290594049662792 52.999859007243622
-2.281692970113274 53.006171978970769
-2.298214981273031 53.024563025976562
-2.297982043443575 53.024741995931507
-2.298217967561432 53.025009004928812
-2.278926971871198 53.039443987385305
-2.283452037907938 53.047072970882851
-2.258151992952712 53.057468023857879
-2.248519991368472 53.069179981936891
-2.207555980221938 53.086338001353575
-2.203175969650812 53.107471020573421
-2.209936018948827 53.115101005729898
-2.207395044498831 53.114304017618259
-2.208446013956566 53.11600097696769
-2.204798958171544 53.113487002030411
-2.187476031886723 53.10803599062838
-2.163893005235121 53.105426975105537
-2.154113001719351 53.105018997395561
-2.141965974040712 53.120148012319561
-2.125533018333083 53.121963980460592
-2.124833014864814 53.138145014484202
-2.137559961003238 53.144424013064814
-2.136101971272814 53.156113023659408
-2.122653013346689 53.160172008705729
-2.096054994480107 53.15113397289845
-2.080532984625136 53.156558993781985
-2.069948974837415 53.152145027594315
-2.044862983027334 53.150337011840783
-2.044868024873173 53.155730991247957
-2.041927009976826 53.157058986178548
-2.041131962516183 53.158882011291993
-2.023935005498081 53.165180011551108
-2.020947976548193 53.175968007733367
-2.012718970352408 53.178215008033398
-2.011478012721716 53.177863977150992
-2.009726007295529 53.178214978320334
-1.999999992657593 53.174622024794473
-1.994765015826585 53.162032980148126
-1.973087035638293 53.161647984377211
-1.951369006467469 53.176856989409565
-1.957326008501781 53.204726998547692
-1.954888976342952 53.221870002803414
-1.956559969914977 53.222709980130411
-1.953553967746684 53.231247013517596
-1.960292029493053 53.235744016283221
-1.960291019068266 53.236644974171753
-1.955022008385306 53.26001697572034
-1.944520978972475 53.265403997431157
-1.949006947876757 53.275294977817317
-1.920493043098544 53.285168004804859
-1.909243004537153 53.284714007586523
-1.903949985937795 53.303584976386084
-1.891188990117626 53.305374021240716
-1.879193032116903 53.301764969936904
-1.860402984649371 53.311183974330149
-1.858887044435158 53.315678002672897
-1.872386034945456 53.319735993461379
-1.869345976301168 53.331871008510184
-1.858801016791116 53.341746977802437
-1.849027963681688 53.344433017762526
-1.862532012832467 53.349391989404985
-1.883568986857753 53.376244020410091
-1.877423029242522 53.382979967800225
-1.865426038720092 53.384457012395806
-1.855630051861365 53.391186018961108
-1.872898993427532 53.399745987479093
-1.890192972355854 53.401111987780077
-1.902212011355172 53.407417024567394
-1.903701037112958 53.414157977352708
-1.878088957755618 53.425822992876789
-1.86454204108721 53.426257979484042
-1.8660189774528 53.435249027385275
-1.850928032888412 53.445708999308742
-1.862200998223473 53.451873993367528
-1.857662050045489 53.458160014139295
-1.816206016002406 53.466193983997201
-1.813132043331357 53.4801249880989
-1.790518996185957 53.481883988663832
-1.776888988889895 53.494445991078166
-1.793402033763274 53.508857971400836
-1.817506024035343 53.514293977883248
-1.821995041566562 53.522838989727262
-1.840111019898994 53.519267976365327
-1.869461043986417 53.539978005452106
-1.882292010387812 53.538647024446455
-1.901882993202568 53.550345997923579
-1.91697702356786 53.550807997472738
-1.925274976703347 53.55351301088092
-1.926776006907341 53.558456006417586
-1.944134023400744 53.561610986681067
-1.948646000224361 53.576446980835506
-1.962239016878062 53.576450019816036
-1.97658299364371 53.586792013824592
-1.990931002103101 53.607922014819174
-1.999999960395436 53.610619005261903
-2.001512044473254 53.62005599421849
-2.006803011710669 53.616013012413902
-2.02116504123582 53.615559002548913
-2.028731978493326 53.626792991001246
-2.02722597174674 53.636234013132224
-2.04084499600962 53.642074994719067
-2.031782032175502 53.66095396773914
-2.052226036860522 53.671283966661392
-2.052232963491818 53.67667799305454
-2.041643039880442 53.684321999381574
-2.055268970953724 53.682517978103547
-2.066612039757667 53.673972980093431
-2.087808029045275 53.674858000199507
-2.09990600688854 53.669005975782603
-2.100510007172389 53.669074992152687
-2.100663039719583 53.669006018370503
-2.123376965089642 53.671679980714394
-2.126430969471988 53.680668003986185
-2.143074974299084 53.677051996539682
-2.1465809868023 53.691818001049811
-2.160559033691212 53.696357973918666
-2.160618002722464 53.697059988878699
-2.161319994841867 53.697254017509472
-2.161352981605776 53.705795009235473
-2.168944037236572 53.709826992133692
-2.16806495540459 53.711558997760285
-2.169713953250679 53.712974999709516
-2.163680990313808 53.720173001721584
-2.172033048140474 53.724209008343223
-2.172042998175547 53.72664998302465
-2.18467298173805 53.736427022725813
-2.188009991596068 53.73811702607545
-2.188549977049545 53.738231987510652
-2.187627022331947 53.738715967814272
-2.188013972344729 53.739013985686476
-2.163045033542698 53.751637000910776
-2.147876037216869 53.751204982899601
-2.129693980965389 53.757071979105952
-2.126697013162792 53.769210995064249
-2.133561013363538 53.780436987123238
-2.122200022116037 53.788090015301563
-2.129041020178598 53.791228990125617
-2.129067983553636 53.800220024322513
-2.116933966213977 53.805176028515376
-2.112366038307764 53.800686020013806
-2.104778007125943 53.802040004545233
-2.095691022473327 53.812836004543762
-2.103299021344187 53.81822196892157
-2.068373968234787 53.827235998748435
-2.060034024227243 53.838923987782692
-2.063848966614418 53.848811985773388
-2.059292021062685 53.851508977804059
-2.04332798496021 53.850619990422594
-2.038010003411912 53.854667987260484
-2.068429957701023 53.861393007770992
-2.076812040033277 53.871726980467336
-2.088982003657776 53.872166017249469
-2.097357973023598 53.876656014359369
-2.101941008999589 53.884743001602487
-2.123231953167078 53.881126002273447
-2.127052018335162 53.886516978070311
-2.168082977608368 53.873877977395914
-2.177236982823827 53.880156976773534
-2.206173036041774 53.886406012291758
-2.20592705387687 53.8874930193859
-2.206939996889244 53.887753015956299
-2.203939011018493 53.896296976777826
-2.194045977989407 53.89631301676701
-2.183464048135134 53.912510004260227
-2.167511032087953 53.921069991373926
-2.172285009651509 53.934505001437664
-2.180993020235221 53.941222977423898
-2.163193033673898 53.950370972597355
-2.169947010988751 53.958373988628935
-2.178330029317368 53.958358977333816
-2.191354028806126 53.973171014556257
-2.176914997112584 53.983977996518917
-2.18685599775065 53.990256995563918
-2.193011016786039 54.001933999864868
-2.202934980420423 54.003264994708161
-2.19533995873741 54.010467983723736
-2.200696029261849 54.013606996857852
-2.196139014354136 54.018107976285506
-2.208366002881828 54.021232998137869
-2.228329995682288 54.043221005658971
-2.216137967539885 54.048187020088733
-2.218497026784505 54.061213986784871
-2.193316047883174 54.067551001268633
-2.200220024558951 54.073380009299669
-2.189566967920557 54.083285980540843
-2.207958984021877 54.092692990045059
-2.200365978331823 54.103493008437844
-2.204230968293242 54.11202600725867
-2.200470032517363 54.125194973550528
-2.200504009166691 54.132175009588693
-2.207430047092723 54.139884999313239
-2.229604963948195 54.135798993367246
-2.231363019806022 54.136765008099665
-2.231905978821102 54.136696024749718
-2.233649034126476 54.138019980590862
-2.242657992358307 54.142963013393228
-2.245073962751069 54.146709023979497
-2.249589958259428 54.150142997395825
-2.24886997134942 54.152587974753828
-2.249611988483891 54.153736019508628
-2.248304021050278 54.15451002221198
-2.245087029919574 54.165432004882192
-2.232868022445008 54.171745002063389
-2.25284997054439 54.182490981095214
-2.236033964746344 54.189715987937305
-2.247578036670093 54.197783978446083
-2.26058199681908 54.193709989604898
-2.283642030996388 54.203548017649489
-2.272214031889885 54.214358967011712
-2.246197019232347 54.22340399990609
-2.253929998360582 54.233726990334169
-2.252085017082786 54.238338020366669
-2.253988003993381 54.243160001890587
-2.246370953845735 54.252616988814012
-2.280817020325578 54.239058981552077
-2.287837987522443 54.255669011533833
-2.301613991770772 54.250244026026309
-2.317230001002313 54.256389993740882
-2.322406035310992 54.259177968177546
-2.314016974652506 54.266391972600651
-2.322563951637072 54.27939998949671
-2.314939007741205 54.286613002607311
-2.316570996843346 54.299191025148502
-2.32197102687637 54.301872004751012
-2.321272036916034 54.310863017554318
-2.313449033362746 54.316565972577742
-2.315364963183186 54.327507004848819
-2.332220955367033 54.334206012744666
-2.336411043803306 54.339522997636649
-2.353198998175547 54.349098002495154
-2.359624988313055 54.351546984606941
-2.362389992240542 54.354340008425055
-2.344709004095562 54.356189971996592
-2.318625035305884 54.366150013047822
-2.294782955395988 54.368457976477472
-2.290318044450237 54.390037991254808
-2.304235001611901 54.397644015419409
-2.306709995302944 54.419658982458024
-2.289848960087344 54.43273202786029
-2.299918986086511 54.439448978957856
-2.286032015098812 54.438133011570123
-2.265244988785994 54.442676979545773
-2.267608000440524 54.45031401168842
-2.232186032525877 54.459823989923379
-2.209821012361471 54.460761981037138
-2.22686800193748 54.459831017384204
-2.219805015995953 54.452656012250344
-2.195881960151452 54.449551014665033
-2.195909974787855 54.455391009743138
-2.193807039441191 54.45609699402565
-2.193601992861065 54.456744970689506
-2.182590004355255 54.459853997735742
-2.174344008335338 54.462616017639668
-2.173287979462331 54.462481999483323
-2.172801043343348 54.462619986817394
-2.172428013022505 54.462372002938437
-2.16739700886322 54.461726996259877
-2.151148008565134 54.44826501629796
-2.137262043202332 54.446484001482695
-2.112631997882492 54.463588986057026
-2.083328040432585 54.469006000415703
-2.061742023095694 54.481151988960391
-2.052481020227965 54.4807050071596
-2.035507009909347 54.487002976581188

