# RBD_F1v3.0 river basin UK en Scotland (Scotland)
# data from <a href="http://www.eea.europa.eu/data-and-maps/data/wise-Basin-basin-districts-rbds">EEA</a>
-2.349132009777099 56.387253010122528
-2.382719039356599 56.383288979274099
-2.417986039090514 56.386916997444672
-2.44678601576608 56.397273971851781
-2.467139995554437 56.41366198782142
-2.474331964989759 56.432284978825869
-2.468048975860655 56.451549972905426
-2.449135999629048 56.467838018799213
-2.419512967749855 56.47911499314646
-2.384279032102221 56.48308897925525
-2.35049495859214 56.479449977826178
-2.320528002364958 56.468455972157251
-2.30132395397899 56.452655976393991
-2.294212970901124 56.433146986551179
-2.30081396519038 56.414463021818619
-2.319559009098602 56.398501997932556
-2.349132009777099 56.387253010122528
-8.423658970518064 57.914738007561418
-8.401968038259772 57.898467999418131
-8.385628007464947 57.869460999558697
-8.39583298960267 57.844058996728499
-8.431230940980772 57.822127981080335
-8.418082977920811 57.808288989316317
-8.413558037365474 57.79373902038563
-8.417211974152471 57.779052991662446
-8.428698973831118 57.765616983344408
-8.46312604029711 57.748267997566842
-8.506770007854534 57.741565990628935
-8.586319967700776 57.745686014699729
-8.64172297668873 57.761958995523614
-8.703723988425487 57.785210021612983
-8.733113023264348 57.806235998877291
-8.74242800864832 57.831649977500462
-8.738249039281067 57.845359977600509
-8.727269949551374 57.857959990933857
-8.705861031071819 57.871624021035586
-8.677160027758536 57.880786968995537
-8.633566993932948 57.885806971673759
-8.599352036157176 57.883693993489032
-8.569417055842726 57.913380015672416
-8.533671037157035 57.928264982292291
-8.487313002614428 57.932395993397058
-8.44442702415366 57.92452600124733
-8.423658970518064 57.914738007561418
-7.52713405207228 58.233390993373007
-7.553448983302506 58.22567398421802
-7.598985037949202 58.222427016148025
-7.641541992780439 58.230414986637399
-7.680744000544381 58.232994000412937
-7.720467032650292 58.245071015454926
-7.745499968691219 58.266593982171926
-7.747983018067152 58.291320971546078
-7.728424959249172 58.313403998712253
-7.699796033745317 58.32743500912698
-7.66693094822695 58.33456797985086
-7.632668023385474 58.33513998188873
-7.592860955067228 58.339905017605517
-7.531970984129075 58.335429994323299
-7.499550959024686 58.326739976784538
-7.474667976354871 58.311370981085979
-7.463478000605185 58.293186005334647
-7.466490033012379 58.273337984582646
-7.489448968732352 58.252421976582518
-7.52713405207228 58.233390993373007
-13.621441050803575 57.561084995839501
-13.652313992440574 57.550117010361305
-13.687086994804224 57.546489988755717
-13.723357042981364 57.550453012144942
-13.75386595481921 57.561706980492396
-13.773795994240597 57.578479997478787
-13.78022997558565 57.597984003785783
-13.772890007777804 57.61748896811833
-13.753076041563011 57.633281998891782
-13.723651012000317 57.643943997854826
-13.687299947874811 57.647915000608222
-13.650946014976984 57.643943972145159
-13.621521037402346 57.63328199515901
-13.601099015479118 57.616683971868447
-13.594153978074431 57.596347992470648
-13.600969017394322 57.577667016067558
-13.621441050803575 57.561084995839501
-4.311578950967888 59.109710998522111
-4.302922999278623 59.095520003367461
-4.302974005803535 59.079665982495591
-4.311747973070593 59.065060013218748
-4.327199965840588 59.05214298576103
-4.351689018869011 59.041008004716069
-4.378808989365202 59.034717976200056
-4.407313041309457 59.032772022623689
-4.410769966904594 59.008980028472202
-4.437496019093814 58.98694997684683
-4.474262017635207 58.975448993091838
-4.515171971868983 58.973147989271965
-4.554931979521897 58.980002975607107
-4.585121016191343 58.994610012981362
-4.603067008009332 59.018913018119896
-4.59475300901086 59.04528398994038
-4.579004046563279 59.058043999279427
-4.556969989182376 59.067756975188864
-4.53045601036719 59.073689005626662
-4.50292505471152 59.07537501288774
-4.49955095107995 59.101448001944846
-4.474419940231338 59.122176977781436
-4.440370961513355 59.133529987316429
-4.399456957070055 59.13793602669913
-4.361148041209164 59.133926006208682
-4.329021957544248 59.122547019649168
-4.311578950967888 59.109710998522111
-2.796882044644219 59.416054000169943
-2.772133018378744 59.389881002319683
-2.764498058920116 59.356094008985828
-2.766918040888252 59.336585968394161
-2.783885054837598 59.315880006881834
-2.776974025715413 59.301289021023308
-2.745689971222595 59.301970981874774
-2.720398007826282 59.299065023054816
-2.717285943120948 59.323146991615012
-2.701080857315773 59.338115449214428
-2.69587404285907 59.342921997515809
-2.664506033779533 59.354874021603202
-2.598186040153368 59.368968973933356
-2.571688948471388 59.37209299718721
-2.545540954473628 59.371471021074889
-2.523633962762928 59.408751991274904
-2.49514696448973 59.427043994130422
-2.414294014992691 59.448887010024436
-2.380410018858013 59.450503977493454
-2.347791951342712 59.446472009994167
-2.324356983337885 59.439285025376222
-2.303722002099517 59.428348986856243
-2.277916974409278 59.407097015627748
-2.269361050929128 59.394222009779817
-2.268128026515573 59.379432981805387
-2.275468992307871 59.364330005637093
-2.316003041906258 59.324325972562669
-2.290578988410053 59.312507988590539
-2.274664046955272 59.297150017711125
-2.270041965735645 59.27897301613757
-2.277415987511796 59.261482010526194
-2.294381958196213 59.245368993789064
-2.322144968679776 59.233184993958439
-2.351669991457531 59.227332972877484
-2.40396805330326 59.224121017106107
-2.410255973818407 59.207786975179694
-2.427784023140973 59.191348973443318
-2.454773947289206 59.179431979501501
-2.487077965220462 59.173072974430255
-2.440804989345049 59.137985012180884
-2.428086019443395 59.098648000688449
-2.428595043131938 59.084763022394711
-2.442188960959561 59.058028975880639
-2.460869952596368 59.042399980025557
-2.459025973474084 59.029685977921744
-2.464473989176116 59.015048972665596
-2.482757979284796 58.998115998760234
-2.510572995683067 58.984328988641792
-2.541199035178755 58.976521002267027
-2.567728606357386 58.974477372061578
-2.57294399576015 58.974074990818302
-2.606136997297412 58.977425006480125
-2.602288005575401 58.953193976023847
-2.573701995080298 58.938426990441158
-2.559040043918948 58.918090976382821
-2.561032989169895 58.898937027409197
-2.5791859734712 58.876347003449062
-2.611557007032012 58.855403996648697
-2.649555996925235 58.844073986250635
-2.694350953960359 58.841987989296832
-2.736827046813252 58.850104990067415
-2.749728977783083 58.841732012702508
-2.793556008961962 58.793194002586084
-2.821498050676562 58.77700398900906
-2.81146201325398 58.753886989094219
-2.821568041403351 58.719912982381317
-2.794844020138755 58.697719979671142
-2.793183010525627 58.671821979479589
-2.809227987378502 58.653526013453927
-2.840563054264845 58.637089012313183
-2.884781989888045 58.625117977941265
-2.931337044888468 58.624267995112618
-2.938908008769541 58.615219003619664
-2.947746971758512 58.584201993303878
-2.966262961410425 58.566101010628529
-2.982425026225616 58.538951967974725
-2.96707198696274 58.50653497148037
-2.94947894808527 58.483165988213223
-2.951276002273641 58.445156007162538
-2.960968975746124 58.42824197803683
-2.989310035607941 58.398445015659995
-3.017122958321437 58.349574994224156
-3.049905965712511 58.326607002832617
-3.105877017522335 58.298721002702486
-3.150919998629928 58.269340973380693
-3.189677051580619 58.256775017661667
-3.237302991744444 58.248694977352727
-3.312905960121013 58.230571991902778
-3.375690036080242 58.188808014603474
-3.392097955472335 58.169543995437515
-3.430559051766028 58.141463999059724
-3.485754956296813 58.12006800120141
-3.565968987628815 58.080063005718301
-3.594536051651014 58.069851007514714
-3.337017012511078 57.783294986758705
-3.304432960145343 57.784266998066322
-3.276030016886414 57.780196977164017
-3.228979975060277 57.768706990012198
-3.197366961268949 57.752636006716742
-3.129502002279996 57.734261002847852
-3.032538945564363 57.720347993249781
-2.942024972643921 57.747330023844285
-2.892672000813869 57.754875011111579
-2.845571974792655 57.75757598635181
-2.799905979545734 57.75072900864312
-2.76381605152326 57.749431999853186
-2.729601020451583 57.742484989768087
-2.651481972989743 57.740451998786213
-2.603593953771701 57.732844994807529
-2.556527031713129 57.734905016085875
-2.514200944162822 57.725657990840631
-2.401883030060625 57.722404013063276
-2.335710965820425 57.741760016105701
-2.307123964312116 57.746177980485548
-2.268848040634141 57.744601985555903
-2.224908025098597 57.731654993315438
-2.20069897622784 57.730122001189905
-2.163047028142771 57.745075002244135
-2.141422047446501 57.748913438710609
-2.12858501431016 57.75119000840958
-2.073671034354098 57.752341993001004
-2.033286000215075 57.748035008935396
-1.987699948460746 57.748458978005011
-1.962027955675323 57.744262996268375
-1.936289961865187 57.73544299388513
-1.895988029446943 57.729942016628733
-1.855011974378964 57.713305988339734
-1.832566037215591 57.699070016104827
-1.802911014504785 57.668582999946459
-1.756357037414236 57.65454901020599
-1.739686011191562 57.643996981870103
-1.726092975873396 57.628902008832689
-1.719841042866859 57.611500004676486
-1.725355970791622 57.593010017180056
-1.703812952976868 57.57474899124685
-1.697955966299554 57.543385025328469
-1.679014992197602 57.528126018198449
-1.670526011367317 57.510036004820471
-1.67286400587414 57.475352978458901
-1.680682983644893 57.456084971965893
-1.756206019751925 57.381500012130921
-1.769601985255616 57.361114996093413
-1.787340997067833 57.349907020236785
-1.827956986625215 57.33447997611826
-1.889918002459201 57.293776981603031
-1.954301045271901 57.221229992648546
-1.962735521707873 57.204505338919788
-1.977261044891348 57.175671021796902
-1.960887994086662 57.164031997781336
-1.951095038159886 57.149356969949636
-1.949665027910281 57.136348980655406
-1.956066989692998 57.115977996329299
-1.984241021032281 57.07687800281662
-1.99841300233009 57.06469702435863
-2.009290004571875 57.044925977410408
-2.076913024222365 56.986495971469353
-2.086656995243279 56.964343980748978
-2.097470014077951 56.952305008288882
-2.106473006829826 56.896022977654894
-2.131027026815387 56.859538994176326
-2.155400969578531 56.833912017365719
-2.185156944826052 56.814212981387001
-2.196955993294675 56.800448983358564
-2.2468719908223 56.76265699689899
-2.342764039664517 56.72436502206326
-2.345942014763672 56.719226973071116
-2.340839978226402 56.697757991430947
-2.351406003653191 56.671138999001705
-2.370137042784821 56.65199698351158
-2.39027800402716 56.640220977440123
-2.38991799084381 56.611918974062185
-2.410869040819794 56.582423978336067
-2.459912050290125 56.539150018229329
-2.49613400092834 56.519936000578099
-2.549172946758338 56.50336097898753
-2.565252974276234 56.490917023704839
-2.603466046505655 56.472732990484502
-2.605111984753548 56.447956022460694
-2.626837967273333 56.418747022157497
-2.64452902271309 56.407279988507007
-2.673870988625803 56.397778010159747
-2.708297989830321 56.379433012834717
-2.636465991338366 56.370189983161232
-2.601281972056221 56.358741994886977
-2.579279980197057 56.345347997317326
-2.53413905309043 56.341171013291429
-2.499760957442557 56.326233005963374
-2.482532038048338 56.305618016872238
-2.483468957171056 56.282627010546719
-2.163727017537591 55.974857020473635
-2.147454983313027 55.968688996379811
-2.097049982083119 55.96196001304056
-2.064038970200907 55.946449006223823
-2.040439959997577 55.922344019086971
-2.014671001108205 55.910689996542416
-1.994478010362643 55.895400991113902
-1.965419006218222 55.845436000358717
-2.010140951025225 55.823086003495312
-2.010080961792392 55.823044014666898
-2.033531983940359 55.81148099136098
-2.033359970398133 55.811370992980414
-2.034617043117485 55.810927007460087
-2.034762955987215 55.810874984953657
-2.035297988652966 55.810611995446678
-2.043441963816808 55.806713000724628
-2.065807052503164 55.799934003744696
-2.064240988990976 55.818192017946259
-2.077018033611723 55.822226996757067
-2.097752017225484 55.815471968855313
-2.125686966297395 55.817244982447235
-2.159967993210695 55.809115985829521
-2.199051048209401 55.806812013616337
-2.205469010274145 55.813541002756033
-2.18316002997105 55.82076600095774
-2.186411048419714 55.832892991161728
-2.202407043910047 55.838710989532693
-2.204831001310106 55.844096992011707
-2.224033016500329 55.850352999171953
-2.230397999107629 55.846298014453573
-2.246383988839224 55.848514983875425
-2.259201994875428 55.854327989078506
-2.276736009229663 55.84889999295099
-2.289534958850454 55.851566016145348
-2.296691986684708 55.847503975399576
-2.29585596619517 55.84256399283079
-2.318189032236078 55.8393629755764
-2.333482016684818 55.853698989693243
-2.352664029652512 55.854995997745718
-2.376753990587048 55.86795397255058
-2.373612983810721 55.873801991517972
-2.379272957493803 55.880523997075187
-2.454557996701023 55.893298972500276
-2.461097984748765 55.905406973490933
-2.485120011149763 55.907562008509423
-2.502079041428801 55.920074008152525
-2.534894957864995 55.92083400564745
-2.546954048756234 55.924824014299531
-2.547003972755312 55.928417028248028
-2.56786400810903 55.931919016447019
-2.594936983269435 55.922806007350587
-2.604280035391661 55.906136017942742
-2.62423902050887 55.903789977902292
-2.630475991215733 55.893870991702244
-2.624777970768559 55.887611023838566
-2.627708033781655 55.870971998700369
-2.637304003582062 55.871371981887876
-2.642194990437468 55.877190016449795
-2.656587986674524 55.877563014808139
-2.66925894939025 55.870753981128544
-2.69200794867696 55.84681297962414
-2.714218966796635 55.838599985537897
-2.750876001206585 55.834785022296771
-2.757323041614256 55.837893970638042
-2.755085020734855 55.845993017112384
-2.766263987472573 55.845924026880482
-2.78204496738863 55.836390984282303
-2.805095038484394 55.831299009794328
-2.804955018287219 55.824557972685561
-2.842058000526834 55.80544296967156
-2.857252993384433 55.807133021338281
-2.851825968853911 55.81436198465024
-2.862346998265443 55.821025993121083
-2.885192973631374 55.807835022085918
-2.905293026811436 55.814426013811463
-2.90682103255437 55.814155996505427
-2.907685976202799 55.814410987788477
-2.945021958569666 55.807387983295442
-2.94315504806935 55.796168994369509
-2.957344013578311 55.789321999680148
-2.982218997863328 55.795413986260854
-2.982478044762025 55.795349014967506
-2.982876958395136 55.795914015511983
-3.005992011980985 55.789378968278662
-3.012184052610878 55.782143002871436
-3.038346966386164 55.776530995375687
-3.04825997744359 55.771594980859383
-3.056485029542942 55.769188009868415
-3.057803036881604 55.766837993044774
-3.082383986691921 55.754581014031004
-3.104243971876655 55.738662988721153
-3.102423019580891 55.730590997399446
-3.090268975558136 55.723061016575308
-3.125736945299908 55.710608975467004
-3.137815950361391 55.715438983597707
-3.135598029782815 55.721301968878606
-3.148636031478921 55.731514022452714
-3.15962098820697 55.72602100513987
-3.18693001721024 55.733849001519665
-3.182452007980185 55.743773978910824
-3.192337023158715 55.754462991905378
-3.184630051719032 55.763077016981512
-3.196113969607025 55.773749998980691
-3.181788011345439 55.800845989474169
-3.184503949569478 55.80291398459385
-3.184262009278397 55.803519996731303
-3.184849976666074 55.803177008123278
-3.185870963783556 55.803955021852325
-3.198762057218624 55.79506701880549
-3.206987951091781 55.790267989036977
-3.207965953848259 55.788719001870092
-3.211647049260938 55.786179001998811
-3.213828950282192 55.779415000779188
-3.232047970375781 55.775642027448384
-3.238139040262622 55.766593992570414
-3.260118029413379 55.753300001275655
-3.262751965842154 55.76364500509127
-3.27964497543408 55.768414002767507
-3.281075028535693 55.78772000600442
-3.313337025782898 55.774798991987439
-3.326073046195312 55.774212003051979
-3.341655971756799 55.763710004429292
-3.352122018213996 55.766738972199967
-3.359199029741232 55.763966007306124
-3.360371023479253 55.774737998544424
-3.370107007275876 55.779571974074464
-3.36619000204103 55.804329007540751
-3.372760024828092 55.809649982148734
-3.387871942147972 55.815768977075216
-3.398718962082662 55.821486989710664
-3.399775011885709 55.820586980871873
-3.401910026739589 55.821452986516668
-3.414202983197637 55.808281004200254
-3.433262948878643 55.80581297651463
-3.433643961053756 55.80541198439375
-3.434044032366272 55.805354990944885
-3.443248032876968 55.795360979973964
-3.442895977633412 55.785847028588748
-3.444403958133532 55.784797990048531
-3.453322999311359 55.78081098009612
-3.450478039049989 55.780578969565028
-3.450670014517798 55.780444980766603
-3.442652010453479 55.776835983885732
-3.439114965052349 55.769793975814864
-3.444558965985612 55.766136001907931
-3.431401004875268 55.755058010761452
-3.430242044335937 55.745185999064581
-3.41119600879105 55.747203987538398
-3.410904016281655 55.739116981996034
-3.403738984338017 55.739200996427257
-3.4090040028193 55.730601979135329
-3.420944006759009 55.730465017836018
-3.434246017687835 55.724017968030303
-3.448472959638829 55.706684001264861
-3.454806008432921 55.702147997298546
-3.464342979762093 55.698497997213707
-3.468099990172858 55.692611992499046
-3.498043037648927 55.685061978556028
-3.498314993424925 55.684489988633736
-3.499599032059553 55.684142981279535
-3.503195005010909 55.674212982720043
-3.522079041514449 55.669036981049679
-3.533257045525164 55.670246017429747
-3.548886013647308 55.663310986870364
-3.549129997302461 55.64937601509677
-3.555886964428353 55.639403978342763
-3.5675650055498 55.63341501084372
-3.554559024222589 55.625937982956103
-3.536230951665708 55.624373979055662
-3.535138981228425 55.616748994374184
-3.551889024556044 55.598559984383193
-3.550036964403287 55.591845977648759
-3.537100987976083 55.585715992022038
-3.527742028541492 55.589878015033605
-3.518084954430769 55.586403006161909
-3.515307983604261 55.576099026984132
-3.503397954530603 55.575798009131205
-3.487049007595309 55.562964998147137
-3.502404029810936 55.549747013626245
-3.486128971958764 55.517590013648466
-3.504907001025082 55.511520017195053
-3.510551021418124 55.49347698659345
-3.520715010621279 55.490203974647883
-3.515536979896148 55.479034025306071
-3.525839004518206 55.462039992205753
-3.529884960237581 55.461327012409022
-3.535102985277596 55.446746998283047
-3.538584038952659 55.440997976527498
-3.537745981239533 55.439357972039396
-3.538445037863781 55.437404979657209
-3.538543973818209 55.437389000735109
-3.540041980087755 55.437832000157272
-3.554947005346937 55.434948002602269
-3.57403196258239 55.437850994807548
-3.584823022068713 55.430968994920939
-3.587621950547748 55.421944000459945
-3.595428024834445 55.419597989415543
-3.595982021069589 55.413749976666168
-3.606927034505494 55.410908003677342
-3.609664956053467 55.400536016204143
-3.609150000410528 55.397975990548488
-3.609481958395138 55.396046020635978
-3.608741012661349 55.395934994703914
-3.608675006808177 55.395607024411753
-3.578506001153989 55.391506024198641
-3.576713017043552 55.38613497779658
-3.583617024192165 55.381103985016701
-3.573182967513887 55.37674300511997
-3.57693003606595 55.371754005308588
-3.569672016550747 55.367801998686367
-3.575588020324288 55.35783800049073
-3.570785959162266 55.35610201699285
-3.57286697192761 55.348885009339149
-3.587681994533577 55.344649972893215
-3.567764030924651 55.33951199600417
-3.563505967285978 55.331477994478945
-3.564010045380106 55.324284001174313
-3.57666897866522 55.325466023436249
-3.595160998711507 55.314892007692507
-3.591487971119908 55.30190698772352
-3.578873026822582 55.301620022451509
-3.589910995856021 55.282153983170602
-3.602899962859179 55.291870028203533
-3.602420990098628 55.299519022685935
-3.610330006869874 55.300311983875197
-3.619558015350888 55.294795993699594
-3.633727023453924 55.294609012573524
-3.638319998075445 55.291401023694036
-3.66197101832935 55.291980996281879
-3.676070975453992 55.308864999775871
-3.697561958330031 55.313960995992154
-3.708935039399069 55.321891998898749
-3.713628965775923 55.339352002150505
-3.709114024060133 55.344359989136635
-3.718844035261756 55.350513016903761
-3.709926987755112 55.36322397235481
-3.733660035440643 55.364684980857447
-3.747361974110916 55.371230989772791
-3.759730001836737 55.383185978082061
-3.761357006698931 55.402039020854474
-3.766841996373796 55.401062025508146
-3.777283047932359 55.404957007887631
-3.776655001628458 55.408561969257519
-3.790175985576768 55.410609998910353
-3.792889978988799 55.418208991719546
-3.804917989616204 55.42207698520501
-3.808342956485337 55.427872000546039
-3.816261024195689 55.428203991962363
-3.824585015626528 55.440434021809232
-3.816647039854439 55.453811968573319
-3.816815025968877 55.454014008666746
-3.816668023089012 55.454262018134202
-3.817365048300357 55.454666013154103
-3.819994033718251 55.457806007230083
-3.824098014939738 55.45860300008885
-3.826421014177793 55.459957004869381
-3.83592098242146 55.460892000353148
-3.841543017461702 55.461978969740663
-3.843744977155933 55.461657993646845
-3.846284996193997 55.461905991172266
-3.886316025442986 55.455456018839122
-3.894434023021763 55.459823994140365
-3.922733006014833 55.456237991324777
-3.928726023081297 55.465579985469567
-3.947475036527271 55.460789020642679
-3.963437963495438 55.463679999322054
-3.970142036549274 55.471209986498167
-3.985938979406372 55.463382989028204
-3.986020037020567 55.463340967381306
-4.0094990118583 55.451693990551504
-4.022217986089601 55.437553025983739
-4.017135965519921 55.430897005312445
-4.032583992644596 55.423900973402716
-4.05074395919452 55.423594983519038
-4.078149050286124 55.413902005719336
-4.089004012625183 55.412437010749976
-4.117516039446311 55.416164015000163
-4.120101040381034 55.420165986560953
-4.143359029930647 55.426501982750864
-4.141951042534259 55.429672003533959
-4.169783961683449 55.432776992554693
-4.177941003332611 55.432011016025321
-4.180025020504872 55.432147997553265
-4.180404961691884 55.431782029590615
-4.181579045290214 55.431666990403265
-4.189028949734012 55.423446983342558
-4.208589958145401 55.41994900820135
-4.223696016861502 55.407538988675824
-4.259129987817443 55.405539978909871
-4.279089042345118 55.40921800482753
-4.288298961159617 55.404549013038697
-4.304105975995927 55.404701000780612
-4.306186009234976 55.399718987434667
-4.299613053495887 55.395348008550464
-4.31181594922403 55.387927986877472
-4.326169956926924 55.390350002811658
-4.333056966849287 55.386622981676496
-4.343541037960861 55.376984009957283
-4.34781803922428 55.359103984280054
-4.353008029700697 55.356128969579323
-4.358287965921775 55.353667989406006
-4.357948009697531 55.353786025169931
-4.35778302454312 55.353385976056877
-4.358682010518645 55.352871003347389
-4.355184025413784 55.347095007589836
-4.315318018551698 55.339767014736886
-4.312782975208976 55.321678026067339
-4.320517008376767 55.320788977256704
-4.326394999217505 55.313488005094214
-4.325921017531698 55.312271006862467
-4.326290009351832 55.311690991199328
-4.324614005354906 55.308922023980372
-4.323612948850102 55.30635099372688
-4.323051988785952 55.306335004487025
-4.322799992609807 55.305916008004196
-4.314142006625854 55.306080007000659
-4.310669053984824 55.296223007266981
-4.310936027997013 55.294951966574573
-4.318681964557985 55.289364011280384
-4.312521971267892 55.278243991295874
-4.347614979971976 55.259143977283458
-4.347152021856482 55.257102974866591
-4.349760981821519 55.255507977561066
-4.345486969978379 55.249748027509916
-4.353786992637279 55.243744026583499
-4.351633012225562 55.233897976237209
-4.349783973901469 55.231766014433965
-4.349010951437536 55.229453995340755
-4.346605980983658 55.228103971696093
-4.343194969102495 55.224170977847081
-4.332747987407459 55.220325009103831
-4.355847002847651 55.198756974891097
-4.362006997595588 55.183352982009936
-4.357983038059519 55.155116973544629
-4.371988991050262 55.153046022662402
-4.381557985337445 55.155556001825765
-4.403377960949507 55.139846977203121
-4.41599897714866 55.140944979279922
-4.417295041906271 55.136425006184929
-4.426563051368974 55.133991001456465
-4.42603304387471 55.132969019569764
-4.426304030085261 55.132862008867711
-4.426508996838707 55.13309500215265
-4.438352951158802 55.129191981890784
-4.442986961117471 55.13002798971084
-4.467669995150938 55.139007979287712
-4.47141595242217 55.148822992186638
-4.498686976346658 55.170741984052114
-4.498464984678267 55.179737002943192
-4.509170960144669 55.187606985329204
-4.510436023828552 55.19522097286211
-4.520194003485008 55.200416997700941
-4.538301977909766 55.200938987129625
-4.534891962630053 55.209099014830237
-4.542414980379439 55.216132981780589
-4.54335496689525 55.21561799035829
-4.543985013383335 55.216102995540489
-4.564433965346263 55.203987012837075
-4.593796030913897 55.208308977709869
-4.600826034773417 55.195575999947337
-4.618166986917801 55.1844140218532
-4.637778972518063 55.183989977790276
-4.648493966074358 55.179713977570522
-4.65962498112513 55.181720992891201
-4.664756031666404 55.176211983602599
-4.677394971039989 55.177283980490294
-4.700918966241625 55.165076975810763
-4.706430981848888 55.153717012019527
-4.693917021380561 55.142756992939077
-4.700180983727473 55.130931993424966
-4.696411973773471 55.121574008472486
-4.684602998229142 55.120936997705051
-4.68014598478156 55.112941991232923
-4.680538025271142 55.107090007634945
-4.694146966116251 55.09959802707094
-4.677107956588961 55.09098401298818
-4.68914702771143 55.071837986058711
-4.68950598835861 55.053848023464248
-4.701834963568352 55.050876989732579
-4.721268997350731 55.060333023032349
-4.732906953937681 55.058722991632983
-4.735790019975286 55.055065006280451
-4.753649970853907 55.052864012421843
-4.751778017210271 55.048408986949148
-4.76788496061391 55.043548991658483
-4.775172997326798 55.035739978072179
-4.783267975997814 55.039600019932685
-4.793303010393744 55.037575022201374
-4.802869990795356 55.040051020396454
-4.809940004592403 55.05157498038281
-4.822605992060633 55.053532020543031
-4.835844978048471 55.063560026826039
-4.84695200196116 55.065551985539969
-4.849058028141366 55.073143001023162
-4.86264398994484 55.076869979769725
-4.887416011606851 55.072688970485331
-4.897194003336228 55.067061977602947
-4.915115007424367 55.065734981704303
-4.930102988514922 55.067172986267565
-4.939165963110073 55.073250030356547
-4.96431099146606 55.063647974766482
-4.98554299314151 55.075268002272459
-4.996021999788412 55.068714001456776
-5.009316013578387 55.068385989079964
-5.02813499068048 55.079601017720449
-5.027451045644774 55.080021020497661
-5.028681994692661 55.080380970520338
-5.104668047433925 55.102592012487293
-5.129361015412862 55.066795022348252
-5.196874047626954 55.052307020376197
-5.239521996834132 55.031173986958073
-5.277994024553158 54.985275006861571
-5.271915002552198 54.962399001920048
-5.275420991028119 54.954783972050734
-5.401133047163168 55.021869994041992
-5.625953983728678 55.140945025325259
-5.824876012348098 55.245353970693607
-5.859930000326321 55.247573993479712
-5.892530050043174 55.258533018362598
-5.913990035812967 55.276321016979125
-5.920357017985113 55.296538975077482
-6.396537970942425 55.55247097567274
-6.584866959906116 55.639075985536188
-6.621019961940017 55.685406004068355
-6.716800944397884 56.104518986586505
-7.10578297000242 56.256152988962654
-7.137133957959412 56.243828013071436
-7.174030000984357 56.239867971368213
-7.21051398241972 56.244564020774718
-7.240497962522137 56.257114016842579
-7.258419024644605 56.274733969714667
-7.262713025448334 56.293830980882767
-7.253777955315211 56.312427983261927
-7.231922990665099 56.328292989834779
-7.740076972141562 56.761702977402678
-7.757915011870433 56.790561988617121
-7.757649994510694 56.81048202014734
-7.744814994584205 56.838589016184351
-7.663957948405704 56.95671500139742
-7.658559992674567 56.971924018181966
-7.640754977803283 56.988189978230075
-7.61735101198878 57.025744996688687
-7.557511020797409 57.234542999644688
-7.821780050668072 57.525516993144727
-7.825367944507116 57.541007984167322
-7.813168024804427 57.691036014400851
-7.808248020218362 57.704678016159811
-7.794587988878786 57.718471995824821
-7.375014989245004 58.011905988026037
-7.198312007749247 58.200744973962067
-7.100951047521135 58.282748986520929
-7.077567999090312 58.292397012987564
-7.050183987501432 58.297695011737986
-6.965151021515072 58.330120013378128
-6.840127981058435 58.352436016975275
-6.398241002325169 58.524395003144257
-6.33854997535078 58.554020002142906
-6.298592007976799 58.565757995600826
-5.04845105408158 58.674480019673901
-5.019007945489119 58.68345298380936
-4.986818001879167 58.686657011789677
-4.941218974188452 58.681197998171463
-4.904668012654244 58.665520013293566
-4.877448056184675 58.6688920070888
-4.850639047638759 58.668159019086936
-4.822383979549215 58.662791992398915
-4.798325994619121 58.652920027828593
-4.755207000134155 58.654883994416792
-4.562599999858655 58.630562007299154
-4.518116947824076 58.631228997967384
-4.463857978220782 58.623360016314344
-4.431143964109635 58.613193985022193
-4.315549960864003 58.611889016528472
-4.259106034190751 58.597927002560439
-4.217223014879763 58.604052968374546
-4.179865058970459 58.615234013085512
-4.123812041614042 58.620086983759812
-4.104688966361332 58.630984973790248
-4.067628983397312 58.643425007434914
-4.027441039670832 58.650497009878222
-3.979007993843743 58.64676297148727
-3.952975038909288 58.638267985591014
-3.932122981502422 58.625045984340929
-3.881830974842175 58.618801017076976
-3.847586009577257 58.617981017476524
-3.805619979696985 58.623935972085363
-3.779930043534199 58.637195977506174
-3.693927012593611 58.670162023619525
-3.65953095185737 58.67478200845165
-3.6343199849429 58.673977020283559
-3.608992997136462 58.669475982697158
-3.554406040154006 58.674343021277132
-3.471843032858222 58.698119971344966
-3.42345804401033 58.716342972356159
-3.394049021625307 58.722042009151124
-3.365579059858094 58.722683012547115
-3.333439965180846 58.71852501401554
-3.290438000250025 58.70424997847973
-3.240427042706016 58.705978019766633
-3.214142964807811 58.712101020782761
-3.202310984961344 58.723820013394196
-3.236311999229053 58.721732992669999
-3.273241026359292 58.726536012454304
-3.309328042472256 58.72694402189191
-3.338441968775256 58.732338015935028
-3.362797970493383 58.741673003108374
-3.403197963082292 58.770362977413171
-3.422763020791743 58.794169969140711
-3.447742966278716 58.808303999782005
-3.462076986127226 58.823539995123774
-3.504371020200766 58.837494007073992
-3.528214037559369 58.860104016428039
-3.53186601206312 58.880019983081297
-3.525351032320716 58.903041990214213
-3.502194047041938 58.933113003711583
-3.458154027762784 58.972957992109173
-3.463236024965455 59.019875001634858
-3.446595035195898 59.067656997229712
-3.453505034235653 59.109108019954093
-3.438942018603103 59.13151199077948
-3.435682009337666 59.15014996954983
-3.423898986056712 59.164432974813536
-3.401666055776961 59.177578003547616
-3.372076044666406 59.186000974673988
-3.308238054800703 59.191299005036058
-3.243281960016374 59.203747022527423
-3.196579963970037 59.204638981407456
-3.148094996777185 59.234824971746001
-3.102888993273525 59.248488990128187
-3.117568044943096 59.263953990945559
-3.12130094611198 59.28150898561546
-3.149606028396825 59.299212990665659
-3.165996001861461 59.321224000732293
-3.168875974358446 59.339458002509232
-3.159114941141154 59.356589983729307
-3.144221977117498 59.367766986827903
-3.12258004613731 59.377056013023299
-3.090786961237253 59.38362100966588
-3.054926969523807 59.384097979099089
-3.032445996628254 59.395411972569732
-2.995630044880287 59.407680973024107
-2.969284954513896 59.41252099056495
-2.927993984368485 59.430462018939934
-2.892331049481763 59.436488992747002
-2.858283052952321 59.435882999605646
-2.82291797491516 59.428321998168606
-2.796882044644219 59.416054000169943
-1.567343008607815 59.472991993776127
-1.617472039897445 59.459789016131211
-1.668669014755144 59.458034984288979
-1.693796953151925 59.462372011419433
-1.715584956949238 59.469917015431136
-1.742161986655665 59.489803007000624
-1.753862997440574 59.506557023634372
-1.756565969679222 59.523132001182674
-1.751901957344895 59.537460014381224
-1.723265986071856 59.578651002424486
-1.698118048510634 59.592837994046278
-1.662471996865758 59.601959024542928
-1.605268047862376 59.604759006993575
-1.565904963498184 59.600281012987701
-1.531627056177804 59.587399015366522
-1.506497016311541 59.565891011620415
-1.497579025813887 59.533851984669994
-1.519221973947013 59.499747978434407
-1.567343008607815 59.472991993776127
-5.767331983900808 59.067828983166386
-5.804722996904839 59.062854998594467
-5.866469006406945 59.068043021229464
-5.899168996568971 59.07653801133435
-5.929614008814958 59.093987012806963
-5.941692045324094 59.115546977138997
-5.933362990764778 59.138877970812011
-5.896860002109257 59.168552022395055
-5.860572001496969 59.181132985652411
-5.816459039689756 59.184254001724909
-5.778454018788086 59.178508972292278
-5.742825982829558 59.163630997034936
-5.724888004001483 59.146885016277906
-5.712167983303513 59.116920003469318
-5.717533997850006 59.097256024339018
-5.736625041505795 59.079944967042572
-5.767331983900808 59.067828983166386
-6.087205992007037 59.052856021586933
-6.121880035367218 59.040592000878867
-6.161720956445225 59.036991000962729
-6.200972018999471 59.042033977054835
-6.234064971835085 59.055595012323188
-6.260971955680165 59.084202024072702
-6.26681401924749 59.10299297587855
-6.25710403410136 59.123122982993912
-6.230986044190606 59.140041017085778
-6.19502601726607 59.149466984250736
-6.155404980767394 59.150608002506225
-6.112478020176697 59.145115011982632
-6.081440995479048 59.134350020638479
-6.060081001113709 59.117717998768278
-6.05282497560514 59.096572996226946
-6.068197973220931 59.068180013289428
-6.087205992007037 59.052856021586933
-2.017750019078629 60.065094007372821
-2.067021984780288 60.060036017556797
-2.095855991894757 60.062594999703059
-2.120228024065959 60.068573003417796
-2.189542969112771 60.099765998434535
-2.211296982203408 60.118973008464295
-2.215947951774383 60.142548000077653
-2.201635022603245 60.168186011675544
-2.151917011806375 60.195896012979233
-2.116254013481016 60.206333012722283
-2.068691968413995 60.209895988563005
-2.016163956393918 60.20651202210113
-1.975859970376248 60.192946974720769
-1.95471398593765 60.174785971506203
-1.94062999718315 60.151317999748628
-1.938324954879686 60.137629982868212
-1.952825960602806 60.102603981356047
-1.974384956671136 60.082813017785135
-2.017750019078629 60.065094007372821
-0.655936033416656 60.825599983317382
-0.654981018682306 60.811652999739501
-0.681973987969939 60.761256996034085
-0.683837059071902 60.732967015435776
-0.712422031410107 60.707042975135145
-0.731695938032864 60.669372981671152
-0.730363016653122 60.662708005923562
-0.695325969087833 60.650238007400837
-0.67388599203338 60.631900982233439
-0.661461059636933 60.605408017411328
-0.671749934601403 60.578406975965244
-0.709702037669364 60.54134400570824
-0.751337999626855 60.524653986866987
-0.784829004011874 60.519294969920843
-0.828519988360065 60.519828993477098
-0.876592979306461 60.511578007064173
-0.921288984544713 60.513823993826307
-0.922524963959009 60.481509996053497
-0.892440009526413 60.490044017921683
-0.85742198254497 60.493079982430046
-0.823768051284734 60.490237981420513
-0.793718034593206 60.482101021487523
-0.755043971070647 60.484656975721308
-0.720664986578056 60.481044973389722
-0.669190057713488 60.468201019880837
-0.644224007492517 60.457264017040899
-0.626483992766777 60.441116013679121
-0.621829001803361 60.422089007647095
-0.629878011428232 60.405815024998162
-0.651370022514024 60.38886999410861
-0.675894009015752 60.378325974495873
-0.705760998190919 60.371735025456914
-0.749783945042021 60.352164983804485
-0.750115987893933 60.326716987979637
-0.775082036967325 60.304871006046461
-0.797479012075735 60.296211005873673
-0.862420990138074 60.279860989808178
-0.90017298850401 60.275234017848142
-0.919971028724441 60.265819984814414
-0.945181992371283 60.258891986942622
-0.961246004991523 60.247050974926502
-0.963668047942397 60.201350985050993
-0.959618008830027 60.196643971073257
-0.926804031129267 60.183449002630567
-0.907763965723186 60.166305983158871
-0.900639035815119 60.146996023008946
-0.908193992994747 60.121081995917592
-0.933229000114591 60.099437996237469
-0.977349052114982 60.084797016829945
-1.006477957544244 60.064948979964484
-1.033387977438569 60.056869975237952
-1.072092006057227 60.052218990410879
-1.054536958419176 60.002781023328438
-1.058255958947854 59.982707998903081
-1.084835010814945 59.959469020816613
-1.159025957477944 59.925677984533884
-1.168045022746069 59.912781002723108
-1.17023798802003 59.848643983879903
-1.187187939584142 59.826590981791313
-1.208697001285548 59.813853992146754
-1.236938984372404 59.805140994607285
-1.322810994415441 59.798781991547266
-1.357945002931611 59.803028025653916
-1.386547964421605 59.812728984577532
-1.403793957535403 59.82387500644063
-1.414455055866792 59.837578010672864
-1.458807031823297 59.857627974372029
-1.479754952908341 59.876014999703962
-1.489561052764063 59.901497017640914
-1.490531979251517 59.921776008682464
-1.483865973011734 59.935256999492253
-1.463456999239542 59.954857000119837
-1.464248002146837 59.9779239755551
-1.454931987689814 59.994396023483837
-1.544122038138838 60.114216012530001
-1.576936018461547 60.124069015449933
-1.600121989787959 60.139365997019638
-1.639453040314575 60.148852968090068
-1.683062953391173 60.165661008003013
-1.770332967883593 60.203910980208008
-1.785767029051512 60.217853972267768
-1.801087026148138 60.244006989280138
-1.801134986010184 60.275832990684322
-1.845137945935945 60.317923974626893
-1.88191896671414 60.325157028208949
-1.910552963419677 60.339084991512671
-1.924409027441263 60.35402697484254
-1.928292040186738 60.369544997149639
-1.914960977959163 60.393039985810383
-1.878506018254154 60.416491991412329
-1.83415501669458 60.426738969836521
-1.787614042359261 60.425799967356888
-1.700452987335196 60.532913000816194
-1.700996018305698 60.558010002096879
-1.674728056544749 60.582233003877398
-1.632565968171936 60.596213974509432
-1.585662986540822 60.598892008302265
-1.543105038375087 60.613734983756558
-1.535336024655814 60.636959010255012
-1.495342961546665 60.668011009990146
-1.457099021024447 60.680678975569904
-1.409701041887185 60.68378397087799
-1.39117002575991 60.698283977429178
-1.363242004642119 60.70900299177196
-1.329339977316312 60.714694980676683
-1.293975045364232 60.714386017999502
-1.260946052680282 60.708172008933893
-1.233826998348522 60.696587001654642
-1.228607038930187 60.733715004294659
-1.216860044047075 60.750438993331258
-1.192975977733566 60.772670999866698
-1.156292941821088 60.786220982951974
-1.11287898035209 60.790530999784124
-1.058127978640971 60.785445971711717
-1.050623058118705 60.807964013928107
-1.031975010545328 60.832408994864451
-1.000144949612448 60.854218011329174
-0.986881000083192 60.874549971853789
-0.944799985799185 60.897597995645789
-0.916870976695729 60.906967005317355
-0.878855042345585 60.911597990447085
-0.837136001999262 60.908791000067417
-0.810180991608458 60.901947006528104
-0.775968982762182 60.886737987495806
-0.729674967913363 60.883224010794997
-0.691856961748431 60.870292977811374
-0.670102955962606 60.851470991270887
-0.655936033416656 60.825599983317382

