# RBD_F1v3.0 river basin UK en South West (South West)
# data from <a href="http://www.eea.europa.eu/data-and-maps/data/wise-Basin-basin-districts-rbds">EEA</a>
-3.093838001756963 51.363051996002255
-3.034007987880258 51.32889198395371
-3.033444031961701 51.328570012234621
-3.031873007875917 51.327674988507894
-3.03483897941686 51.328171015748282
-3.025289977622593 51.323558996693087
-3.012143013577597 51.322928977546432
-3.009981961830502 51.319260008134975
-3.011748011254378 51.308825001804969
-3.014096985448281 51.294943985386539
-3.01433202073251 51.293557988214047
-3.016000037611404 51.283704001186194
-3.019118991034091 51.265274002995859
-3.019436043930602 51.263401007843569
-3.009811024499768 51.251410998620671
-3.007347965764587 51.251250979343212
-2.986608023151852 51.249896971942597
-2.965888994087762 51.252766007542746
-2.971075035386025 51.260817993404729
-2.960866028147623 51.262035009108239
-2.958413014625486 51.262165003965642
-2.956120989571982 51.261707024703341
-2.956660028632914 51.256889000745709
-2.945121991578363 51.253386999220858
-2.944358036949937 51.253577983210612
-2.943689010136162 51.253398971211894
-2.942160975819715 51.254128018282856
-2.93585398323991 51.25571100750372
-2.921685999152098 51.263916015202298
-2.916848973103108 51.272945023803295
-2.898117022806616 51.268147017267616
-2.883152999607886 51.272754991746808
-2.865357036338036 51.270969021201523
-2.861790025651503 51.267402999672036
-2.861515007180454 51.265724012475467
-2.859924014366019 51.26553297951007
-2.857889977229659 51.263500000816116
-2.847148984958305 51.264029984844463
-2.84268396322752 51.25782001841246
-2.843491006434093 51.25435598804642
-2.845268979062353 51.251353988909024
-2.871763972142295 51.239116992383757
-2.874926976003012 51.217059996677143
-2.866848964456889 51.206329018030509
-2.851984964648678 51.215431000395846
-2.837635010084925 51.213737009393476
-2.824090009110477 51.216980020957024
-2.806853002186439 51.213950992789826
-2.794013993173572 51.216739987881176
-2.788164009745079 51.209583000963313
-2.757378010286043 51.209335020362651
-2.703514975282223 51.197983026219305
-2.700700030860823 51.201144997891099
-2.657146014606006 51.208594984972599
-2.655152002876927 51.219395015147008
-2.644481021003424 51.22440297071973
-2.639594021453444 51.233421018130791
-2.616007960938906 51.237144016371687
-2.578328032565177 51.234894013731015
-2.573006980718604 51.233589003632531
-2.554193980505031 51.219466994887306
-2.503237001576927 51.208457975070317
-2.502793988292964 51.18193099749513
-2.497032021634205 51.178356015746566
-2.48841897206603 51.17569398231344
-2.475005999525418 51.177998005769595
-2.456346017892174 51.187514993047792
-2.43970901987007 51.168693982401521
-2.431850984907573 51.169624005898818
-2.425346998049212 51.162452969501409
-2.412443043549342 51.158901014266647
-2.411692007473906 51.154858010776081
-2.403116009875028 51.155334001759535
-2.388748035740747 51.147288970566585
-2.383752027480356 51.148208977986279
-2.377941040246816 51.136985998834568
-2.367240966391909 51.139717016442368
-2.342662020141217 51.130977988755127
-2.342561009918324 51.130942971518174
-2.342158012099925 51.130797987505431
-2.328602976013704 51.133986993664607
-2.32652202871715 51.142982017273795
-2.304321013862971 51.136748989434508
-2.299399978280431 51.149349002107662
-2.294375001437495 51.146213989218154
-2.280090965981698 51.148502011664839
-2.272974029042547 51.153912016910049
-2.270810987254614 51.150767985931807
-2.247218015881345 51.150825989675994
-2.245265031459612 51.158020010535267
-2.251581019972547 51.164299007696968
-2.245863968030093 51.165215006289152
-2.243205017482877 51.174210007525332
-2.250978045809496 51.184986008232165
-2.230995985600449 51.195374006072583
-2.23103704180116 51.203460994568445
-2.222624021307853 51.207977020249459
-2.224674028453537 51.219662005063888
-2.211826969498941 51.228679991811376
-2.194790007636114 51.227809998629191
-2.178336038909042 51.232329973395906
-2.153821970153381 51.229670996609755
-2.13950803452296 51.232838008258256
-2.142453032135445 51.258911009762308
-2.12955399972695 51.258929994769076
-2.126676965316777 51.254882998698939
-2.104464991691558 51.255806013304621
-2.101628029600431 51.268845018316512
-2.086728984556456 51.268410021228732
-2.07532597264668 51.275042979868374
-2.074775038436646 51.275016982054694
-2.057494013623231 51.267646978387759
-2.050012977323944 51.262584998142486
-2.025641043388084 51.254047009278999
-1.991401034089407 51.253154984663176
-1.975481015858638 51.256747967839182
-1.963294955496753 51.262591988071257
-1.965433970982394 51.276526990587676
-1.949644039930357 51.293159002760177
-1.941031017998042 51.298999989431088
-1.9225369594199 51.298988014171123
-1.920341998306275 51.324168978676546
-1.921055035473993 51.3268659746252
-1.930383993862006 51.326869997913477
-1.944567969465975 51.339919990620608
-1.956770981671878 51.340824001972685
-1.960350015059833 51.353415978695551
-1.979017988827215 51.357468004030849
-1.979728955030295 51.374106998093019
-1.991224006672798 51.37545400527133
-1.994814963821697 51.386696026269497
-1.988347003490019 51.387146004236008
-1.985421019896923 51.391537004121744
-1.983474973818272 51.392535981820579
-1.975701967453317 51.392536011692101
-1.968940989239323 51.392089983946434
-1.968508964662567 51.392524983351869
-1.923818021713046 51.391617001898346
-1.925978950623981 51.388469979849631
-1.919519972948737 51.383517973621423
-1.856295972066228 51.380309971608121
-1.839804003959662 51.370849988466375
-1.810339020786677 51.373505017708709
-1.796665981444925 51.378879991269393
-1.776573972533824 51.373443992041537
-1.760752975177555 51.376560017433142
-1.749279964046652 51.372489973410779
-1.736312996708082 51.378757015131605
-1.676688028969286 51.377257970905575
-1.658770038882668 51.371365011897097
-1.671069019001405 51.35925700967249
-1.660387034059474 51.347087987910086
-1.638931959977308 51.336231007893815
-1.629603989018806 51.335754023712227
-1.604628019878615 51.318583974820619
-1.603029009737716 51.318507983718227
-1.601052023919339 51.317222988593848
-1.599544002979213 51.317078012451184
-1.598560969584739 51.316340996697811
-1.591776022053159 51.311259983643026
-1.591130960999903 51.303164980896987
-1.600499039178902 51.298251987820237
-1.60417403932576 51.287922012739095
-1.635828026819867 51.274986000111589
-1.64523002687438 51.264220970686374
-1.649795997161073 51.229163974185134
-1.657743999174073 51.219746025553732
-1.657078003449705 51.213084995427707
-1.647106955896551 51.206222997627435
-1.645791973123851 51.191016975689273
-1.639378022323006 51.187762986895621
-1.642266958874242 51.184177006763115
-1.625143958587886 51.178276013264309
-1.624482992594706 51.171531976722626
-1.633799985394074 51.16931200029218
-1.632418963729839 51.163012983259911
-1.641031975844431 51.158992974291166
-1.640397007010654 51.148646995692445
-1.651196001209234 51.138785996851915
-1.656195029698382 51.139251998791011
-1.661264035480741 51.130276011954059
-1.709997037987308 51.108372008446509
-1.711480993150498 51.099383981253993
-1.725848968739588 51.085030012620287
-1.723756039140041 51.0769309897006
-1.736647962099002 51.069316990416375
-1.726717021018388 51.05894899346324
-1.741027015235131 51.051788012566114
-1.739628032522035 51.046920996364989
-1.735375963882091 51.041962018274226
-1.720416029519103 51.038779978242296
-1.721179019896152 51.030609020439385
-1.70907600085276 51.027430985879434
-1.701324029799816 51.013102979743365
-1.71785300781635 50.991031981122354
-1.717262979048779 50.970874984351831
-1.695965999642481 50.960400023162677
-1.692447024139168 50.9541739871365
-1.654816017588308 50.940581975898986
-1.652986014474839 50.930606972629811
-1.655631011469708 50.926559009713671
-1.650454041209243 50.916797996344656
-1.650040007630524 50.914543002623468
-1.650028996142374 50.91448201211125
-1.679658006830147 50.900672972061194
-1.681600969456083 50.897552028113253
-1.690869023266582 50.870083007331914
-1.721487979098832 50.859818010123107
-1.725791006604904 50.853000970212719
-1.711775015881073 50.821938022159131
-1.728222022272964 50.801376017051609
-1.710501997397296 50.798186982255757
-1.704879028814665 50.789631018305506
-1.692840034150616 50.786449018631515
-1.700024994052352 50.772078973571084
-1.685781004559525 50.762420981682176
-1.684143971522841 50.746215985995107
-1.701035968874971 50.73627098542741
-1.701089027501979 50.736258995554557
-1.700901981652558 50.734957011853496
-1.685025976608532 50.624344000185005
-1.954229029055404 50.574801978028212
-2.011904988620843 50.571442025340787
-2.053253997985737 50.559811012650684
-2.067494030959233 50.561634012567545
-2.096596992754805 50.575324995093908
-2.124494978797713 50.580326023084325
-2.166707021227991 50.595287010533994
-2.20799400252015 50.599639980443548
-2.258643017946902 50.596745022268095
-2.379015998945257 50.545666014988797
-2.425784962614473 50.507571973556821
-2.444395980393309 50.497985970921668
-2.460190006864772 50.496085992335018
-2.475063959182908 50.500217000010977
-2.48487600971745 50.509101979769767
-2.482529967129588 50.545963011256802
-2.486641035223216 50.558692995513631
-2.494945988984199 50.567291024621497
-2.541404009132643 50.595530986471566
-2.617576011659623 50.634551978380728
-2.699316019017232 50.668010996853262
-2.792730962177925 50.697708014023711
-2.889013028348246 50.711310989087131
-2.909038980576781 50.708622015523169
-2.976341026802665 50.686977018319695
-3.007791003767393 50.681117970165005
-3.043758037188835 50.681636992757475
-3.06376203469264 50.678920997000851
-3.091633968691656 50.668018017273987
-3.178386010013535 50.666491971896015
-3.226080995290227 50.660812021387038
-3.250232998990401 50.651004986977362
-3.26932999571473 50.629314014269795
-3.292247997298388 50.613281022210323
-3.314189039148359 50.608444010533432
-3.347800987409825 50.590449987808768
-3.414644030243574 50.579780999872327
-3.431392985778014 50.572352986630214
-3.479563971996158 50.5184589837109
-3.484013002562004 50.503001988582895
-3.475712027134016 50.485638000341382
-3.449865021920569 50.467918008034466
-3.444496975585576 50.459785027593469
-3.459120995554269 50.38813802302316
-3.485059963091804 50.359183994560539
-3.495058994059526 50.331711023939079
-3.501232028917949 50.325026980184809
-3.5891540124284 50.303020019596254
-3.606638036524118 50.295055008351831
-3.617540968860237 50.284095987096315
-3.62757998514273 50.250160007256873
-3.623194032084622 50.23746901168446
-3.613538030960756 50.226032001837233
-3.612936010948063 50.217327014950477
-3.618130013161441 50.208129990318476
-3.62994199863944 50.202381009215891
-3.67530999081252 50.195933997552821
-3.694089032946493 50.188800989062692
-3.72094703613481 50.184631019645309
-3.767765029991926 50.192977975790278
-3.797437007924543 50.193164986093294
-3.842968998247214 50.203238992048377
-3.879166018219065 50.221451007269366
-3.895728994268918 50.233973990213634
-3.903253976791305 50.252200997469544
-3.914943986355648 50.262816988209501
-3.926791987787663 50.270294025451413
-3.96179702090854 50.282103994238028
-3.981786966585417 50.284301979256206
-4.03434603232806 50.274611982510393
-4.055743986070186 50.276878008556444
-4.099245013567287 50.287635990799181
-4.230025000598952 50.294864986331007
-4.248653994209376 50.302284006382237
-4.257521980368165 50.317691975533684
-4.269306971836221 50.328269994899564
-4.297702040858026 50.339297985989404
-4.320966032688427 50.342288978187121
-4.375567975911914 50.341124992906529
-4.395345021030421 50.338183974206473
-4.41185195094188 50.330619976002147
-4.424534011252013 50.320282010891653
-4.435918005794417 50.316714973478817
-4.496253022528166 50.313846979702149
-4.560991950945951 50.301825975718693
-4.612063991012206 50.307193978019768
-4.63723099712207 50.30397400587659
-4.678481974833345 50.287738972064737
-4.718764006005816 50.262763970630822
-4.729400031861748 50.251704990514796
-4.737153977843839 50.234942988939046
-4.764029011250402 50.221813000981655
-4.783401012211435 50.205508994391955
-4.802021016131396 50.201793995676724
-4.837225007068519 50.205685005587242
-4.856913976687998 50.202663023843535
-4.873299966342759 50.195038006950895
-4.893343994730957 50.176490969406736
-4.924851970467794 50.17041000577931
-4.941216039493338 50.162772986641215
-4.962356018334506 50.140197983481301
-4.983652030064131 50.128894971413686
-4.994197008989455 50.117812972504332
-5.018732033687545 50.070999007014748
-5.01886898683919 50.044455987897891
-5.024026033467484 50.035663975550726
-5.052158032886482 50.018863997757521
-5.085738966433901 49.989704027185773
-5.130612040708527 49.982159002869146
-5.146878986389064 49.974491021005875
-5.16439096475651 49.952255001487359
-5.193903031536895 49.936813000218336
-5.211778031995633 49.935744975487253
-5.230054984646781 49.941261013517419
-5.268301041814881 49.964843993960365
-5.291991038904399 49.993706001512251
-5.295280019712878 50.01574299395206
-5.313178995737817 50.05013702612635
-5.325122992731184 50.060604012792751
-5.34238596158024 50.067333013027614
-5.383405998460245 50.067944010592043
-5.402728984905204 50.073264970617601
-5.447659981064138 50.078182011249098
-5.483560025867296 50.07558799432298
-5.499608971280819 50.072646995718507
-5.515844036959145 50.064933988985061
-5.533022984981171 50.048504000251476
-5.563840030918728 50.035801018934499
-5.614051978495498 50.02856101821817
-5.665403016140274 50.006606984847465
-5.678358996682969 50.006137977014731
-5.690451989030548 50.00995302494912
-5.723610989768753 50.039833022496822
-5.76206599891762 50.052738021776726
-5.770569014702064 50.059218978218496
-5.77348702175866 50.066760974990729
-5.769252034579902 50.076430967115662
-5.749521032376627 50.095157986695092
-5.746794979729859 50.128296002943245
-5.692409023135173 50.182483978779139
-5.680349999075456 50.187462016590608
-5.645766010438823 50.191444009556584
-5.617096048533052 50.208500016703809
-5.588751018077486 50.215751992158737
-5.562093012677859 50.229648986176741
-5.476227997865826 50.240189007344796
-5.459927991251513 50.247898020114754
-5.444613997855569 50.262801979006888
-5.427969048554378 50.269630011231065
-5.411903023908282 50.270523021278727
-5.374161039008894 50.261744995685888
-5.343529002007697 50.264422996313904
-5.317709983989605 50.278758991166896
-5.276555019221436 50.295749980804317
-5.266039025533004 50.306854012651662
-5.255658991877379 50.342273986583336
-5.245544023946197 50.3487589938902
-5.21778598249777 50.353779022708153
-5.201405001847497 50.361454022494307
-5.190857022232143 50.372555003769378
-5.186747021620403 50.398277022438805
-5.170547998920068 50.416061004889983
-5.083744973880769 50.451897021218436
-5.073150017845165 50.462989999212674
-5.070007974076378 50.475822028138744
-5.077704019061137 50.496082005957973
-5.072567020533015 50.515350012305966
-5.089178001568564 50.543743018364268
-5.08254803268928 50.556376998486748
-5.072537997326807 50.560879009351659
-5.048729987178128 50.564888014451924
-5.032248000646725 50.572543995342336
-5.016518038106685 50.585910998386353
-4.991360966945634 50.591834996525208
-4.958791963556956 50.608288014181817
-4.916923032824559 50.614303975904171
-4.872940042924322 50.612155991789365
-4.832842999152946 50.618515007283115
-4.81630703116306 50.626141004139896
-4.805611026752193 50.637211020899244
-4.785329995971695 50.680430994601508
-4.708517997319006 50.712765022509608
-4.686489964836043 50.732433003527717
-4.676828020650825 50.750515008022575
-4.601397018829639 50.788306970123308
-4.590614025706137 50.799354987955461
-4.585970027947985 50.82759099545396
-4.588924035306279 50.867981015054909
-4.595909020426514 50.882300987122505
-4.599200018518297 50.906059000426616
-4.568299976589883 50.963046999849368
-4.564747006379966 51.01083798070978
-4.549488012827645 51.034568995266696
-4.530479030914707 51.04090096940665
-4.464169003912029 51.038650981349697
-4.412894043948759 51.029568015158517
-4.374460017107427 51.014080018992317
-4.353202020532122 51.011947996701572
-4.33313795670936 51.014884980138163
-4.316380026475145 51.022441976276227
-4.286116033513976 51.047031017842563
-4.277480051510489 51.056419017168267
-4.274083994719446 51.069236988376858
-4.276746964303251 51.083397024829303
-4.267929000055844 51.105656009999471
-4.289289980819746 51.144649995097417
-4.27809601276739 51.162449000430698
-4.268297043306527 51.191394990800354
-4.31216197827165 51.367503975447129
-3.957451036025031 51.396003967462633
-3.643650025194532 51.32158297480656
-3.31424801253546 51.285426973552831
-3.239082040661627 51.293197995490694
-3.180658016511535 51.349406995324415
-3.100923026594533 51.357135968048858
-3.093838001756963 51.363051996002255
-4.679003010796843 51.220813990806469
-4.651691023446022 51.213661000165487
-4.635221994059227 51.19390900224515
-4.622340997666893 51.162173987551611
-4.629292957211839 51.15132098580154
-4.645876987892694 51.144421018953629
-4.6743729918493 51.139358973863679
-4.693392038325235 51.144671993754415
-4.708738961943276 51.17020399699431
-4.707448957146654 51.186439981421991
-4.713267036548012 51.205082011859929
-4.704916979730629 51.216587010509123
-4.693330006373926 51.220614979456855
-4.679003010796843 51.220813990806469
-6.123403981367979 50.016707974373297
-6.152880994123088 50.032134990769791
-6.154808986897052 50.046534999561075
-6.139369987888932 50.059410003910259
-6.116162011939915 50.060940011357765
-6.097648998835795 50.051616997561865
-6.087232035896577 50.030944996458565
-6.091268044066852 50.022999008008874
-6.100767012075198 50.017319009014784
-6.123403981367979 50.016707974373297
-6.27797298747445 49.890553011443821
-6.307208979457648 49.879051018926098
-6.324397044332353 49.867256006158435
-6.347267971503604 49.86185799363809
-6.377940966894987 49.849384028378218
-6.411846023849851 49.845427979056154
-6.458085040079723 49.855209008527197
-6.470345025442446 49.867965969462119
-6.481767013836718 49.892287984062648
-6.480932994118489 49.901508016363699
-6.468772977772686 49.913249978269477
-6.435836005550841 49.926345981750281
-6.425669959587868 49.9375460018464
-6.417103969286677 49.958651972529601
-6.397148028649119 49.972583965931669
-6.34621101774669 49.992344013731511
-6.326128046395382 49.997311010461289
-6.287930006575711 49.998649979098218
-6.252872966491895 49.985336003336272
-6.231334992798176 49.980716989775274
-6.218365003179204 49.968940975270165
-6.216047994072969 49.951549983396689
-6.220016952667097 49.938140976708446
-6.241427967557171 49.924198011681611
-6.259287015102377 49.90252701228092
-6.27797298747445 49.890553011443821
-4.25174097590416 50.197487012094285
-4.238131012201078 50.188187004139657
-4.239107029579873 50.174919006278692
-4.256537978832848 50.164131017161317
-4.277620987663487 50.164943991387048
-4.290921998319396 50.175349998672985
-4.288568952104006 50.18926197818795
-4.271697998140683 50.197871992091038
-4.25174097590416 50.197487012094285
-5.798537033346921 49.960788979909921
-5.784421998656479 49.95134398234908
-5.785157018468443 49.938232014138485
-5.799463018798725 49.929474001432254
-5.819817984766105 49.929760022072493
-5.833501007613293 49.938933989143983
-5.833054026413512 49.952244021810955
-5.818790008084033 49.961086000264302
-5.798537033346921 49.960788979909921

