# Weser catchment
8.842 51.883 5300800
8.842 51.892 5300800
8.817 51.892 5300800
8.817 51.900 5300800
8.808 51.900 5300800
8.808 51.908 5300800
8.792 51.908 5300800
8.792 51.917 5300800
8.783 51.917 5300800
8.783 51.925 5300800
8.750 51.925 5300800
8.750 51.933 5300800
8.725 51.933 5300800
8.725 51.942 5300800
8.692 51.942 5300800
8.692 51.950 5300800
8.675 51.950 5300800
8.675 51.958 5300800
8.650 51.958 5300800
8.650 51.967 5300800
8.608 51.967 5300800
8.608 51.975 5300800
8.583 51.975 5300800
8.583 51.983 5300800
8.550 51.983 5300800
8.550 51.992 5300800
8.517 51.992 5300800
8.517 52.000 5300800
8.508 52.000 5300800
8.508 52.008 5300800
8.500 52.008 5300800
8.500 52.017 5300800
8.458 52.017 5300800
8.458 52.025 5300800
8.442 52.025 5300800
8.442 52.033 5300800
8.425 52.033 5300800
8.425 52.050 5300800
8.408 52.050 5300800
8.408 52.058 5300800
8.392 52.058 5300800
8.392 52.067 5300800
8.383 52.067 5300800
8.383 52.075 5300800
8.367 52.075 5300800
8.367 52.083 5300800
8.342 52.083 5300800
8.342 52.092 5300800
8.300 52.092 5300800
8.300 52.100 5300800
8.292 52.100 5300800
8.292 52.108 5300800
8.283 52.108 5300800
8.283 52.117 5300800
8.267 52.117 5300800
8.267 52.142 5300800
8.275 52.142 5300800
8.275 52.150 5300800
8.292 52.150 5300800
8.292 52.158 5300800
8.317 52.158 5300800
8.317 52.150 5300800
8.325 52.150 5300800
8.325 52.158 5300800
8.333 52.158 5300800
8.333 52.167 5300800
8.342 52.167 5300800
8.342 52.200 5300800
8.333 52.200 5300800
8.333 52.217 5300800
8.342 52.217 5300800
8.342 52.225 5300800
8.350 52.225 5300800
8.350 52.233 5300800
8.358 52.233 5300800
8.358 52.258 5300800
8.342 52.258 5300800
8.342 52.275 5300800
8.358 52.275 5300800
8.358 52.292 5300800
8.350 52.292 5300800
8.350 52.308 5300800
8.225 52.308 5300800
8.225 52.317 5300800
8.208 52.317 5300800
8.208 52.325 5300800
8.183 52.325 5300800
8.183 52.350 5300800
8.150 52.350 5300800
8.150 52.358 5300800
8.108 52.358 5300800
8.108 52.367 5300800
8.100 52.367 5300800
8.100 52.375 5300800
8.092 52.375 5300800
8.092 52.383 5300800
8.108 52.383 5300800
8.108 52.392 5300800
8.133 52.392 5300800
8.133 52.383 5300800
8.142 52.383 5300800
8.142 52.392 5300800
8.150 52.392 5300800
8.150 52.417 5300800
8.158 52.417 5300800
8.158 52.433 5300800
8.175 52.433 5300800
8.175 52.442 5300800
8.167 52.442 5300800
8.167 52.467 5300800
8.175 52.467 5300800
8.175 52.475 5300800
8.167 52.475 5300800
8.167 52.483 5300800
8.158 52.483 5300800
8.158 52.500 5300800
8.150 52.500 5300800
8.150 52.508 5300800
8.142 52.508 5300800
8.142 52.525 5300800
8.150 52.525 5300800
8.150 52.533 5300800
8.175 52.533 5300800
8.175 52.542 5300800
8.192 52.542 5300800
8.192 52.550 5300800
8.217 52.550 5300800
8.217 52.558 5300800
8.233 52.558 5300800
8.233 52.575 5300800
8.250 52.575 5300800
8.250 52.592 5300800
8.258 52.592 5300800
8.258 52.667 5300800
8.267 52.667 5300800
8.267 52.675 5300800
8.275 52.675 5300800
8.275 52.683 5300800
8.283 52.683 5300800
8.283 52.692 5300800
8.292 52.692 5300800
8.292 52.708 5300800
8.308 52.708 5300800
8.308 52.733 5300800
8.317 52.733 5300800
8.317 52.742 5300800
8.300 52.742 5300800
8.300 52.750 5300800
8.292 52.750 5300800
8.292 52.775 5300800
8.283 52.775 5300800
8.283 52.792 5300800
8.275 52.792 5300800
8.275 52.808 5300800
8.267 52.808 5300800
8.267 52.817 5300800
8.225 52.817 5300800
8.225 52.833 5300800
8.208 52.833 5300800
8.208 52.842 5300800
8.200 52.842 5300800
8.200 52.850 5300800
8.158 52.850 5300800
8.158 52.858 5300800
8.142 52.858 5300800
8.142 52.900 5300800
8.125 52.900 5300800
8.125 52.908 5300800
8.117 52.908 5300800
8.117 52.917 5300800
8.108 52.917 5300800
8.108 52.925 5300800
8.100 52.925 5300800
8.100 52.983 5300800
8.092 52.983 5300800
8.092 53.017 5300800
8.100 53.017 5300800
8.100 53.025 5300800
8.108 53.025 5300800
8.108 53.033 5300800
8.133 53.033 5300800
8.133 53.075 5300800
8.125 53.075 5300800
8.125 53.083 5300800
8.108 53.083 5300800
8.108 53.100 5300800
8.100 53.100 5300800
8.100 53.125 5300800
8.083 53.125 5300800
8.083 53.142 5300800
8.075 53.142 5300800
8.075 53.150 5300800
8.050 53.150 5300800
8.050 53.158 5300800
8.058 53.158 5300800
8.058 53.175 5300800
8.067 53.175 5300800
8.067 53.183 5300800
8.092 53.183 5300800
8.092 53.192 5300800
8.100 53.192 5300800
8.100 53.200 5300800
8.117 53.200 5300800
8.117 53.217 5300800
8.133 53.217 5300800
8.133 53.225 5300800
8.150 53.225 5300800
8.150 53.233 5300800
8.233 53.233 5300800
8.233 53.242 5300800
8.242 53.242 5300800
8.242 53.250 5300800
8.250 53.250 5300800
8.250 53.258 5300800
8.267 53.258 5300800
8.267 53.267 5300800
8.275 53.267 5300800
8.275 53.275 5300800
8.283 53.275 5300800
8.283 53.300 5300800
8.292 53.300 5300800
8.292 53.308 5300800
8.300 53.308 5300800
8.300 53.300 5300800
8.308 53.300 5300800
8.308 53.308 5300800
8.300 53.308 5300800
8.300 53.325 5300800
8.308 53.325 5300800
8.308 53.333 5300800
8.300 53.333 5300800
8.300 53.350 5300800
8.292 53.350 5300800
8.292 53.358 5300800
8.317 53.358 5300800
8.317 53.367 5300800
8.358 53.367 5300800
8.358 53.392 5300800
8.350 53.392 5300800
8.350 53.400 5300800
8.358 53.400 5300800
8.358 53.408 5300800
8.383 53.408 5300800
8.383 53.383 5300800
8.392 53.383 5300800
8.392 53.375 5300800
8.400 53.375 5300800
8.400 53.358 5300800
8.392 53.358 5300800
8.392 53.350 5300800
8.408 53.350 5300800
8.408 53.342 5300800
8.425 53.342 5300800
8.425 53.350 5300800
8.442 53.350 5300800
8.442 53.342 5300800
8.467 53.342 5300800
8.467 53.350 5300800
8.483 53.350 5300800
8.483 53.342 5300800
8.500 53.342 5300800
8.500 53.325 5300800
8.508 53.325 5300800
8.508 53.300 5300800
8.517 53.300 5300800
8.517 53.292 5300800
8.525 53.292 5300800
8.525 53.283 5300800
8.542 53.283 5300800
8.542 53.275 5300800
8.533 53.275 5300800
8.533 53.258 5300800
8.525 53.258 5300800
8.525 53.233 5300800
8.533 53.233 5300800
8.533 53.225 5300800
8.550 53.225 5300800
8.550 53.217 5300800
8.583 53.217 5300800
8.583 53.225 5300800
8.608 53.225 5300800
8.608 53.233 5300800
8.617 53.233 5300800
8.617 53.242 5300800
8.650 53.242 5300800
8.650 53.250 5300800
8.667 53.250 5300800
8.667 53.242 5300800
8.683 53.242 5300800
8.683 53.250 5300800
8.700 53.250 5300800
8.700 53.258 5300800
8.733 53.258 5300800
8.733 53.250 5300800
8.742 53.250 5300800
8.742 53.283 5300800
8.750 53.283 5300800
8.750 53.300 5300800
8.758 53.300 5300800
8.758 53.333 5300800
8.783 53.333 5300800
8.783 53.342 5300800
8.792 53.342 5300800
8.792 53.350 5300800
8.817 53.350 5300800
8.817 53.358 5300800
8.850 53.358 5300800
8.850 53.367 5300800
8.867 53.367 5300800
8.867 53.375 5300800
8.917 53.375 5300800
8.917 53.383 5300800
8.933 53.383 5300800
8.933 53.392 5300800
8.950 53.392 5300800
8.950 53.400 5300800
8.958 53.400 5300800
8.958 53.408 5300800
8.983 53.408 5300800
8.992 53.408 5300800
8.992 53.400 5300800
9.050 53.400 5300800
9.050 53.392 5300800
9.067 53.392 5300800
9.067 53.383 5300800
9.083 53.383 5300800
9.083 53.375 5300800
9.092 53.375 5300800
9.092 53.367 5300800
9.083 53.367 5300800
9.083 53.358 5300800
9.092 53.358 5300800
9.092 53.350 5300800
9.133 53.350 5300800
9.133 53.342 5300800
9.142 53.342 5300800
9.142 53.333 5300800
9.158 53.333 5300800
9.158 53.317 5300800
9.175 53.317 5300800
9.175 53.300 5300800
9.167 53.300 5300800
9.167 53.292 5300800
9.150 53.292 5300800
9.150 53.283 5300800
9.142 53.283 5300800
9.142 53.267 5300800
9.183 53.267 5300800
9.183 53.250 5300800
9.200 53.250 5300800
9.200 53.242 5300800
9.225 53.242 5300800
9.225 53.208 5300800
9.242 53.208 5300800
9.242 53.217 5300800
9.300 53.217 5300800
9.300 53.208 5300800
9.308 53.208 5300800
9.308 53.200 5300800
9.333 53.200 5300800
9.333 53.192 5300800
9.342 53.192 5300800
9.342 53.183 5300800
9.383 53.183 5300800
9.383 53.192 5300800
9.408 53.192 5300800
9.408 53.183 5300800
9.417 53.183 5300800
9.417 53.175 5300800
9.425 53.175 5300800
9.425 53.183 5300800
9.450 53.183 5300800
9.450 53.192 5300800
9.467 53.192 5300800
9.467 53.200 5300800
9.475 53.200 5300800
9.475 53.208 5300800
9.500 53.208 5300800
9.500 53.217 5300800
9.508 53.217 5300800
9.508 53.233 5300800
9.517 53.233 5300800
9.517 53.250 5300800
9.525 53.250 5300800
9.525 53.258 5300800
9.558 53.258 5300800
9.558 53.250 5300800
9.567 53.250 5300800
9.567 53.242 5300800
9.617 53.242 5300800
9.617 53.233 5300800
9.633 53.233 5300800
9.633 53.242 5300800
9.725 53.242 5300800
9.725 53.250 5300800
9.733 53.250 5300800
9.733 53.258 5300800
9.742 53.258 5300800
9.742 53.267 5300800
9.750 53.267 5300800
9.750 53.258 5300800
9.758 53.258 5300800
9.758 53.250 5300800
9.767 53.250 5300800
9.767 53.242 5300800
9.775 53.242 5300800
9.775 53.233 5300800
9.783 53.233 5300800
9.783 53.208 5300800
9.833 53.208 5300800
9.850 53.208 5300800
9.850 53.200 5300800
9.858 53.200 5300800
9.858 53.192 5300800
9.867 53.192 5300800
9.867 53.183 5300800
9.883 53.183 5300800
9.883 53.175 5300800
9.900 53.175 5300800
9.900 53.167 5300800
9.892 53.167 5300800
9.892 53.158 5300800
9.883 53.158 5300800
9.883 53.133 5300800
9.875 53.133 5300800
9.875 53.117 5300800
9.900 53.117 5300800
9.900 53.108 5300800
9.908 53.108 5300800
9.908 53.083 5300800
9.925 53.083 5300800
9.925 53.075 5300800
9.933 53.075 5300800
9.933 53.058 5300800
9.950 53.058 5300800
9.950 53.050 5300800
9.958 53.050 5300800
9.958 53.042 5300800
9.975 53.042 5300800
9.975 53.050 5300800
10.025 53.050 5300800
10.025 53.058 5300800
10.050 53.058 5300800
10.050 53.067 5300800
10.058 53.067 5300800
10.058 53.075 5300800
10.067 53.075 5300800
10.067 53.083 5300800
10.083 53.083 5300800
10.083 53.092 5300800
10.092 53.092 5300800
10.092 53.083 5300800
10.100 53.083 5300800
10.100 53.075 5300800
10.117 53.075 5300800
10.117 53.067 5300800
10.125 53.067 5300800
10.125 53.058 5300800
10.142 53.058 5300800
10.142 53.050 5300800
10.150 53.050 5300800
10.150 53.042 5300800
10.208 53.042 5300800
10.208 53.033 5300800
10.250 53.033 5300800
10.250 53.000 5300800
10.242 53.000 5300800
10.242 52.992 5300800
10.217 52.992 5300800
10.217 52.967 5300800
10.208 52.967 5300800
10.208 52.950 5300800
10.217 52.950 5300800
10.217 52.917 5300800
10.300 52.917 5300800
10.300 52.908 5300800
10.333 52.908 5300800
10.333 52.900 5300800
10.358 52.900 5300800
10.358 52.892 5300800
10.367 52.892 5300800
10.367 52.875 5300800
10.358 52.875 5300800
10.358 52.867 5300800
10.342 52.867 5300800
10.342 52.825 5300800
10.367 52.825 5300800
10.367 52.817 5300800
10.375 52.817 5300800
10.375 52.825 5300800
10.400 52.825 5300800
10.400 52.833 5300800
10.425 52.833 5300800
10.425 52.825 5300800
10.475 52.825 5300800
10.475 52.808 5300800
10.483 52.808 5300800
10.483 52.783 5300800
10.508 52.783 5300800
10.508 52.775 5300800
10.533 52.775 5300800
10.533 52.783 5300800
10.542 52.783 5300800
10.542 52.775 5300800
10.667 52.775 5300800
10.667 52.783 5300800
10.708 52.783 5300800
10.708 52.775 5300800
10.725 52.775 5300800
10.725 52.783 5300800
10.775 52.783 5300800
10.775 52.792 5300800
10.792 52.792 5300800
10.792 52.800 5300800
10.800 52.800 5300800
10.800 52.758 5300800
10.808 52.758 5300800
10.808 52.750 5300800
10.825 52.750 5300800
10.825 52.742 5300800
10.833 52.742 5300800
10.833 52.733 5300800
10.858 52.733 5300800
10.858 52.725 5300800
10.867 52.725 5300800
10.867 52.717 5300800
10.875 52.717 5300800
10.875 52.700 5300800
10.892 52.700 5300800
10.892 52.692 5300800
10.900 52.692 5300800
10.900 52.675 5300800
10.908 52.675 5300800
10.908 52.667 5300800
10.925 52.667 5300800
10.925 52.658 5300800
10.958 52.658 5300800
10.958 52.633 5300800
10.967 52.633 5300800
10.967 52.625 5300800
11.000 52.625 5300800
11.000 52.608 5300800
11.008 52.608 5300800
11.008 52.583 5300800
11.042 52.583 5300800
11.042 52.592 5300800
11.067 52.592 5300800
11.067 52.608 5300800
11.108 52.608 5300800
11.108 52.617 5300800
11.117 52.617 5300800
11.117 52.608 5300800
11.125 52.608 5300800
11.125 52.592 5300800
11.175 52.592 5300800
11.175 52.600 5300800
11.200 52.600 5300800
11.200 52.592 5300800
11.208 52.592 5300800
11.208 52.567 5300800
11.200 52.567 5300800
11.200 52.533 5300800
11.192 52.533 5300800
11.192 52.517 5300800
11.150 52.517 5300800
11.150 52.508 5300800
11.133 52.508 5300800
11.133 52.500 5300800
11.125 52.500 5300800
11.125 52.492 5300800
11.108 52.492 5300800
11.108 52.467 5300800
11.100 52.467 5300800
11.100 52.458 5300800
11.108 52.458 5300800
11.108 52.450 5300800
11.100 52.450 5300800
11.100 52.433 5300800
11.108 52.433 5300800
11.108 52.425 5300800
11.117 52.425 5300800
11.117 52.392 5300800
11.142 52.392 5300800
11.142 52.400 5300800
11.183 52.400 5300800
11.183 52.392 5300800
11.208 52.392 5300800
11.208 52.383 5300800
11.250 52.383 5300800
11.250 52.375 5300800
11.258 52.375 5300800
11.258 52.367 5300800
11.275 52.367 5300800
11.275 52.358 5300800
11.283 52.358 5300800
11.283 52.350 5300800
11.292 52.350 5300800
11.292 52.333 5300800
11.300 52.333 5300800
11.300 52.325 5300800
11.292 52.325 5300800
11.292 52.308 5300800
11.258 52.308 5300800
11.258 52.292 5300800
11.250 52.292 5300800
11.250 52.283 5300800
11.242 52.283 5300800
11.242 52.275 5300800
11.208 52.275 5300800
11.208 52.267 5300800
11.200 52.267 5300800
11.200 52.258 5300800
11.192 52.258 5300800
11.192 52.250 5300800
11.200 52.250 5300800
11.200 52.242 5300800
11.208 52.242 5300800
11.208 52.233 5300800
11.233 52.233 5300800
11.233 52.225 5300800
11.250 52.225 5300800
11.250 52.200 5300800
11.258 52.200 5300800
11.258 52.192 5300800
11.267 52.192 5300800
11.267 52.183 5300800
11.283 52.183 5300800
11.283 52.175 5300800
11.300 52.175 5300800
11.300 52.167 5300800
11.308 52.167 5300800
11.308 52.150 5300800
11.300 52.150 5300800
11.300 52.142 5300800
11.292 52.142 5300800
11.292 52.133 5300800
11.283 52.133 5300800
11.283 52.125 5300800
11.275 52.125 5300800
11.275 52.100 5300800
11.258 52.100 5300800
11.258 52.092 5300800
11.250 52.092 5300800
11.250 52.083 5300800
11.225 52.083 5300800
11.225 52.092 5300800
11.192 52.092 5300800
11.192 52.108 5300800
11.183 52.108 5300800
11.183 52.117 5300800
11.158 52.117 5300800
11.158 52.125 5300800
11.150 52.125 5300800
11.150 52.158 5300800
11.142 52.158 5300800
11.142 52.167 5300800
11.125 52.167 5300800
11.125 52.175 5300800
11.117 52.175 5300800
11.117 52.183 5300800
11.108 52.183 5300800
11.108 52.192 5300800
11.100 52.192 5300800
11.100 52.200 5300800
11.058 52.200 5300800
11.058 52.183 5300800
11.042 52.183 5300800
11.042 52.175 5300800
11.033 52.175 5300800
11.033 52.167 5300800
11.008 52.167 5300800
11.008 52.175 5300800
11.000 52.175 5300800
11.000 52.192 5300800
10.992 52.192 5300800
10.992 52.200 5300800
10.983 52.200 5300800
10.983 52.208 5300800
10.967 52.208 5300800
10.967 52.192 5300800
10.942 52.192 5300800
10.942 52.183 5300800
10.933 52.183 5300800
10.933 52.158 5300800
10.925 52.158 5300800
10.925 52.150 5300800
10.908 52.150 5300800
10.908 52.158 5300800
10.883 52.158 5300800
10.883 52.167 5300800
10.850 52.167 5300800
10.850 52.158 5300800
10.842 52.158 5300800
10.842 52.142 5300800
10.817 52.142 5300800
10.817 52.133 5300800
10.800 52.133 5300800
10.800 52.125 5300800
10.775 52.125 5300800
10.775 52.117 5300800
10.692 52.117 5300800
10.692 52.092 5300800
10.683 52.092 5300800
10.683 52.075 5300800
10.658 52.075 5300800
10.658 52.067 5300800
10.650 52.067 5300800
10.650 52.042 5300800
10.658 52.042 5300800
10.658 52.033 5300800
10.667 52.033 5300800
10.667 52.025 5300800
10.675 52.025 5300800
10.675 52.017 5300800
10.717 52.017 5300800
10.717 52.008 5300800
10.733 52.008 5300800
10.733 52.000 5300800
10.750 52.000 5300800
10.750 51.992 5300800
10.758 51.992 5300800
10.758 51.975 5300800
10.767 51.975 5300800
10.767 51.958 5300800
10.783 51.958 5300800
10.783 51.950 5300800
10.800 51.950 5300800
10.800 51.933 5300800
10.792 51.933 5300800
10.792 51.908 5300800
10.783 51.908 5300800
10.783 51.900 5300800
10.792 51.900 5300800
10.792 51.875 5300800
10.783 51.875 5300800
10.783 51.867 5300800
10.767 51.867 5300800
10.767 51.858 5300800
10.758 51.858 5300800
10.758 51.850 5300800
10.742 51.850 5300800
10.742 51.833 5300800
10.708 51.833 5300800
10.708 51.825 5300800
10.692 51.825 5300800
10.692 51.817 5300800
10.667 51.817 5300800
10.667 51.808 5300800
10.658 51.808 5300800
10.658 51.800 5300800
10.642 51.800 5300800
10.642 51.792 5300800
10.625 51.792 5300800
10.625 51.800 5300800
10.608 51.800 5300800
10.608 51.792 5300800
10.592 51.792 5300800
10.592 51.783 5300800
10.575 51.783 5300800
10.575 51.775 5300800
10.567 51.775 5300800
10.567 51.767 5300800
10.575 51.767 5300800
10.575 51.750 5300800
10.583 51.750 5300800
10.583 51.708 5300800
10.592 51.708 5300800
10.592 51.692 5300800
10.600 51.692 5300800
10.600 51.683 5300800
10.592 51.683 5300800
10.592 51.675 5300800
10.583 51.675 5300800
10.583 51.667 5300800
10.567 51.667 5300800
10.567 51.658 5300800
10.558 51.658 5300800
10.558 51.650 5300800
10.550 51.650 5300800
10.550 51.642 5300800
10.542 51.642 5300800
10.542 51.633 5300800
10.508 51.633 5300800
10.508 51.625 5300800
10.492 51.625 5300800
10.492 51.600 5300800
10.483 51.600 5300800
10.483 51.558 5300800
10.467 51.558 5300800
10.467 51.550 5300800
10.458 51.550 5300800
10.458 51.533 5300800
10.450 51.533 5300800
10.450 51.517 5300800
10.400 51.517 5300800
10.400 51.508 5300800
10.383 51.508 5300800
10.383 51.500 5300800
10.375 51.500 5300800
10.375 51.483 5300800
10.367 51.483 5300800
10.367 51.458 5300800
10.358 51.458 5300800
10.358 51.450 5300800
10.350 51.450 5300800
10.350 51.408 5300800
10.342 51.408 5300800
10.342 51.392 5300800
10.325 51.392 5300800
10.325 51.383 5300800
10.317 51.383 5300800
10.317 51.375 5300800
10.308 51.375 5300800
10.308 51.350 5300800
10.317 51.350 5300800
10.317 51.342 5300800
10.267 51.342 5300800
10.267 51.333 5300800
10.258 51.333 5300800
10.258 51.325 5300800
10.242 51.325 5300800
10.242 51.317 5300800
10.233 51.317 5300800
10.233 51.300 5300800
10.250 51.300 5300800
10.250 51.292 5300800
10.267 51.292 5300800
10.267 51.283 5300800
10.275 51.283 5300800
10.275 51.258 5300800
10.283 51.258 5300800
10.283 51.233 5300800
10.300 51.233 5300800
10.300 51.217 5300800
10.308 51.217 5300800
10.308 51.208 5300800
10.317 51.208 5300800
10.317 51.192 5300800
10.308 51.192 5300800
10.308 51.183 5300800
10.333 51.183 5300800
10.333 51.167 5300800
10.350 51.167 5300800
10.350 51.150 5300800
10.358 51.150 5300800
10.358 51.133 5300800
10.367 51.133 5300800
10.367 51.125 5300800
10.375 51.125 5300800
10.375 51.117 5300800
10.383 51.117 5300800
10.383 51.108 5300800
10.392 51.108 5300800
10.392 51.100 5300800
10.400 51.100 5300800
10.400 51.092 5300800
10.417 51.092 5300800
10.417 51.083 5300800
10.433 51.083 5300800
10.433 51.075 5300800
10.458 51.075 5300800
10.458 51.067 5300800
10.475 51.067 5300800
10.475 51.058 5300800
10.517 51.058 5300800
10.517 51.067 5300800
10.558 51.067 5300800
10.558 51.058 5300800
10.592 51.058 5300800
10.592 51.050 5300800
10.617 51.050 5300800
10.617 51.042 5300800
10.642 51.042 5300800
10.642 51.033 5300800
10.675 51.033 5300800
10.675 51.025 5300800
10.733 51.025 5300800
10.733 51.033 5300800
10.742 51.033 5300800
10.742 51.042 5300800
10.750 51.042 5300800
10.750 51.050 5300800
10.775 51.050 5300800
10.775 51.042 5300800
10.792 51.042 5300800
10.792 51.033 5300800
10.808 51.033 5300800
10.808 51.025 5300800
10.833 51.025 5300800
10.833 51.017 5300800
10.842 51.017 5300800
10.842 51.008 5300800
10.858 51.008 5300800
10.858 51.000 5300800
10.933 51.000 5300800
10.933 50.992 5300800
10.942 50.992 5300800
10.942 50.950 5300800
10.925 50.950 5300800
10.925 50.942 5300800
10.858 50.942 5300800
10.858 50.950 5300800
10.825 50.950 5300800
10.825 50.958 5300800
10.783 50.958 5300800
10.783 50.967 5300800
10.750 50.967 5300800
10.750 50.917 5300800
10.742 50.917 5300800
10.742 50.908 5300800
10.733 50.908 5300800
10.733 50.900 5300800
10.725 50.900 5300800
10.725 50.892 5300800
10.708 50.892 5300800
10.708 50.867 5300800
10.692 50.867 5300800
10.692 50.858 5300800
10.675 50.858 5300800
10.675 50.850 5300800
10.650 50.850 5300800
10.650 50.842 5300800
10.633 50.842 5300800
10.633 50.833 5300800
10.625 50.833 5300800
10.625 50.825 5300800
10.608 50.825 5300800
10.608 50.808 5300800
10.583 50.808 5300800
10.583 50.817 5300800
10.567 50.817 5300800
10.567 50.808 5300800
10.542 50.808 5300800
10.542 50.792 5300800
10.533 50.792 5300800
10.533 50.783 5300800
10.558 50.783 5300800
10.558 50.775 5300800
10.567 50.775 5300800
10.567 50.750 5300800
10.575 50.750 5300800
10.575 50.742 5300800
10.633 50.742 5300800
10.633 50.733 5300800
10.642 50.733 5300800
10.642 50.725 5300800
10.650 50.725 5300800
10.650 50.717 5300800
10.675 50.717 5300800
10.675 50.708 5300800
10.683 50.708 5300800
10.683 50.700 5300800
10.725 50.700 5300800
10.725 50.683 5300800
10.733 50.683 5300800
10.733 50.667 5300800
10.742 50.667 5300800
10.742 50.658 5300800
10.775 50.658 5300800
10.775 50.642 5300800
10.783 50.642 5300800
10.783 50.633 5300800
10.808 50.633 5300800
10.808 50.625 5300800
10.825 50.625 5300800
10.825 50.617 5300800
10.842 50.617 5300800
10.842 50.608 5300800
10.850 50.608 5300800
10.850 50.600 5300800
10.867 50.600 5300800
10.867 50.608 5300800
10.908 50.608 5300800
10.908 50.592 5300800
10.925 50.592 5300800
10.925 50.583 5300800
10.942 50.583 5300800
10.942 50.575 5300800
10.933 50.575 5300800
10.933 50.558 5300800
10.942 50.558 5300800
10.942 50.525 5300800
10.950 50.525 5300800
10.950 50.517 5300800
10.967 50.517 5300800
10.967 50.508 5300800
10.975 50.508 5300800
10.975 50.500 5300800
10.983 50.500 5300800
10.983 50.483 5300800
11.000 50.483 5300800
11.000 50.475 5300800
11.033 50.475 5300800
11.033 50.467 5300800
11.042 50.467 5300800
11.042 50.458 5300800
11.017 50.458 5300800
11.017 50.450 5300800
11.000 50.450 5300800
11.000 50.442 5300800
10.967 50.442 5300800
10.967 50.433 5300800
10.950 50.433 5300800
10.950 50.408 5300800
10.942 50.408 5300800
10.942 50.400 5300800
10.933 50.400 5300800
10.933 50.392 5300800
10.917 50.392 5300800
10.917 50.383 5300800
10.908 50.383 5300800
10.908 50.375 5300800
10.917 50.375 5300800
10.917 50.358 5300800
10.875 50.358 5300800
10.875 50.367 5300800
10.858 50.367 5300800
10.858 50.375 5300800
10.808 50.375 5300800
10.808 50.383 5300800
10.792 50.383 5300800
10.792 50.392 5300800
10.733 50.392 5300800
10.733 50.400 5300800
10.725 50.400 5300800
10.725 50.408 5300800
10.692 50.408 5300800
10.692 50.425 5300800
10.675 50.425 5300800
10.675 50.417 5300800
10.658 50.417 5300800
10.658 50.425 5300800
10.650 50.425 5300800
10.650 50.417 5300800
10.592 50.417 5300800
10.592 50.433 5300800
10.583 50.433 5300800
10.583 50.442 5300800
10.575 50.442 5300800
10.575 50.450 5300800
10.567 50.450 5300800
10.567 50.442 5300800
10.525 50.442 5300800
10.525 50.450 5300800
10.500 50.450 5300800
10.500 50.458 5300800
10.475 50.458 5300800
10.475 50.450 5300800
10.467 50.450 5300800
10.467 50.417 5300800
10.442 50.417 5300800
10.442 50.442 5300800
10.425 50.442 5300800
10.425 50.475 5300800
10.375 50.475 5300800
10.375 50.500 5300800
10.367 50.500 5300800
10.367 50.492 5300800
10.358 50.492 5300800
10.358 50.483 5300800
10.333 50.483 5300800
10.333 50.492 5300800
10.275 50.492 5300800
10.275 50.500 5300800
10.267 50.500 5300800
10.267 50.525 5300800
10.258 50.525 5300800
10.258 50.533 5300800
10.242 50.533 5300800
10.242 50.542 5300800
10.217 50.542 5300800
10.217 50.550 5300800
10.208 50.550 5300800
10.208 50.558 5300800
10.167 50.558 5300800
10.167 50.550 5300800
10.150 50.550 5300800
10.150 50.567 5300800
10.133 50.567 5300800
10.133 50.575 5300800
10.083 50.575 5300800
10.083 50.558 5300800
10.058 50.558 5300800
10.058 50.550 5300800
10.050 50.550 5300800
10.050 50.542 5300800
10.058 50.542 5300800
10.058 50.533 5300800
10.067 50.533 5300800
10.067 50.508 5300800
10.058 50.508 5300800
10.058 50.492 5300800
10.042 50.492 5300800
10.042 50.483 5300800
10.033 50.483 5300800
10.033 50.475 5300800
10.025 50.475 5300800
10.025 50.458 5300800
9.983 50.458 5300800
9.983 50.450 5300800
9.975 50.450 5300800
9.975 50.433 5300800
9.967 50.433 5300800
9.967 50.425 5300800
9.942 50.425 5300800
9.942 50.417 5300800
9.917 50.417 5300800
9.917 50.408 5300800
9.892 50.408 5300800
9.892 50.400 5300800
9.858 50.400 5300800
9.858 50.392 5300800
9.850 50.392 5300800
9.850 50.400 5300800
9.833 50.400 5300800
9.833 50.392 5300800
9.775 50.392 5300800
9.775 50.383 5300800
9.750 50.383 5300800
9.750 50.375 5300800
9.667 50.375 5300800
9.667 50.383 5300800
9.533 50.383 5300800
9.533 50.392 5300800
9.500 50.392 5300800
9.500 50.383 5300800
9.492 50.383 5300800
9.492 50.392 5300800
9.483 50.392 5300800
9.483 50.442 5300800
9.458 50.442 5300800
9.458 50.450 5300800
9.442 50.450 5300800
9.442 50.467 5300800
9.417 50.467 5300800
9.417 50.458 5300800
9.400 50.458 5300800
9.400 50.450 5300800
9.367 50.450 5300800
9.367 50.458 5300800
9.358 50.458 5300800
9.358 50.450 5300800
9.350 50.450 5300800
9.350 50.458 5300800
9.317 50.458 5300800
9.317 50.467 5300800
9.283 50.467 5300800
9.283 50.483 5300800
9.275 50.483 5300800
9.275 50.500 5300800
9.258 50.500 5300800
9.258 50.508 5300800
9.250 50.508 5300800
9.250 50.517 5300800
9.242 50.517 5300800
9.242 50.525 5300800
9.233 50.525 5300800
9.233 50.533 5300800
9.225 50.533 5300800
9.225 50.542 5300800
9.233 50.542 5300800
9.233 50.575 5300800
9.242 50.575 5300800
9.242 50.592 5300800
9.250 50.592 5300800
9.250 50.608 5300800
9.242 50.608 5300800
9.242 50.625 5300800
9.225 50.625 5300800
9.225 50.633 5300800
9.217 50.633 5300800
9.217 50.642 5300800
9.208 50.642 5300800
9.208 50.667 5300800
9.167 50.667 5300800
9.167 50.700 5300800
9.158 50.700 5300800
9.158 50.708 5300800
9.167 50.708 5300800
9.167 50.725 5300800
9.175 50.725 5300800
9.175 50.742 5300800
9.183 50.742 5300800
9.183 50.767 5300800
9.175 50.767 5300800
9.175 50.775 5300800
9.167 50.775 5300800
9.167 50.783 5300800
9.158 50.783 5300800
9.158 50.792 5300800
9.150 50.792 5300800
9.150 50.808 5300800
9.142 50.808 5300800
9.142 50.817 5300800
9.117 50.817 5300800
9.117 50.825 5300800
9.050 50.825 5300800
9.050 50.858 5300800
9.058 50.858 5300800
9.058 50.892 5300800
9.050 50.892 5300800
9.050 50.942 5300800
9.042 50.942 5300800
9.042 50.958 5300800
9.033 50.958 5300800
9.033 50.967 5300800
9.025 50.967 5300800
9.025 50.975 5300800
9.033 50.975 5300800
9.033 50.992 5300800
9.025 50.992 5300800
9.025 51.017 5300800
9.017 51.017 5300800
9.017 51.033 5300800
9.033 51.033 5300800
9.033 51.058 5300800
9.025 51.058 5300800
9.025 51.067 5300800
8.992 51.067 5300800
8.992 51.058 5300800
8.967 51.058 5300800
8.967 51.067 5300800
8.958 51.067 5300800
8.958 51.075 5300800
8.933 51.075 5300800
8.933 51.058 5300800
8.925 51.058 5300800
8.925 51.050 5300800
8.883 51.050 5300800
8.883 51.042 5300800
8.875 51.042 5300800
8.875 51.033 5300800
8.867 51.033 5300800
8.867 51.017 5300800
8.850 51.017 5300800
8.850 51.008 5300800
8.842 51.008 5300800
8.842 51.000 5300800
8.825 51.000 5300800
8.825 50.983 5300800
8.792 50.983 5300800
8.792 51.000 5300800
8.783 51.000 5300800
8.783 51.008 5300800
8.775 51.008 5300800
8.775 51.017 5300800
8.725 51.017 5300800
8.725 51.008 5300800
8.692 51.008 5300800
8.692 51.000 5300800
8.650 51.000 5300800
8.650 51.008 5300800
8.625 51.008 5300800
8.625 51.000 5300800
8.617 51.000 5300800
8.617 50.992 5300800
8.625 50.992 5300800
8.625 50.983 5300800
8.617 50.983 5300800
8.617 50.975 5300800
8.600 50.975 5300800
8.600 50.958 5300800
8.542 50.958 5300800
8.542 50.950 5300800
8.533 50.950 5300800
8.533 50.958 5300800
8.500 50.958 5300800
8.500 50.967 5300800
8.483 50.967 5300800
8.483 50.975 5300800
8.458 50.975 5300800
8.458 50.967 5300800
8.442 50.967 5300800
8.442 50.975 5300800
8.408 50.975 5300800
8.408 50.983 5300800
8.392 50.983 5300800
8.392 50.992 5300800
8.383 50.992 5300800
8.383 50.983 5300800
8.342 50.983 5300800
8.342 50.975 5300800
8.317 50.975 5300800
8.317 50.992 5300800
8.292 50.992 5300800
8.292 50.983 5300800
8.283 50.983 5300800
8.283 50.975 5300800
8.275 50.975 5300800
8.275 50.942 5300800
8.267 50.942 5300800
8.267 50.933 5300800
8.217 50.933 5300800
8.217 50.942 5300800
8.192 50.942 5300800
8.192 50.950 5300800
8.175 50.950 5300800
8.175 50.983 5300800
8.167 50.983 5300800
8.167 50.992 5300800
8.175 50.992 5300800
8.175 51.008 5300800
8.183 51.008 5300800
8.183 51.017 5300800
8.192 51.017 5300800
8.192 51.033 5300800
8.183 51.033 5300800
8.183 51.050 5300800
8.175 51.050 5300800
8.175 51.058 5300800
8.183 51.058 5300800
8.183 51.067 5300800
8.208 51.067 5300800
8.208 51.075 5300800
8.217 51.075 5300800
8.217 51.083 5300800
8.233 51.083 5300800
8.233 51.100 5300800
8.300 51.100 5300800
8.300 51.092 5300800
8.350 51.092 5300800
8.350 51.100 5300800
8.375 51.100 5300800
8.375 51.108 5300800
8.383 51.108 5300800
8.383 51.117 5300800
8.392 51.117 5300800
8.392 51.125 5300800
8.408 51.125 5300800
8.408 51.133 5300800
8.442 51.133 5300800
8.442 51.142 5300800
8.450 51.142 5300800
8.450 51.158 5300800
8.467 51.158 5300800
8.467 51.167 5300800
8.483 51.167 5300800
8.483 51.183 5300800
8.492 51.183 5300800
8.492 51.192 5300800
8.508 51.192 5300800
8.508 51.200 5300800
8.525 51.200 5300800
8.525 51.208 5300800
8.542 51.208 5300800
8.542 51.217 5300800
8.567 51.217 5300800
8.567 51.225 5300800
8.592 51.225 5300800
8.592 51.258 5300800
8.567 51.258 5300800
8.567 51.267 5300800
8.558 51.267 5300800
8.558 51.300 5300800
8.567 51.300 5300800
8.567 51.308 5300800
8.558 51.308 5300800
8.558 51.342 5300800
8.567 51.342 5300800
8.567 51.350 5300800
8.558 51.350 5300800
8.558 51.367 5300800
8.567 51.367 5300800
8.567 51.375 5300800
8.575 51.375 5300800
8.575 51.383 5300800
8.625 51.383 5300800
8.625 51.392 5300800
8.633 51.392 5300800
8.633 51.400 5300800
8.650 51.400 5300800
8.650 51.408 5300800
8.675 51.408 5300800
8.675 51.417 5300800
8.683 51.417 5300800
8.683 51.425 5300800
8.692 51.425 5300800
8.692 51.433 5300800
8.700 51.433 5300800
8.700 51.442 5300800
8.717 51.442 5300800
8.717 51.450 5300800
8.725 51.450 5300800
8.725 51.442 5300800
8.767 51.442 5300800
8.767 51.450 5300800
8.775 51.450 5300800
8.775 51.458 5300800
8.783 51.458 5300800
8.783 51.467 5300800
8.800 51.467 5300800
8.800 51.475 5300800
8.817 51.475 5300800
8.817 51.483 5300800
8.825 51.483 5300800
8.825 51.500 5300800
8.858 51.500 5300800
8.858 51.517 5300800
8.867 51.517 5300800
8.867 51.525 5300800
8.883 51.525 5300800
8.883 51.533 5300800
8.917 51.533 5300800
8.917 51.558 5300800
8.925 51.558 5300800
8.925 51.567 5300800
8.992 51.567 5300800
8.992 51.575 5300800
9.008 51.575 5300800
9.008 51.592 5300800
8.992 51.592 5300800
8.992 51.600 5300800
8.983 51.600 5300800
8.983 51.625 5300800
8.975 51.625 5300800
8.975 51.658 5300800
8.967 51.658 5300800
8.967 51.683 5300800
8.975 51.683 5300800
8.975 51.692 5300800
8.983 51.692 5300800
8.983 51.700 5300800
8.992 51.700 5300800
8.992 51.708 5300800
8.983 51.708 5300800
8.983 51.758 5300800
8.975 51.758 5300800
8.975 51.775 5300800
8.967 51.775 5300800
8.967 51.783 5300800
8.958 51.783 5300800
8.958 51.792 5300800
8.950 51.792 5300800
8.950 51.800 5300800
8.942 51.800 5300800
8.942 51.817 5300800
8.925 51.817 5300800
8.925 51.842 5300800
8.917 51.842 5300800
8.917 51.850 5300800
8.892 51.850 5300800
8.892 51.858 5300800
8.867 51.858 5300800
8.867 51.867 5300800
8.858 51.867 5300800
8.858 51.875 5300800
8.850 51.875 5300800
8.850 51.883 5300800
8.842 51.883 5300800
