# Aland
# from http://www.rjruss.info/2010/12/free-countries-of-world-in-polygon-kml.html
20.61127974 60.04067658
20.60342492 60.0169571
20.52177616 60.0116861
20.48746301 60.03277009
20.41118859 60.03013459
20.39795943 60.04067658
20.4295854 60.06173473
20.49015018 60.07488638
20.56911177 60.06961538
20.61127974 60.04067658

19.66229374 60.18717927
19.66746138 60.1647517
19.62922082 60.17035859
19.59976525 60.16268464
19.5799215 60.13503775
19.5365133 60.14495962
19.51904667 60.18459545
19.55139611 60.24386831
19.62880741 60.2460904
19.66229374 60.18717927

19.9895089 60.35114859
20.02020471 60.3508902
20.03384728 60.35931346
20.08738407 60.35342235
20.16789595 60.3147167
20.18412235 60.29373607
20.23951948 60.28298737
20.25884647 60.26128327
20.19476769 60.19356131
20.15508019 60.19229523
20.12552127 60.20087352
20.07322473 60.19343212
20.04252892 60.1806422
20.03229699 60.15247854
20.03395064 60.09354157
19.7998564 60.08175935
19.74600956 60.0989676
19.67221561 60.23299042
19.68689172 60.26763947
19.73650109 60.28236726
19.77897912 60.28554536
19.78528364 60.21335338
19.84770877 60.22056224
19.86713911 60.26810456
19.87158329 60.30161673
19.85463342 60.31848908
19.81225874 60.33158906
19.78776411 60.35404247
19.82300744 60.39016429
19.88832645 60.40582225
19.94455041 60.35750479
19.9895089 60.35114859

