-61.71607235 17.03699657
-61.74816342 16.99715404
-61.85965532 17.01332876
-61.88205705 17.06314484
-61.88712134 17.09812979
-61.81725481 17.1689265
-61.73857744 17.13848908
-61.70821754 17.10505443
-61.68604835 17.09843985
-61.6864876 17.0698111
-61.69498837 17.04893382
-61.71607235 17.03699657
NaN  NaN
-61.74710405 17.57494823
-61.7620127 17.5486966
-61.84381649 17.59613557
-61.86875037 17.68543244
-61.86616655 17.70432018
-61.85244646 17.71406118
-61.81991614 17.69685293
-61.77674049 17.69049673
-61.74958452 17.66135122
-61.74710405 17.57494823
NaN  NaN
