# Armenia
# from http://www.rjruss.info/2010/12/free-countries-of-world-in-polygon-kml.html
45.55239302 40.61607412
45.51435917 40.59953767
45.47880578 40.60697907
45.47880578 40.64832022
45.50443729 40.66485668
45.53420292 40.66402985
45.56231489 40.64914704
45.55239302 40.61607412
44.96901778 41.02723766
45.00203902 41.01581717
45.02358809 41.02723766
45.02865238 41.05387686
45.02105594 41.07798391
44.9943909 41.08560619
44.96142134 41.07924999
44.95888919 41.05261079
44.96901778 41.02723766

45.08472131 41.19547028
45.15231408 41.17516144
45.18859094 41.1474112
45.19019291 41.12635305
45.07066532 41.1008249
45.06260379 41.08813833
45.07045861 41.07558096
45.10611535 41.06935395
45.27339196 41.00625703
45.36894168 41.0048876
45.41917118 40.98571564
45.44423425 40.94799185
45.52397098 40.89672883
45.58753299 40.84691275
45.5914604 40.82975617
45.57936812 40.8044864
45.40134281 40.70715384
45.37896691 40.67358999
45.37617639 40.63808828
45.4544145 40.5323583
45.56949792 40.41686148
45.73568932 40.3291149
45.96461592 40.23377188
45.96756148 40.17480907
45.93128462 40.10468415
45.90012373 40.05709016
45.88596439 40.02484406
45.85811079 40.011279
45.63016605 40.01419872
45.59600793 40.00285574
45.58097009 39.98903229
45.57978153 39.97756013
45.66179203 39.95619192
45.78963952 39.88110607
45.86317508 39.80837149
45.93996626 39.7765388
46.02590417 39.71853201
46.09478885 39.66447846
46.20206913 39.59448273
46.32164839 39.61745291
46.48143192 39.55515697
46.4880465 39.51283397
46.47812463 39.47511018
46.37766564 39.43387238
46.36515995 39.41679332
46.3652633 39.40250479
46.37838911 39.38227346
46.43724857 39.34855459
46.50665002 39.29855764
46.58473311 39.22367849
46.54995487 39.20143179
46.4770911 39.19817617
46.42035038 39.20737458
46.40029992 39.19218171
46.4014368 39.16768708
46.47543745 39.11086884
46.48985518 39.06945018
46.48675459 38.99746491
46.49063032 38.90666942
46.31772098 38.91266389
46.17013309 38.86904898
46.1144259 38.87778229
46.07747725 38.95488353
46.04590295 39.01751537
45.95185184 39.17809988
45.97743167 39.24388398
45.9249801 39.28194367
45.7986829 39.3501824
45.76633345 39.37844941
45.78416182 39.41723257
45.79651249 39.48813264
45.78447188 39.54559683
45.75052046 39.56296011
45.68742354 39.56404532
45.61078739 39.54978262
45.4568433 39.494463
45.34987308 39.52988719
45.28832645 39.56556977
45.25256636 39.59546459
45.17257124 39.57060822
45.15283084 39.58267467
45.14859338 39.65657197
45.12456384 39.69633698
45.07645308 39.74281993
45.03164961 39.76511831
44.86716353 39.71912629
44.76825484 39.70352001
44.73383833 39.74646312
44.5604639 39.88759146
44.39959517 39.99575023
44.28921431 40.04039867
44.1780583 40.03574779
44.00535567 40.0141212
43.94205204 40.02316458
43.79167362 40.07024181
43.66625492 40.12636241
43.68330814 40.14964265
43.70986983 40.16648916
43.67808882 40.23930126
43.60842899 40.35660676
43.61576704 40.39332286
43.59375288 40.44404328
43.56936161 40.48238719
43.66785689 40.57406118
43.71286706 40.64777761
43.7226339 40.71953034
43.69648563 40.79412527
43.63168338 40.9290266
43.59168583 40.96819733
43.51747847 41.00483592
43.45526004 41.06467723
43.43944706 41.10710358
43.49195031 41.11552684
43.6450159 41.11666372
43.79322391 41.13108145
43.90918583 41.15898672
44.07723758 41.1824995
44.14653568 41.20337678
44.22735762 41.21335033
44.47302738 41.19100027
44.5648564 41.20820852
44.84137699 41.21136079
44.84850834 41.22017162
44.81093957 41.24859365
44.81135298 41.25936819
44.97589074 41.27748078
45.0014189 41.29096833
45.02291629 41.24569977
45.08472131 41.19547028
44.96901778 41.02723766
45.00203902 41.01581717
45.02358809 41.02723766
45.02865238 41.05387686
45.02105594 41.07798391
44.9943909 41.08560619
44.96142134 41.07924999
44.95888919 41.05261079
44.96901778 41.02723766

