# New South Wales
153.55169 -28.16458
153.55948 -28.1859
153.56867 -28.19854
153.56638 -28.21788
153.5687 -28.24067
153.57605 -28.2544
153.5808 -28.27339
153.5768 -28.2903
153.57079 -28.32169
153.57759 -28.33569
153.57431 -28.35319
153.5735 -28.37366
153.5687 -28.39042
153.56513 -28.41004
153.5594 -28.42767
153.55614 -28.44718
153.55342 -28.46869
153.55208 -28.4916
153.55281 -28.51408
153.55451 -28.53438
153.55847 -28.55489
153.56293 -28.57394
153.5699 -28.59264
153.57753 -28.60599
153.586 -28.61765
153.59613 -28.62925
153.61025 -28.63943
153.6281 -28.63663
153.6228 -28.6652
153.61627 -28.68294
153.6135 -28.70109
153.6181 -28.71975
153.60725 -28.73927
153.60096 -28.75621
153.59431 -28.7833
153.59903 -28.8017
153.60459 -28.81962
153.60528 -28.84152
153.59778 -28.85503
153.58932 -28.87118
153.5705 -28.88905
153.55946 -28.90108
153.54033 -28.92091
153.52824 -28.9349
153.51559 -28.94902
153.50387 -28.96353
153.49394 -28.9761
153.47773 -28.99783
153.46593 -29.01693
153.45692 -29.0341
153.44219 -29.06579
153.43615 -29.0847
153.43384 -29.10497
153.44381 -29.11615
153.44876 -29.13282
153.44613 -29.15205
153.43132 -29.16596
153.42082 -29.17639
153.40719 -29.19382
153.39582 -29.21004
153.38804 -29.22458
153.37783 -29.23684
153.36851 -29.25073
153.35893 -29.26631
153.3515 -29.27948
153.34562 -29.29477
153.34156 -29.31346
153.34225 -29.33431
153.34873 -29.35184
153.36118 -29.3596
153.37493 -29.36715
153.37104 -29.38367
153.36635 -29.40469
153.36368 -29.4223
153.36838 -29.43816
153.36375 -29.4536
153.35879 -29.47024
153.36606 -29.48338
153.36053 -29.49839
153.35787 -29.52056
153.35044 -29.53764
153.34411 -29.55319
153.33791 -29.56734
153.33196 -29.58902
153.33639 -29.60658
153.33051 -29.62482
153.3238 -29.64465
153.32062 -29.66523
153.33175 -29.67447
153.32374 -29.68867
153.3133 -29.7018
153.30466 -29.71671
153.29775 -29.73151
153.2931 -29.75048
153.296 -29.76829
153.29301 -29.7867
153.28684 -29.80274
153.2918 -29.8187
153.28258 -29.83286
153.27511 -29.84679
153.26771 -29.86565
153.26694 -29.88547
153.27239 -29.90083
153.27045 -29.91989
153.26122 -29.93156
153.25973 -29.95024
153.24805 -29.95985
153.23789 -29.97352
153.22929 -29.9875
153.21911 -30.00176
153.21142 -30.0146
153.20354 -30.02761
153.19654 -30.04235
153.20081 -30.05956
153.20507 -30.07613
153.20047 -30.0916
153.20372 -30.10861
153.20451 -30.12854
153.20062 -30.14528
153.1956 -30.16158
153.18915 -30.17638
153.1767 -30.18456
153.16731 -30.19692
153.16098 -30.21176
153.15538 -30.22639
153.14543 -30.24465
153.13791 -30.26225
153.14412 -30.27638
153.13933 -30.29236
153.14884 -30.30437
153.13718 -30.31434
153.12564 -30.32481
153.11237 -30.34133
153.10539 -30.35444
153.10335 -30.37269
153.0905 -30.38689
153.07883 -30.40395
153.07266 -30.41911
153.06624 -30.44072
153.05531 -30.45491
153.0457 -30.46704
153.03688 -30.4835
153.03145 -30.49829
153.02915 -30.52059
153.02634 -30.54257
153.01927 -30.56017
153.01245 -30.57961
153.01168 -30.59903
153.00995 -30.6173
153.01646 -30.63606
153.01204 -30.65675
153.00274 -30.67122
152.99555 -30.68687
152.99042 -30.70646
152.98873 -30.72715
152.9926 -30.74339
153.00163 -30.75523
152.99813 -30.77203
153.00013 -30.79282
153.00045 -30.81475
153.00328 -30.83224
153.00842 -30.84956
153.01765 -30.86674
153.03209 -30.87928
153.04701 -30.88531
153.06831 -30.8828
153.08036 -30.89296
153.08435 -30.90921
153.08052 -30.92712
153.07061 -30.9411
153.05886 -30.95528
153.04882 -30.97364
153.04255 -30.98885
153.03811 -31.00902
153.03819 -31.03366
153.04486 -31.04816
153.06573 -31.04783
153.05964 -31.06294
153.05488 -31.07951
153.03532 -31.09234
153.02184 -31.10658
153.0094 -31.12084
152.99989 -31.13245
152.98989 -31.14762
152.98037 -31.16506
152.97609 -31.18324
152.96898 -31.20855
152.96247 -31.22519
152.96 -31.24442
152.96876 -31.256
152.96687 -31.27528
152.96434 -31.2999
152.97392 -31.31171
152.96438 -31.32622
152.9512 -31.34176
152.94261 -31.35361
152.93478 -31.36622
152.92265 -31.38624
152.91633 -31.40183
152.91316 -31.41991
152.92395 -31.42993
152.92955 -31.44482
152.93611 -31.45879
152.93289 -31.47673
152.92098 -31.48809
152.90945 -31.49767
152.89752 -31.5102
152.88513 -31.52253
152.87495 -31.53281
152.86368 -31.54486
152.85233 -31.56137
152.84301 -31.57759
152.846 -31.59638
152.83941 -31.61213
152.83401 -31.62917
152.84208 -31.64255
152.83119 -31.65267
152.82104 -31.66321
152.80866 -31.67769
152.79984 -31.69051
152.79366 -31.70636
152.80105 -31.71991
152.79314 -31.73743
152.78318 -31.74835
152.77415 -31.75992
152.76063 -31.77364
152.75071 -31.78521
152.74122 -31.79986
152.73484 -31.81668
152.73618 -31.83574
152.75361 -31.83967
152.74134 -31.84766
152.72832 -31.85515
152.71377 -31.86525
152.70194 -31.87372
152.68228 -31.87622
152.6699 -31.89372
152.65748 -31.90408
152.63502 -31.92183
152.62495 -31.93192
152.61359 -31.94288
152.60096 -31.96015
152.59176 -31.97253
152.57869 -31.98579
152.56891 -32.00022
152.55222 -32.02235
152.54286 -32.03904
152.54652 -32.05616
152.54418 -32.07981
152.52829 -32.09144
152.51733 -32.10715
152.51076 -32.12218
152.50613 -32.14289
152.50659 -32.16362
152.51404 -32.1775
152.53215 -32.18082
152.53883 -32.19514
152.55025 -32.204
152.56423 -32.2106
152.5661 -32.22891
152.55377 -32.23752
152.53891 -32.25479
152.53139 -32.26851
152.52544 -32.28527
152.52254 -32.30387
152.52896 -32.31792
152.53853 -32.32965
152.54367 -32.34752
152.53384 -32.3608
152.53207 -32.37921
152.52021 -32.39369
152.51674 -32.41097
152.51952 -32.42885
152.53363 -32.43579
152.52307 -32.44552
152.50739 -32.45397
152.48731 -32.45897
152.4678 -32.46419
152.44785 -32.47125
152.42128 -32.48152
152.40846 -32.48882
152.38829 -32.49728
152.37335 -32.50478
152.34615 -32.52071
152.3295 -32.53234
152.3184 -32.54215
152.30415 -32.55882
152.29663 -32.57387
152.28844 -32.5906
152.27105 -32.5989
152.25531 -32.60449
152.23979 -32.61152
152.22554 -32.61943
152.21247 -32.62931
152.20207 -32.64039
152.19216 -32.65434
152.18667 -32.67336
152.19135 -32.69361
152.20867 -32.69767
152.19202 -32.70155
152.1842 -32.68585
152.16723 -32.67913
152.14683 -32.67851
152.13374 -32.66824
152.12043 -32.66105
152.11402 -32.67574
152.10113 -32.68479
152.08261 -32.68769
152.06117 -32.68807
152.05033 -32.67668
152.06196 -32.66746
152.05991 -32.64913
152.04754 -32.65685
152.04502 -32.67631
152.03186 -32.66945
152.01254 -32.66865
151.99292 -32.66714
151.97686 -32.66143
151.96395 -32.67085
151.95236 -32.68233
151.96609 -32.69127
151.97869 -32.70204
151.9694 -32.71452
151.94839 -32.71542
151.94575 -32.73326
151.96427 -32.7312
151.97988 -32.72651
151.99372 -32.72034
152.00689 -32.72759
152.02183 -32.72078
152.03903 -32.72887
152.02502 -32.73942
152.01048 -32.74558
152.03213 -32.74861
152.05104 -32.74385
152.05273 -32.72275
152.06323 -32.73495
152.06662 -32.71825
152.0623 -32.70188
152.07426 -32.7149
152.08523 -32.72597
152.10446 -32.72308
152.12895 -32.72027
152.14837 -32.71835
152.16113 -32.70967
152.1723 -32.7196
152.18473 -32.71161
152.18321 -32.73127
152.17189 -32.74346
152.1689 -32.76135
152.15164 -32.76524
152.13211 -32.76446
152.11822 -32.7729
152.11377 -32.78854
152.09551 -32.79087
152.07881 -32.78743
152.05998 -32.784
152.03672 -32.78826
152.01055 -32.79515
151.9857 -32.80113
151.96287 -32.80885
151.94242 -32.81533
151.92676 -32.82164
151.90726 -32.8289
151.88509 -32.83796
151.87034 -32.84453
151.85297 -32.85314
151.83263 -32.86438
151.81206 -32.87712
151.79741 -32.88823
151.78943 -32.90049
151.79094 -32.92123
151.78243 -32.93338
151.76937 -32.94094
151.75615 -32.94952
151.74035 -32.96013
151.72719 -32.97666
151.73002 -32.99564
151.72585 -33.0121
151.70696 -33.02186
151.69282 -33.03146
151.67988 -33.04106
151.66559 -33.05536
151.65776 -33.07277
151.66345 -33.08727
151.65285 -33.10257
151.64739 -33.11939
151.64365 -33.13634
151.63404 -33.14733
151.63595 -33.16543
151.62795 -33.17893
151.62235 -33.19515
151.61007 -33.20349
151.59675 -33.21349
151.58496 -33.22358
151.57298 -33.23545
151.56397 -33.25082
151.56453 -33.27194
151.57683 -33.28014
151.56622 -33.28997
151.54834 -33.30026
151.53349 -33.30907
151.51979 -33.31914
151.50848 -33.33215
151.50305 -33.3487
151.49837 -33.36569
151.48653 -33.3788
151.48523 -33.39826
151.47273 -33.40839
151.45988 -33.41943
151.4484 -33.43049
151.45294 -33.44765
151.44269 -33.45785
151.44347 -33.47934
151.43356 -33.49075
151.4265 -33.50689
151.41718 -33.52224
151.39998 -33.52668
151.38231 -33.53164
151.36058 -33.53238
151.3461 -33.54306
151.33957 -33.52631
151.31615 -33.52784
151.30785 -33.54271
151.30196 -33.55692
151.28484 -33.55316
151.26706 -33.55564
151.25952 -33.56888
151.24926 -33.55861
151.25383 -33.54028
151.24185 -33.52913
151.23682 -33.51249
151.2295 -33.52944
151.21595 -33.52216
151.20613 -33.51
151.20323 -33.5283
151.1905 -33.51589
151.18193 -33.50229
151.16709 -33.50753
151.15505 -33.49952
151.15203 -33.51695
151.13983 -33.52894
151.15852 -33.53463
151.17033 -33.52593
151.18583 -33.532
151.19862 -33.54106
151.21362 -33.54723
151.23159 -33.55014
151.2232 -33.56219
151.2416 -33.56971
151.23765 -33.58593
151.22528 -33.59377
151.20542 -33.59072
151.21328 -33.6043
151.22283 -33.61488
151.22698 -33.59871
151.2431 -33.59473
151.25538 -33.60431
151.2488 -33.5907
151.26725 -33.58635
151.28096 -33.57962
151.2953 -33.57268
151.30994 -33.5784
151.30118 -33.58975
151.29243 -33.60478
151.30198 -33.61827
151.28535 -33.6228
151.27505 -33.63267
151.27464 -33.65333
151.29356 -33.65527
151.3043 -33.66554
151.30603 -33.64684
151.31442 -33.63099
151.32457 -33.6208
151.32028 -33.60505
151.32373 -33.58719
151.33087 -33.60238
151.33789 -33.61746
151.33389 -33.6338
151.32702 -33.64777
151.32157 -33.66529
151.31497 -33.67894
151.31137 -33.69745
151.30297 -33.70962
151.29989 -33.72792
151.30926 -33.7393
151.29867 -33.75041
151.3021 -33.76701
151.29515 -33.78153
151.287 -33.79375
151.3009 -33.80206
151.30087 -33.82289
151.2857 -33.81667
151.2821 -33.79893
151.27334 -33.812
151.25334 -33.81064
151.2591 -33.82647
151.25198 -33.83952
151.24578 -33.85349
151.23748 -33.84126
151.21827 -33.84222
151.20942 -33.85417
151.22291 -33.8621
151.23153 -33.87488
151.24914 -33.87026
151.26863 -33.86902
151.26393 -33.85105
151.27996 -33.84683
151.28369 -33.8648
151.28503 -33.88522
151.27383 -33.89404
151.2691 -33.90966
151.25889 -33.92007
151.26284 -33.93987
151.26493 -33.95857
151.25225 -33.96591
151.25379 -33.98525
151.24951 -34.00131
151.23687 -33.99377
151.22769 -33.98232
151.21205 -33.97269
151.20462 -33.95851
151.18962 -33.94926
151.18446 -33.96574
151.17393 -33.94762
151.15859 -33.9574
151.15187 -33.97164
151.14788 -33.99067
151.13972 -34.00342
151.12721 -34.01129
151.1322 -34.02717
151.14479 -34.03639
151.1566 -34.02813
151.14335 -34.01889
151.15293 -34.00827
151.17176 -34.00596
151.15882 -34.0155
151.17878 -34.01775
151.19219 -34.01031
151.21206 -34.008
151.23081 -34.01201
151.22741 -34.02933
151.216 -34.04069
151.19738 -34.03885
151.18029 -34.0354
151.16384 -34.04203
151.15538 -34.05473
151.15328 -34.07341
151.14976 -34.05578
151.14125 -34.06799
151.13342 -34.08096
151.15251 -34.08206
151.16825 -34.07542
151.16636 -34.09395
151.15655 -34.10571
151.14407 -34.1171
151.13208 -34.12698
151.12046 -34.13752
151.10955 -34.14844
151.09632 -34.15537
151.08394 -34.16433
151.06402 -34.1737
151.05274 -34.18294
151.03899 -34.19203
151.02578 -34.20274
151.01232 -34.21307
151.00118 -34.22409
150.98729 -34.23322
150.97785 -34.24394
150.97202 -34.25834
150.96308 -34.27026
150.9538 -34.28179
150.94245 -34.29594
150.93343 -34.31017
150.92458 -34.32501
150.9227 -34.34553
150.92417 -34.36574
150.91657 -34.38287
150.90369 -34.4019
150.90491 -34.42086
150.90032 -34.44264
150.90226 -34.46182
150.91108 -34.47506
150.917 -34.48927
150.90058 -34.49782
150.88625 -34.51115
150.87723 -34.52652
150.87394 -34.54555
150.87079 -34.56362
150.87528 -34.58047
150.88297 -34.59418
150.90197 -34.59608
150.88683 -34.60187
150.86801 -34.60403
150.85583 -34.61459
150.8616 -34.62967
150.85529 -34.64357
150.85464 -34.66331
150.85718 -34.68201
150.85226 -34.69712
150.84673 -34.71596
150.83937 -34.72946
150.83548 -34.74794
150.8279 -34.76231
150.82239 -34.77979
150.80061 -34.7775
150.7878 -34.78614
150.77608 -34.79777
150.76234 -34.81824
150.75526 -34.83482
150.75003 -34.85393
150.74838 -34.8731
150.75145 -34.89095
150.73534 -34.88703
150.74232 -34.90285
150.75853 -34.90817
150.76968 -34.89881
150.76624 -34.91687
150.77333 -34.93133
150.77655 -34.95064
150.77916 -34.96849
150.78503 -34.98726
150.79583 -35.00007
150.80891 -35.01164
150.82944 -35.00627
150.84648 -35.01067
150.83918 -35.0238
150.83527 -35.03999
150.84208 -35.05321
150.83654 -35.06779
150.82001 -35.08242
150.80652 -35.09425
150.79863 -35.08033
150.78596 -35.07214
150.77618 -35.05904
150.78177 -35.04431
150.77608 -35.02631
150.76712 -35.01468
150.77788 -35.00362
150.76283 -34.99366
150.74118 -34.99245
150.72476 -34.99842
150.71239 -35.00685
150.69527 -35.01215
150.67868 -35.02449
150.67358 -35.03974
150.67557 -35.05796
150.68678 -35.07056
150.69316 -35.08501
150.69522 -35.10994
150.66133 -35.11769
150.65408 -35.131
150.64291 -35.14149
150.62818 -35.14975
150.61062 -35.14475
150.59674 -35.15113
150.60241 -35.16865
150.59408 -35.18055
150.57862 -35.19074
150.56451 -35.19813
150.55297 -35.2092
150.53962 -35.21689
150.53176 -35.23036
150.53779 -35.24487
150.52686 -35.25481
150.51363 -35.26471
150.49915 -35.27329
150.48348 -35.28584
150.47498 -35.29768
150.47122 -35.31418
150.48318 -35.32249
150.47392 -35.33554
150.48008 -35.34979
150.48915 -35.36166
150.47692 -35.37054
150.46226 -35.37922
150.45005 -35.39129
150.44473 -35.4074
150.4295 -35.41459
150.4188 -35.42496
150.4091 -35.43909
150.40081 -35.45205
150.39158 -35.46553
150.38992 -35.48432
150.39271 -35.502
150.40139 -35.51365
150.4069 -35.52852
150.39205 -35.53756
150.38212 -35.55563
150.37677 -35.57136
150.36043 -35.57507
150.35119 -35.58639
150.34209 -35.59738
150.33364 -35.61054
150.32302 -35.62107
150.31562 -35.63491
150.30007 -35.64559
150.30296 -35.66648
150.29928 -35.68284
150.28907 -35.69684
150.28147 -35.70937
150.26806 -35.71972
150.25077 -35.7156
150.23819 -35.70704
150.21726 -35.70655
150.2024 -35.70123
150.18293 -35.70434
150.19642 -35.71856
150.20473 -35.73114
150.21508 -35.7423
150.21105 -35.75887
150.22298 -35.76882
150.23528 -35.77797
150.22994 -35.7938
150.2244 -35.80833
150.22457 -35.82829
150.21044 -35.83532
150.19567 -35.82864
150.18514 -35.83889
150.178 -35.85315
150.16637 -35.86435
150.15667 -35.87559
150.15029 -35.89225
150.15582 -35.90709
150.15923 -35.93004
150.15495 -35.94595
150.15347 -35.96694
150.15295 -35.98868
150.1589 -36.00282
150.15289 -36.02166
150.14368 -36.0408
150.14178 -36.06011
150.13328 -36.07575
150.13606 -36.09312
150.1304 -36.11489
150.12582 -36.13073
150.12486 -36.15352
150.13287 -36.16621
150.13333 -36.18644
150.13221 -36.2104
150.14148 -36.22259
150.1469 -36.23721
150.14487 -36.25625
150.13555 -36.28064
150.13445 -36.29964
150.13091 -36.31703
150.11812 -36.32461
150.10705 -36.33445
150.09607 -36.34603
150.08552 -36.35972
150.0804 -36.37544
150.07024 -36.38947
150.06552 -36.40643
150.06981 -36.42222
150.08414 -36.42911
150.07541 -36.44047
150.07318 -36.45912
150.05951 -36.47366
150.05443 -36.49089
150.06152 -36.50531
150.06062 -36.52469
150.05538 -36.5398
150.06619 -36.5505
150.05999 -36.56482
150.05576 -36.58202
150.04359 -36.59103
150.03692 -36.60569
150.02906 -36.61898
150.01975 -36.62976
150.01193 -36.64569
150.00366 -36.6592
149.99662 -36.67338
149.99569 -36.69249
149.98217 -36.699
149.979 -36.71848
149.99149 -36.7265
149.98318 -36.7387
149.98121 -36.75725
149.97518 -36.77199
149.96826 -36.78558
149.95358 -36.79194
149.94358 -36.80501
149.9414 -36.82304
149.93418 -36.84044
149.94396 -36.85155
149.93429 -36.86429
149.93076 -36.88302
149.93449 -36.89947
149.92327 -36.88975
149.91284 -36.90022
149.90426 -36.91736
149.90719 -36.93567
149.91821 -36.94794
149.93809 -36.94772
149.93197 -36.96198
149.92741 -36.98021
149.92687 -36.99969
149.93789 -37.00909
149.94335 -37.0249
149.94137 -37.04345
149.92402 -37.04614
149.91306 -37.05599
149.91735 -37.07258
149.89792 -37.07106
149.88041 -37.07711
149.87369 -37.09047
149.88565 -37.10364
149.90749 -37.10982
149.92937 -37.10987
149.93845 -37.09861
149.95447 -37.1039
149.9622 -37.1166
149.97274 -37.12728
149.98515 -37.1367
150.00124 -37.14174
150.00764 -37.15606
150.01147 -37.17685
150.02086 -37.18824
150.02218 -37.20795
150.02784 -37.22344
150.03322 -37.23817
150.04222 -37.2511
150.05152 -37.26249
150.03516 -37.2571
150.01549 -37.25472
150.00274 -37.24737
149.98931 -37.23975
149.96746 -37.2484
149.95484 -37.25953
149.94551 -37.27182
149.95054 -37.28781
149.95865 -37.29971
149.96926 -37.30955
149.97165 -37.32739
149.96318 -37.33946
149.95575 -37.35381
149.94928 -37.37019
149.95476 -37.3853
149.9552 -37.40513
149.95726 -37.42308
149.9666 -37.43458
149.97396 -37.44775
149.97051 -37.46491
149.97573 -37.48014
149.97347 -37.49844
149.88117 -37.46834
149.82502 -37.44647
149.74738 -37.4162
149.66974 -37.38594
149.59211 -37.35567
149.50125 -37.31987
149.20616 -37.20361
149.13455 -37.17519
149.10798 -37.16457
149.03059 -37.13365
149.00125 -37.12193
148.95321 -37.10274
148.87583 -37.07182
148.79844 -37.04092
148.734 -37.01489
148.6933 -36.99845
148.65674 -36.98368
148.57948 -36.95247
148.50221 -36.92126
148.42495 -36.89005
148.3541 -36.86123
148.27843 -36.83035
148.20128 -36.79886
148.18543 -36.80426
148.1735 -36.79548
148.15686 -36.79148
148.14017 -36.79524
148.12634 -36.80151
148.10839 -36.79943
148.09885 -36.78865
148.10871 -36.77731
148.12046 -36.76586
148.12865 -36.75289
148.1367 -36.74016
148.14362 -36.72635
148.15916 -36.71658
148.17326 -36.70273
148.1826 -36.69198
148.18995 -36.67877
148.19806 -36.6647
148.20882 -36.65102
148.2123 -36.633
148.21957 -36.61911
148.20444 -36.61272
148.2155 -36.60341
148.20516 -36.59245
148.19036 -36.58481
148.17643 -36.57762
148.15804 -36.57188
148.15124 -36.55859
148.13735 -36.56521
148.12561 -36.55294
148.13273 -36.54002
148.13926 -36.52603
148.12919 -36.51344
148.12378 -36.49845
148.1196 -36.48262
148.12454 -36.46524
148.11137 -36.45736
148.0924 -36.45326
148.08837 -36.43545
148.0791 -36.42404
148.06441 -36.41614
148.05852 -36.40156
148.04718 -36.39141
148.03911 -36.37861
148.04278 -36.36046
148.04967 -36.3453
148.05164 -36.32554
148.04212 -36.31427
148.03719 -36.29487
148.0333 -36.27586
148.03899 -36.25926
148.02931 -36.24693
148.03215 -36.22938
148.03716 -36.21419
148.03535 -36.1956
148.02463 -36.18517
148.02972 -36.1686
148.023 -36.15457
148.03578 -36.14708
148.0202 -36.14158
148.00489 -36.13614
147.99521 -36.12315
147.99748 -36.10488
147.98753 -36.09268
147.98202 -36.07817
147.99193 -36.06592
147.99731 -36.04914
147.98109 -36.04356
147.96421 -36.0467
147.94326 -36.04411
147.92379 -36.04234
147.91846 -36.02753
147.91556 -36.01022
147.90838 -35.99608
147.88986 -35.99784
147.87283 -35.99089
147.8544 -35.98918
147.84174 -35.98105
147.82226 -35.97865
147.81187 -35.96769
147.79349 -35.96439
147.7767 -35.96825
147.76578 -35.9591
147.74614 -35.95756
147.73095 -35.94918
147.7166 -35.94202
147.70915 -35.92898
147.69461 -35.9361
147.68103 -35.94422
147.66145 -35.94352
147.64229 -35.94985
147.63398 -35.96322
147.61582 -35.97121
147.60293 -35.97855
147.58431 -35.96904
147.56462 -35.97004
147.54907 -35.9648
147.56119 -35.9732
147.58129 -35.97793
147.57069 -35.99103
147.55569 -36.0032
147.53725 -35.99409
147.52252 -35.98722
147.52079 -35.96712
147.5074 -35.9583
147.49791 -35.94659
147.47926 -35.94374
147.45882 -35.94663
147.45148 -35.96112
147.43658 -35.95362
147.41873 -35.94921
147.40297 -35.94443
147.39243 -35.95406
147.39 -35.97168
147.37493 -35.97807
147.36342 -35.98717
147.35357 -35.99846
147.34806 -36.01365
147.35258 -36.03052
147.34193 -36.04346
147.3294 -36.05306
147.31464 -36.05934
147.30173 -36.04965
147.28691 -36.04317
147.26577 -36.03904
147.24334 -36.03862
147.22853 -36.04739
147.20639 -36.05009
147.19028 -36.04392
147.17641 -36.0359
147.15676 -36.0354
147.14085 -36.02909
147.12726 -36.01882
147.123 -36.00227
147.10912 -36.0084
147.09951 -36.02094
147.09645 -36.03998
147.08797 -36.05158
147.07691 -36.06144
147.06504 -36.07029
147.0584 -36.08479
147.05161 -36.09907
147.04264 -36.11029
147.02597 -36.10523
147.01317 -36.09709
147.00613 -36.08336
146.98877 -36.08705
146.97271 -36.08224
146.95646 -36.0781
146.95051 -36.09386
146.9478 -36.11342
146.92774 -36.10545
146.91404 -36.11272
146.90692 -36.09865
146.90231 -36.08312
146.88494 -36.08681
146.87323 -36.07433
146.86005 -36.08354
146.84079 -36.08435
146.82335 -36.08798
146.81609 -36.07417
146.80699 -36.06131
146.78873 -36.06482
146.77139 -36.05811
146.75742 -36.05175
146.74025 -36.04531
146.73277 -36.03269
146.71647 -36.02635
146.70329 -36.03378
146.68875 -36.04078
146.67753 -36.03012
146.66655 -36.01854
146.64987 -36.01357
146.6352 -36.00484
146.62045 -35.99868
146.60938 -35.98915
146.61712 -35.97653
146.59982 -35.97075
146.5834 -35.97558
146.56346 -35.97644
146.55206 -35.98548
146.53223 -35.98394
146.52538 -35.96937
146.5107 -35.9633
146.49651 -35.97051
146.50356 -35.98534
146.48849 -35.99031
146.47643 -35.98181
146.46453 -35.97224
146.45418 -35.96229
146.44386 -35.97528
146.42831 -35.96514
146.41982 -35.97745
146.40736 -35.98685
146.39724 -35.99831
146.38573 -36.0077
146.37818 -36.024
146.38682 -36.03538
146.37458 -36.04573
146.35883 -36.04102
146.34611 -36.03235
146.33161 -36.02667
146.32704 -36.04285
146.30875 -36.03969
146.29437 -36.04634
146.28656 -36.03372
146.28534 -36.0138
146.27563 -36.02424
146.25979 -36.01981
146.24254 -36.02339
146.23109 -36.03335
146.21307 -36.03656
146.19814 -36.03124
146.18805 -36.04155
146.17652 -36.03289
146.16596 -36.02323
146.14723 -36.02138
146.13257 -36.01551
146.1101 -36.01582
146.09397 -36.00993
146.08088 -36.01774
146.06119 -36.01486
146.05635 -35.99949
146.03588 -35.99847
146.01846 -36.00336
146.00155 -36.00849
145.98451 -36.01293
145.97051 -36.00595
145.95877 -35.99503
145.95031 -35.98294
145.9445 -35.96819
145.92736 -35.97384
145.91457 -35.96422
145.9045 -35.95284
145.88846 -35.95718
145.86878 -35.95638
145.8529 -35.96077
145.84504 -35.97356
145.82545 -35.97725
145.81266 -35.98471
145.79336 -35.98241
145.77749 -35.97263
145.76343 -35.96541
145.74425 -35.96356
145.73047 -35.95729
145.71586 -35.94949
145.71011 -35.93482
145.69524 -35.92647
145.67468 -35.92604
145.66805 -35.91236
145.65797 -35.90105
145.64538 -35.89333
145.63139 -35.88688
145.62383 -35.87314
145.60474 -35.86887
145.58872 -35.8624
145.58183 -35.84862
145.57089 -35.83729
145.55849 -35.82836
145.54764 -35.81248
145.53357 -35.80584
145.52419 -35.81742
145.50679 -35.81179
145.4874 -35.81265
145.46788 -35.81432
145.45682 -35.82616
145.44397 -35.83462
145.42624 -35.82963
145.41019 -35.83637
145.40236 -35.85093
145.38385 -35.85309
145.3655 -35.86009
145.34462 -35.86237
145.33223 -35.85449
145.31237 -35.8556
145.29506 -35.86012
145.28441 -35.85053
145.26629 -35.85251
145.25997 -35.83803
145.24675 -35.83051
145.22829 -35.83311
145.21623 -35.84199
145.19988 -35.83539
145.18185 -35.83801
145.16409 -35.84307
145.15559 -35.83033
145.1379 -35.8342
145.12849 -35.82183
145.10969 -35.82465
145.09469 -35.83125
145.07811 -35.8275
145.06466 -35.83583
145.0462 -35.83826
145.03354 -35.84779
145.01895 -35.85609
145.00165 -35.84924
144.99098 -35.85865
144.97086 -35.86091
144.97229 -35.88018
144.96468 -35.89588
144.95946 -35.91147
144.95151 -35.92459
144.95268 -35.94473
144.95727 -35.96033
144.94206 -35.96602
144.92609 -35.97348
144.93103 -35.99184
144.94314 -36.00255
144.95233 -36.01618
144.96274 -36.02585
144.96948 -36.04329
144.98318 -36.0504
144.98291 -36.07167
144.9674 -36.07866
144.94954 -36.08282
144.9365 -36.07556
144.92244 -36.06577
144.90585 -36.06202
144.88434 -36.06194
144.86551 -36.05977
144.85463 -36.06904
144.84695 -36.08207
144.84351 -36.09945
144.8261 -36.10357
144.81254 -36.11078
144.80413 -36.12315
144.78769 -36.12707
144.77143 -36.11968
144.75229 -36.12248
144.74373 -36.10937
144.72968 -36.11708
144.72013 -36.10611
144.72625 -36.09138
144.70648 -36.09298
144.68963 -36.09614
144.68622 -36.07726
144.67997 -36.06324
144.669 -36.07279
144.65455 -36.06704
144.64946 -36.0511
144.62993 -36.05171
144.61963 -36.06192
144.61677 -36.0441
144.60084 -36.03818
144.58396 -36.03384
144.57232 -36.02449
144.56543 -36.01043
144.55005 -36.00541
144.53591 -35.998485
144.51598 -35.99445
144.52071 -35.97408
144.50318 -35.97082
144.4885 -35.96455
144.48287 -35.94913
144.46614 -35.94512
144.45347 -35.93701
144.43897 -35.92989
144.42808 -35.91911
144.42191 -35.90524
144.41003 -35.89671
144.40432 -35.8812
144.40521 -35.86105
144.38891 -35.8567
144.38096 -35.84376
144.37187 -35.83164
144.38289 -35.82155
144.36571 -35.8159
144.37555 -35.80159
144.36158 -35.79529
144.35122 -35.78543
144.34828 -35.76706
144.32791 -35.76526
144.31939 -35.75209
144.29963 -35.75167
144.29247 -35.73791
144.27779 -35.74338
144.26672 -35.75294
144.25831 -35.74091
144.24801 -35.72969
144.23902 -35.71846
144.22518 -35.71016
144.21719 -35.69773
144.2058 -35.68605
144.18931 -35.68096
144.17613 -35.67214
144.16122 -35.66554
144.15168 -35.65331
144.13957 -35.64356
144.12905 -35.63398
144.11735 -35.6251
144.11197 -35.60883
144.10371 -35.59657
144.09173 -35.58723
144.07661 -35.58167
144.0625 -35.57557
144.05149 -35.5654
144.04425 -35.5526
144.0263 -35.55489
144.00979 -35.55842
143.99128 -35.55541
143.99685 -35.53883
143.97779 -35.5343
143.96929 -35.52256
143.97021 -35.50272
143.94859 -35.50108
143.9331 -35.50671
143.91761 -35.50078
143.90376 -35.49392
143.88689 -35.48529
143.87174 -35.47876
143.85679 -35.47103
143.84354 -35.46169
143.82872 -35.45574
143.81741 -35.44608
143.80909 -35.43375
143.79272 -35.42662
143.77294 -35.42396
143.75909 -35.4169
143.76692 -35.40455
143.75592 -35.39366
143.73601 -35.39287
143.71471 -35.39292
143.70137 -35.38608
143.68999 -35.37738
143.67617 -35.37066
143.66613 -35.38164
143.65537 -35.39096
143.64252 -35.40101
143.62962 -35.3922
143.61913 -35.38232
143.61248 -35.36854
143.60052 -35.35809
143.58919 -35.3474
143.57491 -35.34057
143.56418 -35.32882
143.56696 -35.31154
143.57751 -35.29971
143.58606 -35.28652
143.58091 -35.26973
143.57393 -35.2566
143.56507 -35.24421
143.57551 -35.23247
143.58006 -35.21483
143.5642 -35.20288
143.54729 -35.20678
143.53673 -35.21685
143.52019 -35.2126
143.50225 -35.21643
143.48369 -35.21862
143.46646 -35.21538
143.45874 -35.20304
143.4495 -35.19147
143.43132 -35.19508
143.41187 -35.19368
143.39355 -35.19107
143.39136 -35.17264
143.38211 -35.16147
143.39034 -35.14806
143.38287 -35.13449
143.37339 -35.12216
143.36143 -35.11387
143.35382 -35.09963
143.3426 -35.09063
143.3412 -35.07164
143.33744 -35.04919
143.32469 -35.04135
143.33493 -35.02928
143.33757 -35.01116
143.32916 -34.99849
143.31791 -34.98917
143.32223 -34.97213
143.31871 -34.95478
143.32709 -34.94221
143.3412 -34.93488
143.34003 -34.91575
143.32945 -34.9063
143.32191 -34.89154
143.3348 -34.884
143.34052 -34.86828
143.35155 -34.85811
143.34184 -34.84775
143.3498 -34.83459
143.35879 -34.81749
143.34787 -34.80821
143.34139 -34.79229
143.32172 -34.79115
143.31119 -34.78035
143.29553 -34.78765
143.27554 -34.79173
143.26417 -34.7813
143.25149 -34.77289
143.26469 -34.76413
143.27352 -34.75252
143.25208 -34.75701
143.24234 -34.74602
143.22955 -34.75642
143.22123 -34.74456
143.21415 -34.72979
143.19804 -34.72494
143.18927 -34.71301
143.17329 -34.71925
143.16636 -34.70606
143.14766 -34.70864
143.13399 -34.70177
143.12067 -34.69432
143.10722 -34.70123
143.11279 -34.68599
143.10044 -34.69464
143.08397 -34.6989
143.07167 -34.69002
143.05784 -34.6974
143.04338 -34.69118
143.03159 -34.68291
143.02122 -34.69309
143.00804 -34.68568
143.01657 -34.67288
142.99719 -34.67402
142.98036 -34.66972
142.97891 -34.68871
142.96352 -34.68017
142.95858 -34.6648
142.93623 -34.66128
142.92123 -34.65481
142.90099 -34.6566
142.8975 -34.67346
142.87718 -34.67471
142.86394 -34.6672
142.87129 -34.65329
142.86429 -34.64009
142.85797 -34.62396
142.83942 -34.62124
142.8294 -34.61035
142.80806 -34.60982
142.81155 -34.59112
142.79654 -34.59765
142.78591 -34.58707
142.80125 -34.57918
142.80892 -34.56194
142.79375 -34.55129
142.78317 -34.56139
142.77047 -34.56987
142.78426 -34.57725
142.76263 -34.57967
142.74533 -34.58438
142.76188 -34.58891
142.75275 -34.60275
142.73231 -34.60007
142.71207 -34.60016
142.70435 -34.61309
142.68923 -34.61798
142.70893 -34.6209
142.69755 -34.63291
142.69232 -34.64894
142.7036 -34.65987
142.71141 -34.67483
142.68845 -34.67126
142.68072 -34.68738
142.69008 -34.69828
142.6851 -34.71463
142.69927 -34.72166
142.67887 -34.72227
142.68566 -34.73586
142.66544 -34.73381
142.64655 -34.73117
142.6266 -34.72985
142.61698 -34.74041
142.62322 -34.75973
142.64261 -34.75887
142.63949 -34.78015
142.62439 -34.78598
142.60804 -34.7817
142.59475 -34.77241
142.57241 -34.77008
142.5574 -34.77508
142.54879 -34.76189
142.53486 -34.75503
142.51526 -34.75314
142.50603 -34.74073
142.51224 -34.72383
142.51585 -34.70655
142.4995 -34.70275
142.51282 -34.69441
142.50583 -34.68117
142.51233 -34.6661
142.49022 -34.66276
142.47882 -34.67342
142.47214 -34.65692
142.47711 -34.6416
142.46374 -34.63356
142.45859 -34.61775
142.46675 -34.60318
142.46325 -34.58512
142.47305 -34.57475
142.46447 -34.56125
142.45045 -34.56915
142.45865 -34.58339
142.4453 -34.57576
142.42872 -34.572
142.41131 -34.56912
142.40623 -34.54738
142.38522 -34.54443
142.37661 -34.53186
142.39483 -34.52433
142.37869 -34.51891
142.38593 -34.50243
142.37434 -34.49367
142.36054 -34.50015
142.36714 -34.48255
142.38334 -34.47871
142.36771 -34.46985
142.36179 -34.45485
142.3674 -34.43629
142.36048 -34.4223
142.35297 -34.40799
142.35928 -34.39063
142.36982 -34.37869
142.37813 -34.36418
142.38461 -34.34917
142.39784 -34.34091
142.38484 -34.33359
142.369 -34.32652
142.35344 -34.33218
142.33379 -34.33913
142.31758 -34.33073
142.29826 -34.32742
142.2805 -34.32187
142.28673 -34.30723
142.2703 -34.30053
142.25343 -34.30619
142.23196 -34.30279
142.24319 -34.29236
142.2453 -34.27397
142.24023 -34.25725
142.24483 -34.23997
142.2364 -34.22512
142.24455 -34.21235
142.2294 -34.20731
142.22721 -34.18832
142.21318 -34.18212
142.18906 -34.17965
142.17284 -34.18373
142.16492 -34.17131
142.16315 -34.15139
142.14259 -34.15166
142.1263 -34.15749
142.12166 -34.17334
142.10456 -34.17766
142.0877 -34.17286
142.07735 -34.15718
142.06538 -34.14751
142.07731 -34.139
142.06476 -34.12644
142.04476 -34.12699
142.02879 -34.11942
142.03897 -34.10865
142.01978 -34.10616
142.02482 -34.1217
142.00163 -34.12015
141.98476 -34.11278
141.96935 -34.12205
141.96288 -34.13614
141.95163 -34.12576
141.93903 -34.13356
141.92776 -34.12302
141.91395 -34.11538
141.89515 -34.11317
141.88397 -34.12902
141.86379 -34.12844
141.8444 -34.13141
141.82533 -34.12802
141.80717 -34.12043
141.79086 -34.11532
141.77739 -34.10788
141.75921 -34.11257
141.74622 -34.10361
141.73491 -34.09302
141.7251 -34.11026
141.71083 -34.10325
141.69317 -34.09902
141.67407 -34.10265
141.66244 -34.11164
141.64169 -34.11976
141.62994 -34.13213
141.6221 -34.14581
141.61304 -34.15701
141.59401 -34.1548
141.60378 -34.16528
141.59018 -34.17522
141.60532 -34.18459
141.58862 -34.18862
141.57415 -34.19645
141.5583 -34.19228
141.54546 -34.20094
141.53439 -34.19152
141.53403 -34.21127
141.51705 -34.21443
141.51294 -34.19753
141.51861 -34.18274
141.50447 -34.16951
141.49588 -34.15517
141.48219 -34.16342
141.46417 -34.16576
141.44632 -34.16862
141.43404 -34.16063
141.42775 -34.14663
141.40771 -34.1464
141.40664 -34.12714
141.39278 -34.13433
141.38375 -34.12335
141.365 -34.12194
141.35182 -34.11124
141.34323 -34.12685
141.33045 -34.13681
141.31808 -34.12767
141.3137 -34.1118
141.29253 -34.10598
141.27641 -34.09823
141.26527 -34.08416
141.24837 -34.08798
141.24552 -34.06924
141.22882 -34.07368
141.22011 -34.06184
141.20211 -34.06536
141.19316 -34.0775
141.18734 -34.09204
141.17555 -34.08229
141.15725 -34.08413
141.15283 -34.06855
141.13802 -34.06183
141.11907 -34.06444
141.10421 -34.05848
141.09694 -34.07161
141.08527 -34.06302
141.06747 -34.05658
141.04826 -34.06149
141.0438 -34.04434
141.02498 -34.04983
141.00935 -34.0445
141.00324 -34.02957
141.0028 -33.99851
141.00289 -33.9295
141.00286 -33.90605
141.00279 -33.82272
141.00271 -33.73939
141.00263 -33.65606
141.00256 -33.57273
141.00248 -33.49851
141.00239 -33.40607
141.00232 -33.32274
141.00224 -33.23941
141.00216 -33.15608
141.00209 -33.07275
141.00202 -32.99851
141.00193 -32.90609
141.00185 -32.82276
141.00177 -32.73943
141.00169 -32.65609
141.00161 -32.57276
141.00154 -32.4985
141.00146 -32.4061
141.00138 -32.32277
141.0013 -32.23944
141.00123 -32.15611
141.00114 -32.07278
141.0011 -31.99898
141.00105 -31.91565
141.001 -31.83232
141.00095 -31.74899
141.0009 -31.66566
141.00085 -31.58233
141.0008 -31.499
141.00075 -31.41567
141.00069 -31.33234
141.00064 -31.24901
141.00059 -31.16568
141.00054 -31.08235
141.00049 -30.99902
141.00044 -30.91569
141.00039 -30.83236
141.00034 -30.74903
141.00029 -30.6657
141.00024 -30.58237
141.00018 -30.49904
141.00013 -30.41571
141.00008 -30.33238
141.00003 -30.24905
140.99998 -30.16572
140.99993 -30.08239
140.99988 -29.99906
140.99983 -29.91572
140.99978 -29.83239
140.99973 -29.74906
140.99967 -29.66573
140.99963 -29.5824
140.99957 -29.49907
140.99953 -29.41574
140.99948 -29.33241
140.99943 -29.24908
140.99938 -29.16575
140.99933 -29.08242
140.99928 -28.99909
141.08261 -28.99909
141.16593 -28.99909
141.24926 -28.99909
141.33259 -28.99909
141.41592 -28.99909
141.49925 -28.99908
141.58258 -28.99908
141.66591 -28.99908
141.74924 -28.99908
141.83257 -28.99907
141.9159 -28.99907
141.99922 -28.99906
142.08255 -28.99906
142.16588 -28.99906
142.24921 -28.99906
142.33254 -28.99906
142.41587 -28.99906
142.4992 -28.99905
142.58253 -28.99905
142.66586 -28.99905
142.74918 -28.99905
142.83251 -28.99905
142.91082 -28.99905
142.99416 -28.99905
143.07749 -28.99906
143.16081 -28.99907
143.24415 -28.99908
143.32748 -28.99909
143.4108 -28.9991
143.49414 -28.99911
143.57745 -28.99912
143.66078 -28.99913
143.74412 -28.99914
143.82744 -28.99915
143.91078 -28.99916
143.99411 -28.99917
144.05028 -28.99918
144.13361 -28.99917
144.21694 -28.99917
144.30026 -28.99917
144.38359 -28.99917
144.46692 -28.99916
144.50121 -28.99916
144.55025 -28.99916
144.63358 -28.99916
144.71691 -28.99916
144.80024 -28.99916
144.88357 -28.99916
144.9669 -28.99916
145.00121 -28.99916
145.05022 -28.99916
145.13355 -28.99916
145.21688 -28.99915
145.30021 -28.99915
145.38354 -28.99914
145.46687 -28.99914
145.5012 -28.99914
145.5502 -28.99914
145.63353 -28.99914
145.71686 -28.99914
145.80018 -28.99914
145.88351 -28.99913
145.96684 -28.99913
146.00119 -28.99913
146.05017 -28.99913
146.1335 -28.99913
146.21683 -28.99913
146.30016 -28.99913
146.38349 -28.99913
146.46682 -28.99913
146.50118 -28.99913
146.55014 -28.99911
146.63347 -28.99911
146.7168 -28.99911
146.80013 -28.99911
146.88346 -28.99911
146.9402 -28.99911
147.00118 -28.99911
147.02353 -28.99911
147.10686 -28.9991
147.19019 -28.9991
147.27351 -28.9991
147.35684 -28.9991
147.44017 -28.99909
147.50117 -28.99909
147.5235 -28.99909
147.60683 -28.99909
147.69016 -28.99909
147.77349 -28.99908
147.85682 -28.99907
147.94014 -28.99907
148.00116 -28.99907
148.02347 -28.99907
148.1068 -28.99907
148.19013 -28.99906
148.27346 -28.99906
148.35679 -28.99906
148.44012 -28.99906
148.50116 -28.99906
148.52345 -28.99906
148.60677 -28.99905
148.6901 -28.99905
148.77343 -28.99905
148.85676 -28.99905
148.94009 -28.99904
148.95896 -28.9978
148.96808 -28.98664
148.97866 -28.97613
148.99726 -28.97272
149.00699 -28.95963
149.02773 -28.95446
149.03783 -28.94345
149.04334 -28.92851
149.0527 -28.91405
149.06063 -28.89484
149.0657 -28.87548
149.07378 -28.86296
149.0808 -28.84702
149.09289 -28.83454
149.11226 -28.83311
149.13176 -28.83213
149.14292 -28.82205
149.14818 -28.80598
149.16625 -28.80882
149.1794 -28.79848
149.18697 -28.78422
149.19705 -28.77119
149.2119 -28.76485
149.22754 -28.75896
149.23724 -28.74845
149.24758 -28.73839
149.26479 -28.73548
149.28031 -28.73032
149.28954 -28.71878
149.30158 -28.70986
149.31802 -28.71364
149.33007 -28.70404
149.34672 -28.69645
149.35667 -28.6859
149.37307 -28.69007
149.38714 -28.69626
149.39331 -28.68121
149.40795 -28.67066
149.41775 -28.65959
149.42606 -28.64721
149.42949 -28.63052
149.44174 -28.62168
149.44706 -28.60666
149.45609 -28.59543
149.47582 -28.5939
149.48529 -28.58246
149.50336 -28.57789
149.52007 -28.58158
149.53511 -28.57605
149.55175 -28.58065
149.56686 -28.57481
149.5861 -28.57401
149.59925 -28.58367
149.60506 -28.59839
149.62348 -28.59581
149.64038 -28.59955
149.65048 -28.61325
149.66444 -28.61934
149.67274 -28.63149
149.69124 -28.63447
149.70726 -28.62792
149.71361 -28.61284
149.73049 -28.61749
149.7464 -28.61285
149.76719 -28.61471
149.78648 -28.61391
149.80223 -28.6091
149.81789 -28.61451
149.83021 -28.60477
149.84503 -28.61099
149.86026 -28.6054
149.87741 -28.6093
149.88898 -28.61897
149.90556 -28.61411
149.92189 -28.61005
149.93657 -28.61576
149.95045 -28.60883
149.97002 -28.6093
149.98708 -28.60475
149.99873 -28.59511
150.01099 -28.58681
150.02542 -28.57958
150.03965 -28.58546
150.05737 -28.57989
150.07749 -28.58363
150.09061 -28.57584
150.1004 -28.56562
150.1191 -28.56194
150.13772 -28.56493
150.14761 -28.55378
150.16585 -28.55192
150.18238 -28.55653
150.18636 -28.57272
150.20801 -28.57247
150.22595 -28.56818
150.23906 -28.55934
150.25182 -28.54782
150.26709 -28.54052
150.28818 -28.53753
150.29946 -28.54727
150.31288 -28.55479
150.32343 -28.56656
150.33716 -28.57356
150.34995 -28.5832
150.36334 -28.58986
150.36817 -28.61012
150.37695 -28.6254
150.38872 -28.63474
150.40904 -28.63396
150.41319 -28.64988
150.43257 -28.65575
150.44402 -28.66485
150.46058 -28.66862
150.47373 -28.66099
150.49306 -28.6594
150.51135 -28.66207
150.53049 -28.6558
150.53494 -28.6723
150.55238 -28.66874
150.56564 -28.66174
150.58152 -28.65617
150.59572 -28.66374
150.61403 -28.67284
150.63081 -28.67613
150.64078 -28.66559
150.65676 -28.65978
150.67046 -28.65306
150.68364 -28.65997
150.70064 -28.65534
150.71479 -28.64469
150.72727 -28.63571
150.74762 -28.63494
150.76619 -28.63869
150.78233 -28.64573
150.79506 -28.6556
150.81534 -28.65772
150.82885 -28.66747
150.84448 -28.67289
150.85582 -28.68311
150.87207 -28.68967
150.88768 -28.69579
150.90238 -28.68783
150.9152 -28.69837
150.93093 -28.7061
150.93439 -28.72423
150.94751 -28.73197
150.96334 -28.73785
150.97923 -28.73307
150.9983 -28.73849
151.0129 -28.74592
151.02595 -28.75472
151.02076 -28.77083
151.02626 -28.78585
151.03757 -28.79716
151.04158 -28.81501
151.04301 -28.83405
151.05231 -28.8492
151.07048 -28.84393
151.0829 -28.83436
151.10299 -28.836
151.11451 -28.84799
151.12797 -28.85506
151.14044 -28.86284
151.15886 -28.86488
151.16926 -28.87499
151.18619 -28.87938
151.20202 -28.88619
151.20924 -28.8993
151.22406 -28.90734
151.23961 -28.91363
151.24913 -28.92623
151.26487 -28.93222
151.27592 -28.94217
151.2809 -28.95871
151.27227 -28.97043
151.27651 -28.98886
151.28335 -29.00282
151.27481 -29.02356
151.2818 -29.0387
151.2901 -29.0507
151.28292 -29.06697
151.27855 -29.0836
151.28183 -29.10367
151.29445 -29.11138
151.30827 -29.1251
151.31772 -29.13728
151.30951 -29.15189
151.31886 -29.16506
151.33361 -29.17338
151.35248 -29.17537
151.37302 -29.1751
151.3922 -29.17657
151.40288 -29.16574
151.41037 -29.153
151.4276 -29.14692
151.43934 -29.13576
151.45111 -29.12713
151.45947 -29.11101
151.46623 -29.09668
151.48408 -29.08903
151.49332 -29.07578
151.49009 -29.05683
151.49689 -29.04177
151.4978 -29.02037
151.50633 -29.00701
151.51777 -28.99841
151.52759 -28.9874
151.53666 -28.97529
151.54262 -28.96049
151.5584 -28.94647
151.57504 -28.94189
151.58822 -28.93285
151.60398 -28.92588
151.62087 -28.92261
151.63777 -28.92682
151.6482 -28.91577
151.6625 -28.90804
151.67739 -28.89899
151.69302 -28.88389
151.71267 -28.88206
151.72421 -28.8725
151.73339 -28.88625
151.73911 -28.90105
151.74631 -28.91803
151.76013 -28.92468
151.76869 -28.93635
151.77155 -28.95449
151.78962 -28.95211
151.80781 -28.94662
151.81521 -28.95994
151.83573 -28.95818
151.84156 -28.94135
151.84207 -28.91817
151.854 -28.90752
151.87278 -28.91397
151.89187 -28.9151
151.91335 -28.9204
151.9297 -28.92454
151.94518 -28.91982
151.9635 -28.91742
151.97632 -28.90969
151.99476 -28.8985
152.01007 -28.90523
152.01919 -28.89071
152.02829 -28.87442
152.03899 -28.86403
152.02526 -28.85699
152.01745 -28.83904
152.03003 -28.82852
152.0352 -28.81209
152.03474 -28.7914
152.03593 -28.76767
152.04077 -28.75216
152.04761 -28.73898
152.05606 -28.72249
152.07125 -28.71484
152.06654 -28.69774
152.0629 -28.67872
152.0446 -28.67459
152.03178 -28.66553
152.01106 -28.66339
152.00204 -28.6506
151.99752 -28.63406
151.99289 -28.61732
151.98975 -28.59648
151.98395 -28.58042
151.96652 -28.57278
151.95773 -28.56105
151.95343 -28.5421
151.95598 -28.52068
151.97099 -28.50954
151.9872 -28.52089
152.0011 -28.52802
152.01725 -28.52348
152.02895 -28.51102
152.04118 -28.50052
152.05264 -28.48988
152.06546 -28.47753
152.07852 -28.46922
152.09607 -28.4659
152.11408 -28.4634
152.13149 -28.45364
152.1413 -28.44189
152.15557 -28.4339
152.1759 -28.43341
152.19995 -28.43607
152.21631 -28.44891
152.22807 -28.43634
152.23942 -28.4221
152.25247 -28.41045
152.26499 -28.39345
152.28496 -28.39313
152.29356 -28.38039
152.30744 -28.36775
152.32747 -28.3673
152.34791 -28.36588
152.36838 -28.36711
152.38818 -28.36789
152.3975 -28.3549
152.40935 -28.34394
152.41952 -28.33187
152.41282 -28.31799
152.4145 -28.29545
152.4335 -28.29928
152.44537 -28.28749
152.46003 -28.2691
152.47468 -28.25786
152.49146 -28.25341
152.50823 -28.2496
152.52168 -28.26068
152.53567 -28.2672
152.52881 -28.28641
152.52468 -28.3027
152.53736 -28.31074
152.5474 -28.32086
152.56986 -28.32588
152.57832 -28.33845
152.58687 -28.3269
152.59561 -28.3154
152.59611 -28.29296
152.60372 -28.27934
152.62196 -28.28658
152.62796 -28.30315
152.64073 -28.31266
152.6594 -28.31047
152.67388 -28.31828
152.68395 -28.33038
152.69961 -28.33707
152.71957 -28.34581
152.73359 -28.35414
152.74658 -28.36197
152.76299 -28.35788
152.77495 -28.34682
152.79088 -28.35248
152.8093 -28.35089
152.81792 -28.33629
152.82765 -28.32567
152.84311 -28.31969
152.85639 -28.31239
152.87665 -28.31217
152.893 -28.31769
152.90815 -28.32634
152.93304 -28.33768
152.95041 -28.33398
152.97247 -28.33218
152.98819 -28.3372
153.00923 -28.34212
153.02802 -28.33992
153.04838 -28.34127
153.06537 -28.34453
153.08103 -28.35513
153.10181 -28.3577
153.11502 -28.35087
153.12526 -28.33997
153.1254 -28.31874
153.13896 -28.31154
153.15061 -28.303
153.16535 -28.2976
153.16143 -28.28149
153.17643 -28.27502
153.1758 -28.25328
153.1956 -28.25464
153.21301 -28.25985
153.23 -28.26467
153.23846 -28.25265
153.2545 -28.24513
153.26872 -28.23934
153.28801 -28.23459
153.30516 -28.23902
153.32578 -28.2357
153.33708 -28.24899
153.35783 -28.24936
153.37367 -28.24211
153.389 -28.23525
153.39812 -28.21816
153.4108 -28.20967
153.42345 -28.19896
153.43393 -28.18851
153.45021 -28.18176
153.46234 -28.17064
153.47505 -28.1585
153.49962 -28.16265
153.52765 -28.17375

149.14931 -35.14181
149.14015 -35.13039
149.12282 -35.12486
149.10673 -35.13101
149.09317 -35.13874
149.01952 -35.18432
149.00122 -35.19508
148.9294 -35.23732
148.85757 -35.27956
148.81015 -35.30744
148.80109 -35.32177
148.79529 -35.33648
148.79942 -35.35338
148.80445 -35.36835
148.80363 -35.38881
148.79615 -35.40147
148.78631 -35.41278
148.78422 -35.43237
148.77437 -35.44411
148.7717 -35.46347
148.77301 -35.48263
148.76372 -35.49356
148.76701 -35.51201
148.77097 -35.52821
148.77325 -35.54887
148.77364 -35.56926
148.78257 -35.58125
148.77664 -35.59733
148.7796 -35.61619
148.77624 -35.63645
148.77222 -35.65369
148.78701 -35.66043
148.79735 -35.67094
148.79304 -35.68743
148.79428 -35.70644
148.80642 -35.71489
148.82251 -35.72096
148.8315 -35.73405
148.84097 -35.74659
148.8561 -35.75354
148.86678 -35.74063
148.87204 -35.72425
148.89232 -35.72842
148.89343 -35.74849
148.90277 -35.75944
148.89488 -35.77187
148.89658 -35.79162
148.88983 -35.80612
148.89736 -35.82104
148.90661 -35.83206
148.90872 -35.85171
148.91983 -35.86074
148.93222 -35.87054
148.94433 -35.88088
148.95594 -35.88982
148.97567 -35.89217
148.99326 -35.89515
149.00883 -35.9013
149.02395 -35.90702
149.03876 -35.91421
149.05585 -35.91084
149.06083 -35.89328
149.06435 -35.87611
149.07433 -35.86577
149.08221 -35.85312
149.0957 -35.84563
149.09427 -35.82701
149.09958 -35.81189
149.10055 -35.79139
149.0959 -35.77601
149.09466 -35.7566
149.09844 -35.73967
149.10412 -35.72498
149.10415 -35.70493
149.1044 -35.68487
149.09669 -35.67213
149.09541 -35.65302
149.08758 -35.63965
149.08421 -35.62167
149.07954 -35.60515
149.07817 -35.58641
149.09497 -35.5822
149.11013 -35.58707
149.12606 -35.59185
149.13891 -35.58255
149.13197 -35.5572
149.138065 -35.537375
149.145015 -35.52231
149.15111 -35.50819
149.14993 -35.48815
149.14366 -35.47421
149.1363 -35.46104
149.14313 -35.44781
149.15379 -35.43837
149.13928 -35.43286
149.14537 -35.41854
149.15556 -35.40867
149.16547 -35.39857
149.17621 -35.38719
149.18582 -35.3765
149.19394 -35.36405
149.20284 -35.35026
149.21789 -35.34156
149.23947 -35.33781
149.25301 -35.33024
149.26839 -35.33506
149.28834 -35.33564
149.30864 -35.33575
149.32632 -35.33811
149.34046 -35.34422
149.35558 -35.3507
149.36587 -35.34082
149.38233 -35.33408
149.39516 -35.32684
149.3947 -35.30655
149.37607 -35.30488
149.35763 -35.3008
149.34579 -35.29186
149.33171 -35.28518
149.3163 -35.28055
149.30273 -35.2741
149.28299 -35.27205
149.27257 -35.26182
149.2554 -35.25633
149.24428 -35.2464
149.24614 -35.22797
149.23173 -35.22199
149.2138 -35.21959
149.20424 -35.20894
149.18956 -35.20331
149.19639 -35.18843
149.1859 -35.17789
149.18302 -35.16
149.16533 -35.15674

152.31201 -32.6267
152.30574 -32.61119
152.32362 -32.61383

151.98011 -32.67916
151.97323 -32.66551

152.13148 -32.6843
152.14099 -32.67273

152.19052 -32.7511
152.20283 -32.74231

151.20552 -33.54527
151.22145 -33.5408

