140.99928 -28.99909
140.99933 -29.08242
140.99938 -29.16575
140.99943 -29.24908
140.99948 -29.33241
140.99953 -29.41574
140.99957 -29.49849
140.99963 -29.5824
140.99967 -29.66573
140.99973 -29.74906
140.99978 -29.83239
140.99983 -29.91572
140.99988 -29.9985
140.99993 -30.08239
140.99998 -30.16572
141.00003 -30.24905
141.00008 -30.33238
141.00013 -30.41571
141.00018 -30.4985
141.00024 -30.58237
141.00029 -30.6657
141.00034 -30.74903
141.00039 -30.83236
141.00044 -30.91569
141.00049 -30.9985
141.00054 -31.08235
141.00059 -31.16568
141.00064 -31.24901
141.00069 -31.33234
141.00075 -31.41567
141.0008 -31.4985
141.00085 -31.58233
141.0009 -31.66566
141.00095 -31.74899
141.001 -31.83232
141.00105 -31.91565
141.0011 -31.9985
141.00114 -32.07278
141.00123 -32.15611
141.0013 -32.23511
141.00138 -32.32277
141.00146 -32.4061
141.00154 -32.48943
141.00161 -32.57276
141.00169 -32.65609
141.00177 -32.73943
141.00185 -32.82276
141.00193 -32.90609
141.00201 -32.98942
141.00209 -33.07275
141.00216 -33.15608
141.00224 -33.23941
141.00232 -33.32274
141.00239 -33.40607
141.00247 -33.4894
141.00256 -33.57273
141.00263 -33.65606
141.00271 -33.73939
141.00279 -33.82272
141.00286 -33.90605
141.00289 -33.9295
141.0028 -33.99851
141.00278 -34.02133
140.99021 -34.03171
140.98155 -34.01772
140.98004 -33.9989
140.96769 -33.98997
140.96361 -34.01793
140.96294 -34.08288
140.96229 -34.1652
140.96288 -34.24853
140.96347 -34.33186
140.96406 -34.41519
140.96465 -34.49851
140.96487 -34.58187
140.96509 -34.6652
140.96531 -34.74853
140.96553 -34.83186
140.96575 -34.91519
140.96597 -34.99853
140.96611 -35.08187
140.96625 -35.1652
140.9664 -35.24853
140.96654 -35.33186
140.96668 -35.41519
140.96682 -35.49852
140.96686 -35.52182
140.96699 -35.60515
140.96709 -35.66844
140.96643 -35.68847
140.96372 -35.77176
140.96268 -35.80371
140.96295 -35.85507
140.9634 -35.9384
140.96421 -35.99852
140.96447 -36.04602
140.96491 -36.0905
140.96575 -36.17382
140.96601 -36.20134
140.96639 -36.24507
140.96689 -36.30504
140.96762 -36.40509
140.96785 -36.43592
140.96801 -36.45705
140.96812 -36.48124
140.96837 -36.56688
140.96861 -36.65021
140.96881 -36.70168
140.96891 -36.72635
140.96905 -36.75846
140.96918 -36.78638
140.96931 -36.81721
140.96973 -36.84258
140.97001 -36.86547
140.97035 -36.89339
140.9706 -36.91613
140.97086 -36.94316
140.97119 -36.97213
140.9714 -36.99853
140.97159 -37.02598
140.97172 -37.07708
140.97161 -37.10808
140.97151 -37.14602
140.97131 -37.17851
140.97125 -37.22402
140.9718 -37.25176
140.97228 -37.27357
140.97273 -37.29894
140.97295 -37.32105
140.9731 -37.34098
140.97327 -37.36454
140.97375 -37.46561
140.97372 -37.48747
140.9735 -37.55586
140.97333 -37.58987
140.97281 -37.64446
140.9719 -37.73638
140.9714 -37.76658
140.97063 -37.80424
140.96959 -37.85503
140.96893 -37.88908
140.9682 -37.9101
140.96668 -37.99341
140.9662 -38.03461
140.9658 -38.05572
140.94635 -38.05363
140.92555 -38.05281
140.90819 -38.04945
140.88576 -38.04801
140.86579 -38.04718
140.84584 -38.04132
140.82375 -38.04217
140.80863 -38.04808
140.78908 -38.04519
140.77387 -38.05133
140.75867 -38.0573
140.74048 -38.0552
140.7217 -38.05133
140.70288 -38.05317
140.68521 -38.05685
140.66483 -38.05918
140.65173 -38.05086
140.63988 -38.04056
140.62013 -38.03925
140.60796 -38.02752
140.59122 -38.02358
140.57196 -38.02184
140.56111 -38.00567
140.54152 -38.00231
140.52771 -37.99354
140.51375 -37.98662
140.50426 -37.97565
140.49469 -37.96436
140.48184 -37.95669
140.46837 -37.95013
140.45744 -37.94095
140.44112 -37.93178
140.4218 -37.93067
140.4093 -37.92233
140.39537 -37.91582
140.38635 -37.90064
140.37421 -37.89186
140.36488 -37.87992
140.3586 -37.85885
140.35079 -37.84653
140.34097 -37.83085
140.33257 -37.81857
140.32643 -37.80302
140.31879 -37.78962
140.30837 -37.77463
140.30031 -37.76214
140.29288 -37.74847
140.28368 -37.7349
140.27577 -37.72149
140.26286 -37.70508
140.25256 -37.69274
140.24005 -37.67822
140.22675 -37.66353
140.21509 -37.65253
140.20337 -37.64083
140.191 -37.62895
140.18009 -37.61941
140.1664 -37.60943
140.15321 -37.60213
140.14115 -37.59388
140.12756 -37.58713
140.11264 -37.57858
140.12337 -37.56877
140.13133 -37.54995
140.12329 -37.53464
140.10596 -37.51888
140.09322 -37.51148
140.07849 -37.50461
140.06827 -37.49198
140.05589 -37.48231
140.03848 -37.47552
140.01933 -37.4765
140.01303 -37.49142
139.99811 -37.48491
139.98902 -37.47051
139.97591 -37.46147
139.96361 -37.44828
139.95003 -37.43907
139.93779 -37.42236
139.92505 -37.40748
139.91559 -37.39555
139.89823 -37.38263
139.88841 -37.37199
139.87949 -37.35795
139.86965 -37.34504
139.86037 -37.33176
139.84847 -37.32196
139.83653 -37.3093
139.82573 -37.29913
139.81841 -37.28624
139.80823 -37.27484
139.79985 -37.2615
139.79202 -37.24845
139.78279 -37.23683
139.77515 -37.22415
139.76744 -37.2113
139.75936 -37.19786
139.74631 -37.18572
139.74216 -37.16691
139.75878 -37.16335
139.7786 -37.16534
139.79341 -37.14819
139.7954 -37.12966
139.79094 -37.11236
139.77738 -37.09086
139.76666 -37.08112
139.74819 -37.07601
139.73982 -37.06326
139.74062 -37.04342
139.74228 -37.02494
139.73078 -37.01065
139.72011 -36.99961
139.70603 -36.98875
139.69267 -36.98087
139.67946 -36.96969
139.67055 -36.95829
139.67575 -36.9425
139.69701 -36.94041
139.71129 -36.93256
139.72376 -36.92405
139.74036 -36.9147
139.75468 -36.90728
139.77613 -36.90069
139.79639 -36.88435
139.81034 -36.87502
139.82107 -36.86448
139.83494 -36.85087
139.84341 -36.83857
139.85056 -36.82345
139.85384 -36.80611
139.85848 -36.78874
139.86216 -36.76687
139.86292 -36.74319
139.86358 -36.7214
139.86201 -36.6998
139.85897 -36.67873
139.85335 -36.65829
139.84833 -36.63958
139.8438 -36.62369
139.838 -36.60746
139.83323 -36.59113
139.82593 -36.57192
139.81905 -36.55254
139.81287 -36.53587
139.80735 -36.52008
139.80144 -36.50363
139.79499 -36.48805
139.78608 -36.4668
139.77828 -36.45147
139.77097 -36.43474
139.76197 -36.41988
139.7532 -36.40362
139.74683 -36.38792
139.73907 -36.37129
139.73031 -36.35502
139.72135 -36.33805
139.7132 -36.32201
139.70333 -36.30399
139.69533 -36.29104
139.68677 -36.27553
139.67793 -36.26093
139.66812 -36.24443
139.65619 -36.22385
139.6465 -36.20871
139.63588 -36.19404
139.62405 -36.17589
139.61267 -36.15964
139.60193 -36.14432
139.59315 -36.13172
139.58174 -36.1172
139.56952 -36.10061
139.56059 -36.0892
139.55023 -36.0762
139.53999 -36.06402
139.52905 -36.05101
139.51887 -36.03915
139.50137 -36.01892
139.48286 -35.99854
139.46086 -35.97639
139.44813 -35.96362
139.43359 -35.94861
139.42271 -35.93711
139.40902 -35.92336
139.39871 -35.91364
139.38861 -35.90361
139.37726 -35.89248
139.36602 -35.8827
139.35376 -35.87166
139.34256 -35.86123
139.32983 -35.85001
139.31846 -35.84045
139.30607 -35.83016
139.2942 -35.81992
139.28064 -35.80837
139.26889 -35.79863
139.24962 -35.78429
139.23716 -35.77432
139.21699 -35.75882
139.20182 -35.74864
139.18924 -35.73898
139.17018 -35.72561
139.15315 -35.71313
139.13995 -35.70454
139.12782 -35.69624
139.11229 -35.68577
139.08961 -35.67162
139.07657 -35.66308
139.0605 -35.65298
139.04298 -35.64285
139.02398 -35.6314
139.00941 -35.62337
138.99609 -35.61563
138.98185 -35.60755
138.96165 -35.5972
138.94185 -35.5867
138.92541 -35.57955
138.90931 -35.57224
138.895 -35.56555
138.87455 -35.55741
138.85446 -35.54931
138.83937 -35.54412
138.81413 -35.5355
138.79281 -35.52862
138.76274 -35.5205
138.74456 -35.51696
138.72157 -35.5141
138.70396 -35.5169
138.69233 -35.52609
138.68424 -35.53805
138.66238 -35.53638
138.64155 -35.54068
138.62511 -35.55053
138.61312 -35.56181
138.60212 -35.5756
138.60554 -35.59227
138.5834 -35.59979
138.57032 -35.60736
138.55782 -35.61538
138.54745 -35.62524
138.5346 -35.63374
138.523 -35.64263
138.50812 -35.63719
138.48582 -35.6324
138.46673 -35.63087
138.44678 -35.63061
138.42625 -35.63103
138.41399 -35.63889
138.39423 -35.6398
138.37328 -35.63989
138.35306 -35.64021
138.32552 -35.63976
138.30222 -35.63908
138.28055 -35.63929
138.26235 -35.64293
138.24993 -35.65141
138.23467 -35.65783
138.21796 -35.66182
138.19828 -35.66412
138.17925 -35.66243
138.16079 -35.65988
138.14492 -35.65303
138.13138 -35.64616
138.11809 -35.638
138.10374 -35.63214
138.09478 -35.61992
138.09588 -35.60031
138.10926 -35.58944
138.11773 -35.57445
138.12412 -35.5607
138.13462 -35.55003
138.14588 -35.5403
138.15707 -35.53094
138.16662 -35.51926
138.18447 -35.52298
138.20179 -35.51965
138.21444 -35.51129
138.22971 -35.50575
138.24586 -35.49974
138.25971 -35.49097
138.27157 -35.48253
138.28567 -35.47462
138.29647 -35.46367
138.30367 -35.4501
138.31254 -35.43802
138.32232 -35.42163
138.32893 -35.40762
138.33793 -35.39537
138.35047 -35.38721
138.36518 -35.37769
138.38113 -35.3709
138.40026 -35.36726
138.41814 -35.36137
138.43041 -35.35335
138.44274 -35.34129
138.44653 -35.32303
138.44589 -35.30176
138.44171 -35.28372
138.44731 -35.2689
138.45973 -35.26002
138.46597 -35.24571
138.46922 -35.22815
138.47015 -35.20669
138.46661 -35.18488
138.46887 -35.1654
138.46655 -35.14674
138.46901 -35.12673
138.4721 -35.10982
138.48124 -35.09486
138.494 -35.08458
138.50137 -35.06314
138.50789 -35.0456
138.51672 -35.03432
138.51245 -35.01249
138.50926 -34.99238
138.51004 -34.96924
138.50137 -34.94815
138.49662 -34.93078
138.48878 -34.90325
138.48321 -34.88377
138.47798 -34.86581
138.4765 -34.84555
138.48588 -34.82427
138.49069 -34.80858
138.48571 -34.79084
138.49098 -34.775
138.50137 -34.76298
138.51467 -34.7698
138.51172 -34.78732
138.51252 -34.80843
138.53067 -34.81384
138.54797 -34.80943
138.55182 -34.7923
138.5452 -34.77865
138.54273 -34.75853
138.53328 -34.74536
138.52133 -34.73511
138.50781 -34.72699
138.49352 -34.72123
138.48412 -34.70936
138.47321 -34.69956
138.45848 -34.69309
138.44872 -34.68039
138.43733 -34.67147
138.43971 -34.6537
138.43575 -34.63592
138.42635 -34.62263
138.40718 -34.6179
138.40253 -34.59947
138.38606 -34.59478
138.37108 -34.58884
138.35939 -34.5796
138.35069 -34.56768
138.34722 -34.54521
138.33663 -34.52692
138.32657 -34.5162
138.30922 -34.50911
138.29762 -34.49854
138.2844 -34.48882
138.27005 -34.48201
138.26158 -34.46755
138.26003 -34.44723
138.25643 -34.42973
138.24993 -34.41499
138.2451 -34.39687
138.23781 -34.38259
138.22763 -34.3704
138.2296 -34.35059
138.22658 -34.32905
138.22188 -34.30969
138.21106 -34.29793
138.2009 -34.28406
138.19065 -34.27106
138.17055 -34.27001
138.15088 -34.26955
138.157 -34.2545
138.1637 -34.24113
138.16027 -34.2232
138.15459 -34.20781
138.14546 -34.19673
138.13303 -34.18724
138.12271 -34.17299
138.11305 -34.162
138.10547 -34.14782
138.09699 -34.1355
138.078 -34.13321
138.06929 -34.14452
138.06137 -34.15721
138.05167 -34.16882
138.04161 -34.18075
138.03385 -34.19634
138.03151 -34.21446
138.02283 -34.22637
138.00949 -34.23508
138.00575 -34.25257
138.01244 -34.27165
138.02217 -34.28201
138.01831 -34.29878
138.01763 -34.31818
138.01251 -34.33364
138.0064 -34.35014
137.9946 -34.36303
137.97674 -34.37585
137.96096 -34.38716
137.94781 -34.39721
137.93538 -34.41088
137.92468 -34.42071
137.91658 -34.43334
137.91024 -34.44852
137.90597 -34.46469
137.89694 -34.48103
137.89365 -34.49855
137.88536 -34.51261
137.88572 -34.53256
137.88307 -34.5522
137.8798 -34.57321
137.87504 -34.58879
137.88002 -34.60409
137.89528 -34.61222
137.90103 -34.6309
137.88902 -34.64298
137.88165 -34.659
137.87703 -34.67447
137.87967 -34.69426
137.87338 -34.71133
137.86863 -34.72913
137.8656 -34.74754
137.85945 -34.76493
137.85516 -34.78709
137.84553 -34.80052
137.83368 -34.81069
137.82602 -34.82617
137.81843 -34.84225
137.81079 -34.85654
137.80192 -34.87362
137.79574 -34.89448
137.80433 -34.91143
137.79195 -34.92052
137.78548 -34.9349
137.7803 -34.95049
137.77038 -34.96613
137.76383 -34.9804
137.75796 -34.99551
137.7609 -35.01424
137.76385 -35.03374
137.75317 -35.04459
137.73322 -35.04375
137.7338 -35.06342
137.74482 -35.07409
137.74294 -35.09663
137.75507 -35.11096
137.74352 -35.12188
137.73197 -35.13057
137.71401 -35.13525
137.69656 -35.14089
137.68542 -35.15054
137.67963 -35.16663
137.66085 -35.16823
137.6424 -35.16609
137.62647 -35.16027
137.60969 -35.14614
137.59524 -35.13893
137.58318 -35.13054
137.56628 -35.12241
137.54676 -35.11509
137.52628 -35.11275
137.51151 -35.11868
137.49795 -35.11194
137.48089 -35.10477
137.45925 -35.09877
137.43485 -35.09742
137.41494 -35.10059
137.4006 -35.10959
137.38615 -35.11533
137.36997 -35.12273
137.35705 -35.1311
137.34382 -35.14271
137.34523 -35.16183
137.32623 -35.16766
137.30626 -35.16496
137.28465 -35.16478
137.26885 -35.15988
137.24565 -35.16226
137.2303 -35.16947
137.21253 -35.18154
137.20104 -35.19559
137.19126 -35.2068
137.18967 -35.22603
137.17708 -35.23378
137.16031 -35.23776
137.14418 -35.24373
137.12703 -35.24073
137.10188 -35.23684
137.08753 -35.22979
137.06746 -35.22877
137.05144 -35.22336
137.02806 -35.22182
137.00838 -35.2229
136.99274 -35.22792
136.98071 -35.24272
136.97025 -35.25436
136.96118 -35.26695
136.94388 -35.2741
136.93315 -35.28362
136.91655 -35.28708
136.89739 -35.28912
136.88573 -35.29828
136.87297 -35.28879
136.85617 -35.28391
136.84656 -35.27302
136.83682 -35.25976
136.82601 -35.24775
136.83127 -35.23268
136.8474 -35.22844
136.8456 -35.20732
136.84903 -35.19011
136.86586 -35.19413
136.8815 -35.18929
136.89507 -35.17745
136.89816 -35.15825
136.91393 -35.15319
136.92288 -35.1419
136.93878 -35.13197
136.94348 -35.11642
136.95032 -35.10192
136.96073 -35.08866
136.95712 -35.07039
136.95094 -35.05653
136.94293 -35.04319
136.93166 -35.03103
136.94486 -35.02179
136.95476 -35.00968
136.96843 -35.00102
136.9715 -34.98406
136.97203 -34.96236
136.97635 -34.94271
136.99091 -34.93608
137.00437 -34.9271
137.01331 -34.91495
137.00872 -34.89636
137.02901 -34.89937
137.04854 -34.9031
137.06251 -34.9125
137.07894 -34.91849
137.10166 -34.91842
137.12801 -34.91651
137.1495 -34.91667
137.16778 -34.91039
137.1842 -34.9055
137.19987 -34.89976
137.22152 -34.90401
137.24319 -34.89913
137.26136 -34.8963
137.28434 -34.89641
137.2945 -34.90791
137.30256 -34.9209
137.31647 -34.9302
137.33997 -34.92948
137.3529 -34.93848
137.36144 -34.95016
137.37784 -34.95384
137.3951 -34.94863
137.41366 -34.94048
137.4277 -34.93138
137.44045 -34.92063
137.45005 -34.90973
137.45568 -34.89387
137.45924 -34.87666
137.45859 -34.85304
137.45953 -34.82922
137.45988 -34.80774
137.46552 -34.79053
137.4735 -34.77441
137.47715 -34.75589
137.47866 -34.7365
137.48463 -34.71869
137.48954 -34.69917
137.4914 -34.68064
137.49671 -34.66333
137.50512 -34.65103
137.50787 -34.63227
137.50886 -34.6065
137.50706 -34.58755
137.50241 -34.57217
137.49484 -34.55503
137.48805 -34.53997
137.48117 -34.52409
137.47491 -34.50902
137.48314 -34.49576
137.4852 -34.47712
137.48307 -34.4586
137.48018 -34.43557
137.46658 -34.42821
137.45007 -34.43282
137.44238 -34.44661
137.43667 -34.46143
137.42642 -34.4731
137.41522 -34.46067
137.42247 -34.4444
137.4349 -34.43215
137.44146 -34.41769
137.44607 -34.39888
137.46495 -34.40137
137.47778 -34.38753
137.48137 -34.36539
137.48405 -34.3412
137.49148 -34.32574
137.50041 -34.31231
137.49945 -34.28869
137.49791 -34.26747
137.49983 -34.24893
137.50137 -34.23032
137.49067 -34.21006
137.48513 -34.19411
137.47377 -34.18146
137.46425 -34.16992
137.45724 -34.15042
137.44996 -34.1371
137.4702 -34.13745
137.49357 -34.13389
137.51123 -34.13646
137.52446 -34.12218
137.52739 -34.1048
137.54109 -34.09316
137.54496 -34.07501
137.55607 -34.06591
137.56328 -34.05305
137.56621 -34.03422
137.55503 -34.01638
137.54274 -34.00761
137.54601 -33.99066
137.55994 -33.98075
137.57274 -33.96825
137.58214 -33.95491
137.59406 -33.94141
137.60944 -33.93254
137.62311 -33.92553
137.63071 -33.91304
137.62537 -33.89568
137.61257 -33.88833
137.60036 -33.87733
137.61234 -33.86821
137.625 -33.85198
137.63503 -33.84063
137.64527 -33.82986
137.65639 -33.82079
137.67044 -33.81194
137.68093 -33.80111
137.69278 -33.7928
137.70772 -33.78381
137.72107 -33.77368
137.73076 -33.75669
137.73653 -33.73855
137.74645 -33.72675
137.75751 -33.71201
137.76961 -33.70217
137.78307 -33.69207
137.79761 -33.68547
137.80709 -33.67201
137.81951 -33.6621
137.82817 -33.64827
137.84159 -33.6413
137.85465 -33.63321
137.86544 -33.62166
137.87203 -33.60809
137.88076 -33.59637
137.8957 -33.58715
137.9202 -33.58738
137.91761 -33.60611
137.90482 -33.61625
137.90812 -33.59703
137.89996 -33.60977
137.90067 -33.62938
137.91804 -33.62644
137.92733 -33.61459
137.9293 -33.5962
137.93543 -33.58075
137.93533 -33.5589
137.95133 -33.56392
137.96535 -33.57132
137.97443 -33.55942
137.96264 -33.55073
137.94123 -33.54973
137.94006 -33.5265
137.94823 -33.51445
137.93551 -33.50286
137.92876 -33.48863
137.92203 -33.46753
137.91175 -33.45146
137.90588 -33.43369
137.89446 -33.42402
137.88278 -33.412
137.87278 -33.40083
137.87405 -33.37487
137.87893 -33.35973
137.88494 -33.34255
137.88164 -33.32438
137.86703 -33.32989
137.85062 -33.32502
137.84379 -33.31002
137.82615 -33.29576
137.81605 -33.28467
137.81082 -33.26648
137.82072 -33.25615
137.82316 -33.23632
137.83138 -33.22362
137.83397 -33.20476
137.84896 -33.19312
137.86464 -33.18374
137.88138 -33.17799
137.89846 -33.17136
137.91653 -33.16874
137.93195 -33.16242
137.94283 -33.15276
137.96105 -33.14902
137.97442 -33.14179
137.99188 -33.13663
138.00677 -33.13054
138.0095 -33.14865
138.02247 -33.14044
138.03707 -33.13494
138.04777 -33.12078
138.03994 -33.10842
138.02399 -33.10421
138.03253 -33.09129
138.04237 -33.07834
138.03354 -33.06423
138.0244 -33.04497
138.01497 -33.03195
138.00134 -33.02386
137.98654 -33.01853
137.96446 -33.01818
137.95131 -33.00906
137.94905 -32.99079
137.94717 -32.97109
137.94096 -32.95182
137.9382 -32.93263
137.93403 -32.9152
137.92897 -32.8899
137.92218 -32.86853
137.91284 -32.8536
137.90771 -32.83386
137.90371 -32.81746
137.90303 -32.79421
137.89869 -32.77711
137.90825 -32.76563
137.92204 -32.75872
137.91765 -32.73999
137.90387 -32.72933
137.89232 -32.72051
137.87517 -32.71279
137.85699 -32.70656
137.84501 -32.69817
137.84956 -32.68216
137.85655 -32.66864
137.85106 -32.6527
137.84443 -32.63927
137.82892 -32.63183
137.81633 -32.62411
137.80679 -32.61329
137.80937 -32.5947
137.82017 -32.58494
137.81993 -32.5641
137.80357 -32.55531
137.78822 -32.56063
137.78293 -32.54419
137.77804 -32.52699
137.76858 -32.51632
137.76423 -32.49854
137.76083 -32.5152
137.75651 -32.53164
137.76925 -32.53995
137.7583 -32.54955
137.7601 -32.56856
137.76375 -32.58773
137.76477 -32.60838
137.75953 -32.62753
137.75683 -32.64561
137.75421 -32.66417
137.75622 -32.68403
137.75161 -32.70063
137.76085 -32.71363
137.7801 -32.71158
137.79414 -32.72669
137.80517 -32.73958
137.80468 -32.7607
137.80047 -32.77778
137.80349 -32.79637
137.80319 -32.81736
137.80842 -32.83283
137.80974 -32.85228
137.79825 -32.86195
137.79478 -32.88004
137.79406 -32.90029
137.78667 -32.91554
137.76981 -32.91175
137.75159 -32.91373
137.75407 -32.93548
137.7611 -32.95123
137.77103 -32.96534
137.77924 -32.97954
137.78443 -32.9956
137.7634 -32.99234
137.7295 -32.992
137.71673 -32.98341
137.70457 -32.97199
137.6937 -32.96086
137.67426 -32.95674
137.66039 -32.95027
137.63676 -32.95374
137.62106 -32.96078
137.61124 -32.97424
137.59916 -32.99332
137.59695 -33.01154
137.59731 -33.03126
137.58369 -33.04253
137.56842 -33.05387
137.55486 -33.07382
137.54584 -33.0858
137.53375 -33.09435
137.52167 -33.10356
137.50869 -33.11276
137.49485 -33.11901
137.4772 -33.12456
137.46117 -33.12888
137.45101 -33.14029
137.44424 -33.15573
137.44382 -33.17564
137.44176 -33.19652
137.43923 -33.2142
137.43432 -33.2295
137.4248 -33.24159
137.41605 -33.25361
137.40969 -33.27033
137.3991 -33.28315
137.38664 -33.2941
137.38046 -33.30867
137.37873 -33.32759
137.37908 -33.34759
137.38088 -33.36633
137.37813 -33.38397
137.37016 -33.40165
137.36064 -33.41449
137.35837 -33.4332
137.34944 -33.44673
137.33582 -33.45597
137.31995 -33.46098
137.31269 -33.47425
137.30496 -33.48744
137.29979 -33.50256
137.29254 -33.51665
137.28931 -33.53376
137.28321 -33.54934
137.2779 -33.5661
137.26354 -33.57848
137.25864 -33.59383
137.25237 -33.60876
137.24266 -33.62058
137.23377 -33.63199
137.22389 -33.64315
137.21683 -33.65723
137.20323 -33.66467
137.18859 -33.67121
137.17673 -33.6811
137.15631 -33.69293
137.1387 -33.69784
137.11926 -33.69963
137.09819 -33.70048
137.0749 -33.69827
137.05662 -33.70003
137.04152 -33.70716
137.02908 -33.71473
137.00137 -33.72467
136.99728 -33.70875
136.98315 -33.70248
136.96623 -33.69816
136.97761 -33.68705
136.96409 -33.67595
136.94674 -33.67239
136.93031 -33.67833
136.92813 -33.6967
136.91827 -33.70735
136.90802 -33.71785
136.89438 -33.72509
136.87819 -33.7309
136.87294 -33.74584
136.87673 -33.76904
136.89473 -33.77334
136.91261 -33.76637
136.92686 -33.75899
136.93001 -33.73852
136.94634 -33.74229
136.9611 -33.7347
136.95771 -33.75142
136.94362 -33.75803
136.93011 -33.76543
136.91568 -33.77167
136.89824 -33.77967
136.87869 -33.7863
136.86595 -33.7938
136.85116 -33.79922
136.82396 -33.79967
136.80096 -33.8032
136.78775 -33.81281
136.77897 -33.82435
136.76167 -33.83088
136.73779 -33.83311
136.723 -33.83961
136.71025 -33.85055
136.69859 -33.86083
136.68432 -33.86725
136.6705 -33.87723
136.65251 -33.88283
136.636 -33.88737
136.61804 -33.89199
136.60041 -33.89682
136.58793 -33.90608
136.57608 -33.91705
136.57637 -33.9369
136.56428 -33.94658
136.55275 -33.95522
136.53953 -33.96345
136.5265 -33.97178
136.51346 -33.98043
136.50326 -33.99062
136.48502 -33.99664
136.46987 -34.00183
136.45093 -34.00427
136.43476 -34.01176
136.41917 -34.02368
136.40533 -34.03526
136.39257 -34.0459
136.37972 -34.05589
136.36724 -34.06366
136.35789 -34.07691
136.35093 -34.09311
136.34783 -34.11094
136.35667 -34.12237
136.34548 -34.13121
136.33413 -34.14518
136.33062 -34.16189
136.32249 -34.17485
136.31455 -34.18776
136.30183 -34.19515
136.29362 -34.20746
136.28384 -34.21909
136.27442 -34.22968
136.26931 -34.24537
136.26183 -34.25963
136.25355 -34.27232
136.24387 -34.28373
136.23418 -34.29405
136.22178 -34.30656
136.20772 -34.3179
136.19517 -34.32885
136.18244 -34.33628
136.16585 -34.33974
136.13828 -34.34096
136.12007 -34.35071
136.10698 -34.36679
136.10778 -34.38792
136.11748 -34.40111
136.10857 -34.41819
136.09952 -34.42952
136.11678 -34.42601
136.11598 -34.44566
136.1174 -34.46432
136.10997 -34.48018
136.11774 -34.4939
136.11133 -34.50885
136.10007 -34.52193
136.0957 -34.53847
136.09064 -34.52056
136.08089 -34.50993
136.07842 -34.4908
136.06418 -34.48108
136.04364 -34.4793
136.02683 -34.48291
136.01752 -34.49614
136.02106 -34.51326
136.00382 -34.50832
135.99353 -34.51814
135.9832 -34.50707
135.95963 -34.50883
135.94257 -34.51978
135.93144 -34.53058
135.9281 -34.54743
135.91617 -34.56273
135.90822 -34.57696
135.90204 -34.5914
135.90807 -34.60569
135.92624 -34.60929
135.9341 -34.62162
135.93485 -34.64212
135.91982 -34.63282
135.91123 -34.61865
135.89168 -34.61539
135.87155 -34.62479
135.86043 -34.6372
135.85745 -34.65438
135.85549 -34.67311
135.85518 -34.69405
135.85396 -34.71587
135.8687 -34.72171
135.88565 -34.72587
135.87654 -34.73811
135.88909 -34.7464
135.87924 -34.75702
135.86729 -34.76749
135.85846 -34.75068
135.84185 -34.75545
135.83035 -34.7651
135.81785 -34.77379
135.8052 -34.78762
135.79449 -34.79899
135.80197 -34.81361
135.82043 -34.81608
135.84216 -34.81707
135.85829 -34.81052
135.87544 -34.80699
135.89666 -34.80424
135.90525 -34.7921
135.91954 -34.78459
135.92746 -34.77203
135.94293 -34.76699
135.95424 -34.7577
135.96205 -34.77014
135.96886 -34.7861
135.98538 -34.78018
135.98778 -34.76138
135.98866 -34.74146
135.97968 -34.73007
135.99535 -34.72551
136.00577 -34.73576
136.00997 -34.75211
136.00342 -34.77522
136.00861 -34.79178
136.00211 -34.80801
135.99579 -34.82262
135.98152 -34.83009
135.96394 -34.84192
135.96034 -34.86424
135.96627 -34.87864
135.97302 -34.89292
135.97851 -34.90808
135.98706 -34.91959
135.98605 -34.93955
135.98921 -34.95701
135.99835 -34.96841
136.00268 -34.98417
135.98542 -34.98696
135.96852 -34.99121
135.96106 -35.00501
135.94326 -35.00158
135.94607 -34.98289
135.93472 -34.97362
135.92707 -34.95999
135.9212 -34.94526
135.90406 -34.9343
135.88784 -34.92955
135.8739 -34.92207
135.85695 -34.92669
135.8555 -34.90797
135.85315 -34.88976
135.84264 -34.87949
135.82542 -34.87172
135.80095 -34.86296
135.78199 -34.8599
135.75872 -34.85701
135.73427 -34.85888
135.71916 -34.86401
135.70756 -34.87425
135.70767 -34.89448
135.69864 -34.90595
135.68203 -34.9119
135.68837 -34.92581
135.68577 -34.94502
135.668 -34.94167
135.65239 -34.93645
135.63812 -34.94312
135.61934 -34.94436
135.62075 -34.92493
135.62332 -34.90717
135.61364 -34.89563
135.60391 -34.88476
135.59607 -34.87138
135.58451 -34.86284
135.57557 -34.85167
135.5654 -34.8415
135.55561 -34.83115
135.54472 -34.82065
135.53239 -34.81059
135.52177 -34.80024
135.50911 -34.79051
135.49653 -34.78228
135.49308 -34.76542
135.4826 -34.75431
135.4725 -34.74299
135.46032 -34.73314
135.4477 -34.72549
135.43429 -34.71673
135.4208 -34.70785
135.40709 -34.70065
135.39322 -34.6936
135.37361 -34.68637
135.35569 -34.68188
135.33725 -34.68458
135.32046 -34.68024
135.32991 -34.66912
135.34724 -34.6641
135.3455 -34.63997
135.3385 -34.62371
135.32844 -34.61345
135.3148 -34.60483
135.29719 -34.602
135.29014 -34.58725
135.28035 -34.57467
135.26991 -34.56425
135.25686 -34.55546
135.24441 -34.54758
135.2257 -34.54378
135.20845 -34.54922
135.1952 -34.55741
135.1761 -34.555
135.15832 -34.5626
135.14761 -34.57208
135.14412 -34.59141
135.12631 -34.58634
135.12622 -34.5661
135.13168 -34.55144
135.13282 -34.53185
135.14282 -34.52107
135.13932 -34.5036
135.15237 -34.49498
135.16249 -34.48457
135.17024 -34.47109
135.18093 -34.46084
135.19128 -34.44449
135.20013 -34.43149
135.21797 -34.43379
135.21572 -34.45284
135.21525 -34.47296
135.21603 -34.49298
135.22938 -34.50054
135.24749 -34.50547
135.26608 -34.50896
135.29515 -34.50764
135.30825 -34.51577
135.32788 -34.51735
135.35168 -34.51901
135.32959 -34.51951
135.31264 -34.52436
135.30429 -34.53867
135.30114 -34.55579
135.31308 -34.5644
135.32789 -34.57059
135.34727 -34.57568
135.35621 -34.58701
135.35058 -34.60212
135.36204 -34.62
135.38098 -34.62167
135.39585 -34.62682
135.37715 -34.62931
135.36441 -34.63693
135.37703 -34.64506
135.39291 -34.6409
135.40834 -34.6357
135.42756 -34.63256
135.44738 -34.63043
135.45182 -34.61462
135.46875 -34.62143
135.4873 -34.61535
135.50242 -34.6204
135.51602 -34.61334
135.50986 -34.59909
135.49112 -34.5978
135.47258 -34.59376
135.45683 -34.58651
135.44419 -34.59668
135.46153 -34.60787
135.47375 -34.61643
135.4586 -34.61059
135.44059 -34.60714
135.43782 -34.58967
135.44316 -34.57466
135.44227 -34.55508
135.44584 -34.53754
135.4315 -34.53109
135.41793 -34.53985
135.41484 -34.52163
135.40731 -34.50818
135.40059 -34.52184
135.39181 -34.5336
135.40408 -34.54212
135.42059 -34.54601
135.40709 -34.5545
135.41031 -34.57142
135.41249 -34.58976
135.42244 -34.60152
135.40298 -34.59942
135.38974 -34.59162
135.39561 -34.57597
135.39801 -34.55782
135.39029 -34.54168
135.38713 -34.52361
135.37793 -34.51179
135.39109 -34.50385
135.39184 -34.48345
135.39065 -34.46441
135.38762 -34.44629
135.38018 -34.43263
135.36721 -34.42509
135.36219 -34.40952
135.36392 -34.39106
135.35884 -34.37609
135.35732 -34.35608
135.35834 -34.33707
135.35547 -34.31939
135.35161 -34.30301
135.35101 -34.28359
135.34593 -34.26845
135.33849 -34.2498
135.33101 -34.23478
135.32457 -34.22072
135.31716 -34.20689
135.30902 -34.19257
135.29849 -34.18016
135.28023 -34.17013
135.2673 -34.1773
135.25931 -34.16142
135.24704 -34.15343
135.25253 -34.13821
135.2648 -34.12704
135.27902 -34.12063
135.27454 -34.10164
135.27617 -34.08178
135.27898 -34.06407
135.27313 -34.04526
135.26451 -34.03191
135.27011 -34.01582
135.26143 -34.00362
135.25525 -33.9877
135.24613 -33.97533
135.23718 -33.96323
135.2284 -33.95178
135.21829 -33.94178
135.20783 -33.93141
135.19644 -33.92125
135.1892 -33.90725
135.18773 -33.88669
135.17752 -33.87383
135.15766 -33.87104
135.14757 -33.85493
135.13446 -33.84752
135.12627 -33.83427
135.1142 -33.8259
135.10199 -33.81752
135.09032 -33.80833
135.07825 -33.79892
135.06963 -33.78745
135.05918 -33.7749
135.04868 -33.76522
135.03804 -33.75419
135.02632 -33.74456
135.01473 -33.73579
135.00139 -33.72738
134.98856 -33.7194
134.97618 -33.7116
134.9624 -33.70532
134.94951 -33.69801
134.93547 -33.69016
134.92253 -33.6803
134.90836 -33.67369
134.89621 -33.66486
134.88477 -33.65554
134.88103 -33.63838
134.86226 -33.64307
134.84882 -33.63585
134.83583 -33.62788
134.84369 -33.61323
134.84081 -33.5958
134.84808 -33.57941
134.85289 -33.56378
134.86215 -33.55053
134.86316 -33.53143
134.86113 -33.50799
134.85813 -33.48937
134.85266 -33.46809
134.84824 -33.45018
134.84293 -33.42912
134.83765 -33.41369
134.82975 -33.39003
134.82282 -33.37438
134.81608 -33.35922
134.80921 -33.34324
134.80254 -33.32943
134.78399 -33.31998
134.76925 -33.31422
134.75696 -33.3043
134.7503 -33.29037
134.73977 -33.27757
134.7269 -33.26981
134.71262 -33.26355
134.69492 -33.26069
134.68375 -33.24968
134.67188 -33.23861
134.65987 -33.23024
134.67783 -33.23241
134.69472 -33.2266
134.70789 -33.23345
134.72092 -33.2259
134.71337 -33.21312
134.71767 -33.19727
134.70878 -33.18182
134.69645 -33.17238
134.67626 -33.16729
134.65673 -33.16069
134.63709 -33.16204
134.61744 -33.15359
134.60468 -33.14381
134.5848 -33.14532
134.57233 -33.15485
134.5584 -33.16141
134.57067 -33.17926
134.58837 -33.19258
134.60573 -33.19724
134.62441 -33.19502
134.63674 -33.1858
134.62434 -33.19654
134.63143 -33.20987
134.64149 -33.22099
134.66196 -33.21899
134.64495 -33.22295
134.63576 -33.2338
134.61872 -33.23023
134.6086 -33.2177
134.59685 -33.20916
134.58446 -33.2009
134.57151 -33.19241
134.55207 -33.19077
134.54151 -33.18132
134.52712 -33.17547
134.51415 -33.16817
134.50138 -33.16039
134.48468 -33.15615
134.4674 -33.15229
134.45258 -33.14627
134.4326 -33.14696
134.41513 -33.15008
134.40373 -33.15969
134.39023 -33.16872
134.37499 -33.17541
134.36673 -33.16048
134.36147 -33.14119
134.35214 -33.12382
134.34 -33.11331
134.33298 -33.09828
134.31575 -33.0891
134.29878 -33.08023
134.29099 -33.06536
134.29976 -33.05407
134.29259 -33.03972
134.28217 -33.02689
134.26427 -33.03144
134.27836 -33.03747
134.27475 -33.05509
134.26241 -33.06417
134.26416 -33.08496
134.27467 -33.09519
134.28253 -33.11056
134.29436 -33.11891
134.31255 -33.1124
134.31803 -33.12748
134.33219 -33.13448
134.34808 -33.14074
134.35831 -33.15091
134.34517 -33.16048
134.34639 -33.17942
134.34171 -33.19477
134.31943 -33.19487
134.31042 -33.18323
134.29744 -33.17607
134.28394 -33.16604
134.2686 -33.16075
134.26061 -33.14766
134.26448 -33.13058
134.26097 -33.11265
134.25591 -33.09449
134.24715 -33.08183
134.23947 -33.06884
134.23457 -33.0483
134.22212 -33.04005
134.20351 -33.03691
134.1844 -33.04008
134.17192 -33.04774
134.15924 -33.0377
134.14685 -33.02901
134.15413 -33.01439
134.17285 -33.01116
134.18964 -33.01577
134.20032 -33.00626
134.2062 -32.98563
134.20234 -32.96537
134.19338 -32.94799
134.18131 -32.93373
134.16752 -32.92682
134.14724 -32.92657
134.14291 -32.94359
134.13157 -32.93474
134.12444 -32.92062
134.11138 -32.91215
134.09701 -32.91815
134.08217 -32.92633
134.07332 -32.91441
134.06018 -32.90658
134.07664 -32.90296
134.07162 -32.88583
134.08857 -32.87805
134.09887 -32.86811
134.11877 -32.86674
134.13213 -32.85633
134.13793 -32.84111
134.13483 -32.82263
134.12955 -32.80571
134.12153 -32.78779
134.10744 -32.76772
134.09673 -32.75585
134.08491 -32.74732
134.07308 -32.73901
134.06521 -32.7266
134.07131 -32.71269
134.09191 -32.71289
134.10554 -32.72036
134.12595 -32.72147
134.14538 -32.71982
134.17228 -32.71815
134.18836 -32.72357
134.20638 -32.7272
134.18627 -32.72777
134.16729 -32.73128
134.18027 -32.73953
134.19598 -32.74521
134.19242 -32.76267
134.19411 -32.78162
134.20026 -32.79644
134.2183 -32.7919
134.22993 -32.78233
134.23164 -32.76238
134.24039 -32.74917
134.25371 -32.74108
134.2649 -32.72875
134.27271 -32.71309
134.2821 -32.70064
134.28835 -32.68683
134.29401 -32.66596
134.28541 -32.65433
134.27907 -32.63828
134.27773 -32.61327
134.27387 -32.59321
134.2658 -32.57266
134.25741 -32.55929
134.24734 -32.54808
134.23357 -32.53533
134.22065 -32.52194
134.21113 -32.50932
134.19967 -32.49857
134.18946 -32.48818
134.17704 -32.47847
134.16364 -32.46928
134.14844 -32.46328
134.12636 -32.45507
134.10752 -32.45679
134.08836 -32.45811
134.07612 -32.46884
134.05711 -32.46118
134.03657 -32.45994
134.02065 -32.46799
134.00303 -32.47976
133.99187 -32.48936
133.98537 -32.50436
133.96863 -32.4994
133.95336 -32.4943
133.93197 -32.49536
133.91459 -32.50116
133.90569 -32.51332
133.8957 -32.52595
133.89065 -32.54106
133.87626 -32.53238
133.85612 -32.53361
133.85496 -32.51438
133.85099 -32.49492
133.86256 -32.48403
133.85419 -32.46924
133.8549 -32.44868
133.86271 -32.4363
133.86764 -32.41962
133.86693 -32.39959
133.887 -32.39733
133.90259 -32.40294
133.91288 -32.41472
133.92322 -32.42493
133.93835 -32.42002
133.94945 -32.40821
133.95177 -32.38988
133.94021 -32.38069
133.93137 -32.36205
133.92042 -32.34988
133.91224 -32.33526
133.90494 -32.32151
133.89066 -32.31104
133.87995 -32.30093
133.87401 -32.2867
133.86028 -32.27873
133.85148 -32.26533
133.83868 -32.25455
133.82426 -32.24744
133.81605 -32.23215
133.80353 -32.24389
133.79302 -32.25407
133.7764 -32.25759
133.76423 -32.24936
133.75524 -32.23541
133.76093 -32.22042
133.75471 -32.20472
133.73742 -32.20747
133.72616 -32.19837
133.70243 -32.19656
133.68525 -32.20066
133.68622 -32.1815
133.69187 -32.16506
133.67654 -32.14325
133.65949 -32.14778
133.64384 -32.14312
133.66225 -32.14083
133.67229 -32.12935
133.67118 -32.10964
133.65421 -32.10388
133.64065 -32.09654
133.62656 -32.09043
133.60929 -32.08532
133.59074 -32.08917
133.5799 -32.09896
133.5738 -32.11486
133.57748 -32.13157
133.5707 -32.15005
133.55735 -32.15818
133.54876 -32.16962
133.53297 -32.16332
133.52183 -32.15166
133.50313 -32.15495
133.50048 -32.13755
133.48838 -32.12685
133.48378 -32.11034
133.47147 -32.10034
133.45673 -32.10715
133.449 -32.1202
133.4351 -32.12653
133.41718 -32.12912
133.40342 -32.13734
133.42118 -32.14059
133.43375 -32.15266
133.45154 -32.15818
133.46833 -32.16472
133.47878 -32.17691
133.48809 -32.19131
133.46249 -32.18455
133.4473 -32.17879
133.42803 -32.1824
133.42312 -32.19788
133.40436 -32.19981
133.38634 -32.1972
133.37261 -32.18906
133.34765 -32.18284
133.32795 -32.18139
133.30778 -32.18139
133.28734 -32.1816
133.27398 -32.18867
133.2671 -32.20199
133.25446 -32.21049
133.24032 -32.19822
133.22794 -32.18982
133.21206 -32.18483
133.19309 -32.17558
133.17361 -32.1701
133.1524 -32.17132
133.14251 -32.18481
133.1352 -32.1998
133.13793 -32.18133
133.13039 -32.16418
133.11961 -32.15324
133.10718 -32.14213
133.09267 -32.13027
133.07377 -32.11624
133.0601 -32.10667
133.0431 -32.0991
133.02628 -32.09191
133.00886 -32.0832
132.99412 -32.09013
132.98524 -32.10386
132.97782 -32.09107
132.97442 -32.07244
132.96171 -32.06403
132.94616 -32.05398
132.92835 -32.04931
132.9161 -32.04024
132.90121 -32.03339
132.88911 -32.02372
132.87655 -32.01431
132.86211 -32.00438
132.8501 -31.99638
132.8343 -31.98567
132.8158 -31.97572
132.79534 -31.96579
132.77592 -31.95754
132.74847 -31.94895
132.73408 -31.95594
132.7154 -31.95388
132.69346 -31.95299
132.67724 -31.95719
132.65932 -31.95507
132.64762 -31.94587
132.62878 -31.94103
132.61085 -31.93777
132.594 -31.93393
132.57107 -31.93263
132.55006 -31.93283
132.52138 -31.93535
132.50139 -31.93965
132.4832 -31.94418
132.46492 -31.95355
132.45319 -31.96241
132.44151 -31.98035
132.43743 -31.99859
132.4507 -32.0084
132.46344 -32.01634
132.47502 -32.0249
132.45828 -32.02159
132.44383 -32.01589
132.43129 -32.00757
132.41611 -31.99899
132.39508 -32.00137
132.3873 -32.01382
132.36736 -32.01205
132.34831 -32.0136
132.33869 -32.02633
132.31914 -32.02793
132.29904 -32.02663
132.27998 -32.02471
132.26706 -32.03216
132.24802 -32.02953
132.23071 -32.02656
132.20996 -32.02589
132.19173 -32.02203
132.17412 -32.01405
132.16351 -32.00414
132.1479 -31.99962
132.13748 -31.98581
132.12755 -31.97249
132.11699 -31.96116
132.11162 -31.94606
132.09781 -31.9374
132.08461 -31.92926
132.07306 -31.91763
132.05985 -31.90997
132.04279 -31.90027
132.02533 -31.89088
132.01102 -31.88259
131.99518 -31.87265
131.98221 -31.86359
131.96925 -31.85308
131.95694 -31.84454
131.93677 -31.83181
131.92359 -31.82378
131.90675 -31.81237
131.88948 -31.80308
131.87042 -31.7934
131.85703 -31.78608
131.8457 -31.77643
131.83287 -31.76444
131.81717 -31.7544
131.80368 -31.74566
131.78912 -31.73765
131.77359 -31.72841
131.75867 -31.72018
131.7448 -31.71383
131.72774 -31.7037
131.70436 -31.69202
131.69013 -31.68546
131.67677 -31.67881
131.66228 -31.67219
131.64713 -31.66417
131.63281 -31.65716
131.61855 -31.65107
131.59984 -31.64285
131.58225 -31.6332
131.5649 -31.62587
131.54184 -31.61496
131.52483 -31.60761
131.51029 -31.6007
131.49455 -31.59409
131.47685 -31.58707
131.46248 -31.58118
131.44631 -31.57446
131.43212 -31.56791
131.41692 -31.5623
131.40157 -31.55745
131.3862 -31.55205
131.36913 -31.54404
131.35202 -31.53743
131.33591 -31.52987
131.32111 -31.52393
131.30451 -31.51687
131.28696 -31.50918
131.26981 -31.50261
131.25501 -31.49675
131.23859 -31.49114
131.21889 -31.48331
131.19978 -31.4766
131.18274 -31.47186
131.16635 -31.46716
131.14746 -31.46401
131.12676 -31.46696
131.11452 -31.47566
131.09932 -31.48256
131.0802 -31.49164
131.07015 -31.50247
131.06236 -31.51623
131.04868 -31.52619
131.03537 -31.53344
131.01909 -31.53982
131.00139 -31.54573
130.98517 -31.55231
130.96915 -31.55732
130.95288 -31.56233
130.93854 -31.56856
130.92085 -31.57229
130.90212 -31.57711
130.88625 -31.58352
130.87016 -31.58884
130.85297 -31.5951
130.837 -31.59967
130.81918 -31.60306
130.79824 -31.60661
130.77879 -31.60747
130.7588 -31.60688
130.73429 -31.6056
130.71548 -31.60341
130.6956 -31.60233
130.67608 -31.60031
130.65588 -31.59841
130.63591 -31.59553
130.61802 -31.59224
130.60046 -31.58954
130.57861 -31.5877
130.55418 -31.5861
130.5332 -31.59106
130.51458 -31.59275
130.49447 -31.59288
130.47313 -31.59069
130.45227 -31.58709
130.42996 -31.58377
130.40739 -31.58461
130.38569 -31.58333
130.35617 -31.5844
130.3385 -31.58189
130.31399 -31.5797
130.29365 -31.57606
130.27439 -31.57361
130.25486 -31.57424
130.23605 -31.57653
130.21086 -31.57943
130.19049 -31.57799
130.1708 -31.57655
130.14938 -31.57755
130.13134 -31.58123
130.11554 -31.587
130.09619 -31.5863
130.07646 -31.58685
130.05751 -31.58793
130.03328 -31.58731
130.0124 -31.58629
129.99217 -31.58764
129.97406 -31.59065
129.95437 -31.58982
129.93255 -31.58895
129.91139 -31.59085
129.89227 -31.5952
129.86825 -31.60311
129.85113 -31.60691
129.83097 -31.60839
129.80909 -31.60816
129.78176 -31.6086
129.75926 -31.61009
129.7396 -31.61274
129.72001 -31.61383
129.69674 -31.61493
129.67773 -31.61682
129.65722 -31.61585
129.63526 -31.61585
129.61332 -31.61721
129.59379 -31.61881
129.56951 -31.62021
129.54787 -31.62194
129.51678 -31.62471
129.49964 -31.62814
129.48011 -31.63076
129.4569 -31.63344
129.43029 -31.63792
129.4094 -31.63858
129.38846 -31.64114
129.36696 -31.64169
129.34527 -31.64505
129.3261 -31.64657
129.30636 -31.64927
129.28846 -31.65201
129.26891 -31.65292
129.24885 -31.65427
129.22677 -31.65734
129.20386 -31.65846
129.18564 -31.66065
129.16224 -31.66414
129.1442 -31.66709
129.11869 -31.66944
129.08742 -31.6719
129.06794 -31.67419
129.04508 -31.67654
129.02755 -31.68055
129.00469 -31.68764
129.00141 -31.65888
129.00141 -31.63884
129.00141 -31.61801
129.00142 -31.5555
129.00142 -31.49862
129.00142 -31.47217
129.00143 -31.38884
129.00144 -31.30551
129.00144 -31.22218
129.00144 -31.13885
129.00145 -31.05552
129.00146 -30.99862
129.00146 -30.97219
129.00147 -30.88886
129.00148 -30.80553
129.00148 -30.7222
129.00149 -30.63887
129.00149 -30.55554
129.00149 -30.49862
129.00149 -30.47221
129.0015 -30.38888
129.00151 -30.30555
129.00152 -30.22222
129.00153 -30.13889
129.00153 -30.05555
129.00154 -29.99861
129.00154 -29.97222
129.00155 -29.88889
129.00155 -29.80556
129.00155 -29.72223
129.00156 -29.6389
129.00157 -29.55557
129.00157 -29.49861
129.00158 -29.47224
129.00158 -29.38891
129.00159 -29.30558
129.0016 -29.22225
129.00161 -29.13892
129.00161 -29.05559
129.00161 -28.99861
129.00161 -28.97226
129.00162 -28.88893
129.00163 -28.8056
129.00164 -28.72227
129.00164 -28.63894
129.00165 -28.55561
129.00166 -28.49861
129.00166 -28.47227
129.00167 -28.38894
129.00166 -28.30561
129.00167 -28.22228
129.00168 -28.13895
129.00169 -28.05562
129.00169 -27.9986
129.0017 -27.97229
129.0017 -27.88896
129.00171 -27.80563
129.00172 -27.7223
129.00172 -27.63897
129.00172 -27.55564
129.00173 -27.4986
129.00173 -27.47231
129.00174 -27.38898
129.00175 -27.30565
129.00175 -27.22232
129.00176 -27.13899
129.00177 -27.05566
129.00177 -26.9986
129.00178 -26.97233
129.00178 -26.889
129.00179 -26.80567
129.00179 -26.72234
129.0018 -26.639
129.0018 -26.55567
129.00181 -26.49859
129.00181 -26.47234
129.00182 -26.38901
129.00183 -26.30568
129.00184 -26.22235
129.00184 -26.13902
129.00185 -26.05569
129.00186 -25.99861
129.03401 -25.99861
129.06614 -25.99861
129.09829 -25.99861
129.13044 -25.99861
129.16259 -25.99861
129.19473 -25.99861
129.22687 -25.99861
129.25902 -25.99861
129.29116 -25.99861
129.32331 -25.99862
129.35546 -25.99862
129.3876 -25.99861
129.41975 -25.99859
129.50133 -25.99858
129.60248 -25.99858
129.68581 -25.99858
129.76914 -25.99857
129.85247 -25.99857
129.9358 -25.99857
130.00133 -25.99857
130.10246 -25.99857
130.18579 -25.99857
130.26912 -25.99857
130.29291 -25.99858
130.32505 -25.99859
130.3572 -25.99859
130.38935 -25.99859
130.4215 -25.99859
130.45364 -25.99859
130.48579 -25.99859
130.51794 -25.99859
130.55008 -25.99859
130.58222 -25.99859
130.61437 -25.99859
130.64652 -25.99859
130.67867 -25.99859
130.71082 -25.99859
130.74298 -25.9986
130.77513 -25.9986
130.80727 -25.99859
130.83942 -25.99859
130.87157 -25.99859
130.90372 -25.99859
130.93587 -25.99859
130.96801 -25.99859
131.00016 -25.99859
131.03231 -25.99858
131.09637 -25.99859
131.12876 -25.99859
131.1609 -25.99859
131.19305 -25.99859
131.2252 -25.99859
131.25735 -25.99859
131.2895 -25.99859
131.32165 -25.99859
131.3538 -25.99859
131.38595 -25.99859
131.4181 -25.99859
131.45024 -25.99859
131.48239 -25.99859
131.51454 -25.99859
131.54669 -25.99859
131.57884 -25.99859
131.61099 -25.99859
131.64314 -25.99858
131.67528 -25.99859
131.70743 -25.99859
131.73958 -25.99859
131.77173 -25.99859
131.80387 -25.99859
131.83602 -25.99859
131.86816 -25.99859
131.90031 -25.99859
131.93246 -25.99858
131.96461 -25.99857
131.99676 -25.99857
132.02891 -25.99857
132.06107 -25.99858
132.09321 -25.99858
132.12536 -25.99858
132.15751 -25.99858
132.18966 -25.99858
132.22181 -25.99858
132.25396 -25.99858
132.2861 -25.99858
132.31825 -25.99858
132.3504 -25.99858
132.38255 -25.99857
132.4147 -25.99858
132.44685 -25.99858
132.479 -25.99858
132.50131 -25.99858
132.52722 -25.99858
132.55937 -25.99858
132.59152 -25.99858
132.62366 -25.99858
132.65581 -25.99858
132.68796 -25.99858
132.72011 -25.99858
132.75226 -25.99858
132.78441 -25.99858
132.81656 -25.99858
132.84871 -25.99858
132.88086 -25.99858
132.91301 -25.99858
132.94515 -25.99858
132.9773 -25.99858
133.0013 -25.99859
133.02552 -25.99859
133.05767 -25.99859
133.08982 -25.99858
133.12197 -25.99858
133.15412 -25.99858
133.18627 -25.99858
133.21841 -25.99858
133.25056 -25.99858
133.28271 -25.99858
133.31486 -25.99857
133.34701 -25.99857
133.37916 -25.99857
133.4113 -25.99857
133.44345 -25.99857
133.4756 -25.99857
133.5013 -25.99857
133.52382 -25.99857
133.55597 -25.99856
133.58812 -25.99856
133.62027 -25.99856
133.65242 -25.99856
133.68457 -25.99856
133.71672 -25.99856
133.74887 -25.99856
133.78101 -25.99856
133.81316 -25.99856
133.84531 -25.99856
133.87746 -25.99856
133.9096 -25.99856
133.94175 -25.99856
133.9739 -25.99856
134.0013 -25.99856
134.02213 -25.99856
134.05428 -25.99856
134.08643 -25.99856
134.11857 -25.99856
134.15071 -25.99854
134.18287 -25.99854
134.21502 -25.99854
134.24717 -25.99854
134.27932 -25.99854
134.31146 -25.99854
134.34361 -25.99854
134.37576 -25.99854
134.40791 -25.99854
134.44006 -25.99854
134.4722 -25.99854
134.50129 -25.99854
134.5365 -25.99854
134.56865 -25.99854
134.6008 -25.99854
134.63295 -25.99854
134.66509 -25.99854
134.69724 -25.99854
134.72939 -25.99854
134.76154 -25.99854
134.79369 -25.99854
134.82584 -25.99854
134.85799 -25.99854
134.89014 -25.99854
134.9223 -25.99855
134.95445 -25.99854
134.98661 -25.99854
135.01876 -25.99854
135.05091 -25.99854
135.08305 -25.99853
135.11519 -25.99854
135.14733 -25.99854
135.17947 -25.99854
135.21161 -25.99854
135.24377 -25.99855
135.27592 -25.99854
135.29982 -25.99853
135.32414 -25.99853
135.35627 -25.99853
135.38844 -25.99854
135.42054 -25.99854
135.45272 -25.99854
135.48488 -25.99855
135.51703 -25.99854
135.54918 -25.99853
135.58132 -25.99852
135.61107 -25.99853
135.64563 -25.99854
135.67776 -25.99854
135.70993 -25.99854
135.74208 -25.99854
135.77422 -25.99854
135.80637 -25.99854
135.83851 -25.99855
135.87067 -25.99854
135.90281 -25.99854
135.93495 -25.99855
135.96709 -25.99854
135.99929 -25.99853
136.08262 -25.99846
136.16595 -25.99839
136.24927 -25.99833
136.3326 -25.99826
136.41593 -25.99818
136.49926 -25.99811
136.58259 -25.99804
136.66592 -25.99798
136.74925 -25.99791
136.83258 -25.99784
136.91591 -25.99777
136.99924 -25.9977
137.08257 -25.99763
137.1659 -25.99756
137.24922 -25.9975
137.33255 -25.99743
137.41588 -25.99736
137.49921 -25.99729
137.58254 -25.99721
137.66587 -25.99714
137.7492 -25.99708
137.83253 -25.99701
137.91586 -25.99694
137.99906 -25.99687
138.08239 -25.99686
138.16572 -25.99684
138.24904 -25.99683
138.33237 -25.99681
138.4157 -25.9968
138.48863 -25.99678
138.57196 -25.99677
138.65529 -25.99676
138.69781 -25.99675
138.78114 -25.99673
138.86447 -25.99672
138.9478 -25.99671
138.98741 -25.99671
139.07074 -25.99669
139.15406 -25.99667
139.23739 -25.99665
139.32072 -25.99664
139.40874 -25.99662
139.49207 -25.9966
139.5754 -25.99659
139.65873 -25.99657
139.74206 -25.99656
139.82539 -25.99654
139.87258 -25.99653
139.95591 -25.99653
140.00124 -25.99652
140.03923 -25.99652
140.12256 -25.99652
140.20589 -25.99652
140.28922 -25.99652
140.3553 -25.99652
140.43864 -25.9965
140.50123 -25.99648
140.52197 -25.99648
140.60529 -25.99646
140.68863 -25.99643
140.77195 -25.99641
140.85743 -25.9964
140.94075 -25.99639
140.99939 -25.99638
140.9994 -26.02002
140.99942 -26.10335
140.99943 -26.17219
140.99944 -26.25552
140.99944 -26.31754
140.99945 -26.40087
140.99945 -26.46299
140.99945 -26.49849
140.99944 -26.56089
140.99943 -26.60867
140.99944 -26.692
140.99944 -26.73405
140.99944 -26.7557
140.99946 -26.83903
140.99947 -26.89961
140.9995 -26.99749
140.99952 -27.04732
140.99955 -27.1033
140.99956 -27.18663
140.99956 -27.27395
140.99956 -27.33619
140.99956 -27.41952
140.99956 -27.48174
140.99957 -27.51583
140.99957 -27.59916
140.99957 -27.62728
140.99957 -27.71584
140.99956 -27.77331
140.99956 -27.85665
140.99955 -27.91814
140.99954 -27.99849
140.99951 -28.06354
140.99946 -28.14687
140.99944 -28.21119
140.99942 -28.29452
140.9994 -28.35664
140.99939 -28.43997
140.99937 -28.49664
140.99936 -28.57997
140.99934 -28.64534
140.99933 -28.72867
140.99931 -28.79162
140.99929 -28.87495
140.99929 -28.9362
140.99929 -28.96522
NaN  NaN
133.64814 -32.23929
133.62943 -32.24731
133.61535 -32.25603
133.61788 -32.27397
133.61053 -32.28791
133.60544 -32.30366
133.58311 -32.30655
133.57369 -32.31732
133.55877 -32.30942
133.54499 -32.29838
133.54183 -32.2813
133.55102 -32.26857
133.57519 -32.25868
133.58886 -32.25201
133.609 -32.2505
133.6217 -32.24089
133.63964 -32.23746
133.66195 -32.23197
NaN  NaN
133.50138 -32.31654
133.51055 -32.30426
133.53088 -32.30492
133.51867 -32.3142
NaN  NaN
133.81737 -32.35443
133.8344 -32.35913
133.84572 -32.36938
133.85418 -32.38383
133.83207 -32.37751
133.81187 -32.3711
133.79755 -32.36376
NaN  NaN
133.48212 -32.38472
133.48687 -32.36788
NaN  NaN
133.3664 -32.40389
133.37905 -32.39231
NaN  NaN
133.65864 -32.45583
133.66784 -32.44299
NaN  NaN
133.639 -32.46314
133.62669 -32.45375
NaN  NaN
133.27026 -32.49858
133.28505 -32.49242
133.29556 -32.50415
133.3095 -32.51072
133.30127 -32.52338
133.28356 -32.51783
NaN  NaN
133.28365 -32.5667
133.29401 -32.55602
NaN  NaN
137.78431 -32.58533
137.77664 -32.57251
NaN  NaN
137.93362 -33.16038
137.94398 -33.15041
NaN  NaN
134.68281 -33.20655
134.67028 -33.21696
NaN  NaN
134.80676 -33.61047
134.793 -33.60358
134.77658 -33.59819
134.79108 -33.59259
134.81075 -33.59175
NaN  NaN
134.50139 -33.73736
134.48941 -33.74795
134.47769 -33.75639
134.46507 -33.76559
134.45186 -33.77327
134.45458 -33.75558
134.46024 -33.74035
134.46752 -33.72653
134.46582 -33.70775
134.47058 -33.69148
134.49495 -33.68779
134.51283 -33.68364
134.52684 -33.67758
134.53168 -33.69286
134.53774 -33.71242
134.54686 -33.72457
134.52887 -33.72235
134.50995 -33.72433
NaN  NaN
136.95919 -33.73056
136.96923 -33.71932
NaN  NaN
136.91991 -33.73531
136.93423 -33.72771
NaN  NaN
136.92564 -33.7391
136.93711 -33.72917
NaN  NaN
134.2659 -33.95478
134.26188 -33.93873
134.27703 -33.94451
NaN  NaN
134.27203 -33.96677
134.26107 -33.95761
NaN  NaN
137.34446 -34.48731
137.35429 -34.47684
137.36175 -34.46371
137.37651 -34.47262
137.3778 -34.49288
137.37019 -34.51017
137.36648 -34.52664
137.35205 -34.534
137.34253 -34.52309
137.33935 -34.50585
NaN  NaN
136.27622 -34.55002
136.27602 -34.52849
136.27942 -34.51125
136.29408 -34.50503
136.28418 -34.51575
136.27954 -34.53235
NaN  NaN
135.954 -34.59349
135.94916 -34.57649
NaN  NaN
134.77891 -34.65186
134.79214 -34.64201
NaN  NaN
136.34668 -34.68257
136.33746 -34.67137
136.33199 -34.65671
136.34957 -34.65392
136.35813 -34.66551
NaN  NaN
135.92984 -34.73365
135.92586 -34.71686
135.9222 -34.7
135.91504 -34.6861
135.9307 -34.68138
135.94052 -34.69223
135.94008 -34.71199
135.9503 -34.72273
NaN  NaN
135.15242 -34.7337
135.16217 -34.72314
NaN  NaN
138.52316 -34.77046
138.53461 -34.78005
138.54602 -34.79819
138.52902 -34.80288
138.51547 -34.79551
NaN  NaN
136.0014 -34.87127
136.01284 -34.87988
NaN  NaN
136.0323 -34.91894
136.03903 -34.90552
NaN  NaN
136.14633 -34.99857
136.13424 -34.99048
136.12094 -34.98351
136.10957 -34.97431
136.09515 -34.96779
136.08711 -34.95542
136.09175 -34.9392
136.10492 -34.93096
136.11403 -34.94387
136.128 -34.95223
136.1336 -34.96798
136.14206 -34.98029
136.15782 -34.99344
136.17057 -35.00209
136.18637 -35.00832
136.19029 -35.02472
136.19328 -35.04471
136.20466 -35.05396
136.18586 -35.05533
136.16754 -35.05751
136.15713 -35.04761
136.15158 -35.03089
136.15821 -35.01632
NaN  NaN
136.05076 -34.97099
136.05882 -34.95837
NaN  NaN
135.62013 -34.99743
135.61711 -34.98019
NaN  NaN
135.97485 -35.03752
135.96669 -35.02493
NaN  NaN
136.48907 -35.17675
136.47502 -35.1688
136.45631 -35.16541
136.44302 -35.15837
136.45248 -35.14619
136.47187 -35.15099
136.48582 -35.15731
NaN  NaN
137.50139 -35.58534
137.51138 -35.59567
137.53269 -35.593
137.54842 -35.5858
137.56009 -35.57631
137.57587 -35.57078
137.59108 -35.56445
137.60404 -35.5718
137.61742 -35.56415
137.63449 -35.568
137.63088 -35.58517
137.61281 -35.58935
137.59784 -35.5954
137.58312 -35.60664
137.57068 -35.6174
137.57283 -35.63576
137.58946 -35.64328
137.60799 -35.63877
137.62799 -35.64034
137.64171 -35.64885
137.63336 -35.66098
137.61827 -35.66759
137.60694 -35.67762
137.60127 -35.69483
137.58843 -35.70387
137.578 -35.71356
137.58409 -35.73149
137.60147 -35.73566
137.62464 -35.73224
137.64476 -35.73504
137.66187 -35.73878
137.68623 -35.73958
137.70842 -35.73871
137.7246 -35.73429
137.74873 -35.73055
137.76851 -35.72295
137.78446 -35.72771
137.79259 -35.74234
137.80219 -35.75277
137.79073 -35.76499
137.77779 -35.77622
137.78645 -35.78879
137.80251 -35.79614
137.82208 -35.79979
137.84111 -35.79718
137.85722 -35.79139
137.86617 -35.77944
137.87827 -35.76899
137.89259 -35.75793
137.89375 -35.73708
137.90012 -35.72033
137.92215 -35.71926
137.942 -35.71629
137.95874 -35.72242
137.98267 -35.7221
138.00025 -35.72572
138.0155 -35.73086
138.03032 -35.73779
138.04612 -35.74256
138.0585 -35.75155
138.06876 -35.76331
138.07219 -35.7906
138.08545 -35.80101
138.1004 -35.80676
138.12124 -35.80713
138.12362 -35.82713
138.13148 -35.83932
138.11827 -35.84797
138.10232 -35.85523
138.08782 -35.86464
138.07625 -35.87454
138.06326 -35.8837
138.0541 -35.89644
138.03839 -35.9028
138.01712 -35.90034
138.00139 -35.89156
137.98688 -35.88606
137.97226 -35.87884
137.95815 -35.87265
137.93752 -35.86462
137.91875 -35.86172
137.89935 -35.86354
137.88365 -35.86857
137.86846 -35.86331
137.84938 -35.85777
137.83025 -35.85573
137.81272 -35.8522
137.79222 -35.85306
137.77402 -35.8511
137.7545 -35.85166
137.73624 -35.85527
137.73084 -35.87026
137.71507 -35.87575
137.68324 -35.8795
137.6649 -35.88347
137.65007 -35.88916
137.63498 -35.89701
137.62233 -35.90437
137.60983 -35.91637
137.6012 -35.92895
137.59898 -35.94803
137.60463 -35.96397
137.61775 -35.97488
137.61465 -35.99182
137.60571 -36.00331
137.5934 -36.01121
137.58035 -36.01933
137.56337 -36.02321
137.54168 -36.02378
137.52864 -36.03238
137.51666 -36.04102
137.50584 -36.05055
137.49003 -36.05601
137.47836 -36.06615
137.46371 -36.07246
137.45161 -36.06449
137.43921 -36.05554
137.42575 -36.04657
137.41224 -36.03835
137.40162 -36.02862
137.39068 -36.01899
137.38079 -36.00886
137.37149 -35.99806
137.35237 -35.99314
137.33239 -35.99298
137.31268 -35.99461
137.29718 -35.9901
137.27929 -35.99304
137.26544 -35.98589
137.24679 -35.98267
137.23066 -35.97745
137.2086 -35.97359
137.19047 -35.97738
137.17871 -35.98998
137.17695 -36.00835
137.16366 -36.01627
137.14978 -36.02252
137.13481 -36.0302
137.11473 -36.02358
137.09785 -36.02003
137.07704 -36.02077
137.05642 -36.02193
137.04011 -36.02693
137.02316 -36.02311
137.00398 -36.01992
136.98077 -36.02122
136.96452 -36.02604
136.94673 -36.02849
136.93061 -36.03416
136.91836 -36.04225
136.9024 -36.03672
136.88795 -36.02856
136.87095 -36.02239
136.85557 -36.01625
136.83631 -36.01838
136.82506 -36.03067
136.80689 -36.03349
136.78788 -36.03188
136.77331 -36.03832
136.75915 -36.04858
136.74346 -36.04389
136.72423 -36.04774
136.7123 -36.05651
136.70901 -36.03698
136.70061 -36.02124
136.69025 -36.00711
136.68047 -35.99433
136.66622 -35.97835
136.65563 -35.96838
136.64146 -35.9617
136.62406 -35.95362
136.6037 -35.96032
136.58976 -35.95153
136.57984 -35.94144
136.57461 -35.92571
136.56391 -35.91607
136.55321 -35.90663
136.54011 -35.89901
136.55091 -35.88718
136.53539 -35.88203
136.53818 -35.86464
136.55031 -35.85669
136.56425 -35.84856
136.56092 -35.83156
136.56742 -35.81785
136.57216 -35.8021
136.57869 -35.78643
136.57396 -35.76918
136.58245 -35.75539
136.59571 -35.74802
136.61331 -35.74541
136.63379 -35.74767
136.65176 -35.74375
136.67233 -35.74422
136.69227 -35.73918
136.70799 -35.73274
136.71846 -35.72318
136.74006 -35.72184
136.76048 -35.72144
136.7727 -35.71304
136.78367 -35.7
136.80387 -35.70143
136.82023 -35.69761
136.83947 -35.69548
136.85879 -35.69355
136.87346 -35.68819
136.89451 -35.68699
136.91186 -35.68331
136.93235 -35.6779
136.95042 -35.6742
136.96969 -35.67323
136.99195 -35.67282
137.01352 -35.67338
137.03067 -35.67028
137.04904 -35.66834
137.06961 -35.66913
137.08355 -35.66218
137.09954 -35.65801
137.11593 -35.65367
137.12565 -35.64306
137.1385 -35.63526
137.15428 -35.63049
137.17351 -35.62939
137.18791 -35.62306
137.20804 -35.62226
137.22476 -35.61655
137.23659 -35.60573
137.25591 -35.60245
137.2758 -35.60143
137.28912 -35.59458
137.30396 -35.58775
137.3186 -35.5792
137.33838 -35.58065
137.35689 -35.58645
137.37721 -35.58665
137.40428 -35.58838
137.42882 -35.59173
137.44643 -35.59614
137.46599 -35.58827
NaN  NaN
