149.14931 -35.14181
149.1639 -35.14744
149.17286 -35.15858
149.18909 -35.16551
149.19431 -35.18286
149.19021 -35.20011
149.20424 -35.20894
149.205 -35.22909
149.21602 -35.21974
149.23653 -35.22155
149.23457 -35.24046
149.24871 -35.24695
149.26002 -35.25734
149.27353 -35.26421
149.28734 -35.27295
149.30625 -35.27449
149.31834 -35.28281
149.33487 -35.28697
149.34896 -35.29443
149.36201 -35.30308
149.37988 -35.30571
149.39645 -35.30967
149.39418 -35.32747
149.37645 -35.33713
149.36508 -35.3464
149.34974 -35.35116
149.33933 -35.3415
149.32056 -35.33719
149.30284 -35.33414
149.28479 -35.33762
149.26719 -35.33441
149.25043 -35.33016
149.23113 -35.34245
149.20806 -35.34516
149.1983 -35.3573
149.19002 -35.37012
149.18095 -35.38218
149.17104 -35.3926
149.16111 -35.40319
149.14902 -35.41268
149.13911 -35.42786
149.15347 -35.43374
149.14418 -35.44638
149.13592 -35.45908
149.14266 -35.47289
149.14993 -35.48815
149.1513 -35.50702
149.145015 -35.52231
149.1386 -35.53621
149.13228 -35.55002
149.13542 -35.56963
149.13984 -35.58591
149.11627 -35.58634
149.09497 -35.5822
149.07817 -35.58641
149.08008 -35.60498
149.08421 -35.62167
149.08758 -35.63965
149.09683 -35.65175
149.09669 -35.67213
149.1044 -35.68487
149.1075 -35.7023
149.09937 -35.71466
149.10061 -35.73346
149.09566 -35.74985
149.09073 -35.76561
149.09316 -35.78319
149.09713 -35.79968
149.09606 -35.81974
149.09263 -35.83726
149.08422 -35.8502
149.07482 -35.86378
149.0643 -35.87494
149.06116 -35.89241
149.05171 -35.90337
149.04846 -35.92029
149.03533 -35.91283
149.0215 -35.90534
149.0035 -35.9012
148.98799 -35.89563
148.97036 -35.89301
148.9541 -35.88885
148.94295 -35.87961
148.93123 -35.86914
148.91947 -35.85978
148.90787 -35.85077
148.90316 -35.83527
148.89736 -35.82104
148.88743 -35.81079
148.89521 -35.79792
148.89471 -35.77766
148.90181 -35.76381
148.89411 -35.75133
148.88809 -35.73705
148.88503 -35.71793
148.87161 -35.72556
148.86489 -35.74237
148.86133 -35.75904
148.84889 -35.75107
148.83581 -35.74192
148.82922 -35.72838
148.81876 -35.71871
148.80315 -35.71332
148.79211 -35.70413
148.79412 -35.6857
148.79755 -35.66877
148.78636 -35.65852
148.77304 -35.65144
148.78039 -35.633
148.77819 -35.61342
148.78321 -35.5954
148.78064 -35.57783
148.77797 -35.55851
148.77001 -35.54557
148.76799 -35.52497
148.7652 -35.50526
148.76878 -35.48878
148.76689 -35.47043
148.77469 -35.45769
148.77773 -35.44004
148.78737 -35.42756
148.78581 -35.40891
148.79609 -35.3985
148.80478 -35.387
148.80575 -35.3661
148.79931 -35.35037
148.80041 -35.33048
148.80534 -35.31469
148.85757 -35.27956
148.9294 -35.23732
149.00122 -35.19508
149.01952 -35.18432
149.09136 -35.14208
149.10314 -35.13318
149.11693 -35.12611
149.1371 -35.12725
NaN  NaN
