# Australia
# from http://www.rjruss.info/2010/12/free-countries-of-world-in-polygon-kml.html
158.87880904 -54.7097352
158.84521935 -54.74926767
158.8359176 -54.70399912
158.89699914 -54.50607838
158.95890751 -54.47238535
158.94557499 -54.57501474
158.87880904 -54.7097352

147.35599816 -43.39698903
147.30886926 -43.5007553
147.23145796 -43.48313364
147.15383996 -43.50018686
147.10495405 -43.43114715
147.104644 -43.41290537
147.16314172 -43.43026865
147.18463911 -43.4077894
147.1984884 -43.37921233
147.21967573 -43.37135752
147.23404178 -43.33042978
147.28385786 -43.27896006
147.31248661 -43.28030364
147.34245894 -43.34624277
147.35599816 -43.39698903

147.43454634 -43.2407195
147.3719145 -43.24082285
147.34886682 -43.23245127
147.33760135 -43.18330698
147.2960535 -43.16175791
147.31910119 -43.1453248
147.32736942 -43.114629
147.35258752 -43.08031585
147.39723596 -43.11824635
147.43454634 -43.2407195

148.1042729 -42.71041595
148.0481523 -42.71920094
148.02965213 -42.71486012
148.03089237 -42.66333872
148.02272749 -42.64044606
148.07254357 -42.59311045
148.14282352 -42.61595143
148.16948856 -42.65171152
148.1005522 -42.68059865
148.1042729 -42.71041595

145.04296105 -40.78670908
145.15871626 -40.79063649
145.22434533 -40.76516001
145.28304976 -40.76991424
145.3494023 -40.82639658
145.42939741 -40.85822926
145.48510461 -40.85238983
145.53347375 -40.86396535
145.57646854 -40.90406626
145.68602258 -40.93910288
145.7337716 -40.96204721
145.7754228 -40.99713551
145.82151818 -41.02462737
146.11111291 -41.11805836
146.31750858 -41.16348195
146.5744438 -41.14239796
146.65061486 -41.11619801
146.72347863 -41.07800913
146.78600711 -41.11366587
146.84812219 -41.16808115
146.8360299 -41.10937672
146.85659712 -41.05832041
146.91943566 -41.01775441
146.98981896 -40.99238128
147.10578088 -40.99424163
147.21884891 -40.98344126
147.26897505 -40.95972178
147.32054813 -40.95646616
147.38772749 -40.98550831
147.4548035 -41.00168304
147.50079553 -40.96416595
147.5793437 -40.87554087
147.62171838 -40.84469004
147.81767541 -40.87171681
147.87296919 -40.87259531
147.9687773 -40.77962941
148.03285607 -40.78092132
148.21527388 -40.85492197
148.29289188 -40.94711273
148.28545047 -41.11531951
148.29154829 -41.17459238
148.3062244 -41.23314178
148.31221887 -41.34967213
148.28989465 -41.46506561
148.28689741 -41.5549826
148.29661258 -41.6461915
148.28762088 -41.8156902
148.31573286 -41.9277247
148.30167687 -42.00420582
148.30147017 -42.03996592
148.32803185 -42.0737623
148.34084761 -42.11112436
148.33102909 -42.15918344
148.34260461 -42.21535573
148.33123579 -42.26160613
148.29030806 -42.25493987
148.27697554 -42.21943817
148.28462365 -42.17339446
148.27718225 -42.13639414
148.2557882 -42.10264943
148.18313114 -42.0647706
148.20442183 -42.04203297
148.24162886 -42.02182749
148.21372359 -41.96999603
148.1672148 -42.01226735
148.14116988 -42.06983489
148.15625939 -42.08833506
148.1275273 -42.10373463
148.06654911 -42.17029388
148.02272749 -42.25943572
148.00484745 -42.34516692
148.00939497 -42.43591074
147.97353153 -42.50588063
147.92443892 -42.57243987
147.91213993 -42.65853281
147.91503381 -42.81640431
147.95771854 -42.9604782
147.98086958 -43.15705535
147.94541955 -43.18186004
147.83855269 -43.19508921
147.78584273 -43.22004892
147.69892297 -43.12258717
147.64797001 -43.02057789
147.68734745 -42.97990854
147.77395715 -43.00342132
147.80041548 -42.9802186
147.80744348 -42.95407033
147.80000207 -42.92807708
147.69344527 -42.87200815
147.573866 -42.84570485
147.53583215 -42.87800262
147.54906131 -42.97448252
147.53676232 -42.996445
147.45232303 -43.03339365
147.40798465 -42.89381561
147.29791385 -42.79087615
147.30194461 -42.84048553
147.34762658 -42.92652679
147.34266564 -42.96440561
147.3249923 -43.01349822
147.28075728 -43.03174
147.25977665 -43.07111745
147.25977665 -43.1264629
147.24499719 -43.21591481
147.17285689 -43.25591237
146.99695031 -43.15638356
146.98485803 -43.18981821
146.9875452 -43.21875701
147.07735884 -43.27591115
147.03591434 -43.31900929
147.00470178 -43.3696522
146.95467899 -43.50246063
146.8739604 -43.61247975
146.8342729 -43.61935272
146.69919071 -43.60198943
146.54850223 -43.5088685
146.41321333 -43.51956553
146.18676721 -43.51279591
146.04310672 -43.54716074
146.01313439 -43.4448414
145.98171512 -43.40835784
145.99442753 -43.37606007
146.10873579 -43.35440765
146.22635135 -43.35528615
146.2080579 -43.31616709
146.17643192 -43.30180104
146.12506555 -43.31120615
145.97530725 -43.27720306
145.87329797 -43.29239593
145.80270796 -43.24402679
145.6815784 -43.07597503
145.60995487 -42.99825368
145.56737349 -42.96797129
145.51755741 -42.95133148
145.48758508 -42.92663014
145.26816695 -42.54437957
145.23705773 -42.45559946
145.19881717 -42.23080698
145.37296675 -42.33850067
145.43487512 -42.40650685
145.46825809 -42.49285817
145.52727258 -42.38821339
145.51662723 -42.35446868
145.3603577 -42.22749969
145.33968713 -42.19075775
145.33110884 -42.14703948
145.29441857 -42.19096445
145.23488732 -42.19695892
145.25896854 -42.10730031
145.23819461 -42.0196054
145.0553634 -41.82674896
144.91552697 -41.64402109
144.77796431 -41.4188152
144.76607873 -41.3900831
144.76432173 -41.34150726
144.69776249 -41.19071543
144.66241581 -41.0789393
144.64608605 -40.98080576
144.70964807 -40.78288502
144.71853641 -40.67229746
144.81858198 -40.72164845
145.04296105 -40.78670908

148.23687463 -40.51509775
148.18778202 -40.5926124
148.12701053 -40.54398488
148.11729536 -40.52150563
148.19315637 -40.5031605
148.21837447 -40.50507252
148.23687463 -40.51509775

144.78437219 -40.50672617
144.74799198 -40.58940846
144.71016483 -40.48522877
144.75119592 -40.47024261
144.78344201 -40.43484425
144.79078006 -40.44037363
144.78437219 -40.50672617

148.32627486 -40.30694508
148.42073937 -40.3671998
148.4741728 -40.43241546
148.40399621 -40.48657236
148.35273319 -40.49721771
148.31945357 -40.43458587
148.21403364 -40.45753021
148.1025159 -40.45163909
148.02014367 -40.40420013
148.0104285 -40.38053232
148.05879764 -40.35686452
148.1981173 -40.35789804
148.32627486 -40.30694508

148.00040327 -39.75762461
148.1779635 -39.93849212
148.2700509 -39.96670745
148.29733605 -39.98572438
148.28989465 -40.06540944
148.25082726 -40.09951588
148.32327762 -40.14447438
148.31356245 -40.17351653
148.29940311 -40.17248301
148.21031294 -40.2336679
148.10561649 -40.26208994
148.07368045 -40.24079925
148.04691206 -40.21279062
148.02479455 -40.17196624
147.89053918 -40.01455983
147.90593876 -39.97135833
147.87627648 -39.90552256
147.81230106 -39.91048349
147.76723921 -39.87027923
147.8391728 -39.83152191
147.93301721 -39.72599863
148.00040327 -39.75762461

143.92799035 -40.11610402
143.89874149 -40.12018646
143.87579715 -40.0639625
143.88757938 -39.98355397
143.83859012 -39.90407562
143.86525516 -39.82418385
143.86184452 -39.73798756
143.8794145 -39.69995371
143.93935917 -39.6580958
143.94886763 -39.58368174
144.00075077 -39.58016774
144.09128788 -39.63804534
144.12095015 -39.78521982
144.10606734 -39.87399993
144.1410006 -39.95378834
144.11195845 -40.02210459
144.03506392 -40.07822519
143.92799035 -40.11610402

145.31446903 -38.49082855
145.34919559 -38.53821583
145.3550867 -38.55707773
145.27095747 -38.51976735
145.12843387 -38.52762217
145.2178341 -38.45858245
145.28790734 -38.47217335
145.31446903 -38.49082855

145.48655155 -38.35491953
145.33586307 -38.42096201
145.28025923 -38.39057627
145.28584029 -38.34101857
145.29534875 -38.31895273
145.42650353 -38.3141985
145.48655155 -38.35491953

137.59649051 -35.73864511
137.8359591 -35.76210622
137.92887333 -35.72603607
138.04659224 -35.75518157
138.12348677 -35.85233327
138.06653934 -35.90059905
138.01186568 -35.90762705
137.83554569 -35.86773284
137.67090458 -35.89791188
137.62222538 -35.93811614
137.59028934 -36.02710296
137.44838586 -36.07485198
137.38224002 -36.02090179
137.20953739 -35.98245452
137.14773238 -36.03909189
137.02587935 -36.02389902
136.91270796 -36.04663665
136.75509484 -36.03309743
136.58931685 -35.93532562
136.54063765 -35.89016041
136.57908491 -35.80871836
136.63871952 -35.74887705
137.09181848 -35.66381764
137.33407759 -35.59250416
137.53044803 -35.60506154
137.58491499 -35.62020273
137.63545454 -35.65647959
137.59814416 -35.72221201
137.59649051 -35.73864511

153.53877323 -27.43641286
153.45268029 -27.71174489
153.42653202 -27.70647389
153.39583622 -27.66508107
153.40090051 -27.50565928
153.43542036 -27.405407
153.52182336 -27.42246022
153.53877323 -27.43641286

153.44244836 -27.31605844
153.42084761 -27.33099293
153.37650923 -27.23539153
153.36503706 -27.13885996
153.37991988 -27.04945973
153.43231978 -27.02992604
153.46683963 -27.03809092
153.42632531 -27.20149179
153.44244836 -27.31605844

113.18299361 -26.05313812
113.15643192 -26.09447926
112.96429894 -25.78307708
112.90817834 -25.56986012
112.94703902 -25.53151621
112.9823857 -25.52025075
113.09628055 -25.81506479
113.13152388 -25.88260589
113.13183394 -25.95200734
113.1483704 -25.97386647
113.18299361 -26.05313812

153.07740604 -25.75083099
153.05198124 -25.77827117
153.00691939 -25.72892018
152.976637 -25.55135996
152.99906457 -25.44842051
153.05156782 -25.35426605
153.06076623 -25.30227955
153.03813195 -25.19313893
153.18923384 -25.07056243
153.22757775 -25.00576019
153.24204715 -24.92256113
153.18633996 -24.83264414
153.14375858 -24.81486745
153.18096561 -24.76484466
153.22313358 -24.73952321
153.25692997 -24.72887786
153.28214807 -24.73828297
153.29796105 -24.91522308
153.3592493 -24.97775156
153.35015425 -25.06312103
153.14138146 -25.51280934
153.08381392 -25.68251474
153.07740604 -25.75083099

151.14656782 -23.4908139
151.18077762 -23.5162387
151.21199019 -23.51313812
151.24010217 -23.52972625
151.2288367 -23.59489023
151.27431197 -23.66847747
151.29580936 -23.72036061
151.26149621 -23.7622702
151.23824182 -23.77575775
151.18418827 -23.74072112
151.03329308 -23.53019134
151.05995812 -23.46053151
151.14656782 -23.4908139

150.51673547 -22.32256479
150.48841678 -22.3247352
150.46237186 -22.30773366
150.48469608 -22.26783945
150.48841678 -22.21073699
150.5214897 -22.22835866
150.54877486 -22.30690683
150.51673547 -22.32256479

149.92834761 -22.19306365
149.89362105 -22.22319101
149.86953983 -22.1504306
149.87543094 -22.07400115
149.91232792 -22.04873138
149.9279342 -22.14929372
149.92834761 -22.19306365

115.44621463 -20.78782643
115.38813032 -20.8659612
115.31805708 -20.85056162
115.30854862 -20.81108082
115.35433394 -20.74627858
115.43453576 -20.66793711
115.45758345 -20.71630625
115.44621463 -20.78782643

149.04375044 -20.29152597
149.01987593 -20.30258473
148.98742313 -20.30175791
148.93884728 -20.28367116
148.98101525 -20.1535499
149.004373 -20.22145273
149.04530073 -20.27757334
149.04375044 -20.29152597

148.93553999 -20.14993255
148.91342248 -20.15432505
148.88686079 -20.14352467
148.90639448 -20.10197682
148.93161258 -20.0689039
148.96788944 -20.04430592
148.95621057 -20.13463633
148.93553999 -20.14993255

146.27833784 -18.23128997
146.29880171 -18.32606455
146.34200321 -18.4000652
146.32701704 -18.44864105
146.29880171 -18.48481455
146.23565311 -18.45075978
146.19131473 -18.36285817
146.1161772 -18.29237151
146.09881392 -18.25175384
146.18666385 -18.25516448
146.23089888 -18.24141855
146.24908898 -18.22591562
146.27833784 -18.23128997

139.45921919 -17.11456227
139.4217021 -17.13161549
139.40816288 -17.09058441
139.45921919 -17.04913991
139.49280887 -16.99043548
139.56009159 -17.04200856
139.57094364 -17.09440846
139.45921919 -17.11456227

139.50779504 -16.57299326
139.43059045 -16.6610499
139.39152307 -16.64864756
139.35431603 -16.69660329
139.28300256 -16.71944427
139.23907759 -16.71866912
139.15959924 -16.74166513
139.1476103 -16.71386321
139.16269982 -16.62590993
139.2287423 -16.527518
139.29292443 -16.46726328
139.45890913 -16.43853118
139.58789351 -16.39522633
139.60453332 -16.4031845
139.6977576 -16.51490895
139.55967818 -16.5294817
139.50779504 -16.57299326

137.09367883 -15.77810638
137.05089074 -15.82440846
136.99652713 -15.77583261
136.98505497 -15.72601653
136.94268029 -15.71175384
136.96335086 -15.66576181
136.98577844 -15.65242929
137.0095496 -15.59486175
137.06453332 -15.66286793
137.07104455 -15.73810882
137.09367883 -15.77810638

136.59097049 -15.62824472
136.53112919 -15.63237884
136.51428267 -15.62731455
136.50270715 -15.58307952
136.5225509 -15.54318532
136.58600956 -15.53372853
136.61236454 -15.54411549
136.59097049 -15.62824472

136.86268517 -15.61987314
136.84676883 -15.62731455
136.84563195 -15.54401214
136.87684452 -15.50256764
136.89017704 -15.58886728
136.86268517 -15.61987314

124.59728397 -15.40195363
124.55956017 -15.43016896
124.52421349 -15.421539
124.52369673 -15.38236826
124.482769 -15.34035532
124.50405969 -15.29245127
124.51935591 -15.26743987
124.55087853 -15.27033375
124.56452111 -15.31084808
124.60503544 -15.35653004
124.59728397 -15.40195363

125.19879764 -14.57952321
125.13482222 -14.64174163
125.09120731 -14.59171885
125.11735558 -14.49198333
125.15993697 -14.45601653
125.19817752 -14.47482676
125.19352665 -14.55265146
125.19879764 -14.57952321

136.71468387 -13.80385996
136.75798872 -13.84540781
136.80449751 -13.84251393
136.84532189 -13.75094329
136.87064335 -13.76365569
136.89079715 -13.78660003
136.90557661 -13.82690765
136.84294478 -13.89656748
136.81493615 -13.90731618
136.78816776 -13.94576344
136.74527632 -14.07262908
136.7499272 -14.11521046
136.78703088 -14.15784352
136.8854228 -14.19722096
136.9338953 -14.17903086
136.95074182 -14.18430185
136.93131148 -14.24600351
136.89431115 -14.29302907
136.76315637 -14.27339202
136.64967492 -14.28042002
136.46053918 -14.23453135
136.36328413 -14.22895029
136.33548221 -14.21179372
136.39222294 -14.17551686
136.42777632 -14.12642425
136.41113651 -14.0111858
136.42467573 -13.86488983
136.53381636 -13.79373138
136.58280562 -13.72112599
136.65566939 -13.67590911
136.70197147 -13.6816452
136.695977 -13.72619028
136.71468387 -13.80385996

136.23740034 -13.82453053
136.21373254 -13.83589935
136.12267866 -13.81657236
136.12226525 -13.78060556
136.13435754 -13.75316538
136.15957564 -13.7366806
136.21548954 -13.664747
136.2574508 -13.70660491
136.27533085 -13.79114756
136.23740034 -13.82453053

136.33868615 -11.60234059
136.18024621 -11.67675465
136.26737267 -11.57650237
136.44927372 -11.48710215
136.4793494 -11.46591481
136.47056441 -11.50932301
136.37940718 -11.58322031
136.33868615 -11.60234059

130.45925174 -11.67933847
130.54183068 -11.70310963
130.57986454 -11.73711273
130.60270552 -11.77328623
130.60621952 -11.81659108
130.50255659 -11.83560801
130.31745161 -11.77173594
130.13120975 -11.82454925
130.07653609 -11.82547942
130.04325646 -11.78734222
130.07209191 -11.68078541
130.13906457 -11.69711517
130.19756229 -11.65825449
130.18712365 -11.54125905
130.1528105 -11.47749033
130.25120243 -11.36059824
130.29492069 -11.33682708
130.33925907 -11.33703379
130.37677616 -11.42007781
130.3856645 -11.50983978
130.43279341 -11.59216033
130.45925174 -11.67933847

130.61882857 -11.37610117
130.75225711 -11.38442108
130.91276411 -11.30923187
130.98738488 -11.33987599
131.02304162 -11.33434661
131.14065718 -11.26313649
131.21724165 -11.24256927
131.26829797 -11.18985931
131.32049116 -11.24691009
131.43686649 -11.31315927
131.47335005 -11.38250905
131.52223596 -11.41527191
131.53856571 -11.43687265
131.46787235 -11.50952972
131.45857059 -11.58787119
131.38281294 -11.58249684
131.29206913 -11.71096445
130.95100467 -11.92645517
130.64487349 -11.74238372
130.5119617 -11.6178952
130.42276818 -11.445761
130.40478478 -11.3049944
130.36861128 -11.21497405
130.38463098 -11.19223642
130.40292443 -11.1804542
130.42669559 -11.18314137
130.51919641 -11.27946624
130.55971073 -11.30592457
130.61882857 -11.37610117

136.59851525 -11.3788917
136.52658166 -11.43883636
136.52162072 -11.39387786
136.55975793 -11.35791107
136.6490548 -11.21166676
136.68801883 -11.17766367
136.71054976 -11.15844004
136.72729292 -11.10474822
136.7317371 -11.02459808
136.78031294 -11.01245412
136.74145226 -11.19466522
136.59851525 -11.3788917

132.59338504 -11.30282399
132.57364465 -11.31832692
132.49375288 -11.16371103
132.51628381 -11.11606536
132.48383101 -11.03731048
132.5377812 -11.02842213
132.57881229 -10.96883921
132.59328169 -10.99767466
132.59689904 -11.10640187
132.62914514 -11.16918873
132.59338504 -11.30282399

143.17888879 -11.95451548
143.15294722 -12.07590342
143.10468143 -12.16964446
143.09899702 -12.22597177
143.11026249 -12.3035381
143.19067101 -12.361209
143.25412967 -12.39764088
143.28968306 -12.49882334
143.40161421 -12.6399
143.39758345 -12.73617319
143.45773482 -12.85575246
143.51199507 -13.09454925
143.5294617 -13.3038388
143.58661584 -13.44362355
143.54847863 -13.74096974
143.58919966 -13.86277109
143.64335656 -13.96369516
143.70722863 -14.16456146
143.75632124 -14.34883961
143.82236372 -14.40103281
143.96178674 -14.4628895
144.10586063 -14.39457326
144.20983361 -14.30196909
144.32166141 -14.27938649
144.47307336 -14.23184417
144.58645145 -14.35467905
144.64804976 -14.4925001
144.91573368 -14.67434946
145.06445845 -14.79098317
145.18000695 -14.8569223
145.28770064 -14.94317026
145.27695194 -15.02941823
145.25163049 -15.09742441
145.27612512 -15.20392954
145.29307499 -15.32728118
145.27157759 -15.47662607
145.34950565 -15.70152191
145.37544722 -15.88104583
145.45802616 -16.05643564
145.45182499 -16.23688974
145.43642541 -16.30499928
145.42609012 -16.40613006
145.49047896 -16.5321172
145.54990685 -16.6250831
145.63827355 -16.72611053
145.75475223 -16.87953786
145.83784794 -16.91038869
145.91215864 -16.91245574
145.90192671 -17.07022389
146.04982466 -17.38100595
146.12589237 -17.635254
146.07400923 -17.97735198
146.02284956 -18.17573781
146.03225467 -18.27283782
146.22304406 -18.50982594
146.33321822 -18.55375091
146.31172082 -18.66671559
146.29683801 -18.84117523
146.38334435 -18.97703257
146.48111616 -19.07873178
146.58725956 -19.13950327
146.69195601 -19.18740732
146.82900191 -19.23577646
147.00263472 -19.25603362
147.09275842 -19.33266977
147.13875044 -19.39318288
147.27817346 -19.41416351
147.34152876 -19.40289804
147.41852665 -19.37814503
147.47092655 -19.41938283
147.50978723 -19.47410817
147.58606164 -19.62272959
147.74233117 -19.77016245
147.85322879 -19.79470875
147.91565392 -19.86927785
148.00443404 -19.88958668
148.08101851 -19.89868174
148.18964237 -19.95588755
148.36689253 -20.08750742
148.52677941 -20.10884979
148.60047001 -20.14517832
148.75932336 -20.28951059
148.82102502 -20.36640512
148.88479374 -20.48081675
148.80510868 -20.49172047
148.72997114 -20.46774261
148.68366906 -20.58019052
148.78950239 -20.73563323
148.91238895 -20.84523895
149.06049361 -20.96109751
149.20487756 -21.12506683
149.24136112 -21.25017547
149.28032515 -21.29952646
149.32931441 -21.47605316
149.45406131 -21.57868255
149.46005578 -21.76544118
149.5240312 -22.02361663
149.59565474 -22.25760752
149.64526411 -22.32835255
149.70386519 -22.44054209
149.77156131 -22.42622772
149.82241092 -22.38979583
149.92028609 -22.50141692
149.97444299 -22.55066456
150.0055522 -22.52162241
149.94188683 -22.30814707
149.98126428 -22.18427866
150.02064172 -22.168414
150.07614221 -22.16443491
150.14301151 -22.26546233
150.23489221 -22.37294931
150.40511437 -22.46891245
150.54133345 -22.55908782
150.57957401 -22.55572886
150.56438114 -22.48617238
150.56851525 -22.38400807
150.62287886 -22.36726491
150.67248823 -22.41816619
150.76385217 -22.57614105
150.78286909 -22.90289113
150.78297245 -23.17651784
150.84312381 -23.45799936
150.9310771 -23.53189666
150.988748 -23.6017632
151.08765669 -23.69607269
151.15380253 -23.78407765
151.23627811 -23.82500539
151.50075809 -24.0124358
151.57537886 -24.03362314
151.69092736 -24.03837737
151.83169396 -24.12292002
151.90269738 -24.20095143
152.05534956 -24.49447357
152.12986698 -24.59751637
152.28200239 -24.69931894
152.35310917 -24.73249521
152.45635868 -24.80241343
152.4931523 -24.90400929
152.50204064 -24.96400563
152.56322554 -25.07206105
152.65427941 -25.2019756
152.7891549 -25.2741159
152.9134884 -25.43214243
152.92051639 -25.68861256
152.98500858 -25.81625335
153.02821008 -25.8703069
153.12546512 -25.92265512
153.16494592 -25.9641513
153.08412398 -26.30376881
153.16205204 -26.98269378
153.11678348 -27.19441212
153.19791548 -27.4047352
153.38570764 -27.76853729
153.42839237 -27.89767669
153.4548507 -28.04831349
153.5756702 -28.24049814
153.56915897 -28.53340016
153.61690799 -28.67302988
153.604609 -28.85446583
153.46218876 -29.05021616
153.34808719 -29.29045989
153.34695031 -29.49654551
153.27232954 -29.89249033
153.22385705 -29.99863372
153.18820031 -30.16389495
153.03058719 -30.56335377
153.0237659 -30.72014007
153.04784712 -30.90715708
153.02159549 -31.08662933
152.98221805 -31.20879241
152.94397749 -31.43482513
152.78584761 -31.78632822
152.55929813 -32.04574391
152.54534549 -32.24304453
152.5166134 -32.33017099
152.47041467 -32.43910491
152.33119836 -32.55749562
152.24748254 -32.60870696
152.21575321 -32.67810841
152.13648156 -32.67810841
152.13451786 -32.69986419
152.18805464 -32.72167164
152.16428348 -32.75738006
151.95427046 -32.82027028
151.81288374 -32.90109222
151.66839644 -33.09859954
151.60772831 -33.20184905
151.5301103 -33.30096445
151.48380822 -33.34742156
151.46334435 -33.39739267
151.43202844 -33.52162282
151.35751102 -33.54394704
151.29208866 -33.58099904
151.32278446 -33.69928639
151.28836795 -33.83488535
151.28030643 -33.92666269
151.24464969 -33.98505706
151.2016549 -33.96407643
151.16785851 -33.97348154
151.12486372 -34.00531422
151.19121626 -34.01518442
151.23152388 -34.02965382
151.08993045 -34.16246225
150.96032596 -34.29707936
150.92745975 -34.38658294
150.87133915 -34.49913421
150.82183312 -34.74924814
150.7811121 -34.89223683
150.80912072 -34.99388437
150.8045732 -35.0129013
150.77460086 -35.02039438
150.7561007 -35.00716522
150.69739628 -35.04189178
150.68096317 -35.07667002
150.7056645 -35.11971649
150.72220096 -35.1345993
150.7146562 -35.15521819
150.69036828 -35.17769744
150.63445438 -35.17764577
150.56748172 -35.21423268
150.37410851 -35.58413258
150.29214969 -35.6823178
150.19530806 -35.83357472
150.15851444 -35.97062062
150.12885217 -36.1204306
150.09536584 -36.37266326
150.06280969 -36.55037851
149.98818892 -36.72277109
149.96028364 -36.84550262
149.95056848 -37.08032033
149.98632857 -37.25839731
149.96286747 -37.35306854
149.9623507 -37.44386403
149.93268843 -37.52851002
149.80938846 -37.54788869
149.70892948 -37.61698008
149.56537235 -37.72994476
149.48082971 -37.77118255
149.2984119 -37.80218841
148.94391157 -37.78844248
148.26250614 -37.8307138
148.13062788 -37.85603525
147.87679325 -37.93417002
147.63143355 -38.05571299
147.39558231 -38.21911386
146.85680383 -38.66342783
146.43574426 -38.71179697
146.3562659 -38.71179697
146.29260054 -38.69975636
146.21746301 -38.72740325
146.21622277 -38.78274871
146.28557254 -38.84026458
146.33662886 -38.89421478
146.42695926 -38.81959401
146.46664676 -38.84036793
146.48163293 -38.9779306
146.48380334 -39.06505706
146.45662154 -39.11228932
146.39998417 -39.14546559
146.3400395 -39.12386484
146.33208133 -39.07663258
146.25425663 -38.96449472
146.15834517 -38.86574106
146.06997847 -38.83411509
146.01819868 -38.86708465
145.93530969 -38.90175954
145.8655465 -38.7759791
145.79082238 -38.6669935
145.69191369 -38.65562469
145.60633752 -38.65681325
145.5353341 -38.60963266
145.39725467 -38.53532195
145.42422977 -38.477341
145.46278039 -38.41631113
145.54215539 -38.39388356
145.51838423 -38.31140797
145.47580285 -38.24371185
145.36635217 -38.22567677
145.29276493 -38.23756235
145.24894331 -38.29125416
145.19116906 -38.38354827
144.95955529 -38.50075042
144.84731408 -38.43630991
144.71781294 -38.3402951
144.78023807 -38.34732309
144.91139286 -38.3440158
145.02012007 -38.25838795
145.06693892 -38.20485117
145.11995894 -38.09131805
145.04957564 -38.0109612
144.98487674 -37.95225677
144.8913424 -37.89985687
144.53849572 -38.07710703
144.46532189 -38.10258351
144.39555871 -38.13689666
144.51782515 -38.1664039
144.58944868 -38.15761891
144.66520633 -38.20996714
144.54366336 -38.28407114
144.44785526 -38.30375986
144.32868941 -38.34820159
144.10151981 -38.46230316
143.81171838 -38.69877451
143.68666141 -38.76688405
143.53897017 -38.8209376
143.33846561 -38.757789
143.22643111 -38.74311289
143.08256392 -38.64585784
142.84020145 -38.58084889
142.61210168 -38.45165781
142.45583215 -38.3863388
142.34452111 -38.37217946
142.18773482 -38.39946461
141.92470178 -38.28381276
141.72502404 -38.27141041
141.59397261 -38.38778574
141.49175663 -38.37977589
141.42426721 -38.36349782
141.21384077 -38.17198496
141.0109591 -38.07690032
140.62720991 -38.02837615
140.3904285 -37.89665293
140.21214481 -37.64219817
139.87480106 -37.35208668
139.78426395 -37.24583994
139.74230269 -37.14166025
139.73847863 -37.0595464
139.78385054 -36.90260508
139.84658573 -36.74809254
139.85733443 -36.66210296
139.72897017 -36.37137135
139.54872277 -36.09671111
139.46593713 -36.0103598
139.24486535 -35.82737355
139.03774621 -35.68924245
138.98503625 -35.61761891
138.9689132 -35.58077361
139.06689172 -35.59844695
139.11247033 -35.54227467
139.17799605 -35.52305104
139.23060266 -35.59762013
139.28941044 -35.61136606
139.29209761 -35.48589568
139.32506717 -35.42662282
139.30253625 -35.39944101
139.28248579 -35.3753598
139.19277551 -35.34724782
139.09376346 -35.38957081
139.01769575 -35.44326263
138.91527307 -35.48889292
138.87527551 -35.53684865
138.77099247 -35.53834726
138.72965132 -35.55080128
138.52191206 -35.6424236
138.38920698 -35.64474904
138.18436161 -35.61265797
138.25216109 -35.48656748
138.33287967 -35.41174
138.39985233 -35.32575042
138.51116336 -35.02437347
138.48997603 -34.76361419
138.43623254 -34.65623056
138.26435672 -34.44032643
138.18622196 -34.30725962
138.08927697 -34.16985198
138.04132124 -34.24979542
138.01227909 -34.33407969
137.91926151 -34.45603607
137.87409631 -34.72744069
137.6916785 -35.14302256
137.56641483 -35.14803517
137.45954797 -35.13134368
137.27237593 -35.17867929
137.14442508 -35.23645355
137.02991011 -35.2365569
136.9665548 -35.25490203
136.88356245 -35.23976084
137.01420047 -34.91585296
137.12840539 -34.92474131
137.25201542 -34.91151214
137.30844608 -34.91693817
137.39102502 -34.91332081
137.45427697 -34.76444101
137.49293094 -34.59778452
137.46853967 -34.49019419
137.4590312 -34.37888315
137.48362919 -34.25217254
137.49386112 -34.16117034
137.65033736 -33.85906992
137.78087202 -33.70311045
137.93187056 -33.57908701
137.91399051 -33.4613681
137.86603478 -33.31409026
137.85228885 -33.20081553
137.9243258 -33.16515879
137.99253869 -33.09420705
137.91316369 -32.7706609
137.8631409 -32.67371592
137.78314579 -32.57816619
137.7818022 -32.70193125
137.79089725 -32.82321583
137.68020633 -32.97798675
137.53623579 -33.08919443
137.44228804 -33.19358082
137.3542314 -33.43015553
137.23733931 -33.62952321
137.13026574 -33.70300709
137.03445764 -33.71949188
136.93658247 -33.75023935
136.78351688 -33.82966603
136.63551558 -33.89658701
136.52585819 -33.98423024
136.4306702 -34.03001556
136.12112837 -34.42875091
135.9796383 -34.5618694
135.95059614 -34.61571624
135.89106489 -34.6609848
135.90264042 -34.72382334
135.95059614 -34.76681813
135.99855187 -34.94375823
135.96971642 -34.98179209
135.91917687 -34.96194834
135.79236291 -34.86324635
135.71247114 -34.89926483
135.64756555 -34.93962412
135.48085738 -34.75823984
135.41171431 -34.71550343
135.32417443 -34.64263966
135.23064009 -34.57974944
135.19084924 -34.57266977
135.12304976 -34.58569223
135.12956099 -34.53649627
135.17596642 -34.49660206
135.21679081 -34.48735198
135.2924451 -34.54559132
135.37874475 -34.59762949
135.42732059 -34.60197031
135.44995487 -34.58109303
135.36799605 -34.37562754
135.31197879 -34.19548349
135.28634728 -34.14225677
135.21896122 -33.95978729
135.18547489 -33.90671559
135.04212447 -33.77778289
134.88874881 -33.62637094
134.8466842 -33.44462493
134.790977 -33.32835296
134.71904341 -33.25517913
134.60773238 -33.19017018
134.30129113 -33.16505543
134.17354699 -32.97912363
134.10037316 -32.74864674
134.15845747 -32.73335052
134.22718713 -32.73055999
134.24920129 -32.65872975
134.23421512 -32.54850392
133.930151 -32.4117164
133.78669722 -32.26888275
133.66536096 -32.20718108
133.55136275 -32.18289316
133.40057092 -32.18852589
133.21215864 -32.18377166
132.75740604 -31.95624033
132.64857547 -31.94931569
132.32363407 -32.02000905
132.21470015 -32.00708994
131.72119022 -31.69630788
131.39314823 -31.54851328
131.28493778 -31.52102142
131.14365441 -31.49569997
131.02934614 -31.53182179
130.94811079 -31.56577321
130.78305627 -31.60401377
130.12976281 -31.57910573
129.56886682 -31.62721649
129.18770145 -31.65992767
128.94616581 -31.7026124
128.54608687 -31.88771738
128.06766646 -32.06651784
127.67802616 -32.15126719
127.31980513 -32.26402516
127.08405724 -32.29689137
126.77926965 -32.31094736
126.13651818 -32.25679046
125.9172034 -32.29699472
125.56745731 -32.50587086
125.46369103 -32.55651377
125.26659712 -32.61449472
124.7588245 -32.88269541
124.52462691 -32.9401596
124.37321496 -32.95845306
124.24371382 -33.01519378
124.12609826 -33.1293987
123.96724491 -33.44627858
123.86833622 -33.59634694
123.65036502 -33.83633229
123.5068079 -33.91622405
123.36542118 -33.905372
123.20760135 -33.98831268
123.06755822 -33.90061777
122.95562707 -33.88377125
122.77755008 -33.89079925
122.15102502 -33.991775
122.06110803 -33.87436614
121.94638635 -33.85674448
121.72965539 -33.86248056
121.40512739 -33.82672047
120.81456913 -33.87126556
120.53055545 -33.91973805
120.4184176 -33.9630429
120.20933475 -33.93544769
119.85411096 -33.9746701
119.72915734 -34.04148773
119.63510624 -34.10112233
119.45062137 -34.36828948
119.24763635 -34.45644948
119.08134159 -34.45939503
118.89530643 -34.4798589
118.52013553 -34.73715586
118.13555952 -34.98664967
118.0064718 -35.01331471
117.86312137 -35.05496592
117.67543257 -35.07486134
117.58189823 -35.097754
117.14388879 -35.03367523
116.86545617 -35.02654388
116.51715702 -34.98788991
116.21712365 -34.86583017
115.98675012 -34.79503346
115.7263009 -34.52610931
115.56507043 -34.42575368
115.27764611 -34.30390065
115.19486047 -34.30849985
115.12788781 -34.34183115
115.00882531 -34.25584157
115.00562137 -34.14509897
114.97347863 -34.05120289
114.97564904 -33.80418955
114.99383915 -33.51531829
115.09894901 -33.58027557
115.1816313 -33.64347584
115.35877811 -33.63991017
115.5153577 -33.53133799
115.60444787 -33.37227793
115.68299605 -33.19285735
115.67090376 -33.00217132
115.61860721 -32.66699798
115.65426395 -32.596563
115.70790409 -32.56793426
115.72537072 -32.40107106
115.73808312 -31.88792409
115.69839562 -31.69455088
115.45458622 -31.30253346
115.29438928 -30.96177907
115.17687707 -30.80799
115.07796838 -30.56045989
114.99456262 -30.2161915
114.96882775 -30.04224863
114.94205936 -29.72154469
114.97141157 -29.539747
114.95900923 -29.43360361
114.8568966 -29.14297536
114.62838342 -28.87177744
114.59065962 -28.77173187
114.5917965 -28.66620859
114.5374329 -28.54290862
114.3534648 -28.2949651
114.16515588 -28.08071461
114.1335299 -27.97643157
114.09838993 -27.54420989
114.02810998 -27.34721933
113.70936974 -26.84771494
113.33306196 -26.41735361
113.23105269 -26.24139536
113.1847506 -26.18217417
113.21079553 -26.17416432
113.2531702 -26.19726369
113.3000924 -26.24025848
113.32324344 -26.24387583
113.34536096 -26.20832244
113.34288049 -26.12610524
113.3560063 -26.08047495
113.38897586 -26.10553802
113.42742313 -26.19809051
113.54658898 -26.43673227
113.5816256 -26.55812021
113.73365767 -26.59512054
113.78037316 -26.56328786
113.83639042 -26.50055267
113.85282352 -26.3320875
113.77582564 -26.25591644
113.70647586 -26.22367034
113.58906701 -26.09861338
113.51341271 -25.89831553
113.39528039 -25.71326222
113.39734745 -25.64716806
113.45140099 -25.59910898
113.53945764 -25.6251539
113.62120975 -25.73160735
113.71309045 -25.83072275
113.69789758 -26.00420053
113.68363488 -26.05169118
113.69169641 -26.09174041
113.72373579 -26.12977427
113.76580041 -26.15979827
113.81179243 -26.11576995
113.8539604 -26.01443247
113.87990197 -26.02766164
113.9423271 -26.25870696
113.99203983 -26.32149383
114.0903284 -26.39363413
114.17600793 -26.33746185
114.21569543 -26.28950612
114.20329308 -26.1264153
114.22851118 -25.96880218
114.21424849 -25.85160003
113.9927633 -25.54484873
113.7923621 -25.16575042
113.67081913 -24.97702809
113.56922326 -24.69301442
113.50349084 -24.59462249
113.41770796 -24.43561411
113.41295373 -24.25397145
113.42132531 -24.13232513
113.48984826 -23.86960215
113.55289351 -23.73276295
113.75701542 -23.41820851
113.76704064 -23.2825062
113.76487023 -23.18044525
113.79494592 -23.02365895
113.79515262 -22.91451832
113.76786747 -22.81292246
113.68280806 -22.63779103
113.79504927 -22.33212493
113.95845015 -21.93917734
114.02283898 -21.88140309
114.12391808 -21.82858978
114.14262495 -21.90977345
114.09280887 -22.1813331
114.16381229 -22.32333994
114.14159142 -22.48307179
114.20515344 -22.45588999
114.30354536 -22.42540089
114.37775272 -22.34153004
114.41702681 -22.26101816
114.60285526 -21.94217457
114.70930871 -21.82342213
114.85906701 -21.73598561
115.1616842 -21.63056569
115.45613651 -21.49165944
115.59607629 -21.35812754
115.7714661 -21.24226898
115.89352583 -21.11669525
116.01093469 -21.0303956
116.60583377 -20.71341237
116.70670617 -20.65382944
116.83631066 -20.6471115
116.99537072 -20.65760182
117.1390312 -20.64091033
117.29271691 -20.71310231
117.40630171 -20.72116383
117.68390751 -20.64271901
117.83232222 -20.57254241
118.08729374 -20.41906341
118.19922489 -20.37524179
118.45833052 -20.32666595
118.75143924 -20.2618637
119.10449263 -19.99531666
119.35884403 -20.01231821
119.58591027 -20.03825978
119.76781131 -19.95841969
120.19631229 -19.90943043
120.43371382 -19.84194101
120.8784412 -19.66500091
120.99791711 -19.60443613
121.17981815 -19.47793222
121.33763797 -19.31990569
121.49359745 -19.10648203
121.58940555 -18.91517588
121.63064335 -18.81662892
121.72200728 -18.65999765
121.78484582 -18.53592254
121.83383508 -18.47706308
122.00622766 -18.39365732
122.26212935 -18.159098
122.34543176 -18.11186574
122.36093469 -18.03688323
122.30574426 -17.99497365
122.23742801 -17.96851531
122.19133264 -17.72031341
122.14751102 -17.54905771
122.1431702 -17.42844492
122.16022342 -17.31361989
122.26099247 -17.13574961
122.33271935 -17.05937184
122.43204146 -16.97038502
122.52257857 -16.94284149
122.5979228 -16.86491343
122.72039595 -16.78765716
122.77207238 -16.71019419
122.84803674 -16.55242604
122.91676639 -16.43264007
122.97071659 -16.43677418
123.07437951 -16.71531015
123.14207564 -16.86310475
123.26589237 -17.03684092
123.38319787 -17.29274261
123.47879927 -17.40994476
123.52520471 -17.48570241
123.56313521 -17.52094573
123.57150679 -17.47226653
123.56179162 -17.41542246
123.607887 -17.21987884
123.58628625 -17.08272959
123.59352095 -17.03032969
123.61770552 -17.00831552
123.6640076 -17.02319834
123.75382124 -17.09978281
123.79898644 -17.12717132
123.83102583 -17.12076344
123.82947554 -16.99684336
123.87443404 -16.91865691
123.85634728 -16.86470672
123.77810917 -16.86775563
123.74503625 -16.800938
123.68044071 -16.72368174
123.60716353 -16.66802622
123.51797001 -16.54074717
123.49037479 -16.49072438
123.52510135 -16.46757334
123.58132531 -16.47088063
123.62597375 -16.41631032
123.64654097 -16.34308481
123.60706017 -16.22407399
123.64747114 -16.17983896
123.7289132 -16.19244801
123.85913781 -16.38230722
123.91525842 -16.36354868
123.96135379 -16.28696421
124.0444495 -16.26495005
124.12981896 -16.27885101
124.18604292 -16.33362802
124.30035119 -16.38825001
124.45269331 -16.38204884
124.53000126 -16.39522633
124.69236861 -16.38613128
124.77195031 -16.40266774
124.7570675 -16.37331552
124.66921756 -16.33879567
124.57030887 -16.33181935
124.45445031 -16.33528167
124.40484094 -16.29890146
124.38830448 -16.20299
124.41641646 -16.13353688
124.43460656 -16.10377125
124.5099508 -16.11627695
124.5768201 -16.11369313
124.58508833 -16.02015879
124.60865279 -15.9374765
124.64854699 -15.87024546
124.64834029 -15.80544321
124.60658573 -15.82265146
124.50426639 -15.97240976
124.45527713 -15.85055674
124.38168989 -15.75815927
124.39657271 -15.62586761
124.4395675 -15.49357594
124.50571333 -15.47538584
124.56162723 -15.49626312
124.64430952 -15.41885182
124.69092167 -15.35963063
124.68017297 -15.31105478
124.69257531 -15.27364105
124.75045292 -15.28521657
124.97204146 -15.40427907
125.01637984 -15.46649749
125.06299198 -15.44231292
125.07787479 -15.37451344
125.07291385 -15.30671396
125.02402795 -15.3169459
124.90920292 -15.31002125
124.88274458 -15.2719874
124.89266646 -15.24056813
124.83902632 -15.16077972
124.91416385 -15.10993011
124.97865604 -15.10662282
125.02330448 -15.07189625
125.02402795 -15.02445729
125.03818729 -15.00409677
125.07291385 -15.03231211
125.18866906 -15.04543792
125.30235721 -15.1068812
125.35568729 -15.11985198
125.37553104 -15.08677907
125.38379927 -15.0156723
125.24323937 -14.94456552
125.23941532 -14.87459564
125.18040083 -14.79408375
125.17874719 -14.71470875
125.26649377 -14.64840789
125.28458052 -14.58407073
125.33543013 -14.55792246
125.43588911 -14.55678558
125.50368859 -14.50221526
125.5797563 -14.48319834
125.59835982 -14.36160369
125.59711958 -14.27814625
125.62771203 -14.25664886
125.70460656 -14.29137542
125.68124881 -14.38795867
125.68093876 -14.4802011
125.66161177 -14.52950042
125.69055057 -14.52536631
125.70843062 -14.50485076
125.7385063 -14.44433766
125.81953495 -14.46914235
125.8395854 -14.53389292
125.85012739 -14.5972999
125.89064172 -14.61797047
125.94603885 -14.52040537
126.02076297 -14.49451548
126.01662886 -14.37126719
126.04484419 -14.28305552
126.05362919 -14.21670298
126.10086144 -14.18440521
126.11130008 -14.11407358
126.07347294 -14.06554941
126.05393924 -13.97728607
126.11905155 -13.95775237
126.18426721 -14.00203908
126.22819217 -14.11335011
126.25847456 -14.1635796
126.29878218 -14.13619109
126.3230701 -14.06213877
126.40306522 -14.01898895
126.48244022 -14.07888193
126.56977339 -14.16094411
126.67912072 -14.08932057
126.78071659 -13.95516855
126.76449019 -13.87300302
126.77554894 -13.78846038
126.90318973 -13.74417368
127.00602583 -13.77672983
127.09925012 -13.86737029
127.29303674 -13.93480804
127.4575745 -14.03144297
127.53105838 -14.09459157
127.67285851 -14.1951539
127.76349898 -14.29943694
127.88762577 -14.48516204
128.18042443 -14.71160817
128.19944136 -14.75170908
128.15985721 -14.82736338
128.12440718 -14.92410166
128.08048221 -15.0880193
128.06942346 -15.32934824
128.11169478 -15.31203663
128.15551639 -15.22563364
128.20171512 -15.24335866
128.25463179 -15.29849741
128.25897261 -15.24558074
128.22724328 -15.21354136
128.17298303 -15.102282
128.17494673 -15.04311248
128.21835493 -14.99567352
128.28512088 -14.93888112
128.35819136 -14.90167409
128.40325321 -14.86911793
128.40986779 -14.82886199
128.47746057 -14.78798594
128.57574914 -14.77455006
128.6354871 -14.78095794
129.05820031 -14.88441416
129.16517053 -14.98761199
129.17519575 -15.1149944
129.21581343 -15.16026295
129.23793094 -15.08021616
129.23359012 -14.90601491
129.26759322 -14.87144337
129.38128137 -14.89841847
129.45900272 -14.93319671
129.56710982 -15.04740163
129.58767704 -15.1033672
129.63480594 -15.13974741
129.65030887 -15.08683074
129.62819136 -15.01184824
129.61268843 -14.92585866
129.63707971 -14.85092783
129.76348026 -14.84503672
129.84874637 -14.82886199
129.80843876 -14.79966481
129.75345503 -14.7895879
129.66302127 -14.72090993
129.60473026 -14.64711598
129.69867801 -14.57528574
129.69795454 -14.55745737
129.6079342 -14.55962778
129.48391076 -14.48976124
129.37869754 -14.39245452
129.45920943 -14.21344736
129.61961307 -14.03836761
129.70984012 -13.97997324
129.71841841 -13.92090708
129.76172326 -13.81192148
129.78931848 -13.71993743
129.79717329 -13.64841725
129.83892785 -13.57296966
129.93793989 -13.50165618
130.07271203 -13.4761797
130.13596398 -13.4483261
130.19931929 -13.38264536
130.25978072 -13.30223683
130.13493045 -13.14550221
130.14526574 -13.05915089
130.16810672 -12.9574
130.31796838 -12.88288258
130.3999272 -12.6879074
130.45418745 -12.65855519
130.57190637 -12.66439463
130.61748498 -12.64682464
130.60963016 -12.49127858
130.62265262 -12.43107553
130.67236535 -12.40689096
130.73613407 -12.42776824
130.77654504 -12.49525766
130.86739221 -12.55783782
130.89819136 -12.5236797
130.88289514 -12.45510508
130.87380008 -12.36715179
130.95658573 -12.34823821
131.02345503 -12.34286386
131.03006961 -12.2710853
131.01952762 -12.21387949
131.0456759 -12.18969492
131.21992883 -12.17791269
131.26540409 -12.11900156
131.29165572 -12.06784189
131.31377323 -12.09590219
131.34209191 -12.21005543
131.43831343 -12.27692474
131.72625451 -12.27816497
131.88800174 -12.23196624
131.9567314 -12.25930307
132.06411502 -12.28074879
132.1823507 -12.22690195
132.25325077 -12.18607757
132.37210656 -12.23920094
132.41107059 -12.29516652
132.44155969 -12.1763624
132.51049605 -12.13486622
132.58377323 -12.11021657
132.67637739 -12.13006032
132.7127576 -12.12344573
132.63048872 -12.03518239
132.63524295 -11.95467051
132.62986861 -11.83586639
132.64475142 -11.72719085
132.67420698 -11.64905608
132.47525272 -11.49154632
132.2779521 -11.46767181
132.13356815 -11.50064137
132.07290002 -11.4746998
131.94463911 -11.34850595
131.82247603 -11.30246225
131.81183068 -11.27135304
131.96148563 -11.18081593
132.01853641 -11.19642221
132.10576623 -11.28111989
132.15547896 -11.31114389
132.19775028 -11.3049944
132.22503544 -11.23874521
132.26265588 -11.20401865
132.33396935 -11.22355234
132.55731489 -11.36690276
132.68278527 -11.50560231
132.74707075 -11.46896372
132.85714155 -11.39113901
132.96101118 -11.40731373
133.02488325 -11.452789
133.11438683 -11.62177093
133.1852869 -11.70569345
133.35612919 -11.72822438
133.4431523 -11.76031544
133.53317264 -11.81617767
133.65450891 -11.81132008
133.90420943 -11.83199066
134.13944055 -11.94009775
134.237109 -12.0077422
134.35110721 -12.02582895
134.4173564 -12.05275237
134.53807254 -12.0608139
134.73030887 -11.98433278
134.81640181 -12.0546644
134.85474572 -12.10256845
135.02972212 -12.19377736
135.21792769 -12.22168263
135.35228641 -12.12923349
135.54876021 -12.06060719
135.6855994 -11.95611745
135.7884355 -11.90702483
135.88527713 -11.82165537
135.92248417 -11.82578948
135.84352258 -11.90547454
135.83401411 -11.95063974
135.89581913 -11.96955332
135.88941125 -11.99280771
135.80424849 -12.05481943
135.70254927 -12.15155771
135.70440962 -12.20984873
135.74389042 -12.24168141
135.79081262 -12.22757374
135.85737186 -12.17853281
135.93778039 -12.15217783
136.00847375 -12.19140024
136.03141808 -12.33087493
136.08185428 -12.42244557
136.19264855 -12.4351063
136.26065474 -12.43381439
136.32855757 -12.30560516
136.2918673 -12.19641286
136.24990604 -12.17305511
136.2701632 -12.13166229
136.4433826 -11.95146657
136.54022424 -11.95766774
136.60978072 -12.13357431
136.7194381 -12.22648854
136.83643355 -12.21909881
136.89741174 -12.24354176
136.94743452 -12.34989186
136.5370203 -12.78428395
136.51779667 -12.8328598
136.5729871 -12.91161468
136.59438114 -13.00380543
136.46105594 -13.22518727
136.41185998 -13.236091
136.36452437 -13.17635304
136.29414107 -13.13795745
136.23233605 -13.16493255
136.16608687 -13.1810556
135.92734175 -13.30425221
135.9292021 -13.62154551
135.98956017 -13.81016448
135.95452355 -13.93485971
135.88341678 -14.15308929
135.80631555 -14.23422129
135.74451053 -14.28662119
135.53883833 -14.58500091
135.47320926 -14.65662444
135.40520308 -14.75816863
135.42804406 -14.85563038
135.45326216 -14.92317148
135.53077681 -15.00037607
135.83256717 -15.1601596
135.96950972 -15.2702304
136.20536096 -15.40345224
136.25931115 -15.49517791
136.29135054 -15.57016041
136.46188277 -15.65532317
136.58363244 -15.70653452
136.61877241 -15.69335703
136.64409387 -15.67558034
136.67458296 -15.67537363
136.70486535 -15.68529551
136.70011112 -15.75190643
136.6867786 -15.78849334
136.69814741 -15.83495045
136.78465376 -15.89422332
136.92262984 -15.89241465
137.00210819 -15.87835866
137.08985477 -15.94130055
137.16891971 -15.98212493
137.29935103 -16.06630584
137.52631392 -16.16712656
137.70377079 -16.23296233
137.91285363 -16.47656504
138.07160363 -16.61702158
138.24502974 -16.71830739
138.50568566 -16.78951751
138.62567834 -16.77783864
138.82029178 -16.86062428
139.00984094 -16.89927825
139.11040327 -17.01410329
139.14450972 -17.10107472
139.15412154 -17.167789
139.2484827 -17.32860605
139.44051232 -17.38059254
139.68959273 -17.54068613
139.89454146 -17.61137949
139.94601118 -17.65365081
140.03582482 -17.70264007
140.20966434 -17.70439707
140.51114465 -17.6245053
140.64839725 -17.54378672
140.830505 -17.41449228
140.91587447 -17.19259368
140.9660006 -17.0145167
141.21911177 -16.64616709
141.29145877 -16.46343922
141.3556409 -16.22107676
141.41186486 -16.06956146
141.39315799 -15.90471364
141.45155236 -15.60530039
141.58146691 -15.19540293
141.62549523 -15.05660003
141.60348107 -14.85278818
141.52296919 -14.47007252
141.55893599 -14.33788421
141.59438602 -14.15283091
141.53547489 -14.01862721
141.48069787 -13.92674651
141.47253299 -13.79755543
141.5341313 -13.55384938
141.58880497 -13.42512339
141.64544234 -13.25908701
141.61360965 -12.94344736
141.73453251 -12.83347991
141.78228153 -12.77875457
141.87581587 -12.77818613
141.92036096 -12.80293914
141.92976607 -12.73984222
141.89286909 -12.6813445
141.87829634 -12.61328663
141.85214807 -12.57866343
141.79458052 -12.56662282
141.74672814 -12.52936411
141.67779178 -12.49143361
141.68854048 -12.35108042
141.80574263 -12.08008921
141.87054488 -11.97559946
141.9130229 -12.01921437
141.96118534 -12.05430267
141.96779992 -11.97627125
141.95157352 -11.89617278
142.04056034 -11.6316928
142.13895226 -11.27326507
142.16830448 -10.94656666
142.32643436 -10.88414153
142.40684289 -10.80223439
142.45645226 -10.70730478
142.54481896 -10.70730478
142.60507368 -10.74823252
142.56538618 -10.81944264
142.55277713 -10.87437469
142.72310266 -11.01043873
142.77963667 -11.11534189
142.80330448 -11.21394052
142.83679081 -11.3069581
142.85291385 -11.43222177
142.85064009 -11.6323646
142.8725509 -11.82139699
142.9339425 -11.88077321
142.98851281 -11.91901377
143.06644087 -11.92412973
143.17888879 -11.95451548

142.27486128 -10.70482431
142.19145552 -10.76197845
142.13719527 -10.73190276
142.12551639 -10.66849578
142.13099409 -10.64064219
142.19796675 -10.59196299
142.27486128 -10.70482431

142.33894006 -10.19219411
142.27940881 -10.25420582
142.21615685 -10.23560231
142.19517622 -10.19932545
142.21874068 -10.14940602
142.29873579 -10.14041432
142.33894006 -10.19219411

142.16758101 -10.1540569
142.1419495 -10.1812387
142.09761112 -10.1218108
142.14887414 -10.05173756
142.19197228 -10.08522389
142.16758101 -10.1540569

