# Northern Territory
133.02671 -10.91274
133.04159 -10.90745

132.82036 -10.97517
132.82761 -10.99068

132.58733 -10.98711
132.58056 -11.0015
132.58268 -11.02375
132.58532 -11.04334
132.59014 -11.06463
132.59811 -11.07679
132.59902 -11.09919
132.60314 -11.12015
132.61267 -11.13069
132.60433 -11.1425
132.58367 -11.14401
132.58007 -11.1615
132.58659 -11.1763
132.60333 -11.1709
132.61961 -11.17477
132.62989 -11.18548
132.61207 -11.18892
132.6033 -11.20224
132.60655 -11.22021
132.61569 -11.23162
132.61717 -11.25115
132.61979 -11.2721
132.61341 -11.28652
132.60479 -11.29925
132.59776 -11.31334
132.59295 -11.32935
132.5919 -11.35006
132.5841 -11.3366
132.5691 -11.33046
132.56085 -11.31819
132.55355 -11.30404
132.54966 -11.28454
132.54586 -11.26624
132.54112 -11.24906
132.5305 -11.23906
132.52011 -11.22585
132.51139 -11.21184
132.50115 -11.2014
132.49452 -11.18752
132.48663 -11.17423
132.47866 -11.16082
132.49398 -11.15537
132.50537 -11.14559
132.51159 -11.13057
132.50878 -11.11217
132.51304 -11.09589
132.50624 -11.08233
132.48843 -11.07909
132.4792 -11.0665
132.46937 -11.05475
132.46279 -11.04001
132.48028 -11.04384
132.49386 -11.0529
132.51388 -11.05382
132.52642 -11.04509
132.54824 -11.04169
132.5588 -11.03212
132.56155 -11.0123
132.55683 -10.99687
132.56547 -10.98246
132.57875 -10.97503
132.59487 -10.97012

132.81851 -11.02445
132.82303 -11.00871

136.74716 -11.02065
136.73814 -11.00855
136.75635 -11.00497

136.75871 -11.02133
136.7663 -11.03431
136.75786 -11.04814
136.7515 -11.06597
136.74808 -11.08459
136.74158 -11.09868
136.73558 -11.11417
136.73376 -11.13365
136.72571 -11.14607
136.72003 -11.16107
136.71512 -11.17672
136.72054 -11.1916
136.70889 -11.20051
136.70035 -11.21314
136.68211 -11.21525
136.66987 -11.22379
136.67881 -11.24017
136.66903 -11.25102
136.66159 -11.26489
136.64784 -11.27278
136.63662 -11.28298
136.62869 -11.29789
136.62344 -11.31327
136.62129 -11.33135
136.6082 -11.33874
136.60012 -11.35066
136.59417 -11.36773
136.58882 -11.38343
136.57501 -11.39067
136.5624 -11.39881
136.55673 -11.41501
136.54589 -11.42472
136.53865 -11.43827
136.52511 -11.44512
136.51843 -11.43176
136.50375 -11.44165
136.49783 -11.45674
136.48143 -11.45238
136.48838 -11.4384
136.49823 -11.42658
136.50315 -11.41133
136.498 -11.39528
136.51576 -11.39304
136.52548 -11.38133
136.53283 -11.36794
136.54835 -11.36244
136.55244 -11.34495
136.56922 -11.33949
136.58123 -11.32391
136.58168 -11.30308
136.5872 -11.28776
136.59518 -11.27133
136.60565 -11.25479
136.61558 -11.24421
136.62489 -11.22881
136.62347 -11.21016
136.64424 -11.20982
136.65162 -11.19557
136.66167 -11.18445
136.67191 -11.19736
136.68901 -11.19205
136.69608 -11.17856
136.70673 -11.16868
136.70224 -11.1526
136.70334 -11.13318
136.69443 -11.12173
136.71289 -11.12395
136.72217 -11.11197
136.715 -11.09774
136.73044 -11.08985
136.73726 -11.07435
136.72696 -11.06036
136.7216 -11.04471
136.73602 -11.05098
136.74121 -11.03581

133.00119 -11.05915
133.01436 -11.06848
133.008 -11.08276
132.99068 -11.07868
132.98645 -11.06201
132.97858 -11.04975

132.86935 -11.06115
132.85336 -11.05572
132.86411 -11.04414

130.33219 -11.12437
130.32421 -11.10846

137.99467 -16.53868
137.99491 -16.99851
137.99518 -17.49851
137.99543 -17.99851
137.99569 -18.49851
137.99596 -18.99851
137.99597 -19.01883
137.99601 -19.10216
137.99604 -19.18549
137.99608 -19.26882
137.99612 -19.35215
137.99616 -19.43548
137.99619 -19.49851
137.9962 -19.51881
137.99624 -19.60214
137.99627 -19.68547
137.99631 -19.7688
137.99635 -19.85213
137.99638 -19.92306
137.99643 -19.99851
137.99648 -20.08972
137.99655 -20.17305
137.9966 -20.25638
137.99665 -20.33971
137.9967 -20.42304
137.99674 -20.49851
137.9968 -20.5897
137.99685 -20.67303
137.9969 -20.75636
137.99695 -20.83969
137.997 -20.92302
137.99705 -20.99851
137.9971 -21.08968
137.99715 -21.17301
137.9972 -21.25634
137.99725 -21.33967
137.9973 -21.423
137.99736 -21.49851
137.99742 -21.58966
137.99747 -21.67299
137.99752 -21.75632
137.99757 -21.83965
137.99762 -21.92298
137.99766 -21.99851
137.99772 -22.0852
137.99777 -22.16853
137.99782 -22.25186
137.99787 -22.33519
137.99792 -22.41852
137.99796 -22.49591
137.99801 -22.57924
137.99807 -22.66257
137.99812 -22.7459
137.99817 -22.82923
137.99822 -22.91256
137.99827 -22.99589
137.99829 -23.0832
137.99831 -23.16654
137.99833 -23.24987
137.99835 -23.3332
137.99837 -23.41653
137.9984 -23.49851
137.99842 -23.58319
137.99844 -23.66652
137.99847 -23.74985
137.99849 -23.83318
137.99851 -23.91651
137.99853 -23.99851
137.99855 -24.08317
137.99857 -24.1665
137.9986 -24.24983
137.99862 -24.33315
137.99864 -24.41648
137.99866 -24.49851
137.99868 -24.58314
137.9987 -24.66647
137.99872 -24.7498
137.99875 -24.83313
137.99878 -24.91646
137.9988 -24.99851
137.99882 -25.08312
137.99884 -25.16645
137.99886 -25.24978
137.99888 -25.33311
137.9989 -25.41645
137.99892 -25.49851
137.99894 -25.58311
137.99897 -25.66644
137.99899 -25.74977
137.99902 -25.8331
137.99904 -25.91643
137.99906 -25.99687
137.91586 -25.99694
137.83253 -25.99701
137.7492 -25.99708
137.66587 -25.99714
137.58254 -25.99721
137.50126 -25.99729
137.41588 -25.99736
137.33255 -25.99743
137.24922 -25.9975
137.1659 -25.99756
137.08257 -25.99763
137.00127 -25.9977
136.91591 -25.99777
136.83258 -25.99784
136.74925 -25.99791
136.66592 -25.99798
136.58259 -25.99804
136.50127 -25.99811
136.41593 -25.99818
136.3326 -25.99826
136.24927 -25.99833
136.16595 -25.99839
136.08262 -25.99846
136.00174 -25.99853
135.96709 -25.99854
135.93495 -25.99855
135.90281 -25.99854
135.87067 -25.99854
135.83851 -25.99855
135.80637 -25.99854
135.77422 -25.99854
135.74208 -25.99854
135.71122 -25.99854
135.67776 -25.99854
135.64563 -25.99854
135.6135 -25.99853
135.58132 -25.99852
135.55722 -25.99853
135.5331 -25.99854
135.50128 -25.99855
135.46916 -25.99854
135.43663 -25.99854
135.4045 -25.99854
135.37233 -25.99854
135.3402 -25.99853
135.31074 -25.99853
135.27592 -25.99854
135.24377 -25.99855
135.21429 -25.99854
135.17947 -25.99854
135.14733 -25.99854
135.11519 -25.99854
135.08305 -25.99853
135.05741 -25.99854
135.03484 -25.99854
135.00268 -25.99854
134.97053 -25.99854
134.93838 -25.99855
134.90623 -25.99854
134.87406 -25.99854
134.84191 -25.99854
134.80976 -25.99854
134.77762 -25.99854
134.74547 -25.99854
134.71332 -25.99854
134.68117 -25.99854
134.64902 -25.99854
134.61687 -25.99854
134.58472 -25.99854
134.55257 -25.99854
134.52043 -25.99854
134.48828 -25.99854
134.45613 -25.99854
134.42398 -25.99854
134.39184 -25.99854
134.35969 -25.99854
134.32754 -25.99854
134.29539 -25.99854
134.26324 -25.99854
134.2311 -25.99854
134.19895 -25.99854
134.15071 -25.99854
134.11857 -25.99856
134.08643 -25.99856
134.05428 -25.99856
134.02213 -25.99856
134.0013 -25.99856
133.9739 -25.99856
133.94175 -25.99856
133.9096 -25.99856
133.87746 -25.99856
133.84531 -25.99856
133.81316 -25.99856
133.78101 -25.99856
133.74887 -25.99856
133.71672 -25.99856
133.68457 -25.99856
133.65242 -25.99856
133.62027 -25.99856
133.58812 -25.99856
133.55597 -25.99856
133.52382 -25.99857
133.5013 -25.99857
133.4756 -25.99857
133.44345 -25.99857
133.4113 -25.99857
133.37916 -25.99857
133.34701 -25.99857
133.31486 -25.99857
133.28271 -25.99858
133.25056 -25.99858
133.21841 -25.99858
133.18627 -25.99858
133.15412 -25.99858
133.12197 -25.99858
133.08982 -25.99858
133.05767 -25.99859
133.02552 -25.99859
133.0013 -25.99859
132.9773 -25.99858
132.94515 -25.99858
132.91301 -25.99858
132.88086 -25.99858
132.84871 -25.99858
132.81656 -25.99858
132.78441 -25.99858
132.75226 -25.99858
132.72011 -25.99858
132.68796 -25.99858
132.65581 -25.99858
132.62366 -25.99858
132.59152 -25.99858
132.55937 -25.99858
132.52722 -25.99858
132.50131 -25.99858
132.479 -25.99858
132.44685 -25.99858
132.4147 -25.99858
132.38255 -25.99857
132.3504 -25.99858
132.31825 -25.99858
132.2861 -25.99858
132.25396 -25.99858
132.22181 -25.99858
132.18966 -25.99858
132.15751 -25.99858
132.12536 -25.99858
132.09321 -25.99858
132.06107 -25.99858
132.02891 -25.99857
132.00131 -25.99857
131.98069 -25.99857
131.94854 -25.99857
131.91639 -25.99858
131.88424 -25.99859
131.85209 -25.99859
131.81994 -25.99859
131.7878 -25.99859
131.75565 -25.99859
131.7235 -25.99859
131.69135 -25.99859
131.65921 -25.99858
131.62706 -25.99859
131.59491 -25.99859
131.56276 -25.99859
131.53061 -25.99859
131.50132 -25.99859
131.46632 -25.99859
131.43417 -25.99859
131.40202 -25.99859
131.36987 -25.99859
131.33772 -25.99859
131.30558 -25.99859
131.27343 -25.99859
131.24128 -25.99859
131.20913 -25.99859
131.17698 -25.99859
131.14483 -25.99859
131.09637 -25.99859
131.04839 -25.99859
131.01624 -25.99859
130.98409 -25.99859
130.95194 -25.99859
130.91979 -25.99859
130.88764 -25.99859
130.8555 -25.99859
130.82335 -25.99859
130.7912 -25.9986
130.75905 -25.9986
130.72689 -25.99859
130.69474 -25.99859
130.66259 -25.99859
130.63044 -25.99859
130.5983 -25.99859
130.56615 -25.99859
130.53401 -25.99859
130.50187 -25.99859
130.46972 -25.99859
130.43757 -25.99859
130.40542 -25.99859
130.37328 -25.99859
130.34113 -25.99859
130.30898 -25.99858
130.27685 -25.99857
130.18579 -25.99857
130.10246 -25.99857
130.01913 -25.99857
129.9358 -25.99857
129.85247 -25.99857
129.76914 -25.99857
129.68581 -25.99858
129.60248 -25.99858
129.51915 -25.99858
129.43582 -25.99859
129.40368 -25.9986
129.37153 -25.99861
129.33938 -25.99862
129.30723 -25.99861
129.27509 -25.99861
129.24294 -25.99861
129.21079 -25.99861
129.17866 -25.99861
129.14651 -25.99861
129.11436 -25.99861
129.08221 -25.99861
129.05008 -25.99861
129.01794 -25.99861
129.0006 -25.91528
129.0006 -25.83195
129.00061 -25.74862
129.00062 -25.66529
129.00063 -25.58196
129.00064 -25.49863
129.00065 -25.4153
129.00066 -25.33197
129.00067 -25.24864
129.00068 -25.16531
129.00069 -25.08197
129.0007 -24.99864
129.0007 -24.91531
129.0007 -24.83198
129.00071 -24.74865
129.00072 -24.66532
129.00073 -24.58199
129.00075 -24.49865
129.00076 -24.41532
129.00076 -24.33199
129.00077 -24.24866
129.00078 -24.16533
129.00079 -24.082
129.00079 -23.99868
129.0008 -23.91535
129.00081 -23.83202
129.00082 -23.74869
129.00083 -23.66536
129.00084 -23.58203
129.00085 -23.4987
129.00086 -23.41537
129.00087 -23.33204
129.00088 -23.24871
129.00089 -23.16538
129.0009 -23.08205
129.0009 -22.99872
129.00091 -22.91539
129.00092 -22.83205
129.00093 -22.74872
129.00094 -22.66539
129.00095 -22.58206
129.00096 -22.49873
129.00097 -22.4154
129.00098 -22.33207
129.00099 -22.24874
129.001 -22.16541
129.00101 -22.08208
129.00102 -21.99875
129.00102 -21.91542
129.00103 -21.83208
129.00104 -21.74875
129.00105 -21.66543
129.00106 -21.5821
129.00107 -21.49877
129.00108 -21.41544
129.00109 -21.33211
129.0011 -21.24878
129.00111 -21.16545
129.00112 -21.08212
129.00113 -20.99879
129.00114 -20.91546
129.00114 -20.83213
129.00115 -20.7488
129.00116 -20.66547
129.00117 -20.58214
129.00118 -20.49881
129.00119 -20.41548
129.0012 -20.33214
129.0012 -20.24881
129.00121 -20.16548
129.00122 -20.08215
129.00123 -19.99882
129.00125 -19.91549
129.00114 -19.81307
129.00103 -19.72974
129.00091 -19.64641
129.00081 -19.56308
129.00072 -19.49857
129.00059 -19.39642
129.00052 -19.33866
129.00052 -19.3165
129.00052 -19.28743
129.00052 -19.25835
129.00052 -19.22928
129.00052 -19.2002
129.00052 -19.17113
129.00052 -19.14205
129.00052 -19.11297
129.00052 -19.0839
129.00052 -19.05482
129.00052 -19.02574
129.00052 -18.99857
129.00052 -18.96759
129.00052 -18.93851
129.00052 -18.90943
129.00052 -18.88036
129.00052 -18.85128
129.00052 -18.8222
129.00052 -18.79312
129.00052 -18.76404
129.00052 -18.73497
129.00052 -18.70589
129.00052 -18.67681
129.00052 -18.64773
129.00052 -18.61865
129.00052 -18.58957
129.00052 -18.5605
129.00052 -18.53142
129.00052 -18.50234
129.00052 -18.47326
129.00051 -18.44418
129.00051 -18.4151
129.00051 -18.38602
129.00051 -18.35694
129.00051 -18.32786
129.00051 -18.29878
129.00051 -18.2697
129.00051 -18.24062
129.00051 -18.21154
129.00051 -18.18246
129.00051 -18.15338
129.00051 -18.12431
129.00051 -18.09523
129.00051 -18.06615
129.00051 -18.03707
129.00051 -18.00799
129.00051 -17.97891
129.00051 -17.94983
129.00051 -17.92075
129.00051 -17.89167
129.00051 -17.86259
129.00051 -17.83351
129.00051 -17.80443
129.00051 -17.77536
129.00051 -17.74627
129.0005 -17.71729
129.0005 -17.68812
129.0005 -17.65904
129.0005 -17.62995
129.0005 -17.60105
129.0005 -17.57178
129.0005 -17.5427
129.0005 -17.51344
129.0005 -17.48454
129.0005 -17.45546
129.0005 -17.42638
129.0005 -17.3973
129.0005 -17.36822
129.0005 -17.33914
129.0005 -17.31006
129.0005 -17.28098
129.0005 -17.25189
129.0005 -17.22281
129.0005 -17.19373
129.0005 -17.16465
129.0005 -17.13557
129.0005 -17.10649
129.00049 -17.07559
129.00049 -17.04832
129.00049 -17.01924
129.00049 -16.99856
129.00049 -16.97561
129.00049 -16.94653
129.00049 -16.91745
129.00049 -16.88837
129.00049 -16.85929
129.00049 -16.8302
129.00049 -16.80112
129.00049 -16.77204
129.00049 -16.74296
129.00049 -16.71387
129.00049 -16.68479
129.00049 -16.65571
129.00049 -16.62663
129.00049 -16.59755
129.00049 -16.56846
129.00049 -16.53938
129.00049 -16.5103
129.00049 -16.48121
129.00049 -16.45213
129.00049 -16.42304
129.00049 -16.39395
129.00049 -16.36487
129.00049 -16.33579
129.00049 -16.3067
129.00048 -16.27761
129.00049 -16.24853
129.00048 -16.21943
129.00049 -16.19036
129.00049 -16.16127
129.00049 -16.13219
129.00049 -16.1031
129.00049 -16.01585
129.00049 -15.98676
129.00049 -15.95767
129.00049 -15.92859
129.00049 -15.8995
129.00049 -15.87041
129.00049 -15.84133
129.00049 -15.81224
129.00049 -15.78315
129.00049 -15.75343
129.00049 -15.72498
129.00049 -15.69589
129.00049 -15.66681
129.00049 -15.63772
129.00048 -15.60863
129.00048 -15.57954
129.00048 -15.55046
129.00048 -15.52137
129.00048 -15.49856
129.00048 -15.47773
129.00048 -15.44865
129.00048 -15.41956
129.00048 -15.38929
129.00048 -15.36138
129.00048 -15.3323
129.00048 -15.30321
129.00048 -15.27412
129.00048 -15.24503
129.00048 -15.21594
129.00048 -15.18685
129.00048 -15.15776
129.00048 -15.12867
129.00048 -15.09958
129.00048 -15.07049
129.00075 -14.99856
129.0009 -14.9628
129.00124 -14.87947
129.02592 -14.88339
129.03761 -14.89221
129.04461 -14.90639
129.0354 -14.91778
129.05466 -14.90991
129.058 -14.89129
129.07714 -14.89662
129.09267 -14.90639
129.10493 -14.91856
129.1124 -14.93273
129.11027 -14.95078
129.10823 -14.96897
129.12117 -14.9573
129.14182 -14.95766
129.15473 -14.96759
129.16957 -14.97463
129.18581 -14.98454
129.18276 -15.00483
129.1801 -15.02263
129.16996 -15.0343
129.17283 -15.0586
129.18009 -15.07546
129.18518 -15.09114
129.19603 -15.10377
129.20023 -15.11966
129.19107 -15.13144
129.18166 -15.14354
129.17441 -15.15814
129.16929 -15.17431
129.15667 -15.18544
129.1511 -15.20101
129.14551 -15.21631
129.15198 -15.20171
129.16105 -15.21267
129.15032 -15.22466
129.12429 -15.22864
129.14078 -15.23487
129.16224 -15.2304
129.17356 -15.22096
129.16974 -15.20311
129.17745 -15.18738
129.17272 -15.20387
129.18164 -15.18998
129.18637 -15.17343
129.19362 -15.15487
129.20781 -15.16104
129.21932 -15.17188
129.22074 -15.19113
129.23404 -15.18397
129.22898 -15.16617
129.21462 -15.1542
129.22399 -15.14166
129.22753 -15.15815
129.23203 -15.13742
129.2372 -15.12147
129.23891 -15.10259
129.25054 -15.11185
129.26009 -15.12323
129.27539 -15.11795
129.28934 -15.10866
129.26918 -15.11053
129.25542 -15.10283
129.2452 -15.09124
129.23653 -15.07221
129.24863 -15.0582
129.25429 -15.03623
129.25071 -15.01882
129.23557 -15.0133
129.23919 -14.99436
129.2381 -14.97489
129.23311 -14.95775
129.23403 -14.93052
129.23702 -14.91186
129.2584 -14.9108
129.28093 -14.91555
129.29311 -14.92622
129.31073 -14.9237
129.29667 -14.91488
129.28109 -14.90432
129.26824 -14.89582
129.26543 -14.87559
129.27425 -14.86224
129.29221 -14.85715
129.31662 -14.85917
129.33119 -14.8656
129.34809 -14.87287
129.35892 -14.88398
129.36531 -14.89851
129.37844 -14.90684
129.37842 -14.92756
129.38591 -14.94344
129.39615 -14.95384
129.40866 -14.96641
129.42838 -14.96876
129.43605 -14.9861
129.43543 -15.0059
129.44248 -15.01901
129.45704 -15.02611
129.44739 -15.01478
129.44573 -14.99389
129.44352 -14.97556
129.43171 -14.95996
129.41802 -14.95131
129.39775 -14.94364
129.3884 -14.92988
129.3902 -14.90872
129.40284 -14.91667
129.42041 -14.91914
129.43749 -14.9223
129.45211 -14.92862
129.46662 -14.93502
129.48299 -14.94196
129.49683 -14.96634
129.50574 -14.97868
129.5148 -14.99575
129.52368 -15.0087
129.52472 -15.02845
129.53908 -15.03557
129.55597 -15.04876
129.56638 -15.05991
129.5763 -15.07361
129.58672 -15.08449
129.59551 -15.09694
129.60448 -15.1108
129.60181 -15.12931
129.58727 -15.14139
129.57305 -15.14902
129.5591 -15.15849
129.56447 -15.18072
129.56897 -15.19655
129.56971 -15.17723
129.57587 -15.1623
129.58864 -15.15391
129.6119 -15.15375
129.62323 -15.14265
129.6379 -15.13697
129.65914 -15.14054
129.67244 -15.14956
129.67273 -15.17055
129.67269 -15.19122
129.68363 -15.20241
129.69739 -15.19516
129.71929 -15.19444
129.73183 -15.20476
129.74897 -15.19955
129.73871 -15.18976
129.7329 -15.17156
129.71895 -15.16129
129.70969 -15.14841
129.70122 -15.13586
129.68479 -15.13092
129.67403 -15.12167
129.66188 -15.11021
129.65 -15.09544
129.64277 -15.08211
129.64175 -15.06295
129.64073 -15.04186
129.65378 -15.03429
129.63396 -15.03104
129.62653 -15.01088
129.61989 -14.99278
129.62321 -14.97549
129.62368 -14.95575
129.62096 -14.93495
129.62614 -14.91942
129.63683 -14.90828
129.6516 -14.90227
129.66944 -14.89837
129.65096 -14.89679
129.64217 -14.88504
129.64283 -14.85971
129.64354 -14.83785
129.66362 -14.83828
129.67864 -14.84588
129.69622 -14.84903
129.72228 -14.85199
129.7416 -14.85083
129.75681 -14.84564
129.77428 -14.84872
129.78954 -14.85405
129.80767 -14.85691
129.8285 -14.85022
129.84341 -14.84349
129.84898 -14.82807
129.8663 -14.82079
129.884 -14.82587
129.89541 -14.83554
129.90232 -14.85016
129.90042 -14.83146
129.89166 -14.81885
129.88064 -14.80962
129.86412 -14.80559
129.88088 -14.80061
129.89137 -14.7882
129.90617 -14.78294
129.92553 -14.78547
129.94341 -14.78257
129.94999 -14.79611
129.96107 -14.80615
129.98193 -14.80709
129.96563 -14.80136
129.95738 -14.78848
129.97177 -14.77774
129.97901 -14.76447
129.98882 -14.75309
129.98768 -14.7339
129.97904 -14.74868
129.97087 -14.76168
129.95512 -14.7682
129.93495 -14.77187
129.92059 -14.77876
129.90345 -14.77367
129.88366 -14.7712
129.86874 -14.77647
129.85681 -14.78538
129.84263 -14.79978
129.83587 -14.81309
129.81823 -14.81869
129.79387 -14.82089
129.77906 -14.82636
129.76049 -14.8242
129.74857 -14.81383
129.75688 -14.80159
129.77633 -14.79556
129.7847 -14.78285
129.7928 -14.77014
129.79876 -14.75572
129.78658 -14.76455
129.77451 -14.77382
129.76537 -14.78524
129.74854 -14.78882
129.73347 -14.79382
129.71799 -14.78736
129.70729 -14.7776
129.69388 -14.77049
129.67807 -14.76611
129.66713 -14.75663
129.6615 -14.74162
129.67078 -14.73053
129.69187 -14.7277
129.70874 -14.72423
129.68734 -14.72115
129.66763 -14.72307
129.64931 -14.71909
129.63948 -14.70882
129.63215 -14.69594
129.6375 -14.67779
129.65458 -14.66917
129.665 -14.65693
129.68362 -14.65476
129.69326 -14.6389
129.70918 -14.63288
129.73641 -14.61642
129.7445 -14.60391
129.75825 -14.59632
129.74923 -14.5847
129.7548 -14.56793
129.76762 -14.55328
129.77783 -14.54202
129.76002 -14.54549
129.74389 -14.55108
129.72497 -14.55623
129.70677 -14.56117
129.69276 -14.56759
129.67636 -14.57781
129.65522 -14.57956
129.63664 -14.57423
129.62513 -14.56509
129.63992 -14.5516
129.62367 -14.55897
129.60642 -14.56823
129.58509 -14.56633
129.56816 -14.56312
129.55705 -14.55317
129.53621 -14.54963
129.5195 -14.54335
129.51322 -14.52945
129.50245 -14.51927
129.49329 -14.50812
129.4818 -14.49653
129.46362 -14.49856
129.44834 -14.49348
129.44329 -14.47828
129.4271 -14.4741
129.42088 -14.46014
129.41654 -14.44408
129.40479 -14.43077
129.38823 -14.42103
129.36928 -14.41959
129.35982 -14.40594
129.36107 -14.38678
129.36756 -14.37105
129.37326 -14.35536
129.36842 -14.33995
129.37729 -14.32744
129.39111 -14.31923
129.40117 -14.30436
129.40969 -14.28993
129.41843 -14.27801
129.41269 -14.26197
129.41178 -14.24251
129.42175 -14.23129
129.43516 -14.22397
129.4427 -14.21121
129.45161 -14.19318
129.46823 -14.18452
129.47842 -14.16519
129.48541 -14.14806
129.49407 -14.13093
129.51132 -14.13442
129.53121 -14.134
129.54153 -14.14482
129.55056 -14.15587
129.55778 -14.17283
129.55667 -14.15293
129.55584 -14.13172
129.55395 -14.11154
129.55863 -14.09552
129.56756 -14.0827
129.58042 -14.08996
129.57734 -14.10856
129.59272 -14.09718
129.60012 -14.0811
129.60918 -14.06829
129.60731 -14.04848
129.59735 -14.03788
129.59629 -14.01786
129.60455 -14.03026
129.61696 -14.03849
129.63032 -14.04691
129.65125 -14.0449
129.66357 -14.03678
129.678 -14.03098
129.69373 -14.02187
129.70756 -14.01482
129.72419 -14.01032
129.73091 -13.99372
129.74128 -13.97581
129.74852 -13.96127
129.74693 -13.94275
129.74752 -13.92159
129.74114 -13.90545
129.73104 -13.89344
129.7152 -13.88719
129.71905 -13.8689
129.72097 -13.85023
129.73248 -13.83723
129.74217 -13.82505
129.75212 -13.81216
129.76829 -13.80267
129.77831 -13.79165
129.79622 -13.78894
129.80404 -13.77625
129.81228 -13.76193
129.79911 -13.76924
129.78629 -13.76079
129.79089 -13.73886
129.78739 -13.72151
129.78565 -13.69965
129.78848 -13.67963
129.79511 -13.6565
129.80145 -13.64275
129.80837 -13.62792
129.81664 -13.61015
129.82347 -13.59375
129.82873 -13.57697
129.83341 -13.55878
129.82914 -13.53595
129.82624 -13.51529
129.81699 -13.50362
129.82945 -13.51176
129.85343 -13.50799
129.86822 -13.50039
129.87117 -13.48177
129.87689 -13.46566
129.88483 -13.45235
129.89461 -13.44179
129.8986 -13.45821
129.89986 -13.47721
129.90029 -13.49856
129.90875 -13.5114
129.92201 -13.52101
129.93557 -13.52999
129.95172 -13.53438
129.97622 -13.5332
129.99497 -13.53551
130.01178 -13.53107
130.02952 -13.52262
130.04278 -13.51465
130.05528 -13.50133
130.06936 -13.49463
130.08251 -13.48087
130.0959 -13.46642
130.10661 -13.45666
130.11701 -13.46676
130.13378 -13.46169
130.14764 -13.45121
130.15927 -13.44026
130.16952 -13.42871
130.17894 -13.41429
130.1869 -13.39983
130.1983 -13.37547
130.21406 -13.36938
130.22186 -13.35534
130.2317 -13.34206
130.24652 -13.33542
130.26456 -13.33219
130.28203 -13.33693
130.29788 -13.34797
130.31114 -13.36119
130.30212 -13.38548
130.29106 -13.39942
130.28265 -13.41173
130.27736 -13.42813
130.29477 -13.43869
130.30723 -13.44788
130.32176 -13.46088
130.3376 -13.46791
130.32629 -13.45771
130.31581 -13.44719
130.304 -13.43538
130.28723 -13.42868
130.30162 -13.40177
130.311 -13.38847
130.3214 -13.37231
130.32138 -13.35148
130.31485 -13.33676
130.30878 -13.32022
130.29703 -13.31149
130.2815 -13.30517
130.26561 -13.29906
130.25167 -13.29263
130.24006 -13.28296
130.23214 -13.27063
130.22735 -13.25528
130.21892 -13.24187
130.20955 -13.2305
130.19963 -13.2202
130.1899 -13.20939
130.18089 -13.19828
130.17081 -13.18816
130.16196 -13.17655
130.14203 -13.17524
130.12481 -13.17144
130.11781 -13.15593
130.11855 -13.13626
130.12634 -13.12291
130.13324 -13.10834
130.12477 -13.09557
130.12006 -13.07911
130.12424 -13.06227
130.12912 -13.04223
130.13368 -13.02095
130.14001 -13.00427
130.13847 -12.98544
130.12808 -12.97549
130.13288 -12.95975
130.14102 -12.94502
130.14474 -12.92822
130.16261 -12.92513
130.17279 -12.91353
130.19296 -12.91111
130.19457 -12.92957
130.20365 -12.94079
130.21712 -12.94796
130.23751 -12.94714
130.25442 -12.94371
130.26907 -12.9375
130.2815 -12.9299
130.29399 -12.92209
130.30549 -12.91289
130.31593 -12.90193
130.33059 -12.8963
130.33917 -12.88437
130.3408 -12.86462
130.34805 -12.84741
130.35295 -12.83184
130.35737 -12.81435
130.35265 -12.79642
130.3562 -12.77709
130.35284 -12.75953
130.35583 -12.7395
130.35207 -12.72282
130.3484 -12.70504
130.34924 -12.68551
130.35457 -12.66932
130.36661 -12.67853
130.38334 -12.68188
130.39607 -12.69253
130.39847 -12.67411
130.4033 -12.65892
130.4229 -12.65768
130.42879 -12.64295
130.43976 -12.63385
130.45099 -12.64272
130.46747 -12.64626
130.4789 -12.65509
130.49194 -12.6629
130.51105 -12.6658
130.51761 -12.68009
130.51411 -12.69801
130.50534 -12.70934
130.51973 -12.70334
130.53504 -12.71363
130.5508 -12.70664
130.57196 -12.70787
130.5822 -12.71795
130.60164 -12.71865
130.61766 -12.72614
130.62851 -12.73725
130.62707 -12.75599
130.63805 -12.74446
130.6339 -12.72572
130.62036 -12.71804
130.64 -12.71326
130.65982 -12.7152
130.67236 -12.72367
130.68773 -12.72945
130.67944 -12.74523
130.69501 -12.73439
130.70532 -12.72315
130.7197 -12.71666
130.70451 -12.71117
130.69277 -12.72055
130.67863 -12.7135
130.66481 -12.70367
130.6572 -12.69041
130.63902 -12.68859
130.62834 -12.67764
130.60721 -12.67316
130.59042 -12.67655
130.57675 -12.66787
130.57184 -12.65163
130.55975 -12.64367
130.54716 -12.63588
130.54895 -12.61746
130.56135 -12.62684
130.58023 -12.62272
130.59624 -12.61804
130.60494 -12.60659
130.59199 -12.59689
130.57221 -12.59663
130.5666 -12.58146
130.56791 -12.56275
130.5728 -12.54731
130.57742 -12.53185
130.58266 -12.51684
130.59106 -12.50426
130.60359 -12.4952
130.59465 -12.48379
130.58624 -12.47189
130.58756 -12.45298
130.60611 -12.45131
130.61413 -12.43573
130.60076 -12.42844
130.5842 -12.42199
130.57779 -12.40823
130.59349 -12.40326
130.60499 -12.39469
130.61746 -12.38613
130.63649 -12.38922
130.65402 -12.39465
130.66588 -12.40321
130.67653 -12.41259
130.69894 -12.41527
130.7111 -12.42312
130.72601 -12.42828
130.74664 -12.42719
130.75857 -12.43675
130.76518 -12.45015
130.75865 -12.46473
130.76292 -12.48065
130.77792 -12.47459
130.77286 -12.49045
130.77776 -12.5097
130.77142 -12.5265
130.77376 -12.54552
130.76708 -12.56011
130.78059 -12.56853
130.77528 -12.59101
130.78425 -12.60507
130.78952 -12.58197
130.78867 -12.56175
130.79318 -12.54425
130.81145 -12.5502
130.8117 -12.57346
130.82376 -12.55847
130.84051 -12.56389
130.84785 -12.57778
130.85919 -12.58806
130.86702 -12.6021
130.8697 -12.62166
130.87944 -12.63206
130.88623 -12.64725
130.89894 -12.6547
130.88934 -12.64213
130.88321 -12.62719
130.88164 -12.60694
130.90018 -12.60844
130.92018 -12.60829
130.93449 -12.61632
130.94086 -12.63249
130.95395 -12.64736
130.95567 -12.62826
130.9487 -12.61248
130.93884 -12.60067
130.92538 -12.58252
130.90763 -12.57492
130.88729 -12.57568
130.87869 -12.55972
130.87569 -12.54027
130.86653 -12.52678
130.86024 -12.51256
130.87499 -12.51856
130.89433 -12.5171
130.91253 -12.51507
130.92896 -12.51989
130.93316 -12.53594
130.94925 -12.54073
130.96657 -12.53729
130.95337 -12.52996
130.94199 -12.51453
130.93658 -12.49931
130.92969 -12.48589
130.91047 -12.48213
130.89595 -12.48772
130.894 -12.46962
130.87729 -12.46355
130.86448 -12.4555
130.85092 -12.46319
130.83296 -12.45963
130.81714 -12.45425
130.8318 -12.44369
130.83559 -12.42664
130.82859 -12.41193
130.84157 -12.40465
130.84796 -12.39091
130.85276 -12.37407
130.8646 -12.36587
130.87274 -12.35295
130.88327 -12.34333
130.89367 -12.33203
130.90899 -12.3374
130.92341 -12.3433
130.94303 -12.34206
130.95777 -12.34778
130.97447 -12.34375
130.99098 -12.34744
131.00536 -12.35368
131.01971 -12.36042
131.03853 -12.36326
131.03262 -12.34815
131.02432 -12.33559
131.03521 -12.32592
131.0147 -12.32549
131.01595 -12.30365
131.02071 -12.28598
131.02627 -12.26759
131.02995 -12.24248
131.02606 -12.22608
131.01421 -12.21707
131.00271 -12.20556
130.99563 -12.19092
130.99492 -12.16909
131.00606 -12.15849
131.02155 -12.15267
131.03707 -12.1454
131.0511 -12.15922
131.06399 -12.16672
131.07714 -12.15905
131.09177 -12.15332
131.11311 -12.15544
131.11423 -12.17517
131.1265 -12.18294
131.14791 -12.17989
131.15851 -12.16946
131.1689 -12.17935
131.17623 -12.19269
131.18734 -12.20231
131.20057 -12.20909
131.21097 -12.22039
131.21831 -12.23536
131.23368 -12.22563
131.25046 -12.23005
131.24521 -12.21512
131.22924 -12.21037
131.23356 -12.19304
131.24596 -12.17879
131.25188 -12.16471
131.24937 -12.14676
131.25484 -12.12926
131.26345 -12.11694
131.27051 -12.10366
131.26685 -12.08238
131.27355 -12.06676
131.28408 -12.05415
131.295 -12.0436
131.29897 -12.06249
131.30604 -12.07744
131.31662 -12.08759
131.314 -12.10819
131.32155 -12.12213
131.31389 -12.13619
131.32285 -12.14839
131.31669 -12.16275
131.32068 -12.19075
131.33031 -12.20753
131.34107 -12.22121
131.35392 -12.23379
131.36625 -12.2442
131.38054 -12.25389
131.39446 -12.26234
131.4196 -12.27343
131.43674 -12.27819
131.45559 -12.28185
131.47439 -12.28365
131.49504 -12.28365
131.51471 -12.283
131.53306 -12.28104
131.55089 -12.27822
131.57395 -12.27941
131.59917 -12.28302
131.61913 -12.28338
131.63959 -12.28399
131.65784 -12.28594
131.6792 -12.28376
131.69629 -12.28056
131.71673 -12.27711
131.73697 -12.27567
131.75496 -12.2735
131.77057 -12.26829
131.78636 -12.26132
131.80324 -12.25499
131.82626 -12.24726
131.83937 -12.23942
131.85488 -12.22903
131.86998 -12.2174
131.88821 -12.21462
131.90176 -12.22288
131.90766 -12.23943
131.91582 -12.2523
131.93033 -12.2674
131.94817 -12.27711
131.9643 -12.28172
131.98106 -12.28514
132.00121 -12.28833
132.01751 -12.29638
132.05021 -12.30052
132.06835 -12.30288
132.07592 -12.28769
132.08916 -12.28056
132.10489 -12.27304
132.11986 -12.26534
132.13247 -12.25658
132.14496 -12.24679
132.16068 -12.22967
132.16934 -12.21377
132.18792 -12.21157
132.20364 -12.2062
132.21766 -12.19816
132.22692 -12.18698
132.23362 -12.17312
132.25358 -12.17115
132.2642 -12.18394
132.26463 -12.206
132.27322 -12.2178
132.2788 -12.23265
132.27291 -12.24717
132.26815 -12.26507
132.2777 -12.25373
132.28408 -12.23801
132.28851 -12.21995
132.30378 -12.21387
132.31959 -12.20958
132.33488 -12.20182
132.3544 -12.20038
132.36392 -12.21326
132.37707 -12.2257
132.3881 -12.23658
132.39079 -12.25499
132.39541 -12.27146
132.40205 -12.28578
132.41209 -12.29617
132.42347 -12.30604
132.41845 -12.32193
132.4024 -12.32936
132.39086 -12.34118
132.38281 -12.354
132.37306 -12.36963
132.37489 -12.39003
132.38616 -12.40347
132.39652 -12.41539
132.38828 -12.39558
132.37991 -12.38357
132.38487 -12.36801
132.39666 -12.35712
132.41073 -12.34516
132.42315 -12.33589
132.43835 -12.32369
132.44593 -12.30885
132.43832 -12.2872
132.42399 -12.26902
132.41764 -12.25269
132.41664 -12.23198
132.41578 -12.21218
132.41845 -12.19307
132.42669 -12.17721
132.43399 -12.16378
132.43948 -12.14822
132.45584 -12.14317
132.47555 -12.13885
132.49279 -12.13429
132.5111 -12.12491
132.53305 -12.11264
132.54841 -12.1009
132.55505 -12.08589
132.56706 -12.09765
132.58079 -12.10813
132.59564 -12.11796
132.61172 -12.12385
132.62928 -12.12649
132.65379 -12.12827
132.6712 -12.13455
132.68691 -12.1452
132.70309 -12.14907
132.72216 -12.14808
132.73878 -12.14377
132.76087 -12.15187
132.77085 -12.16328
132.78405 -12.17472
132.76988 -12.15601
132.7604 -12.14286
132.74487 -12.13542
132.71966 -12.13743
132.70091 -12.13339
132.68792 -12.11826
132.67045 -12.10521
132.65493 -12.09732
132.63301 -12.09052
132.62351 -12.07483
132.62567 -12.0544
132.62228 -12.03253
132.61875 -12.01504
132.62429 -11.99855
132.62886 -11.98086
132.63455 -11.95933
132.63888 -11.94158
132.6387 -11.91897
132.64155 -11.90062
132.65253 -11.89157
132.66581 -11.88417
132.68018 -11.87658
132.65425 -11.88386
132.64543 -11.87267
132.64544 -11.85212
132.64076 -11.83284
132.63215 -11.81634
132.61886 -11.8083
132.59893 -11.80668
132.58885 -11.79542
132.58242 -11.78127
132.59286 -11.77155
132.60734 -11.76397
132.62121 -11.75731
132.62838 -11.74192
132.64063 -11.73112
132.65086 -11.71884
132.65318 -11.69989
132.65635 -11.68072
132.6712 -11.66859
132.69123 -11.66815
132.71194 -11.67125
132.70118 -11.66113
132.68295 -11.6593
132.66564 -11.65493
132.64765 -11.64877
132.62937 -11.651
132.63273 -11.63315
132.6152 -11.63625
132.59789 -11.64125
132.58303 -11.6298
132.56658 -11.61822
132.55155 -11.61218
132.54432 -11.59775
132.53691 -11.58484
132.55667 -11.58767
132.54908 -11.5741
132.55549 -11.55941
132.53837 -11.55465
132.52482 -11.54527
132.52833 -11.52757
132.51301 -11.51985
132.5012 -11.51055
132.49609 -11.49422
132.50788 -11.48283
132.52186 -11.47455
132.50404 -11.47738
132.48933 -11.48485
132.47386 -11.47761
132.46415 -11.46224
132.44613 -11.45557
132.42901 -11.4519
132.40939 -11.45362
132.38938 -11.45252
132.3724 -11.44706
132.35635 -11.44263
132.33772 -11.4475
132.32221 -11.45501
132.30602 -11.46369
132.28634 -11.46438
132.26649 -11.46088
132.2512 -11.45597
132.23289 -11.45835
132.2187 -11.46471
132.20706 -11.47458
132.1977 -11.48674
132.18209 -11.4926
132.16348 -11.49757
132.15026 -11.50481
132.14398 -11.51884
132.12686 -11.51537
132.12142 -11.53022
132.1029 -11.53188
132.07894 -11.53023
132.06355 -11.52086
132.05902 -11.50184
132.04455 -11.49259
132.03533 -11.48107
132.03097 -11.46162
132.04907 -11.45969
132.05926 -11.44711
132.05447 -11.43151
132.04281 -11.42124
132.0251 -11.42519
132.00613 -11.43107
131.98881 -11.42697
131.99304 -11.41111
131.97477 -11.40885
131.95651 -11.40633
131.94259 -11.39872
131.95312 -11.38588
131.97219 -11.38303
131.96769 -11.36649
131.97586 -11.35389
131.96607 -11.34288
131.95129 -11.3524
131.93371 -11.35735
131.92056 -11.35032
131.92767 -11.33638
131.94105 -11.32882
131.92217 -11.32538
131.90821 -11.31825
131.89163 -11.31251
131.87895 -11.30228
131.86515 -11.29548
131.84994 -11.30088
131.83969 -11.31442
131.82144 -11.31866
131.80346 -11.32187
131.78289 -11.32466
131.768 -11.31786
131.7591 -11.3019
131.77215 -11.31083
131.77854 -11.29511
131.79795 -11.2978
131.80734 -11.28557
131.7969 -11.27439
131.81011 -11.26614
131.82298 -11.27436
131.83837 -11.28104
131.85563 -11.2773
131.84835 -11.26355
131.83944 -11.24971
131.82945 -11.23322
131.8166 -11.22179
131.82255 -11.20694
131.831 -11.21889
131.84677 -11.22421
131.85499 -11.21221
131.86868 -11.21978
131.87602 -11.23488
131.88197 -11.21965
131.87762 -11.20181
131.88323 -11.18208
131.89683 -11.19094
131.90396 -11.20637
131.91163 -11.22191
131.92065 -11.2338
131.93206 -11.24404
131.94221 -11.25434
131.95538 -11.24733
131.96163 -11.23215
131.98095 -11.23114
131.98451 -11.21409
131.97331 -11.20255
131.96728 -11.18792
131.97129 -11.17151
131.98297 -11.18105
131.98811 -11.16376
131.9804 -11.14541
131.97311 -11.12933
131.99223 -11.12643
132.00952 -11.13082
132.01701 -11.14422
132.02246 -11.15951
132.0286 -11.17507
132.03533 -11.18879
132.04658 -11.19963
132.05836 -11.19086
132.07049 -11.18095
132.07432 -11.19763
132.07839 -11.21377
132.08453 -11.23036
132.10104 -11.22667
132.1099 -11.2138
132.11491 -11.23445
132.10675 -11.24867
132.09741 -11.26121
132.10456 -11.2751
132.11523 -11.28453
132.10436 -11.29553
132.10771 -11.31231
132.10124 -11.32694
132.11294 -11.3373
132.1233 -11.35024
132.12548 -11.33037
132.12959 -11.3096
132.13763 -11.29689
132.14123 -11.31535
132.15637 -11.32238
132.14991 -11.33728
132.14715 -11.35465
132.15238 -11.37047
132.15861 -11.3856
132.16215 -11.40412
132.16979 -11.42018
132.18257 -11.41163
132.17578 -11.39801
132.18817 -11.40664
132.19845 -11.41704
132.20829 -11.40548
132.20005 -11.39364
132.19132 -11.38234
132.18438 -11.36769
132.19084 -11.35333
132.20838 -11.36244
132.22149 -11.37043
132.23121 -11.35903
132.23712 -11.34418
132.23062 -11.32981
132.22145 -11.31791
132.2104 -11.30766
132.19453 -11.30166
132.18286 -11.31591
132.1923 -11.2992
132.1932 -11.27975
132.19302 -11.25958
132.18589 -11.24586
132.19578 -11.23435
132.19833 -11.21513
132.188 -11.20458
132.17712 -11.19455
132.16487 -11.18474
132.16424 -11.16408
132.14971 -11.15554
132.14489 -11.13923
132.13777 -11.12573
132.15669 -11.12796
132.17753 -11.12832
132.1907 -11.13566
132.19265 -11.15513
132.2019 -11.16937
132.21125 -11.1836
132.22596 -11.18992
132.23924 -11.19736
132.24015 -11.21666
132.25004 -11.2283
132.25688 -11.24213
132.26231 -11.25958
132.27624 -11.26773
132.2863 -11.25741
132.28325 -11.23994
132.27487 -11.22723
132.26602 -11.21549
132.27429 -11.20093
132.26815 -11.187
132.27552 -11.17411
132.2879 -11.16609
132.30398 -11.17209
132.32026 -11.16785
132.32864 -11.15383
132.33961 -11.14113
132.33615 -11.12366
132.34475 -11.1382
132.35771 -11.15013
132.35893 -11.17215
132.36587 -11.18804
132.37794 -11.20127
132.382 -11.22011
132.38063 -11.2439
132.37675 -11.26062
132.37618 -11.28034
132.38734 -11.29096
132.40371 -11.28481
132.4058 -11.26662
132.4232 -11.26178
132.41798 -11.24336
132.42149 -11.22539
132.43312 -11.21508
132.45098 -11.21784
132.45928 -11.23038
132.46876 -11.24466
132.47672 -11.25817
132.49066 -11.26605
132.50671 -11.27198
132.49627 -11.28426
132.48707 -11.30001
132.50205 -11.29461
132.51286 -11.30391
132.50642 -11.31806
132.51344 -11.33222
132.52035 -11.34545
132.53594 -11.34065
132.5501 -11.34743
132.5572 -11.36571
132.57028 -11.37303
132.57989 -11.3871
132.5906 -11.39906
132.60427 -11.40714
132.62243 -11.41146
132.63069 -11.42432
132.63598 -11.44053
132.63404 -11.46231
132.6396 -11.48154
132.64762 -11.49451
132.65948 -11.51001
132.6764 -11.51833
132.6932 -11.51461
132.70964 -11.52309
132.72811 -11.52145
132.73976 -11.51043
132.74722 -11.49758
132.76202 -11.48929
132.77407 -11.47436
132.78193 -11.46032
132.79772 -11.44423
132.81462 -11.43497
132.82438 -11.42258
132.82739 -11.40329
132.84229 -11.39521
132.85726 -11.40535
132.86703 -11.41627
132.87878 -11.42482
132.90069 -11.42161
132.90228 -11.39966
132.90919 -11.38615
132.90098 -11.37433
132.89227 -11.36266
132.8825 -11.35229
132.87033 -11.34282
132.88061 -11.33308
132.89579 -11.33948
132.91296 -11.33564
132.92549 -11.34386
132.93234 -11.36159
132.94564 -11.36879
132.94949 -11.38541
132.95825 -11.39827
132.96653 -11.41449
132.98066 -11.42109
132.99719 -11.42527
133.00811 -11.43522
133.01478 -11.4486
133.02139 -11.46302
133.0292 -11.47678
133.0366 -11.4899
133.04574 -11.50352
133.05789 -11.51282
133.0728 -11.51813
133.07282 -11.5402
133.07452 -11.56413
133.08306 -11.57867
133.09184 -11.59131
133.09875 -11.60865
133.10449 -11.6235
133.1132 -11.64525
133.12341 -11.65643
133.1303 -11.6702
133.13906 -11.68441
133.14678 -11.699
133.15689 -11.71018
133.17044 -11.71786
133.18592 -11.72333
133.20894 -11.72868
133.22894 -11.73298
133.24925 -11.73283
133.26663 -11.7267
133.28026 -11.71968
133.29195 -11.70944
133.31197 -11.70197
133.32724 -11.6956
133.3465 -11.69816
133.35332 -11.71604
133.34076 -11.72709
133.32356 -11.72363
133.31128 -11.73201
133.3098 -11.75142
133.31581 -11.76621
133.33424 -11.76806
133.35243 -11.76523
133.36038 -11.77792
133.37419 -11.77165
133.38034 -11.75574
133.38971 -11.74283
133.40111 -11.73286
133.41527 -11.74058
133.41341 -11.75934
133.39729 -11.7643
133.4064 -11.77834
133.42838 -11.77749
133.44759 -11.77911
133.45441 -11.79813
133.47168 -11.79286
133.48116 -11.7819
133.50119 -11.78204
133.51479 -11.77381
133.52563 -11.76416
133.53969 -11.77041
133.53278 -11.78784
133.53157 -11.8072
133.52438 -11.82219
133.52733 -11.83925
133.52063 -11.85428
133.51488 -11.86858
133.53139 -11.86161
133.53758 -11.84553
133.54306 -11.82988
133.55484 -11.82132
133.56338 -11.8084
133.58397 -11.80894
133.60495 -11.81105
133.60188 -11.82844
133.6093 -11.84275
133.62256 -11.83538
133.63802 -11.82705
133.65642 -11.82345
133.66345 -11.80628
133.6754 -11.79326
133.66765 -11.78054
133.69136 -11.78363
133.71988 -11.78419
133.73955 -11.78309
133.75937 -11.77129
133.7735 -11.76267
133.7782 -11.74577
133.78624 -11.733
133.80414 -11.72993
133.82639 -11.72845
133.84286 -11.73757
133.85377 -11.74999
133.86932 -11.75466
133.89134 -11.75627
133.90651 -11.74949
133.92311 -11.7565
133.93271 -11.76717
133.91533 -11.77453
133.90582 -11.78567
133.90179 -11.80182
133.8913 -11.81149
133.87506 -11.80676
133.85556 -11.80935
133.84365 -11.81923
133.83447 -11.8334
133.82407 -11.84316
133.83164 -11.85783
133.83914 -11.87693
133.8577 -11.87874
133.86745 -11.89104
133.87732 -11.90117
133.89128 -11.90991
133.91084 -11.90901
133.92426 -11.91654
133.94135 -11.91194
133.95757 -11.90783
133.97488 -11.89954
133.98914 -11.89172
133.99719 -11.87841
134.00449 -11.86459
134.02461 -11.86016
134.04536 -11.86191
134.06171 -11.86777
134.06317 -11.88975
134.07471 -11.89874
134.06975 -11.91511
134.07256 -11.93248
134.08685 -11.92629
134.10362 -11.92075
134.11154 -11.90836
134.12083 -11.89666
134.13336 -11.90425
134.14052 -11.92347
134.15039 -11.93832
134.16188 -11.94909
134.1758 -11.95613
134.17007 -11.97196
134.15318 -11.96822
134.15349 -11.98884
134.16554 -11.99854
134.18196 -11.99407
134.18108 -12.01458
134.1908 -12.02747
134.18628 -12.04319
134.179 -12.06015
134.17183 -12.0802
134.16307 -12.09911
134.16847 -12.11448
134.17532 -12.12817
134.18121 -12.11349
134.19075 -12.09849
134.19434 -12.08
134.20319 -12.06678
134.2132 -12.05574
134.22388 -12.04411
134.23997 -12.03867
134.25424 -12.03255
134.25294 -12.01375
134.24963 -11.99502
134.26585 -11.98763
134.28423 -11.98367
134.29495 -11.99308
134.30674 -12.00911
134.31874 -12.0182
134.33104 -12.02632
134.34769 -12.0396
134.36224 -12.04676
134.37968 -12.04976
134.39655 -12.05306
134.41147 -12.06345
134.42943 -12.06647
134.44987 -12.06744
134.47017 -12.06813
134.4884 -12.07158
134.50948 -12.06977
134.53395 -12.06602
134.55038 -12.06181
134.56964 -12.05576
134.58133 -12.0666
134.59099 -12.07853
134.60234 -12.08728
134.59381 -12.07398
134.59705 -12.05559
134.60968 -12.04779
134.62942 -12.0342
134.64244 -12.02662
134.65718 -12.01563
134.66744 -12.00196
134.67556 -11.98662
134.68477 -11.9716
134.70104 -11.96679
134.71819 -11.96203
134.73769 -11.96031
134.74857 -11.94909
134.76371 -11.95529
134.76662 -11.97298
134.76572 -11.99219
134.77265 -12.00549
134.78306 -12.01597
134.790155 -12.03384
134.79852 -12.0494
134.8203 -12.05544
134.84037 -12.05806
134.84455 -12.07543
134.84095 -12.09192
134.84203 -12.11379
134.85102 -12.12519
134.86395 -12.1324
134.88167 -12.1348
134.89435 -12.14458
134.90971 -12.15256
134.92589 -12.14534
134.94773 -12.14653
134.96053 -12.15441
134.97658 -12.16298
134.98667 -12.17568
134.99329 -12.19304
135.00118 -12.20804
135.01162 -12.22077
135.02651 -12.23091
135.03837 -12.24068
135.05073 -12.25467
135.07285 -12.25646
135.08785 -12.25092
135.10335 -12.24549
135.11985 -12.24082
135.13845 -12.24303
135.15389 -12.24791
135.16228 -12.25957
135.17476 -12.26748
135.18491 -12.27762
135.19855 -12.28592
135.21142 -12.29459
135.22263 -12.30657
135.23874 -12.31149
135.22664 -12.3032
135.23607 -12.28974
135.254 -12.2831
135.26253 -12.26915
135.26886 -12.25493
135.29 -12.25664
135.3113 -12.25727
135.32702 -12.25177
135.34273 -12.2466
135.35291 -12.23096
135.36017 -12.21391
135.37581 -12.19751
135.38875 -12.18327
135.41419 -12.18313
135.43358 -12.17843
135.44443 -12.16349
135.4618 -12.1576
135.48093 -12.15849
135.49248 -12.14741
135.51101 -12.14531
135.53043 -12.1501
135.54195 -12.14092
135.55665 -12.13052
135.57064 -12.12224
135.58059 -12.10741
135.587 -12.08933
135.60042 -12.08192
135.61121 -12.0724
135.62552 -12.0657
135.64182 -12.05606
135.64989 -12.04253
135.6646 -12.03669
135.68294 -12.03496
135.69339 -12.02479
135.71245 -12.0197
135.72533 -12.01109
135.74412 -12.00909
135.76207 -12.0047
135.77622 -11.9962
135.79805 -11.98572
135.81475 -11.9797
135.83497 -11.97802
135.84983 -11.97227
135.86542 -11.96779
135.88572 -11.96614
135.89941 -11.95742
135.89346 -11.97328
135.88275 -11.98275
135.86664 -11.97787
135.84925 -11.9809
135.8315 -11.98459
135.83019 -12.00331
135.81798 -12.01225
135.80616 -12.02123
135.79538 -12.03239
135.78107 -12.0385
135.76986 -12.05074
135.76252 -12.064
135.75792 -12.0798
135.74413 -12.09129
135.72875 -12.09664
135.71538 -12.10362
135.70736 -12.11569
135.6978 -12.12852
135.68436 -12.13734
135.66951 -12.15018
135.6542 -12.15662
135.65143 -12.17475
135.65169 -12.19477
135.65709 -12.21152
135.66556 -12.22691
135.67559 -12.23942
135.68548 -12.24992
135.69962 -12.25737
135.71345 -12.26699
135.72165 -12.28178
135.71506 -12.29688
135.70767 -12.30977
135.72461 -12.29957
135.73507 -12.2869
135.7427 -12.2705
135.75298 -12.26054
135.76824 -12.25578
135.78046 -12.24565
135.77782 -12.22797
135.78887 -12.21693
135.80308 -12.20755
135.8169 -12.20111
135.82348 -12.18688
135.83945 -12.18205
135.8546 -12.17588
135.86947 -12.16905
135.87691 -12.15383
135.88128 -12.1701
135.88975 -12.18271
135.90157 -12.17139
135.91002 -12.15888
135.92118 -12.1493
135.92901 -12.16251
135.9339 -12.14611
135.94817 -12.14004
135.95742 -12.15145
135.96465 -12.1383
135.97917 -12.1319
135.99287 -12.12333
136.00207 -12.10909
135.99717 -12.09294
136.00964 -12.08258
136.02545 -12.07743
136.04046 -12.06994
136.03645 -12.08628
136.02418 -12.09474
136.01951 -12.1113
136.01162 -12.1243
135.99986 -12.13356
135.99014 -12.14461
135.98191 -12.15663
135.97719 -12.17303
135.96901 -12.18532
135.95414 -12.19204
135.94134 -12.20278
135.93255 -12.21409
135.93113 -12.23493
135.94671 -12.24285
135.95669 -12.25329
135.96264 -12.26846
135.97887 -12.27323
135.99872 -12.26947
136.00704 -12.25397
136.01316 -12.23925
136.03654 -12.23786
136.05723 -12.24104
136.0561 -12.26063
136.04748 -12.27205
136.03069 -12.27852
136.02762 -12.29632
136.01169 -12.28819
136.01713 -12.307
136.01233 -12.32524
136.00493 -12.33785
135.99991 -12.35404
135.9856 -12.36049
135.97466 -12.37225
135.97307 -12.39103
135.96695 -12.40705
135.97667 -12.39487
135.99402 -12.39931
136.01371 -12.39614
136.00792 -12.41135
136.00118 -12.42578
135.99623 -12.44346
136.00469 -12.45563
136.01708 -12.46595
136.01429 -12.48598
136.02898 -12.47751
136.045265 -12.4729
136.047 -12.45417
136.05634 -12.44101
136.06789 -12.43082
136.07325 -12.44702
136.08538 -12.45765
136.10309 -12.45498
136.10766 -12.43923
136.11835 -12.44868
136.135 -12.44449
136.14871 -12.43765
136.16018 -12.44666
136.16357 -12.46357
136.18257 -12.46522
136.20333 -12.4666
136.21853 -12.46137
136.22775 -12.47224
136.23606 -12.4543
136.24865 -12.44572
136.26138 -12.43834
136.2738 -12.42884
136.28497 -12.41973
136.29484 -12.40916
136.30583 -12.39766
136.31134 -12.38309
136.30442 -12.36979
136.31246 -12.35781
136.32383 -12.34631
136.33241 -12.32891
136.32664 -12.31175
136.33929 -12.30328
136.34811 -12.29086
136.35371 -12.27629
136.34324 -12.26669
136.35908 -12.25729
136.37538 -12.25249
136.36059 -12.2428
136.35636 -12.2247
136.34764 -12.21074
136.33448 -12.20363
136.31631 -12.21035
136.29627 -12.20606
136.27925 -12.20912
136.25544 -12.21151
136.23114 -12.21395
136.22438 -12.19705
136.21429 -12.18587
136.20014 -12.19244
136.17837 -12.19221
136.16845 -12.18194
136.17517 -12.16792
136.19081 -12.16129
136.20571 -12.15536
136.21698 -12.1455
136.22392 -12.13234
136.23196 -12.11787
136.24626 -12.11103
136.25241 -12.09451
136.26094 -12.08004
136.26803 -12.06487
136.28277 -12.05819
136.29818 -12.05155
136.31994 -12.05194
136.33195 -12.06056
136.34111 -12.04956
136.34831 -12.03591
136.35723 -12.02458
136.37031 -12.01757
136.38431 -12.00999
136.39056 -11.99024
136.39938 -11.97827
136.41061 -11.96638
136.42247 -11.95781
136.43096 -11.97094
136.44142 -11.95825
136.44717 -11.94108
136.46347 -11.94957
136.48225 -11.95104
136.50117 -11.94915
136.51084 -11.93881
136.52723 -11.93352
136.53092 -11.91619
136.54711 -11.92294
136.56431 -11.9152
136.5735 -11.90419
136.56286 -11.89416
136.58186 -11.903
136.57612 -11.9192
136.56361 -11.92833
136.55276 -11.93929
136.53776 -11.94528
136.52072 -11.95075
136.50488 -11.95615
136.48385 -11.96036
136.46864 -11.9701
136.47073 -11.99092
136.45961 -11.97996
136.4488 -11.9893
136.45768 -12.00097
136.47337 -12.00804
136.48164 -12.02107
136.49075 -12.03253
136.49766 -12.01763
136.50558 -12.00334
136.51156 -11.98898
136.52998 -11.99208
136.53718 -12.01792
136.54328 -12.03502
136.54942 -12.04899
136.55575 -12.06631
136.56304 -12.07972
136.57736 -12.08647
136.58981 -12.09421
136.58189 -12.10657
136.58546 -12.12353
136.5811 -12.14015
136.58465 -12.16475
136.59201 -12.17751
136.59921 -12.19168
136.60449 -12.20738
136.61685 -12.21799
136.63439 -12.22917
136.6463 -12.23729
136.64588 -12.26007
136.65365 -12.27413
136.66484 -12.28339
136.68286 -12.28051
136.6986 -12.28535
136.7153 -12.2814
136.72105 -12.26677
136.73493 -12.27477
136.74624 -12.26531
136.75349 -12.25176
136.76474 -12.24258
136.75358 -12.23267
136.74776 -12.21762
136.73289 -12.22293
136.7234 -12.21181
136.71438 -12.19853
136.69982 -12.19037
136.68194 -12.19618
136.69389 -12.1858
136.71507 -12.18589
136.72802 -12.17848
136.74302 -12.17042
136.75915 -12.16516
136.77912 -12.16135
136.78834 -12.17919
136.7985 -12.19008
136.80841 -12.20243
136.82131 -12.21249
136.84167 -12.21387
136.86158 -12.21455
136.87455 -12.22368
136.882 -12.24001
136.89447 -12.24762
136.90287 -12.25993
136.90113 -12.27876
136.9207 -12.2776
136.92738 -12.29284
136.93157 -12.30892
136.94023 -12.32377
136.92988 -12.33366
136.91551 -12.34471
136.90632 -12.35611
136.89021 -12.36327
136.87602 -12.3695
136.89437 -12.36655
136.91195 -12.36312
136.91885 -12.34973
136.93782 -12.35627
136.95712 -12.35429
136.96501 -12.34002
136.97885 -12.34621
136.96839 -12.35768
136.96327 -12.37279
136.94569 -12.36912
136.93041 -12.37726
136.91595 -12.383
136.90249 -12.38998
136.89303 -12.40165
136.88348 -12.41614
136.8704 -12.42507
136.85731 -12.43791
136.84703 -12.44986
136.83738 -12.46088
136.82765 -12.47277
136.81364 -12.49049
136.80575 -12.50261
136.7951 -12.51211
136.78202 -12.52148
136.77383 -12.5333
136.77247 -12.55305
136.76393 -12.53917
136.76602 -12.52088
136.77558 -12.50812
136.78575 -12.49664
136.7964 -12.47856
136.79592 -12.4585
136.7857 -12.44821
136.76942 -12.45715
136.75802 -12.46753
136.74346 -12.47416
136.72697 -12.48059
136.72564 -12.50102
136.73783 -12.50918
136.72993 -12.52279
136.73868 -12.53513
136.7413 -12.55468
136.75465 -12.56184
136.76208 -12.57465
136.7427 -12.57564
136.72891 -12.5843
136.71342 -12.59861
136.70384 -12.60963
136.69416 -12.62536
136.68807 -12.64053
136.68135 -12.65885
136.68022 -12.67925
136.68832 -12.69412
136.69949 -12.70337
136.68678 -12.71137
136.67132 -12.70534
136.65634 -12.71146
136.64396 -12.7015
136.62127 -12.70549
136.61083 -12.71559
136.6031 -12.7312
136.60571 -12.75039
136.62072 -12.7567
136.62481 -12.77511
136.61431 -12.79248
136.60887 -12.8148
136.61456 -12.82995
136.59783 -12.82555
136.58512 -12.81804
136.58137 -12.80049
136.58512 -12.78235
136.58088 -12.76616
136.56597 -12.76055
136.55421 -12.75151
136.5399 -12.74156
136.52896 -12.75241
136.5268 -12.77065
136.53286 -12.78521
136.53779 -12.80535
136.5193 -12.80736
136.51077 -12.7951
136.50117 -12.78412
136.48902 -12.77445
136.47058 -12.77666
136.47279 -12.79553
136.48847 -12.8013
136.48159 -12.81625
136.47973 -12.83861
136.49096 -12.84847
136.50646 -12.85343
136.5117 -12.86864
136.52766 -12.87462
136.54234 -12.88056
136.54313 -12.9016
136.54859 -12.91767
136.56747 -12.91968
136.58297 -12.92501
136.59733 -12.93067
136.61164 -12.93675
136.62467 -12.95246
136.63888 -12.95855
136.64022 -12.97741
136.64712 -12.99294
136.66127 -12.99979
136.65513 -13.01572
136.63439 -13.01672
136.63204 -12.99699
136.62675 -12.98184
136.6208 -12.96772
136.60226 -12.97407
136.5959 -12.99044
136.58187 -12.99852
136.58702 -13.01349
136.56668 -13.01507
136.56584 -12.99573
136.55378 -12.9875
136.5634 -12.97649
136.55458 -12.96396
136.53952 -12.96947
136.53169 -12.98221
136.51721 -12.97649
136.50381 -12.98313
136.49237 -12.9922
136.47892 -12.98371
136.46482 -12.97359
136.45227 -12.98315
136.46284 -12.99492
136.4799 -12.99818
136.49641 -12.9938
136.50793 -13.0042
136.51756 -13.0151
136.53182 -13.02224
136.53039 -13.04161
136.53773 -13.05631
136.55821 -13.05754
136.55458 -13.07991
136.54643 -13.09368
136.53993 -13.10912
136.53556 -13.1271
136.52915 -13.14661
136.51279 -13.13949
136.49277 -13.14954
136.48386 -13.16081
136.47999 -13.17792
136.47545 -13.19715
136.4724 -13.21501
136.47596 -13.23435
136.46805 -13.24725
136.45569 -13.25497
136.44831 -13.24097
136.45424 -13.22444
136.44169 -13.21693
136.43447 -13.23194
136.41649 -13.23432
136.40136 -13.24178
136.39185 -13.25447
136.38352 -13.27057
136.37707 -13.28433
136.36606 -13.29806
136.35387 -13.31434
136.34391 -13.32568
136.33283 -13.31521
136.3229 -13.30387
136.33191 -13.29021
136.33848 -13.27472
136.33352 -13.2595
136.34369 -13.24632
136.35796 -13.25438
136.37824 -13.24516
136.38707 -13.23204
136.38209 -13.2168
136.37572 -13.20243
136.36777 -13.18658
136.36977 -13.16732
136.36078 -13.155
136.36869 -13.14091
136.36229 -13.12722
136.36747 -13.11084
136.36375 -13.09278
136.37144 -13.07864
136.36849 -13.06128
136.35663 -13.05277
136.34166 -13.0465
136.33323 -13.03272
136.32648 -13.05391
136.31305 -13.06542
136.30864 -13.08117
136.3028 -13.09536
136.29307 -13.10664
136.31139 -13.1085
136.32142 -13.11984
136.31077 -13.13757
136.31308 -13.15655
136.29946 -13.166
136.28058 -13.16441
136.28486 -13.14665
136.27562 -13.15815
136.25966 -13.15356
136.25559 -13.13693
136.24378 -13.14561
136.2286 -13.13944
136.21773 -13.15205
136.23288 -13.15721
136.24021 -13.17042
136.23546 -13.18666
136.24253 -13.20447
136.22376 -13.20212
136.21392 -13.21605
136.21146 -13.23462
136.20238 -13.24562
136.18453 -13.24347
136.17391 -13.23316
136.16221 -13.24195
136.16613 -13.26298
136.17946 -13.27236
136.16047 -13.27125
136.1522 -13.25567
136.14736 -13.23795
136.14586 -13.21664
136.13415 -13.20714
136.14222 -13.19354
136.14872 -13.1761
136.15212 -13.15488
136.1507 -13.13536
136.14525 -13.12052
136.12545 -13.13341
136.11738 -13.14706
136.10196 -13.15423
136.1074 -13.17064
136.09456 -13.18383
136.08782 -13.19785
136.07769 -13.21037
136.08433 -13.22406
136.0673 -13.22712
136.05007 -13.23918
136.05544 -13.25429
136.05399 -13.27584
136.05214 -13.29608
136.04423 -13.3113
136.03626 -13.29886
136.03916 -13.28013
136.03383 -13.26225
136.02889 -13.24697
136.02196 -13.23278
136.0167 -13.21762
136.00034 -13.21345
135.98543 -13.22197
135.97513 -13.236
135.97249 -13.25479
135.96685 -13.27021
135.96621 -13.29002
135.95742 -13.27871
135.95253 -13.26338
135.94048 -13.25539
135.91872 -13.26985
135.90914 -13.28686
135.90412 -13.30451
135.88942 -13.31775
135.88331 -13.33201
135.87958 -13.35147
135.88668 -13.36701
135.90154 -13.37233
135.91349 -13.38048
135.92284 -13.39233
135.92174 -13.41213
135.93812 -13.41646
135.95362 -13.41174
135.96984 -13.40772
135.96831 -13.42818
135.96277 -13.4429
135.94794 -13.43558
135.93094 -13.44128
135.93578 -13.45656
135.92318 -13.46507
135.91569 -13.44888
135.90323 -13.44122
135.89708 -13.42681
135.87681 -13.42672
135.86326 -13.4348
135.85705 -13.44865
135.86332 -13.46577
135.85755 -13.48229
135.85998 -13.50167
135.85627 -13.51804
135.86501 -13.53108
135.86638 -13.55202
135.85889 -13.56531
135.83971 -13.56684
135.83898 -13.58675
135.84246 -13.60496
135.85195 -13.61657
135.86558 -13.62357
135.87096 -13.64062
135.87551 -13.66385
135.89057 -13.67079
135.90227 -13.66215
135.91414 -13.67073
135.90186 -13.6797
135.88357 -13.69205
135.87769 -13.70778
135.88697 -13.72448
135.89803 -13.7364
135.91327 -13.74509
135.93555 -13.74594
135.9572 -13.74299
135.97413 -13.73549
135.98604 -13.72012
136.00118 -13.71293
136.01264 -13.70243
136.02186 -13.69068
136.03425 -13.68195
136.03228 -13.66324
136.04516 -13.65359
136.06461 -13.65096
136.08051 -13.65604
136.07619 -13.67211
136.05697 -13.67778
136.05329 -13.69652
136.04195 -13.70611
136.03402 -13.71851
136.03599 -13.73673
136.02218 -13.75116
136.01362 -13.7628
136.01059 -13.78115
136.00991 -13.80247
136.01577 -13.82165
136.01034 -13.83627
135.99479 -13.85214
135.99097 -13.86865
135.98874 -13.89334
135.97841 -13.90523
135.96891 -13.91577
135.96415 -13.9313
135.95589 -13.94338
135.94626 -13.9541
135.93369 -13.96218
135.92357 -13.97296
135.91272 -13.98515
135.90759 -14.00057
135.91274 -14.01619
135.91311 -14.03892
135.90957 -14.05564
135.90514 -14.07416
135.89781 -14.08747
135.88985 -14.09987
135.88937 -14.12228
135.88618 -14.14345
135.88448 -14.16195
135.89114 -14.17673
135.90242 -14.18879
135.88777 -14.18054
135.87134 -14.18728
135.85725 -14.19541
135.84283 -14.20528
135.83102 -14.21584
135.81789 -14.22761
135.79881 -14.22957
135.78461 -14.23667
135.77521 -14.25178
135.76384 -14.26294
135.7522 -14.27366
135.73859 -14.28202
135.71746 -14.28412
135.72723 -14.29489
135.72133 -14.31037
135.71298 -14.32461
135.70695 -14.34123
135.69627 -14.3571
135.68536 -14.37302
135.67812 -14.38753
135.66724 -14.39928
135.67191 -14.41619
135.65382 -14.4189
135.63603 -14.42253
135.61739 -14.42529
135.60986 -14.43882
135.60193 -14.45093
135.59669 -14.47064
135.59056 -14.48638
135.58838 -14.50538
135.57208 -14.51117
135.5627 -14.52361
135.5551 -14.53605
135.54161 -14.55214
135.5314 -14.57321
135.52592 -14.58864
135.52229 -14.60731
135.51772 -14.62468
135.52422 -14.63904
135.53682 -14.64655
135.51895 -14.64946
135.51056 -14.66239
135.50006 -14.6731
135.48517 -14.66754
135.46634 -14.67507
135.45549 -14.68448
135.44466 -14.69529
135.43687 -14.70876
135.42505 -14.72761
135.40979 -14.73723
135.39867 -14.72326
135.38689 -14.71411
135.36404 -14.71648
135.3476 -14.71271
135.33226 -14.70801
135.34706 -14.72253
135.36223 -14.72869
135.37933 -14.72368
135.38527 -14.74281
135.39128 -14.76537
135.39566 -14.7869
135.3942 -14.80822
135.40192 -14.82578
135.40885 -14.84205
135.41275 -14.85896
135.41747 -14.87506
135.42854 -14.89262
135.43115 -14.91127
135.44199 -14.92178
135.44888 -14.93598
135.4561 -14.94942
135.46651 -14.9635
135.47742 -14.97367
135.49333 -14.98129
135.51035 -14.99671
135.5217 -15.00677
135.534 -15.0145
135.55069 -15.02211
135.56663 -15.03195
135.57715 -15.04147
135.5952 -15.0482
135.61208 -15.05186
135.62752 -15.04686
135.64967 -15.04865
135.66203 -15.05658
135.66995 -15.07049
135.68488 -15.07598
135.69752 -15.08397
135.70275 -15.09887
135.68176 -15.10008
135.70076 -15.10425
135.71841 -15.1075
135.70953 -15.12006
135.70164 -15.13262
135.71541 -15.12254
135.72873 -15.11545
135.74994 -15.11684
135.76056 -15.12625
135.77408 -15.13406
135.78847 -15.14399
135.80139 -15.15154
135.81923 -15.16005
135.83339 -15.16759
135.84744 -15.17442
135.8606 -15.1817
135.87448 -15.19092
135.8862 -15.20112
135.8958 -15.21161
135.90596 -15.22318
135.91344 -15.23692
135.92488 -15.24653
135.937 -15.25695
135.95212 -15.26405
135.96634 -15.27152
135.97781 -15.28058
135.99055 -15.28893
136.00507 -15.29684
136.01947 -15.30372
136.03218 -15.31228
136.04597 -15.3196
136.06084 -15.33043
136.07268 -15.33992
136.08618 -15.34658
136.10071 -15.35432
136.1171 -15.35879
136.13129 -15.36648
136.14336 -15.37699
136.15699 -15.38506
136.16945 -15.39297
136.18822 -15.39173
136.20808 -15.39401
136.22017 -15.40528
136.23866 -15.41526
136.23901 -15.43636
136.24348 -15.45466
136.25082 -15.47415
136.26237 -15.49666
136.26532 -15.5206
136.27068 -15.53678
136.27666 -15.55231
136.28613 -15.56473
136.29739 -15.57627
136.30914 -15.58493
136.31921 -15.59561
136.32986 -15.60531
136.34228 -15.61396
136.36629 -15.61311
136.38571 -15.6221
136.40085 -15.62748
136.41878 -15.62975
136.43575 -15.64738
136.45364 -15.65436
136.46446 -15.66356
136.47618 -15.67536
136.48875 -15.6865
136.4989 -15.69706
136.50793 -15.70827
136.52156 -15.71924
136.53592 -15.72961
136.54431 -15.74143
136.56379 -15.74268
136.57445 -15.75276
136.58755 -15.75971
136.6015 -15.76721
136.61932 -15.76322
136.62804 -15.77487
136.63554 -15.78783
136.6545 -15.79202
136.67151 -15.79596
136.66705 -15.81345
136.64963 -15.81874
136.67279 -15.81666
136.68674 -15.82409
136.69672 -15.83751
136.70477 -15.85068
136.71378 -15.86216
136.70947 -15.8808
136.69917 -15.89101
136.6911 -15.90371
136.69962 -15.91579
136.70692 -15.932
136.72644 -15.934125
136.74063 -15.92289
136.74954 -15.91056
136.76094 -15.89903
136.77228 -15.88978
136.77575 -15.90975
136.79418 -15.90655
136.81332 -15.90033
136.82901 -15.90481
136.84673 -15.90748
136.86176 -15.91387
136.87518 -15.92464
136.89447 -15.92566
136.90907 -15.9341
136.9317 -15.93374
136.92171 -15.92054
136.91428 -15.90429
136.92898 -15.88758
136.94278 -15.88018
136.95947 -15.87482
136.97864 -15.88078
136.99272 -15.88818
136.99978 -15.87501
137.01324 -15.88529
137.02568 -15.89634
137.03831 -15.9101
137.04794 -15.92107
137.06158 -15.92864
137.07489 -15.93724
137.09621 -15.94939
137.11162 -15.95483
137.13057 -15.95751
137.14606 -15.96506
137.16367 -15.97209
137.17814 -15.98295
137.19112 -15.99137
137.20432 -16.00002
137.21979 -16.00517
137.24173 -16.0076
137.25799 -16.01784
137.26787 -16.02858
137.27726 -16.05114
137.28917 -16.06353
137.30283 -16.07601
137.31289 -16.09287
137.32634 -16.1028
137.34247 -16.11
137.35744 -16.11547
137.37513 -16.12118
137.39028 -16.12757
137.40453 -16.13739
137.42339 -16.13907
137.44094 -16.14283
137.45585 -16.15198
137.47138 -16.16079
137.48973 -16.16416
137.51093 -16.16586
137.52826 -16.16994
137.54014 -16.17825
137.53524 -16.19505
137.54325 -16.18164
137.55622 -16.17429
137.5414 -16.16815
137.56189 -16.17351
137.57775 -16.17769
137.6021 -16.18644
137.61825 -16.19481
137.6337 -16.20262
137.65281 -16.20841
137.66486 -16.21666
137.68319 -16.2237
137.70132 -16.22693
137.71866 -16.22981
137.73417 -16.23897
137.73928 -16.25582
137.74062 -16.27579
137.7654 -16.28268
137.77456 -16.29535
137.78057 -16.31179
137.79175 -16.32926
137.80278 -16.33915
137.81154 -16.35147
137.82026 -16.36366
137.83147 -16.37479
137.84064 -16.38848
137.84691 -16.40297
137.86153 -16.42358
137.87737 -16.43929
137.89327 -16.45077
137.90978 -16.46301
137.92795 -16.47679
137.93999 -16.48566
137.94807 -16.49851
137.96755 -16.518

132.90181 -11.16029
132.88358 -11.16797
132.87148 -11.15531
132.85724 -11.14951
132.87625 -11.14693
132.8931 -11.14131
132.91252 -11.14312

130.40926 -11.1734
130.42048 -11.18429
130.43538 -11.19703
130.44576 -11.20717
130.45699 -11.22236
130.46822 -11.23744
130.47899 -11.25008
130.48972 -11.2618
130.50121 -11.27054
130.51429 -11.27816
130.53154 -11.28455
130.54618 -11.27732
130.56176 -11.27127
130.57561 -11.28177
130.59328 -11.28775
130.60346 -11.30007
130.60268 -11.31938
130.59241 -11.3305
130.58138 -11.34141
130.56369 -11.34579
130.55602 -11.35917
130.55629 -11.38027
130.56589 -11.39465
130.58149 -11.40135
130.58991 -11.41497
130.60436 -11.42129
130.59214 -11.40878
130.59809 -11.39274
130.61704 -11.38776
130.6298 -11.37814
130.64205 -11.36928
130.64602 -11.35185
130.6554 -11.33856
130.65961 -11.35519
130.65625 -11.37333
130.66208 -11.39076
130.66433 -11.40865
130.67527 -11.41878
130.68279 -11.4342
130.69275 -11.44699
130.69507 -11.4664
130.70609 -11.48044
130.71825 -11.4712
130.73522 -11.47565
130.75409 -11.47934
130.7603 -11.49563
130.77724 -11.50491
130.79516 -11.51103
130.81022 -11.52688
130.80608 -11.5089
130.79465 -11.49975
130.78199 -11.48942
130.76644 -11.4842
130.77228 -11.46714
130.75779 -11.46153
130.75312 -11.44572
130.7385 -11.43794
130.72631 -11.42141
130.70514 -11.42246
130.69742 -11.41014
130.70063 -11.39298
130.71206 -11.38304
130.73411 -11.38215
130.75347 -11.37629
130.76964 -11.36892
130.78676 -11.36541
130.8061 -11.36393
130.82323 -11.361
130.83936 -11.35677
130.85541 -11.3487
130.86623 -11.33773
130.88018 -11.32755
130.89037 -11.31447
130.90979 -11.31093
130.92501 -11.31718
130.94501 -11.32556
130.96166 -11.3319
130.97757 -11.33766
130.98864 -11.34805
130.9992 -11.35801
131.01769 -11.36005
131.0246 -11.3753
131.0232 -11.39467
131.01592 -11.41332
131.02866 -11.40521
131.03243 -11.38533
131.03617 -11.36356
131.04731 -11.3534
131.04923 -11.33509
131.04226 -11.32165
131.05544 -11.3137
131.06902 -11.30634
131.0906 -11.30412
131.1017 -11.29043
131.11234 -11.27935
131.11295 -11.25885
131.12908 -11.25461
131.14815 -11.25003
131.16501 -11.26389
131.16735 -11.28237
131.16985 -11.30014
131.17366 -11.31844
131.18601 -11.32963
131.19967 -11.34059
131.21303 -11.35128
131.22326 -11.36492
131.21563 -11.34432
131.21561 -11.32219
131.21152 -11.3046
131.19103 -11.30318
131.20221 -11.28678
131.19852 -11.27037
131.20102 -11.25192
131.20582 -11.23366
131.21944 -11.22651
131.24056 -11.22223
131.24997 -11.21018
131.25767 -11.19086
131.271285 -11.198095
131.28736 -11.19401
131.2994 -11.20384
131.30681 -11.21701
131.3158 -11.22854
131.30756 -11.24157
131.29992 -11.25524
131.3033 -11.2737
131.32348 -11.27474
131.32773 -11.25816
131.34108 -11.25085
131.35929 -11.25363
131.37143 -11.26216
131.37088 -11.28173
131.3783 -11.2955
131.39801 -11.29399
131.39995 -11.27575
131.40403 -11.25788
131.42371 -11.26054
131.43746 -11.26802
131.44288 -11.28636
131.43114 -11.29534
131.43529 -11.31185
131.44887 -11.31905
131.46169 -11.32681
131.45444 -11.34151
131.45914 -11.35708
131.4688 -11.36817
131.4656 -11.38598
131.47756 -11.39672
131.48913 -11.3867
131.5067 -11.38971
131.52297 -11.39421
131.53217 -11.40684
131.53746 -11.42384
131.53796 -11.4435
131.53736 -11.46316
131.52787 -11.47636
131.51338 -11.46946
131.49537 -11.47247
131.48435 -11.48802
131.47182 -11.49555
131.4641 -11.5121
131.46047 -11.5291
131.45528 -11.54736
131.46253 -11.56361
131.45615 -11.57787
131.4697 -11.58578
131.473 -11.6043
131.45826 -11.61098
131.44184 -11.60635
131.42661 -11.61429
131.41594 -11.60109
131.40502 -11.59104
131.3858 -11.58845
131.37435 -11.59829
131.36876 -11.61449
131.36049 -11.63224
131.35161 -11.64787
131.34198 -11.65901
131.33606 -11.67701
131.32703 -11.68808
131.31524 -11.69875
131.30198 -11.71323
131.29056 -11.72303
131.28298 -11.73784
131.26549 -11.73255
131.25019 -11.73793
131.23844 -11.74719
131.22562 -11.75472
131.20931 -11.76656
131.19722 -11.77679
131.18592 -11.78723
131.17289 -11.79503
131.16068 -11.80332
131.14299 -11.80892
131.12711 -11.81859
131.11307 -11.82645
131.09739 -11.8334
131.08037 -11.84008
131.06891 -11.85307
131.05571 -11.86976
131.0477 -11.88208
131.02746 -11.8826
131.01519 -11.89175
131.00254 -11.9023
130.99349 -11.91424
130.98333 -11.92668
130.97247 -11.93606
130.95383 -11.93055
130.93572 -11.92514
130.92489 -11.90859
130.91468 -11.89847
130.90485 -11.88742
130.89328 -11.878
130.88012 -11.86909
130.8676 -11.85849
130.85296 -11.85039
130.83371 -11.84802
130.81394 -11.84555
130.79265 -11.84031
130.77999 -11.83188
130.76415 -11.82617
130.74912 -11.81878
130.73771 -11.81018
130.72469 -11.80261
130.70707 -11.79989
130.68827 -11.79681
130.6784 -11.78629
130.68195 -11.763
130.66375 -11.75812
130.64791 -11.75062
130.63738 -11.73897
130.62685 -11.72747
130.60804 -11.72031
130.59578 -11.71235
130.5853 -11.69939
130.57029 -11.69237
130.55942 -11.67691
130.54195 -11.6724
130.52767 -11.6792
130.51107 -11.67028
130.49404 -11.65663
130.48651 -11.6432
130.47976 -11.62969
130.47748 -11.60507
130.48317 -11.58942
130.48941 -11.57246
130.48826 -11.55099
130.47571 -11.54031
130.46012 -11.53475
130.45421 -11.51948
130.44156 -11.50962
130.43172 -11.49925
130.4347 -11.47955
130.42989 -11.46335
130.41878 -11.45397
130.42251 -11.43746
130.419 -11.41838
130.41527 -11.39908
130.40964 -11.38392
130.41025 -11.36452
130.39158 -11.36643
130.38715 -11.34904
130.39467 -11.33539
130.3987 -11.31747
130.40888 -11.30727
130.39653 -11.29003
130.39032 -11.27557
130.37796 -11.26701
130.36533 -11.2579
130.36622 -11.23484
130.36872 -11.21649
130.37136 -11.19402
130.37258 -11.1734
130.38959 -11.16963

132.64802 -11.21328
132.65283 -11.19591
132.66361 -11.18613
132.68194 -11.18822
132.6713 -11.19849

132.73051 -11.29628
132.72116 -11.28553

131.20493 -11.33957
131.18885 -11.33432
131.19494 -11.32007
131.20548 -11.31056

130.33041 -11.32213
130.35036 -11.33331
130.35521 -11.3494
130.36046 -11.36728
130.37104 -11.39267
130.38059 -11.40321
130.3888 -11.41695
130.40056 -11.42585
130.40368 -11.44422
130.39692 -11.45847
130.38901 -11.47082
130.37983 -11.48166
130.37728 -11.50082
130.3834 -11.51652
130.39203 -11.52798
130.40045 -11.5401
130.4122 -11.54883
130.43425 -11.55441
130.44733 -11.56654
130.46312 -11.57401
130.46241 -11.59365
130.46207 -11.61394
130.4657 -11.63453
130.46691 -11.65574
130.46167 -11.67529
130.45327 -11.6896
130.46618 -11.68227
130.48041 -11.67042
130.49663 -11.67614
130.50974 -11.68381
130.52793 -11.69384
130.54865 -11.69042
130.56127 -11.70142
130.57441 -11.7097
130.58968 -11.71537
130.59528 -11.73226
130.61084 -11.73711
130.62694 -11.74358
130.63944 -11.75251
130.6364 -11.77054
130.62487 -11.79187
130.61973 -11.80746
130.61084 -11.82324
130.59104 -11.82563
130.57375 -11.81935
130.55384 -11.81976
130.53536 -11.82339
130.5188 -11.82711
130.50121 -11.82989
130.48453 -11.82364
130.46479 -11.81724
130.44414 -11.81691
130.43105 -11.80894
130.41411 -11.80366
130.39599 -11.80109
130.38175 -11.79454
130.36612 -11.78475
130.34967 -11.77859
130.33134 -11.77618
130.31546 -11.77077
130.30029 -11.77616
130.28336 -11.78084
130.26361 -11.78571
130.2453 -11.79094
130.22874 -11.7966
130.2121 -11.80226
130.19487 -11.80586
130.17583 -11.80968
130.15994 -11.81631
130.13354 -11.82336
130.11311 -11.82621
130.09663 -11.82057
130.07559 -11.82125
130.05565 -11.81921
130.03993 -11.81368
130.02882 -11.8032
130.02469 -11.7871
130.02693 -11.7674
130.03558 -11.75603
130.05096 -11.76102
130.06987 -11.76398
130.06245 -11.75103
130.06898 -11.73534
130.07188 -11.71602
130.06999 -11.69487
130.07376 -11.67348
130.09392 -11.67611
130.10693 -11.68534
130.11529 -11.69719
130.12958 -11.70386
130.15001 -11.70535
130.16341 -11.69591
130.17508 -11.68393
130.18664 -11.67076
130.19495 -11.65732
130.21339 -11.66045
130.21072 -11.67879
130.20396 -11.69396
130.21492 -11.68056
130.23529 -11.68162
130.24629 -11.69318
130.25822 -11.70322
130.27566 -11.69945
130.25796 -11.69514
130.24982 -11.68009
130.24385 -11.66362
130.23575 -11.65086
130.22206 -11.63974
130.20451 -11.64253
130.19437 -11.62488
130.19881 -11.60636
130.20116 -11.58713
130.19518 -11.57204
130.18107 -11.56466
130.1812 -11.54459
130.19309 -11.5338
130.19835 -11.51696
130.19622 -11.49856
130.18734 -11.48646
130.16903 -11.48816
130.1496 -11.4871
130.15807 -11.47177
130.16997 -11.46228
130.17562 -11.44517
130.17989 -11.42931
130.19582 -11.42496
130.21228 -11.41779
130.22634 -11.41165
130.23426 -11.39719
130.23919 -11.38116
130.24451 -11.36644
130.25011 -11.35009
130.26392 -11.34184
130.28273 -11.34376
130.29882 -11.33886
130.31363 -11.33218

132.79809 -11.39554
132.78385 -11.38963
132.77499 -11.37741
132.79089 -11.38258

133.46466 -11.46563
133.47772 -11.48207
133.48257 -11.49837
133.49187 -11.50965
133.47731 -11.51847
133.45505 -11.51596
133.4416 -11.50797
133.42426 -11.51233
133.41647 -11.52736
133.40056 -11.53162
133.3903 -11.54349
133.39597 -11.52703
133.40124 -11.50754
133.39153 -11.49577
133.40778 -11.49043
133.42796 -11.4881
133.44138 -11.48117

136.46167 -11.49853
136.45915 -11.51715
136.45201 -11.53031
136.43405 -11.53518
136.42564 -11.54731
136.40556 -11.54834
136.39224 -11.55594
136.37934 -11.56338
136.36701 -11.55221
136.38179 -11.54568
136.3871 -11.53069
136.40037 -11.52205
136.42074 -11.51436
136.4298 -11.5008
136.44462 -11.49525
136.4532 -11.48149
136.4643 -11.47183
136.47267 -11.48378

131.95939 -11.48868
131.94819 -11.47822

132.33508 -11.54115
132.33677 -11.51992

136.10839 -11.56752
136.11019 -11.54809

136.27046 -11.5878
136.27943 -11.60073
136.29591 -11.6051
136.31692 -11.60473
136.30577 -11.59464
136.29553 -11.58357
136.30754 -11.57478
136.32002 -11.58373
136.3376 -11.58858
136.348 -11.5779
136.35397 -11.56214
136.37226 -11.5664
136.37701 -11.58227
136.36877 -11.59581
136.35073 -11.59872
136.33735 -11.60659
136.33259 -11.62332
136.3177 -11.6177
136.30752 -11.628
136.29872 -11.64008
136.28973 -11.62677
136.27507 -11.62017
136.26002 -11.62544
136.27249 -11.63369
136.26663 -11.65167
136.25527 -11.66083
136.23614 -11.6646
136.22767 -11.65265
136.21333 -11.659
136.20208 -11.66833
136.19056 -11.67765
136.18121 -11.68881
136.16564 -11.69436
136.17346 -11.67995
136.17184 -11.66145
136.16511 -11.64651
136.18554 -11.64729
136.20075 -11.65222
136.21409 -11.64533
136.23141 -11.6413
136.2266 -11.62521
136.24342 -11.61955
136.23921 -11.60085
136.25254 -11.5907

132.30654 -11.56501
132.31916 -11.57304
132.31826 -11.59292
132.29881 -11.59155

132.11471 -11.57546
132.12405 -11.56428
132.13647 -11.57519
132.141 -11.59448
132.14994 -11.60676
132.14105 -11.62212
132.1238 -11.62574
132.10971 -11.61221
132.11962 -11.59947

136.07899 -11.60534
136.07678 -11.58647

133.44311 -11.59305
133.46181 -11.59552
133.47511 -11.60676
133.4801 -11.62252
133.46052 -11.62011
133.44257 -11.62433
133.42635 -11.62961
133.42053 -11.64623
133.41414 -11.62976
133.39809 -11.63537
133.39178 -11.65074
133.40169 -11.66153
133.39462 -11.67462
133.37671 -11.68038
133.36476 -11.67212
133.36333 -11.65351
133.35951 -11.63689
133.35056 -11.62566
133.36655 -11.61832
133.38068 -11.61157
133.39476 -11.60243
133.40507 -11.58767
133.42693 -11.5872

136.20764 -11.64102
136.19747 -11.63102
136.19255 -11.61401
136.20558 -11.62182

136.05946 -11.64784
136.06213 -11.62993

132.55924 -11.63838
132.56811 -11.64994
132.58175 -11.6576
132.60433 -11.65399
132.62528 -11.65482
132.64236 -11.65138
132.6479 -11.66672
132.64143 -11.68981
132.63841 -11.70817
132.63038 -11.72166
132.61129 -11.72622
132.59283 -11.72996
132.56983 -11.72467
132.55017 -11.72076
132.53504 -11.71418
132.52636 -11.70088
132.51905 -11.68759
132.50309 -11.6829
132.50266 -11.66283
132.50169 -11.64315
132.51669 -11.63769
132.53829 -11.6388

136.00878 -11.64955
136.02189 -11.64087
136.03881 -11.64667
136.05502 -11.65339
136.04432 -11.66352
136.03295 -11.67327
136.02474 -11.68583
136.01231 -11.6989
136.00206 -11.70989
135.98483 -11.71446
135.9694 -11.70778
135.95556 -11.7011
135.95147 -11.6844
135.9609 -11.67097
135.97497 -11.6649
135.99244 -11.65556

132.6503 -11.67523
132.65562 -11.65745

136.82391 -11.67652
136.82821 -11.66082

136.13093 -11.72547
136.12487 -11.71096
136.13749 -11.70082
136.13862 -11.68182
136.15203 -11.69099
136.1488 -11.70804

135.16692 -11.70911
135.15226 -11.69995

135.95428 -11.73324
135.9756 -11.73223
135.96893 -11.74576
135.96159 -11.76033
135.9419 -11.7662
135.93756 -11.75015

136.51501 -11.80584
136.51634 -11.78663
136.53176 -11.77923
136.53419 -11.76082
136.54405 -11.77167
136.55644 -11.78001
136.56999 -11.77262
136.58349 -11.76533
136.58908 -11.74935
136.60845 -11.75119
136.61653 -11.7384
136.60853 -11.75521
136.59526 -11.76277
136.58465 -11.77514
136.57647 -11.78967
136.55667 -11.79178
136.53747 -11.79623

136.07739 -11.77337
136.07995 -11.75589
136.09315 -11.74878
136.08764 -11.7634

135.88087 -11.76004
135.89976 -11.75852
135.91024 -11.76874
135.92834 -11.77552
135.93374 -11.79351
135.9291 -11.80948
135.91558 -11.8188
135.90528 -11.83337
135.90171 -11.85107
135.88674 -11.8579
135.87329 -11.86749
135.85816 -11.87861
135.84945 -11.89176
135.83956 -11.90302
135.83329 -11.91905
135.82117 -11.93661
135.81145 -11.94911
135.79783 -11.96418
135.7848 -11.97274
135.76363 -11.97176
135.74265 -11.97518
135.73662 -11.99137
135.72657 -12.00295
135.7026 -12.00323
135.68404 -12.00794
135.66619 -12.01281
135.64901 -12.01687
135.62957 -12.02234
135.61812 -12.03191
135.60236 -12.03716
135.59231 -12.05193
135.5785 -12.05864
135.56876 -12.07011
135.56173 -12.05639
135.56026 -12.03784
135.5633 -12.02015
135.56746 -12.00174
135.57811 -11.98848
135.58669 -11.97463
135.58907 -11.95563
135.6055 -11.96124
135.62014 -11.9726
135.64278 -11.97304
135.65616 -11.96585
135.66626 -11.95253
135.66959 -11.93581
135.69042 -11.93739
135.70849 -11.93463
135.72475 -11.93931
135.74187 -11.93319
135.7544 -11.92323
135.767 -11.91381
135.7884 -11.90404
135.79938 -11.89348
135.81049 -11.88206
135.82179 -11.86971
135.83316 -11.85747
135.83563 -11.83977
135.84716 -11.84847
135.86103 -11.84165
135.87437 -11.82745
135.88098 -11.80936
135.88594 -11.79231
135.87005 -11.78737
135.86407 -11.77306

136.02825 -11.81272
136.03514 -11.79761
136.04289 -11.78283
136.04214 -11.80209

136.47607 -11.82561
136.47972 -11.80677
136.494 -11.80008
136.49696 -11.81807
136.48889 -11.83357
136.47915 -11.84523
136.4826 -11.86262
136.48623 -11.88278
136.47824 -11.89937
136.46382 -11.89361
136.46946 -11.87842
136.46022 -11.86692
136.47482 -11.85887
136.47082 -11.8424

136.64593 -11.84048
136.65992 -11.83437
136.6753 -11.82642

135.9497 -11.90501
135.94645 -11.8876
135.95367 -11.87255
135.96972 -11.86419
135.98175 -11.85162
135.97567 -11.86558
135.96824 -11.88009
135.95985 -11.89217

136.4058 -11.87744
136.40361 -11.85923
136.41616 -11.86812
136.42909 -11.87554
136.43161 -11.8937
136.41339 -11.89618
136.40031 -11.90416
136.38182 -11.90696
136.38929 -11.8931

136.45362 -11.90357
136.44584 -11.91955

135.05568 -11.95391
135.04615 -11.93926
135.05193 -11.92212
135.07447 -11.91886
135.09414 -11.92059
135.11255 -11.92487
135.10578 -11.9418
135.08472 -11.943

130.94193 -11.93126
130.95968 -11.93791

136.2874 -11.97739
136.30624 -11.97562
136.30397 -11.99343
136.316 -12.0014
136.30708 -12.01348
136.29345 -12.02109
136.27938 -12.02874
136.26536 -12.03608
136.24703 -12.04191
136.23396 -12.05038
136.2201 -12.05722
136.20375 -12.06114
136.19599 -12.07599
136.17509 -12.07575
136.16387 -12.06679
136.14663 -12.07012
136.12818 -12.07442
136.12124 -12.06111
136.14157 -12.06005
136.14027 -12.03895
136.13244 -12.02667
136.14675 -12.03328
136.15946 -12.04088
136.17182 -12.0316
136.18789 -12.02747
136.19406 -12.01165
136.20199 -11.99853
136.19909 -12.01836
136.20829 -12.03069
136.22625 -12.02665
136.24154 -12.02192
136.25363 -12.01346
136.26687 -12.00629
136.27536 -11.99323

136.50117 -12.00455
136.48574 -12.00964

134.84745 -12.01124
134.85996 -12.01906
134.85349 -12.03805
134.83625 -12.03283
134.82721 -12.0211

134.80506 -12.01593
134.81348 -12.02874
134.82648 -12.03993
134.80669 -12.03932
134.7959 -12.02651

134.91056 -12.02315
134.9309 -12.02082
134.94831 -12.01643
134.96352 -12.02376
134.97764 -12.03308
134.96947 -12.04844
134.96171 -12.06531
134.94295 -12.06331
134.93656 -12.04942
134.92234 -12.04062

131.06447 -12.0403
131.0554 -12.05145
131.0379 -12.05702
131.0166 -12.05712
131.00497 -12.04789
131.01766 -12.04031
131.03168 -12.03427
131.04937 -12.03115

134.85012 -12.05459
134.86617 -12.05004
134.87674 -12.0609
134.89841 -12.06514
134.91506 -12.07345
134.92679 -12.0887
134.92342 -12.10556
134.91593 -12.11994
134.90644 -12.13692
134.88846 -12.13334
134.87148 -12.12829
134.8653 -12.11282
134.86477 -12.09171
134.86588 -12.07072

131.09665 -12.07701
131.07832 -12.07386
131.06163 -12.07014
131.07482 -12.06196
131.09096 -12.05558
131.11044 -12.05487
131.12657 -12.0593
131.11912 -12.07297

135.53888 -12.07429
135.54757 -12.0906
135.56159 -12.09736
135.57248 -12.10873
135.56098 -12.11982
135.54903 -12.13108
135.53824 -12.14271
135.52349 -12.1486
135.50759 -12.14439
135.48505 -12.15436
135.46052 -12.15598
135.44211 -12.16203
135.43276 -12.17528
135.41451 -12.18036
135.39332 -12.17448
135.37276 -12.17933
135.36417 -12.19275
135.3568 -12.20648
135.34987 -12.22016
135.34343 -12.23401
135.32628 -12.24179
135.30703 -12.23926
135.29317 -12.23092
135.28113 -12.22171
135.27274 -12.20913
135.25293 -12.20752
135.24393 -12.1957
135.22594 -12.19159
135.23786 -12.18301
135.25754 -12.18234
135.27292 -12.17739
135.28422 -12.16441
135.30362 -12.16216
135.31354 -12.15092
135.30591 -12.13796
135.31136 -12.12184
135.32723 -12.11287
135.34685 -12.10948
135.35821 -12.10073
135.36513 -12.08607
135.38096 -12.09343
135.3964 -12.08831
135.41189 -12.08367
135.407 -12.10067
135.41529 -12.11362
135.43729 -12.11494
135.46309 -12.11241
135.47994 -12.10283
135.49614 -12.09423
135.50853 -12.08525
135.51568 -12.07113

134.86113 -12.06947
134.86405 -12.09204

134.99747 -12.07383
135.00118 -12.09182
134.98656 -12.08414
134.97768 -12.07236

134.95093 -12.09366
134.94257 -12.07399

136.80293 -12.08494
136.81561 -12.07667
136.82289 -12.09446
136.82205 -12.11746
136.82785 -12.135
136.80639 -12.13362
136.79792 -12.11854

132.37692 -12.07359
132.39462 -12.07603
132.408 -12.08315
132.41455 -12.09996
132.4192 -12.11556
132.41407 -12.13178
132.40125 -12.14158
132.38241 -12.13657
132.36988 -12.12724
132.36054 -12.11403
132.34614 -12.10468
132.33612 -12.09396
132.34707 -12.08398

134.86023 -12.12145
134.85224 -12.10429
134.85297 -12.08221
134.86063 -12.09611

134.17178 -12.11303
134.16898 -12.09528
134.18108 -12.08707

134.84408 -12.10587
134.84553 -12.08709

136.0268 -12.102
136.04704 -12.10181
136.0397 -12.11492
136.03469 -12.13067
136.03167 -12.14798
136.02803 -12.13129

131.03169 -12.09881
131.04436 -12.10705
131.04103 -12.12621
131.01701 -12.12407

132.35148 -12.18924
132.34434 -12.17605
132.34936 -12.15778
132.35856 -12.16974

136.02076 -12.19631
136.02499 -12.17318

136.14089 -12.17202
136.1502 -12.1831
136.13983 -12.19541
136.12203 -12.19895
136.10569 -12.19343
136.11047 -12.17779
136.12174 -12.1683

136.70335 -12.20755
136.71318 -12.21844
136.70372 -12.22902

132.3824 -12.2271
132.3701 -12.21842

135.16923 -12.23189
135.18709 -12.22922
135.20502 -12.23236
135.22422 -12.23071
135.24154 -12.22717
135.26067 -12.22488
135.26693 -12.24012
135.26673 -12.26394
135.25869 -12.27756
135.23949 -12.28507
135.22074 -12.28942
135.2103 -12.27891
135.20295 -12.26556
135.18662 -12.25695
135.18186 -12.24013

135.27996 -12.25622
135.26874 -12.24456

136.05102 -12.28598
136.06489 -12.27931
136.05595 -12.29204
136.05095 -12.31066

130.51838 -12.55983
130.52293 -12.57679
130.51429 -12.58872
130.5049 -12.60126
130.51113 -12.61809
130.51585 -12.63353
130.52005 -12.65339
130.53144 -12.66328
130.5402 -12.67743
130.54256 -12.69883
130.52866 -12.70525
130.52459 -12.68834
130.52262 -12.66808
130.51538 -12.65321
130.50162 -12.64662
130.49259 -12.63518
130.48655 -12.62091
130.49395 -12.60723
130.49137 -12.58937
130.50121 -12.577495

130.41665 -12.59217
130.40688 -12.58016
130.41622 -12.56559
130.431 -12.57163

130.40266 -12.60239
130.392 -12.59232
130.4015 -12.58086
130.41287 -12.59107

130.40047 -12.61522
130.38545 -12.60808

130.37419 -12.61908
130.39238 -12.62242
130.38829 -12.64186
130.37068 -12.63899

130.95132 -12.63686
130.94443 -12.62357

130.04361 -13.1769
130.02467 -13.17948
130.01842 -13.16535
130.01887 -13.14126
130.01681 -13.11409
130.0222 -13.13099
130.02582 -13.14861
130.0424 -13.15451
130.06561 -13.1593
130.07448 -13.17277

130.08866 -13.19527
130.10198 -13.20279
130.10699 -13.21816
130.09017 -13.21469

136.09153 -13.32157
136.08243 -13.30756
136.09246 -13.29661

130.31338 -13.34648
130.30235 -13.33574
130.291 -13.32528
130.28014 -13.31425
130.29828 -13.3177
130.30853 -13.33115

135.97672 -13.34363
135.9657 -13.33244

136.13701 -13.49853
136.1294 -13.48398
136.13114 -13.46509
136.13527 -13.44885
136.13053 -13.43043
136.14145 -13.41959
136.13373 -13.40606
136.1269 -13.39025
136.12322 -13.37204
136.10645 -13.36479
136.09163 -13.35878
136.11135 -13.35805
136.12131 -13.3689
136.1357 -13.37567
136.14379 -13.38828
136.15227 -13.40126
136.15993 -13.41462
136.17348 -13.42161
136.17722 -13.43819
136.18946 -13.44808
136.20523 -13.45279
136.19971 -13.469
136.18384 -13.46452
136.16747 -13.47181
136.15061 -13.46847
136.14307 -13.4825
136.15111 -13.49538
136.16326 -13.50547
136.16639 -13.52308
136.14861 -13.52756
136.14626 -13.54606
136.14197 -13.56382
136.13552 -13.54872
136.14032 -13.53302
136.14718 -13.51769

136.26815 -13.46731
136.25524 -13.45783
136.24357 -13.44878
136.26197 -13.45123

136.07634 -13.48481
136.07422 -13.46691
136.07752 -13.45008
136.09617 -13.4551
136.10891 -13.46524
136.09376 -13.47372

136.2352 -13.59028
136.24672 -13.59884
136.22777 -13.60079

136.69857 -13.63657
136.68602 -13.62776
136.69822 -13.61803

136.41617 -13.63384
136.39739 -13.62879

136.95074 -13.6492
136.93356 -13.64467
136.94497 -13.63547
136.95744 -13.62784

136.67999 -13.67843
136.68908 -13.66598
136.69463 -13.6514
136.70463 -13.66175
136.72246 -13.65821
136.73061 -13.67296
136.72791 -13.69152
136.72147 -13.70545
136.71245 -13.71696
136.69921 -13.72502
136.68282 -13.73056
136.68545 -13.74827
136.68999 -13.76435
136.69884 -13.77589
136.71865 -13.77494
136.73275 -13.76839
136.72101 -13.77883
136.71279 -13.79266
136.71674 -13.81004
136.7288 -13.81847
136.72179 -13.83224
136.73292 -13.84355
136.74456 -13.83425
136.76409 -13.84094
136.78284 -13.84786
136.79743 -13.85334
136.81696 -13.8539
136.83245 -13.84706
136.84258 -13.82963
136.84263 -13.8075
136.82181 -13.80652
136.80831 -13.81768
136.79981 -13.83228
136.80648 -13.81878
136.81566 -13.8012
136.83112 -13.79013
136.83983 -13.7764
136.83866 -13.75271
136.86246 -13.75486
136.8831 -13.75476
136.89897 -13.76169
136.91008 -13.77174
136.91514 -13.78759
136.92274 -13.80006
136.91004 -13.80867
136.89626 -13.8251
136.88645 -13.8396
136.87851 -13.85349
136.87114 -13.86856
136.85885 -13.89263
136.85805 -13.91232
136.84209 -13.90734
136.82145 -13.90815
136.80097 -13.90938
136.78888 -13.91907
136.77817 -13.93487
136.77135 -13.95011
136.76737 -13.96727
136.76252 -13.98537
136.76433 -14.00921
136.77805 -14.02489
136.79592 -14.02204
136.80683 -14.03237
136.79636 -14.04238
136.78113 -14.04861
136.76415 -14.04456
136.75771 -14.05942
136.74712 -14.06904
136.7529 -14.08385
136.73714 -14.07871
136.72667 -14.06772
136.71822 -14.08318
136.71262 -14.09797
136.70171 -14.10743
136.70057 -14.12902
136.70905 -14.1416
136.70559 -14.16185
136.71456 -14.17887
136.72507 -14.18859
136.74463 -14.18695
136.76035 -14.19258
136.77942 -14.1939
136.77489 -14.17659
136.78135 -14.16255
136.77622 -14.14718
136.79259 -14.15097
136.8064 -14.16127
136.82137 -14.16995
136.83416 -14.17815
136.84502 -14.18739
136.85393 -14.20337
136.87888 -14.20974
136.89577 -14.20153
136.90293 -14.18656
136.91518 -14.17101
136.91022 -14.15592
136.91385 -14.13734
136.92736 -14.14412
136.91973 -14.15649
136.93076 -14.16546
136.94341 -14.15766
136.95759 -14.16519
136.95566 -14.18619
136.93958 -14.19027
136.93337 -14.2048
136.94457 -14.21458
136.95192 -14.2297
136.95817 -14.245
136.94098 -14.25663
136.94468 -14.27298
136.95748 -14.28117
136.93541 -14.28195
136.94442 -14.29445
136.92428 -14.29261
136.90876 -14.28574
136.89789 -14.29689
136.90407 -14.31078
136.8868 -14.30728
136.87285 -14.30094
136.86638 -14.2845
136.8465 -14.28227
136.82885 -14.27812
136.81238 -14.28346
136.82357 -14.29308
136.80576 -14.29018
136.81186 -14.27538
136.79801 -14.26713
136.78234 -14.2608
136.76311 -14.26322
136.74402 -14.26032
136.71756 -14.26827
136.70507 -14.2766
136.6868 -14.28085
136.68236 -14.2971
136.66967 -14.28824
136.65381 -14.2941
136.63973 -14.28482
136.63047 -14.27398
136.61855 -14.26403
136.59931 -14.26307
136.581 -14.25951
136.56008 -14.259
136.54365 -14.25411
136.52947 -14.24558
136.51977 -14.23382
136.50118 -14.23676
136.48429 -14.2329
136.46779 -14.22639
136.45586 -14.21442
136.4461 -14.19962
136.42846 -14.19669
136.4083 -14.20033
136.3922 -14.20477
136.37363 -14.21404
136.35877 -14.21971
136.34177 -14.23261
136.32689 -14.24451
136.32515 -14.2237
136.33852 -14.20757
136.35114 -14.19969
136.36579 -14.19304
136.38126 -14.18671
136.39628 -14.17925
136.40889 -14.1699
136.42017 -14.16018
136.42333 -14.14096
136.43438 -14.13038
136.44385 -14.11752
136.43726 -14.10313
136.42989 -14.08712
136.42457 -14.07094
136.4193 -14.05556
136.41933 -14.03463
136.41634 -14.01615
136.41781 -13.99571
136.40864 -13.9777
136.41366 -13.9621
136.42116 -13.9473
136.42722 -13.92834
136.43123 -13.91221
136.4354 -13.89575
136.43329 -13.87743
136.4255 -13.8644
136.41599 -13.85226
136.40864 -13.83923
136.41688 -13.82416
136.42858 -13.81558
136.44643 -13.82117
136.46184 -13.8266
136.47648 -13.83297
136.49273 -13.83683
136.51011 -13.83163
136.5237 -13.82249
136.52379 -13.80204
136.52884 -13.78579
136.53978 -13.79625
136.54108 -13.81593
136.56061 -13.8151
136.57444 -13.8079
136.59624 -13.80641
136.59334 -13.78864
136.61353 -13.78791
136.63416 -13.78495
136.63198 -13.76712
136.6168 -13.76224
136.61773 -13.7426
136.60764 -13.7297
136.58942 -13.72488
136.59191 -13.70686
136.58559 -13.69231
136.59488 -13.68048
136.61306 -13.67793
136.62212 -13.68969
136.61782 -13.70566
136.62587 -13.71787
136.63785 -13.70922
136.64838 -13.69955
136.66527 -13.69635

136.58249 -13.66923
136.58754 -13.65314
136.60283 -13.65793

136.67267 -13.68013
136.66727 -13.66531
136.67801 -13.65596

136.63212 -13.67368
136.63706 -13.65857

136.89779 -13.67889
136.90293 -13.66226

136.23903 -13.66717
136.25101 -13.67568
136.25426 -13.69291
136.27004 -13.69777
136.28345 -13.70486
136.2925 -13.71674
136.29862 -13.7307
136.28393 -13.74076
136.26621 -13.73744
136.25428 -13.74769
136.26377 -13.7586
136.27541 -13.76766
136.28 -13.78602
136.26085 -13.784
136.26009 -13.80755
136.25452 -13.82542
136.24476 -13.8373
136.23261 -13.84815
136.21526 -13.85323
136.19797 -13.85044
136.20502 -13.83739
136.20981 -13.82125
136.20203 -13.80822
136.19182 -13.79807
136.19007 -13.7792
136.1794 -13.76764
136.16186 -13.77418
136.14667 -13.78023
136.15296 -13.79478
136.15517 -13.81636
136.1693 -13.82242
136.16076 -13.83451
136.14051 -13.83623
136.12261 -13.83269
136.11234 -13.82151
136.11547 -13.79941
136.11977 -13.78361
136.11155 -13.77052
136.11089 -13.74899
136.11309 -13.73086
136.12848 -13.73632
136.14234 -13.74505
136.15984 -13.74914
136.17812 -13.74422
136.17348 -13.72706
136.17707 -13.70957
136.18751 -13.69987
136.1903 -13.68179
136.19838 -13.66895
136.21294 -13.66231

136.73772 -13.69688
136.75098 -13.69006

136.39985 -13.71562
136.38379 -13.71088
136.39209 -13.69901

136.53631 -13.74498
136.53742 -13.76437
136.53153 -13.781
136.52027 -13.79116
136.50275 -13.78465
136.4939 -13.77218
136.48682 -13.7566
136.47185 -13.74996
136.46808 -13.73214
136.48443 -13.7193
136.50545 -13.72091
136.51778 -13.71297
136.50866 -13.70001
136.52692 -13.70245
136.53418 -13.71927

136.34955 -13.84553
136.33408 -13.83932
136.34432 -13.82419
136.35302 -13.81177
136.3697 -13.81542
136.36954 -13.83788

129.4852 -14.05752
129.49975 -14.06323
129.51383 -14.07034
129.52766 -14.05919
129.5379 -14.06915
129.54078 -14.08786
129.53277 -14.10671
129.53042 -14.12727
129.51481 -14.13273
129.50123 -14.12065
129.50412 -14.10242
129.50158 -14.08182

135.6023 -14.49853
135.61557 -14.49126
135.62912 -14.49787
135.61822 -14.50856

129.74099 -14.59879
129.731 -14.60954
129.71783 -14.62184
129.70214 -14.63171
129.68723 -14.63951
129.67965 -14.65293
129.65592 -14.65501
129.64789 -14.66734
129.63257 -14.6721
129.6147 -14.67904
129.59707 -14.6742
129.58909 -14.66185
129.58412 -14.64503
129.58064 -14.62779
129.5864 -14.61326
129.60712 -14.61517
129.62585 -14.61223
129.64564 -14.61122
129.66764 -14.61141
129.6881 -14.61379
129.70062 -14.6053
129.71244 -14.59224
129.72433 -14.58022

135.55661 -14.64715
135.5451 -14.63731

129.70216 -14.78969
129.71657 -14.79668
129.73104 -14.80309
129.71613 -14.81355
129.69777 -14.80921
129.68453 -14.79948
129.67089 -14.78876

129.50124 -14.78905
129.51843 -14.7961
129.53148 -14.80476
129.54308 -14.81827
129.55457 -14.83137
129.56558 -14.84309
129.57835 -14.86341
129.58521 -14.87934
129.59301 -14.89548
129.5887 -14.91535
129.58793 -14.9364
129.59821 -14.9617
129.58219 -14.94021
129.57171 -14.92174
129.55899 -14.90175
129.55048 -14.88805
129.54041 -14.8731
129.53604 -14.85713
129.52942 -14.84314
129.52121 -14.83049
129.51126 -14.81775

129.61043 -14.82053
129.62395 -14.83117
129.63201 -14.8433
129.63376 -14.86852
129.63013 -14.88508
129.61727 -14.87269
129.603 -14.85824
129.5884 -14.84293
129.58178 -14.82868
129.57572 -14.81215
129.58286 -14.79924
129.59424 -14.80831

135.71545 -14.85133
135.72354 -14.83659
135.74518 -14.83696
135.75603 -14.84652
135.76382 -14.85892
135.76779 -14.87659
135.76575 -14.89688
135.74516 -14.89815
135.72908 -14.89337
135.71774 -14.90214
135.70811 -14.91253
135.69331 -14.90651
135.7023 -14.88961
135.7162 -14.88283
135.72029 -14.86524

129.23909 -14.83929
129.25866 -14.84728
129.25533 -14.87533
129.25737 -14.90128
129.24796 -14.91412
129.23702 -14.90448
129.23089 -14.8875
129.22834 -14.86845
129.22179 -14.85204

129.6089 -14.94745
129.60093 -14.93522
129.60315 -14.9139
129.60219 -14.89031
129.61673 -14.90019
129.61527 -14.91951

129.29601 -14.92405
129.28717 -14.91147

129.61055 -15.06392
129.59925 -15.05364
129.58866 -15.03805
129.58075 -15.02494
129.58931 -15.01347
129.59526 -15.02767
129.60218 -15.04159

129.23719 -15.05496
129.23972 -15.03516
129.25007 -15.0467

129.21338 -15.15225
129.21906 -15.13429

129.68485 -15.19991
129.68216 -15.18235
129.68007 -15.15887
129.68494 -15.14231
129.69709 -15.15079
129.70182 -15.16634
129.71419 -15.17487
129.70687 -15.18927

136.84939 -15.58692
136.85117 -15.56797
136.84381 -15.55275
136.85033 -15.53854
136.86321 -15.52818
136.86667 -15.50923
136.8845 -15.51244
136.87826 -15.52724
136.88305 -15.54428
136.88639 -15.56144
136.89092 -15.57956
136.90499 -15.58806
136.89467 -15.59818
136.88191 -15.60816
136.86267 -15.60903
136.87578 -15.6177
136.8828 -15.63147
136.86977 -15.63884
136.85368 -15.64294
136.83969 -15.63557
136.85248 -15.62647
136.8387 -15.61861
136.8313 -15.6049

136.51264 -15.62539
136.51132 -15.60489
136.51598 -15.58366
136.52251 -15.56626
136.51491 -15.55265
136.5231 -15.54023
136.54175 -15.53478
136.56348 -15.53208
136.57443 -15.52235
136.58803 -15.51591
136.6026 -15.52155
136.61382 -15.53226
136.61575 -15.55123
136.60548 -15.56133
136.60115 -15.57834
136.5999 -15.59733
136.60568 -15.61539
136.59581 -15.62555
136.59241 -15.64233
136.57559 -15.64652
136.55423 -15.64093
136.54198 -15.64958
136.52641 -15.65484
136.51054 -15.65067
136.49611 -15.64372

136.83569 -15.56435
136.84164 -15.57949
136.82777 -15.58574
136.80907 -15.58291
136.79758 -15.57406
136.7849 -15.58224
136.78911 -15.56469
136.80676 -15.56195

137.00118 -15.5864
137.01656 -15.59196
137.02508 -15.60473
137.03043 -15.6198
137.03664 -15.63645
137.05631 -15.63951
137.06373 -15.62681
137.06269 -15.64602
137.07752 -15.65222
137.08062 -15.66954
137.07935 -15.68896
137.08466 -15.70398
137.08111 -15.72401
137.07873 -15.74323
137.08462 -15.76117
137.09997 -15.76748
137.10357 -15.78533
137.0985 -15.80441
137.08828 -15.81687
137.07894 -15.8291
137.07519 -15.84616
137.06262 -15.83858
137.04085 -15.83553
137.04484 -15.81837
137.03919 -15.80378
137.02192 -15.80102
137.0043 -15.79549
136.99478 -15.78396
136.98793 -15.77069
136.97813 -15.75977
136.9813 -15.73985
136.98254 -15.72009
136.96836 -15.72771
136.96053 -15.71168
136.94937 -15.72056
136.95602 -15.73595
136.94408 -15.72771
136.93701 -15.71465
136.93901 -15.69593
136.92589 -15.68683
136.94105 -15.68154
136.94791 -15.66712
136.95392 -15.65248
136.96171 -15.64026
136.97138 -15.65162
136.98 -15.66412
136.98923 -15.67526
136.99619 -15.66077
136.98131 -15.65511
136.97912 -15.63621
136.99561 -15.62917
137.00225 -15.61491

136.67471 -15.61282
136.65631 -15.60716
136.66483 -15.59484

136.79084 -15.59107
136.80737 -15.5948
136.82004 -15.60326
136.80742 -15.61133
136.79161 -15.61575
136.77762 -15.60805

136.74131 -15.67216
136.7379 -15.65522
136.7541 -15.6462
136.77007 -15.64108
136.78467 -15.64747
136.8063 -15.65103
136.81914 -15.65987
136.83061 -15.67165
136.83551 -15.68734
136.82083 -15.69304
136.80525 -15.69751
136.79526 -15.68723
136.78246 -15.69553
136.79379 -15.70492
136.80501 -15.71421
136.79793 -15.72902
136.78596 -15.73763
136.77371 -15.74548
136.75499 -15.749
136.74236 -15.75761
136.72829 -15.7498
136.73189 -15.73221
136.73882 -15.71708
136.73158 -15.70298
136.73656 -15.68776

136.63853 -15.68579
136.64914 -15.67618
136.66791 -15.67794
136.67722 -15.66664
136.68111 -15.68386
136.69899 -15.68611
136.70831 -15.69758
136.72253 -15.70403
136.71622 -15.71932
136.70872 -15.73358
136.69928 -15.7483
136.68974 -15.7596
136.68506 -15.7759
136.66304 -15.77461
136.64601 -15.7679
136.62813 -15.76354
136.61879 -15.75249
136.61572 -15.73201
136.61645 -15.71135

136.58089 -15.7356
136.58922 -15.72104
136.6041 -15.71355
136.60318 -15.73292
136.60065 -15.75071
136.58855 -15.75879

136.56917 -15.74271
136.55922 -15.73129
136.57361 -15.72386

136.8002 -15.73158
136.81464 -15.72552
136.82985 -15.73114
136.82196 -15.74373

136.60694 -15.75108
136.60843 -15.72963
136.61586 -15.74221
136.61842 -15.76225

136.63043 -15.77209
136.61903 -15.76171

136.64613 -15.78851
136.63684 -15.77632

136.98104 -15.86012
136.98814 -15.87332
136.96863 -15.87089

137.45944 -16.15123
137.47948 -16.15815

