# Azerbaijan
# from http://www.rjruss.info/2010/12/free-countries-of-world-in-polygon-kml.html
45.15283084 39.58267467
45.15283084 39.58267467
45.17257124 39.57060822
45.25256636 39.59546459
45.28832645 39.56556977
45.34987308 39.52988719
45.4568433 39.494463
45.61078739 39.54978262
45.68742354 39.56404532
45.75052046 39.56296011
45.78447188 39.54559683
45.79651249 39.48813264
45.78416182 39.41723257
45.76633345 39.37844941
45.7986829 39.3501824
45.9249801 39.28194367
45.97743167 39.24388398
45.95185184 39.17809988
46.04590295 39.01751537
46.07747725 38.95488353
46.1144259 38.87778229
45.92187951 38.90790965
45.5750273 38.97281525
45.4796326 39.0062499
45.38919885 39.09590851
45.33550703 39.13913585
45.25592533 39.19466218
45.19065799 39.21564281
45.14125532 39.25429678
45.11309167 39.31155427
45.07164717 39.3628948
45.00017866 39.4235371
44.83817305 39.62908011
44.81714074 39.65042247
44.78334435 39.68465811
44.76825484 39.70352001
44.86716353 39.71912629
45.03164961 39.76511831
45.07645308 39.74281993
45.12456384 39.69633698
45.14859338 39.65657197
45.15283084 39.58267467

45.47880578 40.60697907
45.51435917 40.59953767
45.55239302 40.61607412
45.56231489 40.64914704
45.53420292 40.66402985
45.50443729 40.66485668
45.47880578 40.64832022

45.02358809 41.02723766
45.02358809 41.02723766
45.00203902 41.01581717
44.96901778 41.02723766
44.95888919 41.05261079
44.96142134 41.07924999
44.9943909 41.08560619
45.02105594 41.07798391
45.02865238 41.05387686
45.02358809 41.02723766

45.47880578 40.60697907
45.51435917 40.59953767
45.55239302 40.61607412
45.56231489 40.64914704
45.53420292 40.66402985
45.50443729 40.66485668
45.47880578 40.64832022

46.55212528 41.81228018
46.55212528 41.81228018
46.57124556 41.80008454
46.61599735 41.80695751
46.69030806 41.83134878
46.74932254 41.81259024
46.82559696 41.74342133
46.93091353 41.67042837
46.9877576 41.62138744
47.01018517 41.5874877
47.06392866 41.554699
47.14263187 41.51604503
47.20531538 41.45560944
47.26117761 41.31507539
47.31765995 41.28244172
47.5205933 41.22905996
47.5918551 41.21810456
47.79101607 41.1992685
47.86108931 41.21273021
47.9637187 41.33396312
48.05606449 41.45871003
48.14231245 41.48475495
48.2981169 41.54500967
48.39139286 41.60190542
48.43071862 41.6633487
48.51862023 41.77933645
48.57288049 41.8444746
48.66465783 41.78662283
48.82392459 41.62960399
49.05088749 41.37398652
49.10659468 41.30171703
49.14328495 41.2177945
49.17470422 41.11609528
49.226484 41.02620413
49.45675418 40.79983552
49.55617964 40.71630056
49.71834029 40.60811595
49.77601118 40.58398306
49.85176883 40.57721345
49.99067508 40.57680004
50.11914269 40.53452871
50.182498 40.50476309
50.24802372 40.4617683
50.3068315 40.41218476
50.36594933 40.27950552
50.14322391 40.32322378
49.91884484 40.31640249
49.79203088 40.2878771
49.66904097 40.24901643
49.55111535 40.19416189
49.4773214 40.08724335
49.41510298 39.83984243
49.32446252 39.60835786
49.3275631 39.50123261
49.36735396 39.39837067
49.36280643 39.34956228
49.32115523 39.32889171
49.26937544 39.28517345
49.19981896 39.07267996
49.16529911 39.03025361
49.12096073 39.00389863
49.10866174 39.02903921
49.11134891 39.08469473
49.01347375 39.13399405
48.96169396 39.07875194
48.92614058 38.9617565
48.85451704 38.83881826
48.85089969 38.81535716
48.86872806 38.43550955
48.8403577 38.43726655
48.63551232 38.39874177
48.59267256 38.4110666
48.41743778 38.5862497
48.38126428 38.60562836
48.3055583 38.61348318
48.2612716 38.64229279
48.22525313 38.68921499
48.20468591 38.72414826
48.02324995 38.81905203
47.99648156 38.85375275
47.99265751 38.88429352
48.01932254 38.91183706
48.05007002 38.9349881
48.13854007 38.95863007
48.24199629 38.97893891
48.27512088 38.99361502
48.29207075 39.01885895
48.29103723 39.05926992
48.27408736 39.09911245
48.12546594 39.17161449
48.10913618 39.20282705
48.10438195 39.24109345
48.11285689 39.28109101
48.13600793 39.31235525
48.25724084 39.35496247
48.32214644 39.39909414
48.28173547 39.44834178
48.15109745 39.56053132
47.99586144 39.68393464
47.8922502 39.68507152
47.77287764 39.64858796
47.58177819 39.54337474
47.47615156 39.49836457
47.33843387 39.42389883
47.18836551 39.34095816
47.06547896 39.25290152
46.98889448 39.18019278
46.85257206 39.14841177
46.78317061 39.08740774
46.55481245 38.90439566
46.49063032 38.90666942
46.48675459 38.99746491
46.48985518 39.06945018
46.47543745 39.11086884
46.4014368 39.16768708
46.40029992 39.19218171
46.42035038 39.20737458
46.4770911 39.19817617
46.54995487 39.20143179
46.58473311 39.22367849
46.50665002 39.29855764
46.43724857 39.34855459
46.37838911 39.38227346
46.3652633 39.40250479
46.36515995 39.41679332
46.37766564 39.43387238
46.47812463 39.47511018
46.4880465 39.51283397
46.48143192 39.55515697
46.32164839 39.61745291
46.20206913 39.59448273
46.09478885 39.66447846
46.02590417 39.71853201
45.93996626 39.7765388
45.86317508 39.80837149
45.78963952 39.88110607
45.66179203 39.95619192
45.57978153 39.97756013
45.58097009 39.98903229
45.59600793 40.00285574
45.63016605 40.01419872
45.85811079 40.011279
45.88596439 40.02484406
45.90012373 40.05709016
45.93128462 40.10468415
45.96756148 40.17480907
45.96461592 40.23377188
45.73568932 40.3291149
45.56949792 40.41686148
45.4544145 40.5323583
45.37617639 40.63808828
45.37896691 40.67358999
45.40134281 40.70715384
45.57936812 40.8044864
45.5914604 40.82975617
45.58753299 40.84691275
45.52397098 40.89672883
45.44423425 40.94799185
45.41917118 40.98571564
45.36894168 41.0048876
45.27339196 41.00625703
45.10611535 41.06935395
45.07045861 41.07558096
45.06260379 41.08813833
45.07066532 41.1008249
45.19019291 41.12635305
45.18859094 41.1474112
45.15231408 41.17516144
45.08472131 41.19547028
45.02291629 41.24569977
45.0014189 41.29096833
45.217168 41.42320832
45.2809884 41.4495633
45.42232344 41.42527538
45.71558719 41.33765799
45.69569177 41.28900462
45.72550907 41.26161612
45.79279178 41.22440908
45.92198286 41.18673697
46.03122684 41.16728079
46.08652062 41.18384309
46.17075321 41.1978474
46.27999719 41.1544392
46.38076623 41.09930044
46.43094404 41.07705374
46.45791914 41.07020661
46.53434859 41.08855174
46.62633264 41.15968435
46.66240279 41.24549307
46.67258304 41.28683421
46.61889123 41.34372997
46.50876875 41.40558666
46.3850037 41.45984691
46.30542199 41.50769929
46.25472741 41.60213797
46.20351607 41.61260244
46.19054528 41.62484976
46.18212202 41.65709585
46.18424076 41.7021577
46.20186242 41.73688426
46.25183353 41.75176708
46.30252811 41.75708975
46.34826175 41.79016267
46.40546756 41.85506826
46.42991052 41.89095755
46.53765588 41.87039033
46.55212528 41.81228018

45.47880578 40.60697907
45.51435917 40.59953767
45.55239302 40.61607412
45.56231489 40.64914704
45.53420292 40.66402985
45.50443729 40.66485668
45.47880578 40.64832022

