# Bangladesh
# from http://www.rjruss.info/2010/12/free-countries-of-world-in-polygon-kml.html
91.94925093 21.50804149
91.88889286 21.50333893
91.85943729 21.53294953
91.87328657 21.57439403
91.85706017 21.70880443
91.90770308 21.72296377
91.93395471 21.72218863
91.94863081 21.6825528
91.96196333 21.60976655
91.94925093 21.50804149

91.87380334 21.8321044
91.83762984 21.75022309
91.81974979 21.80980602
91.83514937 21.88533112
91.8506523 21.92705984
91.86129764 21.92667227
91.88248498 21.8836258
91.87380334 21.8321044

91.1507467 22.17518423
91.04470666 22.10516267
91.07943322 22.51971101
91.15829146 22.36540518
91.17823856 22.28303295
91.1507467 22.17518423

91.55671675 22.38220002
91.51041467 22.35279613
91.46690311 22.37842764
91.41129927 22.47568268
91.43889448 22.59882762
91.45605106 22.61650096
91.48395633 22.57655508
91.52302372 22.49074636
91.54834517 22.42537568
91.55671675 22.38220002

90.77764286 22.08932384
90.60359663 22.0542097
90.51502323 22.06513927
90.68049116 22.32747468
90.67491011 22.44498688
90.64917525 22.54069164
90.56494266 22.61763784
90.56039514 22.67256989
90.52256799 22.74752656
90.50293094 22.83537649
90.59646529 22.86351431
90.67222293 22.81318146
90.68297163 22.78530203
90.69919803 22.71352346
90.73692183 22.63872183
90.86817997 22.48488109
90.86580285 22.3905716
90.82993941 22.15993968
90.77764286 22.08932384

90.64183719 22.96299144
90.65961389 22.91999665
90.60390669 22.94555065
90.56225549 22.97544546
90.53631392 23.01487458
90.57992883 23.0354418
90.64183719 22.96299144

88.76195194 26.27937816
88.82799442 26.25219636
88.89651737 26.26051626
88.94075239 26.24534923
88.97041467 26.25090445
88.9815251 26.28612193
88.9481938 26.33800507
88.92411258 26.37508291
88.9519145 26.41213491
88.98338545 26.41955048
89.01862878 26.41027456
89.06679121 26.37691743
89.10198286 26.3083428
89.10828739 26.20222525
89.18642215 26.10595205
89.28920658 26.03760997
89.36977014 26.00611319
89.46692183 25.98353059
89.54991418 26.00526053
89.59141035 26.07241405
89.57275516 26.13230703
89.58572595 26.18605052
89.61905724 26.21568696
89.67094038 26.21382661
89.70985274 26.17121939
89.82292077 25.94141429
89.7996147 25.83958588
89.82488447 25.56014558
89.79630741 25.37581574
89.80090661 25.33615408
89.8140841 25.30535493
89.83330773 25.29279755
89.8662773 25.29315929
90.00383996 25.25835521
90.11959517 25.21995962
90.25043989 25.18497468
90.43936893 25.15771536
90.55533085 25.16657787
90.61305342 25.16774059
90.73020389 25.15947236
91.03829878 25.17407095
91.29311527 25.17797252
91.39662316 25.15161754
91.47971887 25.14213491
91.76352583 25.16063508
92.04970991 25.16947175
92.20463586 25.11094819
92.37341109 25.01514008
92.46834069 24.94413666
92.48544559 24.90331228
92.47505863 24.86850821
92.44317427 24.84938793
92.38498661 24.84876781
92.251248 24.89506989
92.22830366 24.88132396
92.23057743 24.78623933
92.22665002 24.77102062
92.19807295 24.6857545
92.11750939 24.49395742
92.10200646 24.40804536
92.08505659 24.38616039
92.06412764 24.37435232
92.00108239 24.37091584
91.95162805 24.3567565
91.93100915 24.32554393
91.89902144 24.26069001
91.87690392 24.19531932
91.84620812 24.17526887
91.77251753 24.21066722
91.72652551 24.20508617
91.66869958 24.19007416
91.61113203 24.15284129
91.57139286 24.10659089
91.52638268 24.09075206
91.39264408 24.10007966
91.36706424 24.09351675
91.35021773 24.06049551
91.33642012 24.01881847
91.23198205 23.92047822
91.19250126 23.76289094
91.16046187 23.66062328
91.16552616 23.58104157
91.2537895 23.37363821
91.31523278 23.10437816
91.33884891 23.07698965
91.35936446 23.06838552
91.36866621 23.07456086
91.36675418 23.13047476
91.37062992 23.19799002
91.39946537 23.21385468
91.43625899 23.19990205
91.47139896 23.14127513
91.51124149 23.03371064
91.55356449 22.99156851
91.61955529 22.97968293
91.69489953 23.00484935
91.75102014 23.05352855
91.77386112 23.10608348
91.75794478 23.20979808
91.75422407 23.28731273
91.79008752 23.36102916
91.91917525 23.47104829
91.93788211 23.50468964
91.92951053 23.59824982
91.92961389 23.68599641
91.97855147 23.69201671
92.04407718 23.67777985
92.12701786 23.72100719
92.15233931 23.72185985
92.18706587 23.67553193
92.24608036 23.68361929
92.28938521 23.492494
92.33424035 23.32382213
92.33382694 23.24240591
92.34126835 23.06980663
92.36162886 22.92901419
92.39315148 22.89702648
92.43046187 22.82181143
92.46446496 22.73442658
92.49138838 22.68538565
92.50963016 22.52570547
92.53185103 22.410312
92.56125492 22.04803437
92.5748975 21.97809032
92.58280399 21.94031485
92.58425093 21.60901724
92.59344933 21.4673463
92.62528202 21.35073843
92.63168989 21.30619335
92.59985721 21.27014903
92.56854129 21.26332775
92.53918908 21.31981009
92.47185469 21.36298574
92.37263594 21.40902945
92.33057132 21.43977692
92.27972171 21.42758129
92.20825321 21.35786978
92.17957279 21.29311921
92.19202681 21.20227204
92.21476444 21.11269094
92.26442549 21.06145376
92.26845625 21.0046872
92.28623294 20.93159089
92.31191613 20.86443736
92.32411177 20.79183198
92.30778202 20.79043671
92.24814741 20.88358348
92.19461063 20.98430085
92.05601444 21.17483185
92.01095259 21.51625804
92.00805871 21.68477489
91.91318078 21.88305736
91.85003218 22.15735586
91.82481408 22.22866934
91.85778364 22.3173461
91.8633647 22.35049653
91.8453813 22.34313264
91.79701216 22.29747651
91.73407027 22.40669465
91.69293583 22.50477652
91.5296383 22.70765819
91.48209598 22.79742015
91.48002892 22.884805
91.40954227 22.79700674
91.31373417 22.73515005
91.21616906 22.64223583
91.15136682 22.61404633
90.94559126 22.59701895
90.82673547 22.72140412
90.65620324 23.02546825
90.63356896 23.09424958
90.65609989 23.27305004
90.61558557 23.44234203
90.61610233 23.5316389
90.60401004 23.59137686
90.5734176 23.57814769
90.56163537 23.53709077
90.56804325 23.47427806
90.5556409 23.42151643
90.40794966 23.43190339
90.26914676 23.45588125
90.39151655 23.36694611
90.52277469 23.34614635
90.59088423 23.26638378
90.59925581 23.20416535
90.5951217 23.13393708
90.52773563 23.08494782
90.46603397 23.05389029
90.47750614 22.9867626
90.55223026 22.90490713
90.4615898 22.88180777
90.43688846 22.82819347
90.43502811 22.75191905
90.48060672 22.68466218
90.49848677 22.63479442
90.48742801 22.58872488
90.53176639 22.53929637
90.59553511 22.43586599
90.61610233 22.36214956
90.58943729 22.25843496
90.55285038 22.21815318
90.49414595 22.17890493
90.35575646 22.04826691
90.28816369 21.89938711
90.23059614 21.82977896
90.1587659 21.81685985
90.13075728 21.84740062
90.07122603 21.88726899
90.06998579 21.95990021
90.08786584 22.01746776
90.20951216 22.15658072
90.14346968 22.13789969
90.06853885 22.09821219
89.95423058 22.02286795
89.91805708 22.11614391
89.89407922 22.20257274
89.89387251 22.30840607
89.98513309 22.46638093
89.88178023 22.38757437
89.85325484 22.28897573
89.86586389 22.1730655
89.85253137 22.09089997
89.81191369 21.98351634
89.75682661 21.91902416
89.66773644 21.87768301
89.6281523 21.81417268
89.56851769 21.76743134
89.56665734 21.86057811
89.54743371 21.98369721
89.48314823 22.27553986
89.46929894 22.2129597
89.50257857 22.03188548
89.50061486 21.91437328
89.45193566 21.82109732
89.35375044 21.72110342
89.27861291 21.70699575
89.23427453 21.72236949
89.16709517 21.7843037
89.09392134 21.87277375
89.08162235 22.01493561
89.05144331 22.09317373
89.05583581 22.18624299
89.0499447 22.27463552
88.9714482 22.51092601
88.92070194 22.63200389
88.92695479 22.67114879
88.92349247 22.68755606
88.89972131 22.84348969
88.86695845 22.93885855
88.8506287 23.04050609
88.92809167 23.18659536
88.89703413 23.2104182
88.80758223 23.22969351
88.72443485 23.25496328
88.70397098 23.29284211
88.74086795 23.43660594
88.69766646 23.49303661
88.63575809 23.54998404
88.61643111 23.57277334
88.59596724 23.60217723
88.56733849 23.67442088
88.62252892 23.8263496
88.69983687 24.00251455
88.7137895 24.06964224
88.72660526 24.18622427
88.73358158 24.23092438
88.72350467 24.27490103
88.642321 24.32595734
88.49855716 24.34662792
88.3969613 24.38926097
88.3375334 24.45385651
88.28714888 24.47974641
88.22503381 24.46062613
88.1454521 24.48579255
88.07904789 24.549923
88.02339237 24.62785106
88.03031701 24.66443797
88.04509647 24.71303966
88.14979292 24.91465526
88.1888603 24.92059805
88.27950077 24.88194408
88.31334883 24.88184073
88.37293176 24.96152578
88.45628584 25.188437
88.57384973 25.18786856
88.67751265 25.18047883
88.74758589 25.16895498
88.8172974 25.17624136
88.89010949 25.19437979
88.92979699 25.22300853
88.95165612 25.25925955
88.94416304 25.29078217
88.85476281 25.33354442
88.82034631 25.36550629
88.79538659 25.45627595
88.76918664 25.49048574
88.59348677 25.49529165
88.5024329 25.53702037
88.45230676 25.57443411
88.36311323 25.69817333
88.2528874 25.78979564
88.14741581 25.81144807
88.10659142 25.84113618
88.08462894 25.88823924
88.09739302 25.95634878
88.129019 26.01823131
88.1507231 26.08714183
88.23516239 26.17809235
88.33396773 26.25751903
88.37799605 26.31203767
88.4403695 26.36950186
88.44781091 26.40102448
88.43675215 26.43709463
88.38626428 26.47153697
88.35143436 26.48256989
88.34585331 26.50479076
88.36993452 26.5641153
88.41814863 26.57153087
88.51824588 26.51776154
88.62015181 26.43066092
88.68061323 26.35299124
88.68283532 26.29170299
88.72216109 26.28183279
88.76195194 26.27937816

