# Belarus
# from http://www.rjruss.info/2010/12/free-countries-of-world-in-polygon-kml.html
28.14792565 56.14293
28.28429976 56.05590689
28.31633915 56.05254792
28.3920968 56.08670604
28.40708296 56.08903148
28.56397261 56.09200288
28.63688806 56.06174632
28.69078657 56.00262849
28.74080936 55.95539623
28.79475956 55.94258047
28.94741174 56.00211172
29.03174767 56.0217746
29.08740319 56.02112865
29.28299849 55.96785025
29.37503421 55.93870474
29.3961182 55.91219473
29.39792687 55.88105968
29.37317386 55.83473176
29.35338179 55.78437307
29.41301639 55.72486766
29.48226281 55.68456004
29.63005741 55.75117097
29.68457604 55.76974864
29.74415897 55.77042044
29.82394738 55.79509593
29.88161828 55.83230296
29.93701542 55.84527375
30.04264204 55.83643708
30.23363814 55.84522207
30.45626021 55.78680187
30.47538049 55.76879263
30.58669152 55.70026968
30.62560388 55.66626659
30.66234582 55.65549205
30.72161869 55.62213491
30.8007353 55.60110261
30.85592573 55.60751048
30.88222904 55.59640005
30.9068787 55.57004507
30.90873905 55.52534496
30.90057417 55.39739411
30.86181685 55.36039379
30.82099247 55.33026643
30.81055383 55.30696035
30.81448124 55.27871918
30.87747481 55.22345124
30.95886519 55.13761669
30.97767541 55.0878006
30.97767541 55.05049022
30.86682946 54.94072948
30.82993249 54.91499462
30.80445601 54.86094107
30.79107181 54.80600902
30.79887495 54.78327139
30.98418664 54.69588654
31.12128421 54.64849925
31.15213504 54.62534821
31.15492557 54.61095633
31.08190677 54.51708609
31.0748271 54.49181631
31.18479455 54.45295563
31.24556603 54.39164155
31.29910282 54.29169933
31.40359256 54.1959429
31.62838504 54.11119355
31.79204431 54.05589977
31.82594404 54.03070751
31.83777795 54.00078685
31.82527225 53.93502859
31.78305261 53.85495596
31.75421716 53.81046255
31.82082808 53.79193655
31.99213545 53.79687165
32.20044315 53.78123953
32.45014367 53.69289867
32.45097049 53.65334036
32.42523563 53.61727021
32.44239221 53.57926219
32.46962569 53.54696442
32.68568485 53.44815908
32.70645877 53.41942699
32.71028283 53.37141958
32.70428836 53.33633129
32.64444706 53.32888988
32.57804284 53.3124051
32.4693673 53.2702888
32.42626916 53.21060253
32.25067264 53.12838532
32.1419971 53.09115245
32.05543908 53.08947297
31.8497152 53.10621613
31.77741987 53.14688548
31.74744754 53.18419587
31.66827925 53.20091319
31.56296268 53.20248933
31.41785526 53.19602977
31.38839969 53.18481599
31.36452518 53.13897899
31.30292687 53.0608959
31.2587952 53.01671255
31.29517541 52.98978913
31.35300134 52.93346182
31.44281498 52.86183828
31.53516076 52.7982246
31.56482303 52.75923473
31.56347945 52.73145865
31.51945112 52.69874746
31.52616906 52.6329892
31.61593102 52.54619864
31.58554528 52.5324527
31.57650191 52.42602509
31.57732873 52.3123111
31.6015133 52.28481924
31.64988244 52.26218496
31.69060347 52.22063711
31.75860965 52.12581086
31.76336389 52.10108369
31.57371138 52.10808584
31.34602502 52.10537283
31.21797082 52.05023408
31.1684648 52.06292064
31.07932295 52.07697663
30.98067264 52.04617748
30.84564212 51.95308238
30.75531172 51.89517894
30.66730676 51.81409862
30.63950484 51.7700703
30.58390099 51.68898998
30.53294803 51.59633413
30.56074995 51.53148021
30.60240116 51.47122549
30.61170292 51.40637157
30.63252852 51.35541861
30.57692468 51.31834077
30.54452355 51.26506236
30.44954227 51.27433828
30.33337365 51.32554963
30.30898237 51.39960196
30.21953047 51.45120087
30.16077437 51.47789175
30.0637777 51.48202587
29.90880008 51.45799632
29.70602176 51.43954784
29.55316288 51.4345869
29.46965376 51.40833527
29.34650882 51.38254873
29.29881148 51.41303783
29.23049523 51.49701203
29.1742196 51.5806245
29.1356173 51.61728893
29.1020793 51.62752086
29.06078983 51.62542796
29.01314416 51.59891796
28.97769413 51.57178783
28.92756799 51.56217601
28.84953657 51.54018769
28.79326094 51.51034455
28.7313009 51.43342418
28.69026981 51.43887604
28.64774011 51.45652355
28.59900923 51.54264232
28.53208825 51.56243439
28.42454959 51.56362295
28.29163781 51.58183889
28.18373742 51.60785798
28.14441166 51.60165681
28.0802812 51.56501822
28.0107764 51.55974722
27.85853763 51.59240672
27.82882368 51.57742056
27.7888778 51.52915477
27.74128381 51.48256847
27.70004601 51.4779951
27.67679162 51.48993236
27.68971073 51.57243378
27.60134403 51.60160513
27.4523092 51.60610098
27.34761275 51.59413789
27.29634973 51.5973935
27.27014977 51.61356822
27.14199222 51.75203522
27.07414107 51.76082022
26.9528048 51.75399893
26.77348758 51.77069042
26.56688521 51.80190298
26.45340376 51.81342683
26.39438928 51.84443268
26.26705855 51.85502635
25.92527062 51.91352407
25.78579593 51.92380768
25.58027876 51.92473786
25.26722293 51.93776032
25.06671838 51.93049978
24.97380415 51.91114696
24.86636885 51.89910635
24.6851396 51.88830598
24.61129398 51.88952037
24.49517704 51.88303498
24.36190352 51.86753205
24.32376631 51.83843822
24.28004805 51.77472118
24.12682743 51.66462454
23.97830936 51.59132152
23.95117923 51.58506867
23.86431115 51.62398102
23.79170576 51.63713268
23.70680139 51.64131847
23.64670169 51.62886445
23.60856449 51.61049348
23.61378381 51.52538239
23.6052572 51.51791515
23.53962813 51.61891673
23.54484745 51.71022899
23.58133101 51.76239635
23.62572106 51.80934439
23.60742761 51.87977936
23.65109419 51.97297781
23.65243778 52.04038972
23.63326582 52.0695869
23.59797082 52.10307323
23.50112918 52.14038361
23.45844445 52.16952912
23.32713464 52.20844147
23.1969617 52.25691397
23.17510257 52.28660208
23.18125207 52.30698843
23.20409305 52.33789094
23.3033118 52.42837637
23.41090213 52.5162263
23.47958011 52.55157298
23.84472578 52.66422761
23.9012598 52.70360505
23.91547082 52.77024181
23.91629764 52.81874014
23.909373 52.90488475
23.88710046 53.0275646
23.85914351 53.11210725
23.78922529 53.2709606
23.59890099 53.5992093
23.4846444 53.93980866
23.55911014 53.91980988
23.73367313 53.91226512
23.8725277 53.93570039
23.9444613 53.93898184
24.0084884 53.93164379
24.10393477 53.94502798
24.19131961 53.95045401
24.23658817 53.91996491
24.31792687 53.89298981
24.47853723 53.93185049
24.62075077 53.97983206
24.76818363 53.97463858
24.78921594 53.99822887
24.82564782 54.11899669
24.86952111 54.1451708
25.0460478 54.13307852
25.11141849 54.15493765
25.17952803 54.21426219
25.28365604 54.25126252
25.3705758 54.25121084
25.46116459 54.29278453
25.50560632 54.26495677
25.52736209 54.21514069
25.49738976 54.17524649
25.51041223 54.15961437
25.57304406 54.13987397
25.68053104 54.14046825
25.7492607 54.15697887
25.76517704 54.17979401
25.76507368 54.22118684
25.74812381 54.25968578
25.70259688 54.29299124
25.61686568 54.31009614
25.55754113 54.31069042
25.54736087 54.33182608
25.56761804 54.37706879
25.620328 54.46039704
25.68518192 54.53579296
25.72476607 54.56424083
25.73169071 54.59036327
25.72393924 54.6360194
25.7224923 54.71787486
25.780835 54.83326834
25.85927982 54.91928376
25.96444136 54.94716319
26.09301232 54.96230439
26.17517785 55.0032838
26.2158472 55.05038687
26.23129846 55.09015188
26.25078047 55.12449087
26.29175988 55.13958039
26.60119836 55.13020112
26.64843062 55.20420177
26.67504398 55.22489818
26.7344202 55.24675731
26.77570967 55.27311229
26.76020674 55.29334361
26.68129683 55.30644359
26.49531335 55.31801911
26.45764123 55.34246206
26.46957848 55.37194347
26.51923954 55.44814037
26.56657515 55.54648062
26.59086307 55.62265168
26.59355025 55.66750682
26.62021528 55.67965078
26.77183394 55.69401683
26.82247684 55.7092097
26.95306319 55.8129243
27.05254032 55.83054597
27.30921716 55.80390677
27.4270911 55.80594798
27.45913049 55.80349335
27.57674605 55.7987908
27.58945845 55.8092036
27.64227176 55.91172964
27.69420658 55.94154694
27.8963131 56.07616405
28.03201542 56.13329234
28.11790165 56.14582388
28.14792565 56.14293

