# Belize
# from http://www.rjruss.info/2010/12/free-countries-of-world-in-polygon-kml.html
-87.85295244 17.42283865
-87.92997616 17.28302806
-87.93488542 17.32292227
-87.9028202 17.42648184
-87.85941199 17.46281037
-87.83251441 17.50105093
-87.82641659 17.54626781
-87.78861528 17.52420197
-87.79814958 17.47960521
-87.85295244 17.42283865

-87.95059506 17.9249527
-87.99811154 17.90634919
-87.95901832 17.96399425
-87.95333391 18.00107209
-87.89835019 18.15491283
-87.85892107 18.15403433
-87.84853411 18.14039175
-87.95059506 17.9249527

-88.3492529 18.35882803
-88.29566444 18.34407441
-88.24726946 18.35469392
-88.13024818 18.35071483
-88.085238 18.22612295
-88.0972011 18.12163321
-88.2074786 17.84609447
-88.22143124 17.75137157
-88.27171241 17.6098815
-88.20344784 17.51660554
-88.26716488 17.3925821
-88.28881731 17.31269033
-88.29398495 17.19212922
-88.26181637 16.96304759
-88.31341529 16.63278351
-88.40454668 16.48860627
-88.46115821 16.43380341
-88.56231483 16.29045299
-88.6951491 16.24763907
-88.87911719 16.01664541
-88.91169918 15.95600312
-88.89405168 15.89060659
-88.93717567 15.88983145
-89.11359901 15.90065766
-89.23281654 15.88869457
-89.23749325 15.89443065
-89.22764889 16.14283926
-89.21243018 16.52713105
-89.20126807 16.80900015
-89.19036435 17.08469392
-89.18217363 17.29119294
-89.17108904 17.57228689
-89.16147722 17.81483023
-89.16235572 17.90195669
-89.13354611 17.9707897
-89.05042457 17.9997285
-88.94262753 17.93962881
-88.89782406 17.9145399
-88.85738725 17.92882844
-88.80633094 17.9655187
-88.74359575 18.07163626
-88.58618934 18.29051179
-88.52298906 18.44590282
-88.46126156 18.47677949
-88.37242978 18.48230886
-88.29566444 18.47241283
-88.3492529 18.35882803

