# Bhutan
# from http://www.rjruss.info/2010/12/free-countries-of-world-in-polygon-kml.html
91.63190596 27.75995962
91.62585982 27.73732534
91.59764448 27.67701895
91.57935103 27.61144156
91.5947506 27.55764639
91.65810591 27.49361929
91.74306196 27.4425113
91.85127241 27.43863557
91.95100793 27.45829845
91.99079878 27.45021109
92.04495568 27.36471243
92.08345462 27.29060843
92.03115807 27.21430817
92.00258101 27.14738719
91.9922974 27.09989655
91.9986536 27.07927766
92.03089969 27.04083039
92.06810672 26.97520132
92.07337772 26.91484325
92.04970991 26.87484569
91.99834354 26.8549761
91.94377323 26.86081554
91.89860803 26.86006623
91.84207401 26.85298656
91.75375899 26.83076569
91.67159346 26.80200776
91.51754601 26.80730459
91.45584435 26.86688752
91.4268022 26.86709422
91.28655236 26.78991547
91.13390018 26.80340302
90.85577762 26.77771983
90.73966068 26.77169953
90.6203398 26.78022614
90.55987837 26.79655589
90.44763716 26.85076447
90.34588627 26.89032278
90.24232669 26.85414928
90.20610152 26.84750886
90.12295414 26.75459463
89.94317183 26.72395051
89.76385461 26.70154877
89.71088627 26.71389944
89.60996219 26.71945466
89.60613814 26.74113292
89.60918705 26.76219107
89.58608768 26.77893423
89.54515995 26.79622
89.47456994 26.80342886
89.38418786 26.8265799
89.33209802 26.84864574
89.14823327 26.81614126
89.040953 26.86502717
88.91915165 26.93220653
88.85765669 26.96148123
88.83517744 27.0655834
88.81357669 27.09901805
88.76567264 27.1342097
88.7388009 27.17560253
88.76040165 27.21813223
88.88168623 27.29748139
88.89134973 27.31605907
88.94757368 27.46400869
89.02550174 27.51785554
89.10239627 27.59255382
89.16048058 27.71128042
89.27261844 27.83315929
89.39591841 27.95813874
89.48066776 28.05994131
89.53689172 28.10743195
89.6526986 28.1583074
89.74979862 28.18817638
89.8169263 28.25628592
89.89790327 28.2941389
89.98110233 28.31119212
90.10450565 28.3020454
90.22077762 28.27775747
90.3482117 28.24393525
90.36299116 28.21649506
90.35213911 28.1681776
90.3337423 28.11913666
90.33312219 28.09399608
90.35275923 28.08022431
90.47729943 28.07084504
90.63005497 28.07854483
90.71573449 28.07172354
90.90662723 28.0265325
90.96254113 27.99457062
91.02078047 27.970076
91.07777958 27.97446849
91.14991988 28.02676504
91.22588423 28.07125845
91.27301314 28.0783898
91.30680952 28.06402375
91.36758101 28.02164907
91.49336144 27.98178071
91.60560265 27.95170502
91.64187951 27.92325715
91.62937381 27.80086152
91.63190596 27.75995962

