-58.1597778 -20.16460866
-58.13993405 -19.99888234
-58.16003618 -19.8549118
-58.18016415 -19.8178598
-58.47420305 -19.64613901
-58.74113766 -19.49023122
-59.09052202 -19.28621266
-59.54088213 -19.29179372
-60.00736528 -19.29758148
-60.45162757 -19.38879038
-60.88875851 -19.47850066
-61.09600684 -19.52103037
-61.51182126 -19.60639983
-61.75681922 -19.64526051
-61.820898 -19.80943654
-61.91693865 -20.05536468
-62.01179074 -20.19902516
-62.12162899 -20.34992034
-62.27632239 -20.56246551
-62.2765291 -20.82079599
-62.27668413 -21.06605234
-62.38546302 -21.41176767
-62.47783464 -21.70523813
-62.56695065 -21.98868336
-62.62849728 -22.18402028
-62.65100237 -22.23373301
-62.66526506 -22.21802337
-62.74456255 -22.15983571
-62.81510088 -22.0495582
-62.83429867 -21.999122
-62.84334205 -21.99731333
-63.26716631 -22.00056894
-63.67535845 -22.00428965
-63.71695797 -22.02749236
-63.77555905 -22.02723398
-63.81865719 -22.00542653
-63.86100603 -22.00718353
-63.9217 -22.02857757
-63.97614112 -22.07255421
-64.13184221 -22.36581797
-64.20909848 -22.49128834
-64.2663818 -22.60332285
-64.30792965 -22.7953008
-64.32529293 -22.82759857
-64.37397213 -22.76103932
-64.44549232 -22.58533945
-64.47776425 -22.48534555
-64.52365292 -22.37160573
-64.60553423 -22.22882374
-64.7001021 -22.18551889
-64.7586515 -22.17130788
-64.84303911 -22.14391937
-64.99261654 -22.10965789
-65.0578322 -22.10278493
-65.48488624 -22.09813405
-65.51881182 -22.0945167
-65.68616594 -22.11022633
-65.77104448 -22.09958099
-65.86018633 -22.01968922
-66.05862383 -21.87943939
-66.09856971 -21.83510101
-66.17466326 -21.80564544
-66.22016435 -21.80254485
-66.24760454 -21.83045013
-66.2821244 -21.94744557
-66.32245785 -22.05312387
-66.36516842 -22.11374033
-66.50696855 -22.15838877
-66.63900184 -22.20536264
-66.71173642 -22.21631805
-66.75064877 -22.26933807
-66.76746945 -22.34308034
-66.80030982 -22.40963958
-66.99112505 -22.50984018
-67.0335514 -22.55226653
-67.05541053 -22.65091684
-67.16191566 -22.7738034
-67.19488522 -22.82170745
-67.36226518 -22.85519378
-67.57992632 -22.89167734
-67.70730872 -22.88919687
-67.79443519 -22.8794817
-67.82048011 -22.85767425
-67.87944292 -22.82294769
-67.88915809 -22.78413869
-67.88998491 -22.72920664
-67.87375851 -22.63060801
-67.88174252 -22.49340708
-67.95036882 -22.33367523
-67.9449428 -22.2822055
-67.9539345 -22.20401906
-67.988351 -22.05710296
-68.07676938 -21.98284393
-68.10180661 -21.86062916
-68.11214189 -21.75298716
-68.18640093 -21.61857676
-68.19854489 -21.44721771
-68.19702043 -21.30030161
-68.31388668 -21.12971771
-68.43550717 -20.94828175
-68.53382158 -20.92363209
-68.55826453 -20.90192799
-68.56893572 -20.84983815
-68.57102861 -20.76911956
-68.56317379 -20.7201303
-68.48741614 -20.64070363
-68.48431556 -20.62845631
-68.49987016 -20.61202321
-68.6958272 -20.49296071
-68.74517819 -20.45859588
-68.76055193 -20.41616953
-68.75923418 -20.37803232
-68.71231198 -20.33896494
-68.6885925 -20.31007781
-68.73455868 -20.22522511
-68.73003699 -20.14843393
-68.75933753 -20.11556772
-68.7557977 -20.09081471
-68.72750485 -20.06962737
-68.60017412 -20.04487436
-68.56069333 -19.96710133
-68.55940141 -19.90229909
-68.57826331 -19.85651377
-68.69618893 -19.74075856
-68.69830766 -19.72112151
-68.57526608 -19.5602011
-68.48702857 -19.45441945
-68.46286984 -19.43276702
-68.47018205 -19.40992604
-68.49201535 -19.38191741
-68.54787757 -19.34109303
-68.62056047 -19.2966513
-68.680686 -19.24239105
-68.75907915 -19.16218922
-68.857962 -19.09335622
-68.93100664 -19.02514332
-68.96831702 -18.96798919
-68.96909217 -18.90969817
-68.97885902 -18.81295989
-69.02678891 -18.65627695
-69.03939796 -18.55013356
-69.06014604 -18.43298309
-69.08097165 -18.35660532
-69.09228878 -18.28244964
-69.12634355 -18.20240285
-69.14546383 -18.14406015
-69.11807532 -18.10271901
-69.09045427 -18.07067962
-69.09391659 -18.05052581
-69.28232886 -17.96489796
-69.31336056 -17.94314219
-69.358009 -17.77173146
-69.49500322 -17.61954437
-69.51091956 -17.50601124
-69.51107459 -17.50492604
-69.51097124 -17.46038095
-69.52192664 -17.38896413
-69.56381039 -17.33294687
-69.62589962 -17.29439625
-69.6456917 -17.24850758
-69.6248661 -17.20019012
-69.50334897 -17.10474375
-69.43834001 -17.088414
-69.42108008 -17.04004485
-69.38157345 -17.00133921
-69.26723935 -16.86088266
-69.19982744 -16.76843353
-69.13251889 -16.71308807
-69.05453915 -16.67433074
-69.02071693 -16.642188
-69.03839027 -16.54271087
-69.03291256 -16.4759966
-69.00622169 -16.4336736
-68.92803524 -16.38902516
-68.85783281 -16.35481536
-68.84274329 -16.33786549
-68.84884111 -16.31280242
-68.91346249 -16.26190114
-69.04624508 -16.21766611
-69.13419837 -16.22200693
-69.1879677 -16.1828362
-69.21755246 -16.14914316
-69.39190874 -15.73686858
-69.42087338 -15.64064707
-69.4185221 -15.60344004
-69.30188839 -15.39942148
-69.25432024 -15.33291391
-69.17249061 -15.23664072
-69.1870892 -15.19871022
-69.33072384 -15.03892669
-69.37470049 -14.96301401
-69.37371863 -14.88746307
-69.35948178 -14.79532399
-69.27602434 -14.74592132
-69.2523307 -14.67109385
-69.23491574 -14.59709319
-69.199259 -14.57259857
-69.16267209 -14.53099904
-69.11970313 -14.47027923
-69.05278215 -14.41756927
-69.01314633 -14.37726165
-69.00451636 -14.26502044
-68.97177934 -14.23442799
-68.8803379 -14.19887461
-68.87088111 -14.16978078
-68.89168087 -14.09438486
-68.93746619 -14.0146998
-68.97425981 -13.97594248
-69.0230682 -13.78029551
-69.07409868 -13.68278208
-69.05285967 -13.6439214
-69.01751299 -13.59441538
-68.98343238 -13.49638519
-68.97229611 -13.3823353
-68.98051266 -12.96256764
-68.97860063 -12.88004038
-68.93374549 -12.82205942
-68.86770301 -12.75513844
-68.81178911 -12.72961028
-68.75905331 -12.68718393
-68.76287737 -12.60770558
-68.72812497 -12.5607317
-68.68523353 -12.5019756
-68.81871375 -12.27041351
-68.93601925 -12.06680836
-69.04616757 -11.87565724
-69.173705 -11.65432708
-69.25770504 -11.50859954
-69.36203976 -11.327577
-69.45358456 -11.16877532
-69.57861569 -10.95178598
-69.46255042 -10.94811696
-69.22850786 -10.95566172
-69.00164832 -10.99431569
-68.84832435 -11.0111622
-68.78409054 -11.04459686
-68.7699312 -11.09766855
-68.72750485 -11.12242156
-68.67836056 -11.11275807
-68.62262753 -11.10914072
-68.49831987 -11.05477711
-68.39799008 -11.01870696
-68.311122 -10.97519541
-68.26657691 -10.93313079
-68.15865068 -10.78502614
-68.07165341 -10.70311899
-67.99168413 -10.6743869
-67.83502703 -10.6627597
-67.78567603 -10.68601409
-67.72180396 -10.68306854
-67.66663937 -10.59888763
-67.58243262 -10.5059734
-67.41693885 -10.38985646
-67.3327321 -10.35792042
-67.28048723 -10.31725107
-67.19046689 -10.31146331
-67.11153113 -10.26893361
-66.73000404 -9.97546315
-66.57533647 -9.8999122
-66.47893409 -9.88616627
-66.39922319 -9.86818288
-66.26357256 -9.82606658
-65.92467851 -9.78544891
-65.70678484 -9.76849904
-65.63709917 -9.80911671
-65.55870602 -9.79748952
-65.49199175 -9.73175709
-65.43677548 -9.71041473
-65.39613196 -9.71243011
-65.33789263 -9.79025482
-65.30931556 -9.87262705
-65.32812578 -9.93556894
-65.32456011 -10.02698455
-65.2985927 -10.14677052
-65.3130621 -10.25306894
-65.39546017 -10.39228525
-65.43690467 -10.44902597
-65.4471366 -10.50742034
-65.44000526 -10.5862269
-65.4023073 -10.71474619
-65.33401689 -10.89282317
-65.32378496 -11.02475311
-65.37155982 -11.11038095
-65.39359982 -11.18427825
-65.38987912 -11.24628997
-65.37282589 -11.28990488
-65.34238848 -11.3150713
-65.32546444 -11.36478403
-65.32202796 -11.43914642
-65.28226295 -11.51108001
-65.20619524 -11.58053314
-65.17537025 -11.64688567
-65.18973629 -11.71008595
-65.18573137 -11.74951507
-65.16338131 -11.76512135
-65.14265906 -11.75235727
-65.1151672 -11.73504567
-65.090285 -11.74124684
-65.03713579 -11.82940683
-65.03026282 -11.84739023
-65.00122067 -11.91999562
-64.99251319 -11.97518605
-64.91435259 -12.0059852
-64.8299133 -12.0303248
-64.78345618 -12.05936696
-64.69002519 -12.14649342
-64.61165788 -12.20390594
-64.51342099 -12.25098317
-64.48078732 -12.3261207
-64.4205326 -12.4397055
-64.25503883 -12.48326873
-64.06163978 -12.50507619
-63.93854652 -12.52972584
-63.78811642 -12.46947112
-63.68858761 -12.47799774
-63.585674 -12.51897715
-63.54190406 -12.54672739
-63.46524207 -12.60517344
-63.3466705 -12.68010426
-63.24975135 -12.70790618
-63.1806858 -12.6662033
-63.11681373 -12.65168222
-63.06746273 -12.66914886
-63.0413403 -12.75043589
-63.01519202 -12.80557464
-62.95793454 -12.84701914
-62.83515133 -12.95367929
-62.76546566 -12.99724253
-62.68707252 -12.99434865
-62.52553199 -13.06426686
-62.35280351 -13.1323764
-62.26392005 -13.14364186
-62.17607012 -13.13366831
-62.11801164 -13.15981658
-62.09475725 -13.24203379
-61.94471473 -13.40620981
-61.87412472 -13.47044362
-61.78991798 -13.52563405
-61.57569333 -13.52480722
-61.51156287 -13.54124033
-61.41606483 -13.52651255
-61.12915727 -13.4985556
-61.07698992 -13.4897706
-60.91451921 -13.56139414
-60.7223604 -13.66433359
-60.59533973 -13.74531056
-60.50658546 -13.78985565
-60.46012834 -13.86240936
-60.42235287 -13.9379603
-60.40496375 -14.01919565
-60.42806312 -14.10001759
-60.46299639 -14.13247039
-60.47464942 -14.18471526
-60.46012834 -14.26310841
-60.39625627 -14.33276824
-60.37271766 -14.41870615
-60.33804277 -14.57053151
-60.29887204 -14.61859059
-60.27336972 -15.08874277
-60.4020182 -15.09277353
-60.58322161 -15.09835459
-60.53045997 -15.14320973
-60.38046912 -15.31828948
-60.24233802 -15.47957163
-60.22042721 -15.73867726
-60.2066296 -15.90197479
-60.18719927 -16.13208994
-60.17557207 -16.26934254
-59.83114865 -16.28174489
-59.43429949 -16.29600758
-58.95727434 -16.31321583
-58.53794593 -16.32825368
-58.49655311 -16.32665171
-58.4236635 -16.30794484
-58.37539771 -16.28355356
-58.34563209 -16.28432871
-58.34059363 -16.33993255
-58.35079973 -16.41026417
-58.35036048 -16.49082773
-58.4705857 -16.65024953
-58.47810462 -16.70068572
-58.45981116 -16.91069874
-58.41738481 -17.08055918
-58.39601661 -17.23424489
-58.34775082 -17.28209726
-58.20556312 -17.36312591
-57.99089922 -17.51288421
-57.90503883 -17.53236622
-57.83245928 -17.51205739
-57.78889604 -17.57303558
-57.78018856 -17.67173756
-57.66166867 -17.94737965
-57.58647946 -18.1222527
-57.55206295 -18.18312754
-57.49565813 -18.21459848
-57.50617428 -18.23728444
-57.55309648 -18.24653452
-57.57402544 -18.2792457
-57.63913774 -18.4750477
-57.7249723 -18.73317148
-57.78308244 -18.91429738
-57.73083757 -18.91719126
-57.72858965 -18.96742075
-57.71680742 -19.0440569
-57.7814288 -19.05346201
-57.80041989 -19.08095387
-57.87452389 -19.22952361
-57.97167558 -19.42418873
-58.07200538 -19.62526173
-58.13151079 -19.74458261
-58.02991492 -19.83274261
-57.86072628 -19.97960703
-57.88759803 -20.02037973
-57.96017758 -20.04074025
-58.02115577 -20.05520965
-58.06761288 -20.11040008
-58.09373532 -20.15106943
-58.1597778 -20.16460866
NaN  NaN
