19.00713993 44.86919953
19.0420732 44.87131826
19.1315251 44.89958527
19.23678999 44.91426138
19.31270267 44.8974407
19.34861779 44.88093008
19.35688602 44.85855419
19.33451013 44.7806778
19.29187707 44.69675528
19.22314741 44.6095513
19.15131717 44.52733409
19.1324036 44.4837967
19.12733931 44.41457612
19.11845096 44.35997997
19.12837284 44.33026602
19.15183394 44.30251577
19.231519 44.28055329
19.33890262 44.22582795
19.43021488 44.15451447
19.54715864 44.07348583
19.58374556 44.04346182
19.58369388 44.01108653
19.54953576 43.98713451
19.44938683 43.97801362
19.34520715 43.98509329
19.30531294 43.99336152
19.26810591 43.98346548
19.24505822 43.96501699
19.25725386 43.94331289
19.36401737 43.84476594
19.48814416 43.70356009
19.4950688 43.64286612
19.47997928 43.59516877
19.45124719 43.56204418
19.39962243 43.56757355
19.36029667 43.59346345
19.30076542 43.5918098
19.25446333 43.58436839
19.19436364 43.53331208
19.16433963 43.53543081
19.11276655 43.52775686
19.08005537 43.5177058
19.02832726 43.53251109
18.97417036 43.54235546
18.95070926 43.52667166
18.94021895 43.49672517
18.9738603 43.4423874
19.03669885 43.35730215
19.02667362 43.29244823
18.97866621 43.28542023
18.93468957 43.33944794
18.89562219 43.3482071
18.8510771 43.34634675
18.74922285 43.28353404
18.67424035 43.23082408
18.65687707 43.19392711
18.63000532 43.15364533
18.62184045 43.12460318
18.62359745 43.02768403
18.48846358 43.01215526
18.46014489 42.99789256
18.44386681 42.968437
18.45502892 42.8441035
18.466036 42.7772342
18.54329227 42.67419139
18.54592777 42.64158356
18.53492069 42.62013784
18.48004032 42.57918427
18.45394372 42.56448233
18.43637373 42.5597281
18.34661177 42.58665152
18.30397871 42.5994156
18.12388635 42.69057282
18.04451135 42.7412674
17.91883426 42.80741324
17.84126794 42.84505952
17.80199385 42.90223949
17.74024051 42.91546865
17.66758345 42.89712352
17.58510786 42.93836131
17.64345056 42.95975536
17.65776493 42.9800642
17.65053023 43.00657421
17.62479536 43.04274771
17.40222497 43.19891389
17.29303267 43.30562572
17.27525598 43.34386628
17.27380903 43.4457722
17.24807417 43.47021516
17.08462162 43.51656892
16.90189375 43.64901561
16.7134298 43.77882681
16.68769494 43.81505199
16.59049157 43.91318553
16.47204919 44.00258576
16.37753299 44.05963654
16.3001217 44.12449046
16.21423547 44.21513093
16.16984541 44.3520218
16.13031294 44.47371979
16.1034412 44.52100373
16.04907759 44.53759186
15.88004398 44.68194998
15.73664188 44.76579499
15.73798547 44.85640961
15.76149824 45.0075115
15.78811161 45.17894807
15.82288985 45.2027709
15.88826053 45.21574169
15.96319136 45.21080659
16.02835534 45.18959341
16.15728804 45.07223623
16.23103031 45.02660594
16.29340376 45.00882925
16.3650273 45.05833527
16.45349735 45.1619982
16.53070194 45.21672354
16.79078942 45.19685395
16.91868859 45.27656485
17.12539432 45.17176504
17.21066043 45.15605541
17.25871952 45.17057648
17.32414188 45.1639619
17.46914595 45.13331778
17.50263228 45.12034699
17.54624719 45.12256908
17.65347578 45.16349681
17.69011437 45.15838085
17.81279422 45.07810151
17.87439253 45.07724885
17.94859989 45.11187206
17.99629723 45.14181855
18.13721887 45.11936514
18.21793745 45.1329302
18.28496179 45.13429963
18.35756717 45.1205537
18.42391971 45.10200186
18.48830855 45.08585297
18.66256148 45.07745555
18.74607059 45.02650259
18.77940189 44.97722911
18.78017704 44.94720511
18.78834191 44.9148815
18.83640099 44.88325552
18.94130415 44.86516877
19.00713993 44.86919953
NaN  NaN
