# Botswana
# from http://www.rjruss.info/2010/12/free-countries-of-world-in-polygon-kml.html
25.25879968 -17.79359059
25.2390076 -17.84309661
25.22396976 -17.91523691
25.24226322 -17.96908375
25.28241581 -18.04122405
25.34019006 -18.10447601
25.38432173 -18.14194142
25.43672163 -18.23490732
25.48927656 -18.35128265
25.55831628 -18.44176808
25.76124963 -18.64924896
25.7836772 -18.72355967
25.81189253 -18.79704355
25.93932661 -18.93863698
25.95917036 -18.98566253
25.95069543 -19.08172902
26.08190189 -19.36992848
26.16809818 -19.5382903
26.24101362 -19.56929616
26.4745911 -19.74861338
26.67824792 -19.89279062
26.91673465 -19.99014902
27.09181441 -20.05417612
27.1782174 -20.10094329
27.22152225 -20.14579844
27.25676558 -20.2320464
27.27464562 -20.38185638
27.28074344 -20.47869801
27.46894901 -20.47482228
27.6246501 -20.4835556
27.67932376 -20.50298594
27.69958093 -20.5306845
27.69482669 -20.59455657
27.6969971 -20.68974456
27.70428348 -20.76643239
27.68805708 -20.84833953
27.67689497 -20.94481943
27.66945357 -21.06429534
27.69343143 -21.11101084
27.84411991 -21.26149261
27.90747521 -21.35905771
27.97455122 -21.50674896
28.01403202 -21.55418792
28.04560632 -21.5731015
28.18161869 -21.58932789
28.53203657 -21.65123626
28.747734 -21.70761525
28.91929976 -21.76606129
28.99071659 -21.78146087
29.0255465 -21.79686045
29.03732873 -21.81138152
29.01583133 -21.93990081
29.02337609 -21.98124196
29.04239302 -22.01839731
29.07153853 -22.04749114
29.10688521 -22.06568125
29.23721317 -22.07947886
29.31524458 -22.15771697
29.36480228 -22.19389048
29.12988122 -22.21326914
29.01350589 -22.27843312
28.94580977 -22.39517018
28.8398214 -22.4808497
28.69554081 -22.53542002
28.54288862 -22.57293711
28.38176151 -22.59340097
28.21019575 -22.69365325
28.02798465 -22.87369394
27.93507043 -22.98702036
27.93134973 -23.03358082
27.89052534 -23.07388844
27.81259728 -23.10799489
27.76851729 -23.14892262
27.75828535 -23.196775
27.7167375 -23.21961598
27.64387373 -23.21765228
27.59266239 -23.25263722
27.56320682 -23.32462249
27.49871463 -23.36834075
27.39918583 -23.38363698
27.31340295 -23.42425465
27.2411593 -23.49003875
27.18555545 -23.52342173
27.14638472 -23.52440358
27.08550988 -23.57794036
26.9870146 -23.70454762
26.9705815 -23.76351043
26.83508589 -24.24079396
26.76113692 -24.29717295
26.61773482 -24.39546152
26.50151452 -24.51328379
26.45175012 -24.58268524
26.3971798 -24.61353607
26.13083947 -24.67146535
26.0318791 -24.70241953
25.91209313 -24.74748138
25.88186242 -24.7879957
25.85240685 -24.93527353
25.76987959 -25.14652679
25.70264855 -25.30233123
25.65924035 -25.43793019
25.58379276 -25.60624033
25.51816369 -25.66277435
25.44364627 -25.71445078
25.34618452 -25.73997894
25.21337609 -25.75625701
25.09250492 -25.7514511
24.9989189 -25.75403493
24.86921105 -25.81346282
24.74818485 -25.81739023
24.55584517 -25.78307708
24.40019575 -25.74979746
24.3305876 -25.74287282
24.19297326 -25.63290537
24.10450321 -25.63486907
23.96952437 -25.62608408
23.89371504 -25.60091766
23.82348677 -25.54464202
23.67073124 -25.4339511
23.5214897 -25.34439585
23.38930139 -25.29137583
23.26600142 -25.26662282
23.14869592 -25.28868865
23.05748701 -25.31230478
23.02203698 -25.32408701
22.95124027 -25.37028574
22.87884159 -25.45792897
22.81889693 -25.5951299
22.79605594 -25.67915578
22.72897993 -25.85728444
22.64019982 -26.07122487
22.59761844 -26.13271982
22.54862918 -26.17840179
22.47090783 -26.21901946
22.21753828 -26.38882822
22.09087935 -26.58013437
22.01098758 -26.63584157
21.91455936 -26.66193816
21.83322066 -26.67826792
21.78826216 -26.71004892
21.73803267 -26.8067872
21.69472782 -26.84094533
21.64625532 -26.85417449
21.50140628 -26.84265065
21.45494917 -26.83283213
21.07099328 -26.8517457
20.95389448 -26.82110158
20.87085046 -26.80875091
20.7398507 -26.84885182
20.68502201 -26.82244516
20.64145877 -26.74219166
20.61996138 -26.58080617
20.62678267 -26.44381194
20.69788944 -26.34014902
20.75700728 -26.26413299
20.81503991 -26.16496592
20.82263635 -26.12062754
20.81100915 -26.08052663
20.79938195 -25.99903289
20.79318078 -25.91557545
20.71070519 -25.73315765
20.60931603 -25.49115691
20.47314863 -25.22130259
20.43061893 -25.14709523
20.34524946 -25.0298414
20.02857629 -24.80701263
19.98046553 -24.77678191
19.98046553 -24.75197723
19.98020715 -24.53571136
19.97989709 -24.24906219
19.97958703 -23.96241302
19.97927697 -23.67581553
19.97891524 -23.38916636
19.9785535 -23.10251719
19.97824344 -22.81591969
19.97793338 -22.52927052
19.97762333 -22.24262135
19.97736494 -22.00015553
20.20536136 -22.00015553
20.48751468 -22.00015553
20.8227397 -22.00015553
20.97099938 -22.00015553
20.97952599 -21.96196665
20.97926761 -21.78404469
20.97869917 -21.37611094
20.97807905 -20.96817718
20.97745894 -20.56024342
20.97683882 -20.15230967
20.9762187 -19.74437591
20.97559859 -19.33644215
20.97497847 -18.9285084
20.97435835 -18.52052296
20.97409997 -18.31882985
21.23253381 -18.30684092
21.52967329 -18.26560312
22.01140099 -18.19863047
22.46005578 -18.11568979
22.75275109 -18.06716562
23.09991336 -18.00959808
23.21938928 -17.99972788
23.25153202 -18.00747934
23.29866092 -18.02737477
23.45978804 -18.23103159
23.56014367 -18.38642262
23.58060754 -18.45287851
23.59972782 -18.45995818
23.64716678 -18.44946787
23.70049686 -18.42435312
23.86431115 -18.26947886
23.89836592 -18.22922291
24.00259728 -18.15413706
24.1293079 -18.07750091
24.24392622 -18.02344736
24.35895796 -17.97823048
24.41218469 -17.98944427
24.4748682 -18.02851165
24.53052372 -18.0527479
24.79221317 -17.86459401
24.90910526 -17.82139251
25.21595991 -17.78759612
25.25879968 -17.79359059

