# Brazil
# from http://www.rjruss.info/2010/12/free-countries-of-world-in-polygon-kml.html
-48.485898 -27.76703867
-48.55460181 -27.81220387
-48.54219947 -27.57480234
-48.50519914 -27.49553069
-48.46476234 -27.43636118
-48.41489458 -27.39961924
-48.37792009 -27.45150237
-48.40959774 -27.56632741
-48.49675005 -27.70699066
-48.485898 -27.76703867

-48.58441911 -26.40154062
-48.60307431 -26.41373626
-48.66575782 -26.28966115
-48.539719 -26.17034026
-48.49760271 -26.21870941
-48.53108904 -26.31317392
-48.56806352 -26.37973317
-48.58441911 -26.40154062

-45.26028093 -23.88913584
-45.26090105 -23.94132903
-45.30255225 -23.91476735
-45.41282976 -23.93492116
-45.45140622 -23.89564707
-45.30234555 -23.72749196
-45.2722957 -23.75198659
-45.24906715 -23.78257903
-45.23312497 -23.82536712
-45.25030738 -23.85306569
-45.26028093 -23.88913584

-44.12929053 -23.14189463
-44.09802629 -23.16928314
-44.15574887 -23.16659596
-44.22049944 -23.19078053
-44.32005408 -23.21227793
-44.36012916 -23.17207366
-44.27413957 -23.11615976
-44.24284949 -23.07409515
-44.22042192 -23.08293182
-44.19161231 -23.11326588
-44.12929053 -23.14189463

-38.90356299 -13.47344085
-38.93790198 -13.53235198
-38.97758948 -13.52351531
-38.99319577 -13.4840862
-39.02218625 -13.44558725
-39.0066058 -13.41556325
-38.98012163 -13.39840667
-38.90712867 -13.40109385
-38.90356299 -13.47344085

-38.74385698 -13.09708139
-38.78300188 -13.11863047
-38.78695513 -13.05506845
-38.68486833 -12.97486663
-38.66809933 -12.88019541
-38.61453671 -12.92401702
-38.60029985 -12.97248952
-38.60115251 -12.99253997
-38.74385698 -13.09708139

-44.49929379 -2.93961354
-44.59773739 -3.03759205
-44.56533627 -2.9239039
-44.58187273 -2.84556243
-44.56910865 -2.78499765
-44.50192929 -2.72629323
-44.48146542 -2.71761159
-44.4873307 -2.78975189
-44.48255063 -2.8118694
-44.49929379 -2.93961354

-44.88312049 -1.31790374
-44.94712175 -1.3660145
-44.96789568 -1.39087086
-45.02086402 -1.3723707
-45.01120053 -1.34472381
-44.99562008 -1.34756601
-44.97864438 -1.26726084
-44.8882623 -1.27687265
-44.88312049 -1.31790374

-51.83254127 -1.4337623
-51.93840044 -1.45267588
-51.80205217 -1.20251027
-51.68001828 -1.08608327
-51.67828712 -0.85508961
-51.54604713 -0.64962412
-51.42447832 -0.5659083
-51.25402361 -0.54136199
-51.16074765 -0.66667734
-51.27632199 -1.02179778
-51.31009254 -1.02386484
-51.46512183 -1.21114023
-51.63772112 -1.34193328
-51.83254127 -1.4337623

-49.62864478 -0.22918467
-49.53521379 -0.23362884
-49.40289629 -0.21461191
-49.31427121 -0.16789642
-49.21510413 -0.15869801
-49.11697059 -0.16360727
-48.78657732 -0.21549041
-48.58803647 -0.23166513
-48.51540524 -0.24825327
-48.44447934 -0.2718694
-48.39264787 -0.29734588
-48.37970293 -0.35279469
-48.42804623 -0.44147145
-48.46396135 -0.53479909
-48.49744768 -0.66497202
-48.52333757 -0.69137868
-48.56664242 -0.68445403
-48.53969316 -0.80093271
-48.54948585 -0.84754485
-48.5709574 -0.89286509
-48.62405494 -0.98691619
-48.70459266 -1.10665049
-48.72851885 -1.13176523
-48.78983293 -1.17331308
-48.83970069 -1.22653981
-48.82902951 -1.2765626
-48.80404395 -1.32694712
-48.83360287 -1.39004404
-48.92892005 -1.48228647
-48.98591916 -1.50466237
-49.03849993 -1.51406748
-49.08686907 -1.50512746
-49.17270362 -1.41257497
-49.18169532 -1.48497365
-49.20479468 -1.5589743
-49.23396603 -1.5995403
-49.34483782 -1.59525115
-49.40659115 -1.55556365
-49.50666256 -1.51158701
-49.52565365 -1.63049448
-49.58789792 -1.71240163
-49.65055559 -1.73813649
-49.74879249 -1.75539642
-49.8051198 -1.79022633
-49.9113407 -1.76299285
-50.00999101 -1.70847422
-50.06574988 -1.70382334
-50.10928728 -1.74785166
-50.33842058 -1.75596486
-50.44347877 -1.80071665
-50.50760922 -1.78800425
-50.6020479 -1.69777719
-50.61716326 -1.6376775
-50.67338721 -1.51603118
-50.72384925 -1.37144052
-50.75979021 -1.24028574
-50.72950782 -1.12680429
-50.66832292 -1.130525
-50.59592424 -1.14742319
-50.58052466 -1.13941334
-50.57695899 -1.10308481
-50.59292701 -1.07295745
-50.70961239 -1.07771168
-50.78330299 -1.01037729
-50.79611874 -0.90630096
-50.78097755 -0.68982838
-50.77136573 -0.64538665
-50.719896 -0.58342661
-50.70307532 -0.52849456
-50.71581356 -0.47025522
-50.69369605 -0.36442189
-50.64548194 -0.27285125
-50.46156552 -0.1574061
-50.24824521 -0.11637501
-49.62864478 -0.22918467

-50.65287167 -0.13161956
-50.92634335 -0.32736989
-51.01899919 -0.26308441
-51.0380678 -0.22587737
-51.02235816 -0.18836028
-51.02571713 -0.17234059
-50.995073 -0.10526458
-50.84221412 -0.0501775
-50.76526791 -0.04087575
-50.66700517 -0.05803232
-50.65057207 -0.1058847
-50.65287167 -0.13161956

-49.44390154 -0.11239593
-49.70884661 -0.14371185
-49.83007952 -0.09389577
-49.80269101 -0.05183115
-49.71230893 0.01514151
-49.60218645 0.06268382
-49.50348446 0.08366446
-49.40049333 0.05720612
-49.37230384 0.00108552
-49.38088213 -0.0554485
-49.44390154 -0.11239593

-49.73822466 0.26814932
-49.69727108 0.21595612
-49.83896786 0.00687328
-49.91707679 -0.02320241
-50.00247209 -0.02930023
-50.11313717 0.03302155
-50.28560727 0.02857738
-50.33945411 0.04335684
-50.34513852 0.13446239
-50.27266232 0.23171743
-50.12799415 0.22649811
-49.8790171 0.30452953
-49.73822466 0.26814932

-50.42614132 0.1392683
-50.44394385 -0.0076478
-50.62393287 0.05441559
-50.61044532 0.20479401
-50.52621273 0.24691031
-50.45159197 0.32690542
-50.42606381 0.42493561
-50.42456519 0.55826081
-50.39686662 0.58141185
-50.37273373 0.59086864
-50.35097795 0.58172191
-50.34252886 0.38157909
-50.33227108 0.25905427
-50.42614132 0.1392683

-50.15290219 0.39299958
-50.26131934 0.35920319
-50.28155067 0.39082917
-50.2817057 0.51650625
-50.25119076 0.58544261
-50.11280128 0.60471792
-50.0986161 0.62502676
-50.05882524 0.63804922
-50.03681108 0.59484772
-50.04004086 0.52281078
-50.15290219 0.39299958

-50.29899146 1.93853832
-50.39877865 1.89285635
-50.45608782 1.91047801
-50.50900448 2.02954051
-50.49102108 2.12860423
-50.41875159 2.16147045
-50.36265683 2.15444245
-50.34198625 2.14173005
-50.29206682 1.9795694
-50.29899146 1.93853832

-60.24166623 5.25797394
-60.18172156 5.23880199
-60.14203406 5.23880199
-60.10596391 5.19423107
-60.07808448 5.14400157
-59.99067379 5.08284252
-59.99938127 4.98985078
-60.01547848 4.90750438
-60.02674394 4.81270397
-60.0317824 4.74051199
-60.06896359 4.66666637
-60.12456743 4.59765249
-60.14092302 4.56964387
-60.14864865 4.53323782
-60.1111574 4.51119782
-60.04501156 4.50458324
-59.96235511 4.50168936
-59.90610531 4.48032115
-59.8333449 4.47592866
-59.74580502 4.41665579
-59.70327532 4.3811024
-59.69970964 4.35353303
-59.72748572 4.28764558
-59.73854448 4.22677074
-59.71689206 4.18816844
-59.69120887 4.16039236
-59.62020545 4.02316559
-59.58640906 3.97541657
-59.55775448 3.95999116
-59.5511399 3.93353282
-59.57540198 3.88345836
-59.60444414 3.8196638
-59.6702024 3.75271699
-59.67901323 3.69980032
-59.73161984 3.66654654
-59.85440304 3.58748159
-59.83306068 3.46214041
-59.82882321 3.3985784
-59.83114865 3.3492274
-59.8730324 3.28308157
-59.94566362 3.08782217
-59.97230282 2.99046377
-59.99591895 2.76541291
-59.99431698 2.68999116
-59.96077898 2.58836945
-59.88964637 2.36295685
-59.84913205 2.32704173
-59.75521013 2.27412507
-59.74350542 2.12162792
-59.75177365 1.96238699
-59.75619198 1.90063365
-59.74074073 1.87417532
-59.69854692 1.86146292
-59.66852292 1.84234264
-59.66376868 1.79523957
-59.66661089 1.74630199
-59.59661516 1.71803498
-59.53568865 1.6999999
-59.47943885 1.63240713
-59.37768795 1.52734894
-59.33725115 1.50817699
-59.31696815 1.46461376
-59.23118527 1.37601451
-59.10039222 1.34366507
-58.96851396 1.30457184
-58.91663083 1.24886465
-58.8625256 1.2035961
-58.8217529 1.20121898
-58.78723304 1.20850536
-58.73033729 1.24752106
-58.68460364 1.28105907
-58.60507362 1.27914704
-58.51187517 1.28467642
-58.49567461 1.31227163
-58.48686378 1.34777334
-58.50606157 1.43864635
-58.47296282 1.4662674
-58.39578406 1.48171865
-58.38035865 1.53021699
-58.36271115 1.55667532
-58.34067115 1.58755199
-58.31421282 1.59194448
-58.2811399 1.57432282
-58.23041948 1.5632899
-58.17308448 1.54786449
-58.14223365 1.51698782
-58.09133236 1.51437816
-58.03466916 1.52024344
-58.0117765 1.53995799
-57.99513668 1.57432282
-57.98283769 1.64842683
-57.94635413 1.65059724
-57.87341285 1.66726288
-57.79566566 1.70002574
-57.69174435 1.70480581
-57.59441179 1.70410818
-57.54575843 1.72607066
-57.5004382 1.77381969
-57.41271745 1.90892772
-57.36677711 1.94014029
-57.31750363 1.96347219
-57.2755682 1.95923473
-57.18960446 1.98161062
-57.1189111 2.01396007
-57.09268531 2.00582103
-57.03759823 1.93647126
-57.01002886 1.92125255
-56.96954037 1.91639497
-56.83673194 1.88122915
-56.76624529 1.89218456
-56.68981584 1.91430207
-56.61646115 1.92267365
-56.56354448 1.90724824
-56.52551063 1.92727285
-56.48280006 1.94212983
-56.45280189 1.93233714
-56.38585507 1.92386221
-56.22713091 1.88536327
-56.01990841 1.84223928
-55.96332272 1.85709626
-55.92962969 1.88750784
-55.92161984 1.97667552
-55.91531531 2.0395399
-55.96197913 2.09514374
-56.02006344 2.15816315
-56.0736519 2.23676301
-56.137679 2.25903555
-56.12941077 2.2994982
-56.08778541 2.34130443
-56.04510067 2.36440379
-56.02034766 2.39277416
-55.99350176 2.49752228
-55.97559587 2.51597077
-55.95748328 2.52046662
-55.93593421 2.51659089
-55.8937404 2.4894866
-55.73057207 2.40615835
-55.65894853 2.4187674
-55.3853735 2.44062653
-55.34398068 2.48878897
-55.2860514 2.49964102
-55.18771115 2.54749339
-55.14885047 2.55080069
-55.11412391 2.53922517
-55.07030229 2.54832022
-55.00581011 2.59296865
-54.97867998 2.59767121
-54.96839637 2.54834606
-54.92659014 2.49734142
-54.87607642 2.45039338
-54.85168515 2.43956717
-54.76683244 2.4547342
-54.72220985 2.44166006
-54.70293454 2.3979418
-54.69740516 2.35980459
-54.66185177 2.3275585
-54.61627316 2.32678335
-54.5919594 2.31376089
-54.5505149 2.29309032
-54.5150907 2.24544465
-54.43308021 2.20751415
-54.29303708 2.15423574
-54.22797645 2.15330557
-54.16738583 2.13707917
-54.13004961 2.12105948
-54.08976783 2.1504892
-53.94641741 2.23255138
-53.87660255 2.27825918
-53.82952532 2.31293407
-53.79423031 2.34600698
-53.76777198 2.35484365
-53.75015032 2.3349999
-53.73469906 2.30854157
-53.68366859 2.29293529
-53.56398597 2.26192943
-53.50900224 2.25314444
-53.43182349 2.27944774
-53.36598772 2.32419953
-53.33443926 2.33975414
-53.28550168 2.29520905
-53.25219621 2.23226716
-53.22979448 2.20490449
-53.18005591 2.2113382
-53.08225827 2.20172639
-53.00973039 2.18172761
-52.96484941 2.18356212
-52.90345781 2.21151907
-52.87038489 2.26665782
-52.78341346 2.31717154
-52.70062781 2.36365449
-52.65318885 2.42574372
-52.58301225 2.52888988
-52.55949948 2.5731249
-52.55469357 2.64764232
-52.45588823 2.86416657
-52.41839698 2.90385407
-52.39635698 2.97219615
-52.35666948 3.05157115
-52.35666948 3.11771699
-52.32788571 3.18171825
-52.2712225 3.23711538
-52.2294421 3.27168692
-52.16262448 3.36467866
-52.11614153 3.45229605
-51.99948198 3.64688365
-51.99064531 3.70202241
-51.94434323 3.73509532
-51.92891781 3.77697907
-51.87948931 3.82855215
-51.82750281 3.86958324
-51.80528195 3.92994131
-51.76709306 3.9926765
-51.68345476 4.03970205
-51.65255225 4.06127696
-51.55780351 4.23377289
-51.54708065 4.31089997
-51.46153032 4.31379385
-51.32709408 4.22475536
-51.21991716 4.09360057
-51.07628252 3.6716625
-51.05240801 3.2818155
-50.99414283 3.07753856
-50.82720211 2.65187979
-50.81653093 2.57302155
-50.78971086 2.47778189
-50.73697506 2.37675446
-50.67876156 2.21035635
-50.67659115 2.17945384
-50.7144183 2.13403026
-50.65894365 2.13098135
-50.60868832 2.10410961
-50.57589962 1.99858633
-50.53442929 1.92727285
-50.45890418 1.8296044
-50.3042883 1.79766836
-50.18757707 1.78598949
-50.05471697 1.73069571
-49.95715186 1.65984732
-49.88157508 1.41991364
-49.90622474 1.26901846
-49.89888668 1.16297842
-49.93792823 1.12143057
-50.04722388 1.05197744
-50.0709692 1.01508047
-50.29444394 0.83576325
-50.34327816 0.7510139
-50.46296078 0.63732575
-50.58155819 0.42049144
-50.75506181 0.22257071
-50.81635006 0.17254792
-50.91016863 0.1609724
-50.96706438 0.1302766
-51.10193987 -0.03126393
-51.28291073 -0.08521413
-51.29957638 -0.17885182
-51.40414364 -0.3926889
-51.49628272 -0.50947763
-51.55501299 -0.54916513
-51.70265255 -0.76227874
-51.72154029 -0.85550302
-51.72058428 -1.01849049
-51.81915707 -1.1178126
-51.92163144 -1.18085784
-51.93444719 -1.32033253
-51.98080095 -1.36792653
-52.02046261 -1.39903574
-52.22926124 -1.36244883
-52.5534275 -1.51406748
-52.66417009 -1.55179127
-52.31028988 -1.55959441
-52.19667925 -1.64015797
-51.94754717 -1.58672454
-51.6462994 -1.39438486
-51.53119015 -1.35407724
-51.2973543 -1.22354258
-51.20232134 -1.13651946
-51.02897274 -1.03213307
-50.99204993 -0.98634775
-50.89494992 -0.9375652
-50.84226579 -0.99957692
-50.83815752 -1.03885101
-50.91784258 -1.11528045
-50.89719784 -1.16447641
-50.84459123 -1.22622975
-50.82554847 -1.31144419
-50.8186755 -1.37629811
-50.78614519 -1.48998626
-50.67896827 -1.64387868
-50.67529924 -1.69472829
-50.69005286 -1.76175262
-50.63878984 -1.8170464
-50.58558896 -1.84986094
-50.40322283 -2.0154839
-50.26046668 -1.92293141
-50.1727201 -1.89616302
-50.11657366 -1.85750905
-49.99921648 -1.83187754
-49.90299496 -1.87063486
-49.71954363 -1.92639373
-49.58533993 -1.86722422
-49.31365109 -1.73172861
-49.39863298 -1.97155893
-49.46015377 -2.19154551
-49.50697262 -2.28022226
-49.55337806 -2.51989756
-49.59929257 -2.58387298
-49.6364996 -2.65689178
-49.57588314 -2.6314153
-49.52394833 -2.59689544
-49.45749244 -2.50460133
-49.40765052 -2.34430104
-49.21102169 -1.91652353
-49.1547719 -1.87848968
-48.99131934 -1.82981048
-48.70999285 -1.4877125
-48.59997372 -1.48874603
-48.52959042 -1.56750091
-48.46292782 -1.6140097
-48.44584876 -1.520372
-48.34980811 -1.48213144
-48.45145565 -1.43582936
-48.46804379 -1.39381642
-48.47775896 -1.32384653
-48.40856422 -1.22922698
-48.44977617 -1.14545949
-48.30650326 -1.03983286
-48.31758786 -0.96050954
-48.26645403 -0.89508717
-48.20175513 -0.82795949
-48.12847795 -0.7952483
-48.11509376 -0.73752573
-48.06881751 -0.71365122
-48.03256649 -0.70512461
-47.96091712 -0.76961679
-47.88342831 -0.69334238
-47.80767066 -0.6634734
-47.77374508 -0.67680592
-47.7314996 -0.71044728
-47.68713538 -0.72476165
-47.65109107 -0.71876719
-47.55729835 -0.66993296
-47.47071448 -0.74853281
-47.41865048 -0.76594777
-47.43291317 -0.72186777
-47.46032752 -0.68094004
-47.43906267 -0.64760874
-47.39808326 -0.62662811
-47.26860796 -0.64538665
-47.20052426 -0.68042327
-47.12691118 -0.74538055
-47.02461768 -0.75023813
-46.94431251 -0.74336517
-46.89364376 -0.77984873
-46.81121986 -0.77964202
-46.76993039 -0.8364861
-46.64440833 -0.91642954
-46.61725237 -0.97063812
-46.51632829 -0.99683807
-46.42173459 -1.03006601
-46.32083635 -1.03916107
-46.21911129 -1.03120289
-46.21497718 -1.09977752
-46.14038225 -1.11838104
-46.04459998 -1.10303314
-45.97227882 -1.18742075
-45.77882809 -1.25082773
-45.64477943 -1.3478244
-45.55690365 -1.33061614
-45.45861508 -1.35624765
-45.35301429 -1.56739756
-45.32916562 -1.71731089
-45.28211422 -1.69658864
-45.23857683 -1.62951263
-45.18206865 -1.50703948
-45.07636451 -1.46642181
-45.02579912 -1.51344736
-44.91975908 -1.58889495
-44.82836931 -1.6716806
-44.78987037 -1.72480397
-44.72114071 -1.73353729
-44.77852739 -1.7988563
-44.72093401 -1.79224171
-44.65130001 -1.7457846
-44.59166541 -1.84174774
-44.54678443 -1.94628916
-44.53776689 -2.05269093
-44.58001238 -2.11387583
-44.61727108 -2.15216806
-44.65863807 -2.2275123
-44.70754981 -2.24115488
-44.7563582 -2.26549448
-44.70065101 -2.32037485
-44.66241045 -2.37323984
-44.57900469 -2.23050954
-44.52037777 -2.19035695
-44.4354734 -2.16803273
-44.39129005 -2.26962859
-44.3818591 -2.36548838
-44.52011939 -2.40548594
-44.52063616 -2.48124358
-44.56200314 -2.52423838
-44.58900408 -2.57348602
-44.61078569 -2.67683888
-44.63897519 -2.76246673
-44.7213991 -3.14228851
-44.72305274 -3.20481699
-44.62267127 -3.13784433
-44.43754045 -2.94447112
-44.38116147 -2.73833384
-44.3081685 -2.5351421
-44.22863848 -2.47132171
-44.179365 -2.47116668
-44.10554521 -2.4934909
-44.10135942 -2.56005014
-44.11265072 -2.59854909
-44.19158647 -2.69962819
-44.22517615 -2.75497365
-44.19267168 -2.80959564
-44.01322527 -2.64216399
-43.93289425 -2.58345957
-43.86447466 -2.5954485
-43.72864315 -2.51814056
-43.4551198 -2.50201751
-43.43463009 -2.41365081
-43.38008562 -2.37603037
-43.22968136 -2.3860556
-42.93670183 -2.46501719
-42.8322896 -2.52961273
-42.67586504 -2.58966074
-42.59357032 -2.66107757
-42.24961199 -2.79202565
-41.99985979 -2.80602996
-41.87619809 -2.74655039
-41.72189226 -2.80887217
-41.64016598 -2.87863535
-41.4799432 -2.9164625
-41.31822181 -2.93620289
-41.19456011 -2.88618011
-40.87558733 -2.86964365
-40.47457821 -2.795643
-40.23536801 -2.81321299
-39.96468686 -2.86147877
-39.77183041 -2.98581227
-39.60943722 -3.05629892
-39.51117449 -3.12554534
-39.35268287 -3.19737558
-39.01435727 -3.39023203
-38.89596656 -3.50174977
-38.68621192 -3.65367848
-38.47575965 -3.7174472
-38.36194231 -3.87650726
-38.27187029 -3.94802744
-38.0488348 -4.21643483
-37.79567196 -4.40433034
-37.62632829 -4.59212249
-37.30149024 -4.71304534
-37.17465044 -4.91241302
-36.95487057 -4.93670094
-36.86115536 -4.96656992
-36.74733802 -5.05069915
-36.59070675 -5.097518
-36.38671404 -5.08428883
-36.16176653 -5.0937973
-35.97989132 -5.05441985
-35.5494008 -5.12935068
-35.48167884 -5.16604095
-35.39256283 -5.25089365
-35.23546648 -5.56674
-35.14175127 -5.91720957
-35.09544918 -6.1853069
-34.98816891 -6.39376963
-34.92959368 -6.78506357
-34.87985511 -6.90815683
-34.87600521 -7.00293141
-34.83386308 -7.02442881
-34.80546688 -7.28839202
-34.81657732 -7.3947938
-34.85776343 -7.53333831
-34.86081234 -7.5949883
-34.8547662 -7.63431406
-34.87298214 -7.69208831
-34.87858904 -7.74748545
-34.83693783 -7.87181894
-34.83466407 -7.9714511
-34.89055213 -8.09216725
-34.96664568 -8.40760019
-35.15777096 -8.93056569
-35.34086056 -9.23070241
-35.59709815 -9.54065765
-35.76398719 -9.70250823
-35.83013302 -9.71904469
-35.89080115 -9.68705698
-35.84775469 -9.77247812
-35.88542681 -9.84761566
-36.05495134 -10.07581878
-36.22351986 -10.22506032
-36.39834123 -10.4840626
-36.41159624 -10.48995371
-36.63574276 -10.58989593
-36.76829281 -10.67164804
-36.93776567 -10.82037282
-37.09338925 -11.05477711
-37.12550615 -11.08495615
-37.18284115 -11.06841969
-37.18118751 -11.18748219
-37.31513282 -11.37599782
-37.35600888 -11.40390309
-37.35489783 -11.35046966
-37.33164344 -11.30985198
-37.32079139 -11.26659881
-37.32179908 -11.21512908
-37.35921282 -11.25249114
-37.43848446 -11.39377451
-37.41181942 -11.49723073
-37.46933529 -11.65360361
-37.68872759 -12.09998463
-37.95734168 -12.47546559
-38.01925005 -12.59132415
-38.23975338 -12.84422861
-38.40173316 -12.96618499
-38.44731177 -12.96706349
-38.49891069 -12.95662485
-38.52492978 -12.76226979
-38.65399167 -12.64460255
-38.69096615 -12.62393198
-38.74388282 -12.74852386
-38.78796282 -12.78268198
-38.85178321 -12.79017506
-38.78357032 -12.84443532
-38.76372657 -12.90727386
-38.83315386 -13.03295094
-38.83529843 -13.14715586
-38.95916684 -13.27303965
-39.03089372 -13.36517872
-39.06737729 -13.48046885
-39.08933977 -13.58816253
-39.03492449 -13.55881032
-39.00908627 -13.58149627
-38.9886224 -13.61503427
-39.00123145 -13.66459197
-39.04112566 -13.75812632
-39.03492449 -13.99098032
-39.04815365 -14.04389699
-39.00846615 -14.10120615
-38.96650489 -14.00338266
-38.94232032 -14.03066782
-39.05957414 -14.65476409
-39.01337541 -14.93567718
-38.996193 -15.2537973
-38.94322466 -15.56437265
-38.88526954 -15.84197845
-38.88061866 -15.86430267
-38.96079464 -16.1865569
-39.06324317 -16.50436696
-39.12504818 -16.76357594
-39.16398638 -17.04355885
-39.20287289 -17.17812428
-39.21522356 -17.3157903
-39.17060096 -17.64207529
-39.15398699 -17.70393198
-39.27837216 -17.84945281
-39.41260169 -17.91999114
-39.48678321 -17.99016774
-39.65077837 -18.25237396
-39.73979102 -18.63984385
-39.74196143 -18.84603281
-39.69987098 -19.27784108
-39.73147112 -19.45395436
-39.78332842 -19.57177663
-39.84472002 -19.64908457
-40.00135128 -19.74199879
-40.14167864 -19.96823821
-40.20276018 -20.20605316
-40.29887834 -20.29271453
-40.31856706 -20.42578135
-40.39595252 -20.56944183
-40.59656043 -20.78379567
-40.72706926 -20.8462208
-40.78928769 -20.90606211
-40.82874264 -21.03132578
-40.95452308 -21.23792816
-41.04725644 -21.50571543
-41.02312354 -21.59687265
-41.02159909 -21.61082529
-40.98782854 -21.92026377
-41.0003084 -21.99901865
-41.12249732 -22.08438812
-41.58290849 -22.24365488
-41.70551083 -22.30969736
-41.98042945 -22.58068857
-41.99753435 -22.644664
-41.98611386 -22.73582122
-41.94092282 -22.78832448
-41.98750912 -22.84516855
-42.04236365 -22.94707448
-42.12246212 -22.9408733
-42.58103878 -22.94097666
-42.82926653 -22.9733261
-42.95832842 -22.96712493
-43.01623186 -22.9426303
-43.08113746 -22.90252939
-43.10069699 -22.85007781
-43.06540198 -22.77070281
-43.08627926 -22.72331552
-43.15428545 -22.72517588
-43.22898373 -22.7477068
-43.24192868 -22.79509409
-43.23663184 -22.8288388
-43.20882992 -22.87813812
-43.19358537 -22.93859954
-43.22415198 -22.99120615
-43.36946611 -22.99807912
-43.53278948 -23.04639658
-43.73654965 -23.06660206
-43.89883948 -23.10143198
-43.97382199 -23.05735198
-43.89883948 -23.03528615
-43.79137834 -23.04603484
-43.67595903 -23.00944793
-43.70295997 -22.96629811
-43.86615414 -22.91059092
-44.0474609 -22.94469736
-44.1479974 -23.0110499
-44.3679323 -23.00495208
-44.63726986 -23.05549163
-44.68114315 -23.10696136
-44.67383094 -23.20659352
-44.62112098 -23.22850433
-44.56967709 -23.27397959
-44.61907976 -23.31635426
-44.66721636 -23.33516448
-44.95164344 -23.38146657
-45.21542579 -23.57556325
-45.32539324 -23.59974782
-45.42329424 -23.68532399
-45.43342282 -23.75849782
-45.46429949 -23.80257781
-45.52711219 -23.8047999
-45.66464901 -23.76480234
-45.84313941 -23.76366546
-45.97209795 -23.79549814
-46.63079159 -24.11031097
-46.86728878 -24.23629811
-47.13722063 -24.49312998
-47.59220578 -24.78107106
-47.83113176 -24.95294687
-47.87658118 -24.99749196
-47.91430498 -24.99986907
-47.98918413 -25.03578419
-47.95939267 -25.06539479
-47.90836219 -25.06818532
-47.92936866 -25.16823089
-48.02434994 -25.23675384
-48.20273699 -25.41653615
-48.24242449 -25.40330698
-48.18596798 -25.30982431
-48.27348202 -25.30631032
-48.40249223 -25.27204884
-48.45850949 -25.31070281
-48.42763282 -25.40330698
-48.47613115 -25.44299448
-48.56413612 -25.44743865
-48.64400204 -25.43653493
-48.73174862 -25.36873545
-48.69221615 -25.49151865
-48.50700782 -25.52128428
-48.42985491 -25.5501714
-48.40117449 -25.59735198
-48.54517086 -25.81594329
-48.66575782 -25.84431365
-48.67898699 -25.87516448
-48.61284115 -25.87495778
-48.57633175 -25.9354192
-48.61945574 -26.17943532
-48.67898699 -26.2257374
-48.71376522 -26.22697763
-48.74828508 -26.26868052
-48.70069109 -26.3483139
-48.65159848 -26.40644988
-48.65816138 -26.51910451
-48.67650652 -26.61238047
-48.67772091 -26.70291758
-48.61565752 -26.87810068
-48.59341081 -27.05803802
-48.56837358 -27.12340871
-48.55416256 -27.19596242
-48.59547787 -27.26381357
-48.57199093 -27.37274749
-48.64260678 -27.55790415
-48.60568397 -27.82517466
-48.62077348 -28.07554697
-48.64844621 -28.20721852
-48.69322384 -28.31015797
-48.79727434 -28.44270802
-48.79965146 -28.57525807
-49.02359127 -28.69866139
-49.27130225 -28.87115732
-49.49989295 -29.07538258
-49.74600196 -29.36322031
-50.03334876 -29.80102304
-50.29950823 -30.42579111
-50.61997962 -30.89770029
-50.74813717 -31.06802581
-50.92138241 -31.25840179
-51.15178179 -31.48040374
-51.46039344 -31.70240569
-51.79812476 -31.90032643
-51.9201845 -31.98951995
-52.03919532 -32.11488698
-52.06893511 -32.06310719
-52.0431744 -31.97753102
-52.05958167 -31.91350392
-52.06322486 -31.83040822
-51.99508948 -31.81506032
-51.89315772 -31.86782195
-51.84122291 -31.83206186
-51.80344744 -31.79666351
-51.68063839 -31.77464935
-51.44620826 -31.55729827
-51.27216203 -31.4769931
-51.17433855 -31.33974049
-51.15754371 -31.26677337
-51.16141944 -31.11887542
-51.10597063 -31.08135833
-50.98008684 -31.09427744
-50.95440365 -31.05216115
-50.96530738 -31.00549733
-50.94081275 -30.90369476
-50.77015133 -30.81336435
-50.68930355 -30.70422373
-50.71627865 -30.42599782
-50.68504025 -30.41349212
-50.61486365 -30.45684865
-50.58191993 -30.43881357
-50.54652157 -30.31685719
-50.56352312 -30.25360524
-50.64620541 -30.2368104
-50.93187273 -30.37432138
-51.02496782 -30.36863698
-51.04039324 -30.26063323
-51.17929949 -30.21102386
-51.23361142 -30.12136525
-51.24986365 -30.05997365
-51.29805193 -30.0348589
-51.29500302 -30.14105397
-51.28179969 -30.24409678
-51.15725949 -30.36424448
-51.18754188 -30.41194183
-51.24655636 -30.46759734
-51.28771664 -30.59125905
-51.28306576 -30.75155934
-51.31639706 -30.70272511
-51.35910763 -30.67450978
-51.37647091 -30.84685068
-51.45912737 -30.91278981
-51.48527564 -30.97759205
-51.46367489 -31.05262623
-51.50628211 -31.10450937
-51.71688941 -31.24372568
-51.92679908 -31.33891367
-51.97248105 -31.38376881
-51.99485694 -31.48996388
-52.026948 -31.59900115
-52.11983639 -31.69496429
-52.19352698 -31.88554697
-52.19156328 -31.96760914
-52.16706865 -32.08842864
-52.12738115 -32.16780364
-52.19019385 -32.22082366
-52.27458147 -32.32376312
-52.34165748 -32.43972503
-52.50852068 -32.875254
-52.65223284 -33.13777028
-52.76287208 -33.26644459
-52.92084693 -33.4019402
-53.37061276 -33.74217783
-53.39753618 -33.73732025
-53.46355282 -33.70988006
-53.51884661 -33.67722055
-53.53132646 -33.65546478
-53.53763099 -33.62285695
-53.53039629 -33.50033213
-53.5313523 -33.17094655
-53.51187029 -33.10872812
-53.48285397 -33.06852386
-53.39523658 -33.01038787
-53.31009966 -32.92703379
-53.21408485 -32.82104542
-53.12556312 -32.73670949
-53.15729245 -32.68012379
-53.23124142 -32.62539845
-53.36275794 -32.58111175
-53.48941688 -32.50318369
-53.60170976 -32.40303476
-53.6535929 -32.29870005
-53.70113522 -32.18630381
-53.74658464 -32.09742034
-53.7617 -32.05680267
-53.80609005 -32.03990447
-53.87652503 -31.99458424
-53.92060503 -31.95231292
-53.98514889 -31.92812835
-54.10043901 -31.90151499
-54.22056088 -31.85516123
-54.36993161 -31.74503875
-54.47770281 -31.62277231
-54.53090369 -31.54200205
-54.58764442 -31.48515797
-54.89599769 -31.39121022
-55.03604082 -31.27896901
-55.09115373 -31.31400563
-55.17355181 -31.27958913
-55.25463213 -31.22563893
-55.27897173 -31.18414275
-55.31328488 -31.14166473
-55.34553097 -31.09298553
-55.36607235 -31.04621836
-55.44955563 -30.96441456
-55.55735267 -30.87594451
-55.6030088 -30.85077809
-55.62714169 -30.85811614
-55.6504736 -30.89206756
-55.66522722 -30.92488209
-55.70594825 -30.9465862
-55.75635861 -30.98710052
-55.80777666 -31.03670989
-55.87366411 -31.06962778
-55.95200558 -31.08084157
-56.00471554 -31.0792396
-56.01551592 -31.05965423
-56.01843563 -30.99185475
-55.99897946 -30.83718719
-56.04481645 -30.77760426
-56.10584632 -30.71373219
-56.17617794 -30.6284144
-56.40724911 -30.44749521
-56.7217002 -30.18694264
-56.83272702 -30.10720591
-56.9372426 -30.10105641
-57.03271481 -30.10994476
-57.12051307 -30.14446461
-57.18694312 -30.2648707
-57.21446082 -30.28337086
-57.38385617 -30.28068369
-57.5522955 -30.26120167
-57.60890703 -30.18782114
-57.56387102 -30.13996876
-57.40522437 -30.03392872
-57.31750363 -29.93941253
-57.30070879 -29.85652353
-57.22464108 -29.78210947
-57.08935218 -29.71617034
-56.93861203 -29.59483408
-56.77244646 -29.41789398
-56.67152239 -29.28735931
-56.63583981 -29.20302337
-56.57067583 -29.13806609
-56.4760046 -29.09248748
-56.3932448 -28.99724782
-56.32234473 -28.85245045
-56.22555478 -28.73721201
-56.10287493 -28.65173919
-56.03422279 -28.58083913
-56.01962419 -28.52461517
-55.98492347 -28.48859669
-55.93014645 -28.47288706
-55.90366228 -28.44327646
-55.90541928 -28.39966155
-55.89051063 -28.36999928
-55.85888465 -28.35418629
-55.8060455 -28.35976735
-55.73196733 -28.38663909
-55.68726722 -28.38167816
-55.67197099 -28.34488454
-55.69153052 -28.30281992
-55.74599748 -28.25548431
-55.72550778 -28.20411793
-55.5823899 -28.12097055
-55.47668576 -28.08934458
-55.40981645 -28.03782317
-55.34651282 -27.95591603
-55.2437284 -27.89886525
-55.10151486 -27.86677418
-55.06386858 -27.83592335
-55.06901038 -27.79628753
-55.03991655 -27.76781382
-54.95589067 -27.74714324
-54.91020871 -27.70854095
-54.9027673 -27.65190358
-54.87574053 -27.59924529
-54.82907671 -27.55061777
-54.77709022 -27.53253102
-54.71972938 -27.54493336
-54.6658567 -27.52653655
-54.6154205 -27.47718556
-54.55493323 -27.45413787
-54.48434323 -27.45729013
-54.44811805 -27.44643808
-54.32701433 -27.42349375
-54.26014503 -27.38204925
-54.20523882 -27.28960011
-54.15645626 -27.25378834
-54.11382321 -27.27466562
-54.04013262 -27.24376312
-53.93533281 -27.16118418
-53.91561825 -27.15958221
-53.83815528 -27.12113494
-53.7585219 -26.97835296
-53.71730994 -26.88285491
-53.72712847 -26.80472015
-53.75332842 -26.74859954
-53.74456926 -26.66648569
-53.71813677 -26.44319183
-53.7109279 -26.35182789
-53.66852739 -26.28821421
-53.67126624 -26.22511728
-53.74692054 -26.08373056
-53.82324663 -25.9595521
-53.8642002 -25.74886728
-53.89114946 -25.66887217
-53.95476315 -25.64768483
-54.01230486 -25.57797332
-54.0850136 -25.57192718
-54.1192234 -25.54521046
-54.15457008 -25.52309295
-54.20616899 -25.5295525
-54.25009396 -25.57042856
-54.33187191 -25.57192718
-54.38336748 -25.58861867
-54.44393226 -25.6249472
-54.5014998 -25.60830739
-54.53782834 -25.5764747
-54.61588559 -25.57606129
-54.61056291 -25.43271087
-54.47315528 -25.22021738
-54.43625831 -25.12130869
-54.45408668 -25.06523976
-54.41297807 -24.86747405
-54.3129325 -24.5281666
-54.28099647 -24.30606129
-54.31727332 -24.20126149
-54.31825517 -24.12808766
-54.26691464 -24.06586924
-54.24182573 -24.04726572
-54.37081011 -23.97119801
-54.44026323 -23.90174489
-54.52956011 -23.85213551
-54.62547156 -23.81244801
-54.67177365 -23.82898447
-54.72138302 -23.85213551
-54.81729448 -23.88851572
-54.92643511 -23.95135426
-54.98265906 -23.9745053
-55.08187781 -23.99765635
-55.19432573 -24.0175001
-55.2869299 -24.00427093
-55.3663049 -23.99104176
-55.41591427 -23.95135426
-55.44237261 -23.86536468
-55.44237261 -23.79260426
-55.45890906 -23.68677093
-55.51844031 -23.62723968
-55.53828406 -23.5809376
-55.54159136 -23.52471364
-55.53497677 -23.4618751
-55.51844031 -23.41557301
-55.52836219 -23.35934905
-55.55482052 -23.31966155
-55.54820594 -23.25020843
-55.56143511 -23.15429697
-55.60112261 -23.09476572
-55.62096636 -23.0253126
-55.62096636 -22.95585947
-55.65073198 -22.88640635
-55.65403927 -22.81033864
-55.62758094 -22.74088551
-55.61765906 -22.67143239
-55.64742469 -22.62182301
-55.70364865 -22.59205739
-55.74664344 -22.51268239
-55.75325802 -22.41015635
-55.79956011 -22.35393239
-55.84916948 -22.3076303
-55.90539344 -22.3076303
-55.99138302 -22.28117197
-56.06745073 -22.28447926
-56.18982052 -22.28117197
-56.24604448 -22.26463551
-56.27581011 -22.2282553
-56.35187781 -22.17864593
-56.39487261 -22.09265635
-56.44778927 -22.07611989
-56.52385698 -22.10257822
-56.55031531 -22.13565114
-56.58008094 -22.18195322
-56.63299761 -22.23486989
-56.70245073 -22.2315626
-56.77521115 -22.26132822
-56.84466427 -22.26463551
-56.93726844 -22.2712501
-57.02987261 -22.24479176
-57.14232052 -22.21502614
-57.23823198 -22.19518239
-57.33083615 -22.21502614
-57.39367469 -22.19848968
-57.47635698 -22.1885678
-57.56896115 -22.18195322
-57.64172156 -22.12903655
-57.72109656 -22.09927093
-57.76409136 -22.1091928
-57.82031531 -22.14226572
-57.87984656 -22.13565114
-57.95591427 -22.1091928
-57.9856799 -22.04635426
-57.97906531 -22.00666676
-57.96252886 -21.96697926
-57.93276323 -21.9107553
-57.94929969 -21.85122405
-57.94268511 -21.79830739
-57.92945594 -21.7520053
-57.91622677 -21.69908864
-57.92614865 -21.64947926
-57.92945594 -21.5965626
-57.93607052 -21.54695322
-57.9459924 -21.49403655
-57.9063049 -21.41796885
-57.87323198 -21.3551303
-57.89307573 -21.30221364
-57.88646115 -21.26583343
-57.86000281 -21.20630218
-57.8269299 -21.13354176
-57.83023719 -20.9979428
-57.86000281 -20.9185678
-57.89224891 -20.89707041
-57.90051714 -20.87309254
-57.8848075 -20.84167327
-57.90188656 -20.80942718
-57.90850115 -20.77635426
-57.89142209 -20.74741546
-57.91511573 -20.69036468
-57.96252886 -20.67382822
-57.97906531 -20.65729176
-57.99560177 -20.59445322
-58.00883094 -20.5216928
-58.00221636 -20.46546885
-58.0253674 -20.41585947
-58.05844031 -20.38609385
-58.09151323 -20.33317718
-58.12458615 -20.29348968
-58.13781531 -20.23726572
-58.1597778 -20.16460866
-58.09373532 -20.15106943
-58.06761288 -20.11040008
-58.02115577 -20.05520965
-57.96017758 -20.04074025
-57.88759803 -20.02037973
-57.86072628 -19.97960703
-58.02991492 -19.83274261
-58.13151079 -19.74458261
-58.07200538 -19.62526173
-57.97167558 -19.42418873
-57.87452389 -19.22952361
-57.80041989 -19.08095387
-57.7814288 -19.05346201
-57.71680742 -19.0440569
-57.72858965 -18.96742075
-57.73083757 -18.91719126
-57.78308244 -18.91429738
-57.7249723 -18.73317148
-57.63913774 -18.4750477
-57.57402544 -18.2792457
-57.55309648 -18.24653452
-57.50617428 -18.23728444
-57.49565813 -18.21459848
-57.55206295 -18.18312754
-57.58647946 -18.1222527
-57.66166867 -17.94737965
-57.78018856 -17.67173756
-57.78889604 -17.57303558
-57.83245928 -17.51205739
-57.90503883 -17.53236622
-57.99089922 -17.51288421
-58.20556312 -17.36312591
-58.34775082 -17.28209726
-58.39601661 -17.23424489
-58.41738481 -17.08055918
-58.45981116 -16.91069874
-58.47810462 -16.70068572
-58.4705857 -16.65024953
-58.35036048 -16.49082773
-58.35079973 -16.41026417
-58.34059363 -16.33993255
-58.34563209 -16.28432871
-58.37539771 -16.28355356
-58.4236635 -16.30794484
-58.49655311 -16.32665171
-58.53794593 -16.32825368
-58.95727434 -16.31321583
-59.43429949 -16.29600758
-59.83114865 -16.28174489
-60.17557207 -16.26934254
-60.18719927 -16.13208994
-60.2066296 -15.90197479
-60.22042721 -15.73867726
-60.24233802 -15.47957163
-60.38046912 -15.31828948
-60.53045997 -15.14320973
-60.58322161 -15.09835459
-60.4020182 -15.09277353
-60.27336972 -15.08874277
-60.29887204 -14.61859059
-60.33804277 -14.57053151
-60.37271766 -14.41870615
-60.39625627 -14.33276824
-60.46012834 -14.26310841
-60.47464942 -14.18471526
-60.46299639 -14.13247039
-60.42806312 -14.10001759
-60.40496375 -14.01919565
-60.42235287 -13.9379603
-60.46012834 -13.86240936
-60.50658546 -13.78985565
-60.59533973 -13.74531056
-60.7223604 -13.66433359
-60.91451921 -13.56139414
-61.07698992 -13.4897706
-61.12915727 -13.4985556
-61.41606483 -13.52651255
-61.51156287 -13.54124033
-61.57569333 -13.52480722
-61.78991798 -13.52563405
-61.87412472 -13.47044362
-61.94471473 -13.40620981
-62.09475725 -13.24203379
-62.11801164 -13.15981658
-62.17607012 -13.13366831
-62.26392005 -13.14364186
-62.35280351 -13.1323764
-62.52553199 -13.06426686
-62.68707252 -12.99434865
-62.76546566 -12.99724253
-62.83515133 -12.95367929
-62.95793454 -12.84701914
-63.01519202 -12.80557464
-63.0413403 -12.75043589
-63.06746273 -12.66914886
-63.11681373 -12.65168222
-63.1806858 -12.6662033
-63.24975135 -12.70790618
-63.3466705 -12.68010426
-63.46524207 -12.60517344
-63.54190406 -12.54672739
-63.585674 -12.51897715
-63.68858761 -12.47799774
-63.78811642 -12.46947112
-63.93854652 -12.52972584
-64.06163978 -12.50507619
-64.25503883 -12.48326873
-64.4205326 -12.4397055
-64.48078732 -12.3261207
-64.51342099 -12.25098317
-64.61165788 -12.20390594
-64.69002519 -12.14649342
-64.78345618 -12.05936696
-64.8299133 -12.0303248
-64.91435259 -12.0059852
-64.99251319 -11.97518605
-65.00122067 -11.91999562
-65.03026282 -11.84739023
-65.03713579 -11.82940683
-65.090285 -11.74124684
-65.1151672 -11.73504567
-65.14265906 -11.75235727
-65.16338131 -11.76512135
-65.18573137 -11.74951507
-65.18973629 -11.71008595
-65.17537025 -11.64688567
-65.20619524 -11.58053314
-65.28226295 -11.51108001
-65.32202796 -11.43914642
-65.32546444 -11.36478403
-65.34238848 -11.3150713
-65.37282589 -11.28990488
-65.38987912 -11.24628997
-65.39359982 -11.18427825
-65.37155982 -11.11038095
-65.32378496 -11.02475311
-65.33401689 -10.89282317
-65.4023073 -10.71474619
-65.44000526 -10.5862269
-65.4471366 -10.50742034
-65.43690467 -10.44902597
-65.39546017 -10.39228525
-65.3130621 -10.25306894
-65.2985927 -10.14677052
-65.32456011 -10.02698455
-65.32812578 -9.93556894
-65.30931556 -9.87262705
-65.33789263 -9.79025482
-65.39613196 -9.71243011
-65.43677548 -9.71041473
-65.49199175 -9.73175709
-65.55870602 -9.79748952
-65.63709917 -9.80911671
-65.70678484 -9.76849904
-65.92467851 -9.78544891
-66.26357256 -9.82606658
-66.39922319 -9.86818288
-66.47893409 -9.88616627
-66.57533647 -9.8999122
-66.73000404 -9.97546315
-67.11153113 -10.26893361
-67.19046689 -10.31146331
-67.28048723 -10.31725107
-67.3327321 -10.35792042
-67.41693885 -10.38985646
-67.58243262 -10.5059734
-67.66663937 -10.59888763
-67.72180396 -10.68306854
-67.78567603 -10.68601409
-67.83502703 -10.6627597
-67.99168413 -10.6743869
-68.07165341 -10.70311899
-68.15865068 -10.78502614
-68.26657691 -10.93313079
-68.311122 -10.97519541
-68.39799008 -11.01870696
-68.49831987 -11.05477711
-68.62262753 -11.10914072
-68.67836056 -11.11275807
-68.72750485 -11.12242156
-68.7699312 -11.09766855
-68.78409054 -11.04459686
-68.84832435 -11.0111622
-69.00164832 -10.99431569
-69.22850786 -10.95566172
-69.46255042 -10.94811696
-69.57861569 -10.95178598
-69.67403622 -10.95405975
-69.83978838 -10.93344085
-69.96037533 -10.92987518
-70.06628618 -10.98243011
-70.22007524 -11.04764577
-70.29038103 -11.0642339
-70.34200578 -11.06671437
-70.39228695 -11.05854949
-70.45086219 -11.02480478
-70.53326026 -10.94687672
-70.59653805 -10.97684905
-70.64232337 -11.01028371
-70.64154822 -10.84083668
-70.64035967 -10.58607187
-70.63932614 -10.36127939
-70.63852515 -10.18154876
-70.63759498 -9.97174245
-70.63692318 -9.82374114
-70.5937992 -9.76746551
-70.56723751 -9.70462697
-70.59917355 -9.62049774
-70.59224891 -9.54349985
-70.57015723 -9.48980804
-70.54111508 -9.43751149
-70.60790687 -9.46371144
-70.63692318 -9.47823252
-70.67245073 -9.51792002
-70.75851783 -9.57171518
-70.81626624 -9.62530364
-70.88453081 -9.66902191
-70.97075294 -9.76570851
-71.04173052 -9.81872853
-71.11526608 -9.85247324
-71.23794593 -9.96600636
-71.3394126 -9.98858896
-71.60800086 -10.00600392
-71.88744117 -10.00553883
-72.14295529 -10.0051771
-72.18160926 -10.00373016
-72.17910295 -9.91014414
-72.17287594 -9.84404998
-72.25997657 -9.77433847
-72.26584184 -9.68845224
-72.28901872 -9.62917938
-72.31806088 -9.55662566
-72.37903907 -9.51016855
-72.46477027 -9.49218515
-72.6054852 -9.45208424
-72.81428382 -9.41038136
-73.01378069 -9.40738413
-73.20942766 -9.41141489
-73.0898484 -9.26573903
-72.97034665 -9.12016652
-72.97404151 -8.99314585
-73.07049557 -8.88276499
-73.12253374 -8.81408701
-73.2030973 -8.71936411
-73.3024194 -8.6540451
-73.35673133 -8.56697031
-73.35169288 -8.514157
-73.36040036 -8.47932708
-73.39814999 -8.45901824
-73.43589962 -8.42708221
-73.4881445 -8.39220062
-73.54912269 -8.34579518
-73.54912269 -8.29933807
-73.57235124 -8.2499354
-73.61010088 -8.19190276
-73.61010088 -8.14544565
-73.64493079 -8.07284026
-73.68268043 -8.02059539
-73.72043006 -7.98576548
-73.77559465 -7.93641448
-73.77270077 -7.89574513
-73.73203142 -7.87543629
-73.71461646 -7.82897918
-73.72043006 -7.78252207
-73.76688717 -7.75347991
-73.82205176 -7.73895884
-73.89463131 -7.65477793
-73.94690203 -7.61121469
-73.98173194 -7.58506642
-74.00206662 -7.55602427
-73.98173194 -7.53571543
-73.95850338 -7.50667327
-73.95268979 -7.46021616
-73.96431698 -7.4167046
-73.96431698 -7.37892913
-73.92946123 -7.36730193
-73.89173743 -7.37314137
-73.8539878 -7.34988698
-73.80463681 -7.34120534
-73.74947222 -7.3353659
-73.72043006 -7.3092693
-73.72332394 -7.26281219
-73.75817969 -7.17279184
-73.79300961 -7.13506805
-73.80463681 -7.07987762
-73.77624061 -6.9735792
-73.75810218 -6.90572804
-73.69451433 -6.83374277
-73.49987505 -6.67948862
-73.32551876 -6.57474049
-73.24030433 -6.56409515
-73.17746579 -6.52523447
-73.13736487 -6.46580657
-73.12630612 -6.40090097
-73.13534949 -6.34431528
-73.16772478 -6.26065114
-73.20650794 -6.15647145
-73.2355501 -6.09843882
-73.20940182 -6.02872731
-73.16291887 -5.93338429
-73.06809262 -5.78956878
-72.97985511 -5.63484954
-72.97024329 -5.58968434
-72.95892615 -5.49521982
-72.91828264 -5.30251841
-72.89577755 -5.19828704
-72.90745643 -5.15766937
-72.88707008 -5.12278777
-72.83190548 -5.09374562
-72.69873532 -5.06723561
-72.60835324 -5.00956471
-72.46900774 -4.90125091
-72.35283912 -4.78601247
-72.25679847 -4.74890879
-72.08249386 -4.64230031
-71.98244829 -4.57460418
-71.94314836 -4.55331349
-71.84475644 -4.50437591
-71.66835893 -4.48732269
-71.52133948 -4.4697527
-71.43826962 -4.43760996
-71.31680417 -4.42432912
-71.23500037 -4.38820729
-71.14425656 -4.38717376
-70.97369849 -4.35048349
-70.91564002 -4.29529306
-70.86603065 -4.22956064
-70.79949724 -4.17333668
-70.72156918 -4.15891896
-70.63457191 -4.1686858
-70.5306506 -4.1676006
-70.40463762 -4.15013397
-70.34365943 -4.1936972
-70.31691688 -4.2469756
-70.23914385 -4.3011325
-70.18397925 -4.29818694
-70.12881466 -4.28661142
-70.0533154 -4.33306854
-70.0039644 -4.3272291
-69.97202837 -4.3011325
-69.96593055 -4.23596852
-69.94817969 -4.20062184
-69.91105018 -3.99655161
-69.84976193 -3.65987965
-69.79415809 -3.35457529
-69.7326373 -3.01671478
-69.66904945 -2.66764048
-69.60466061 -2.31422536
-69.5518473 -2.02426889
-69.50644955 -1.77493011
-69.47859595 -1.62196787
-69.43492937 -1.42167002
-69.41787615 -1.24566009
-69.40022864 -1.19496551
-69.41144243 -1.1522291
-69.44914039 -1.09156097
-69.44875281 -1.06489593
-69.44433448 -1.02960093
-69.44875281 -0.9987501
-69.48844031 -0.96567718
-69.51929114 -0.94583343
-69.54355323 -0.91715301
-69.55458615 -0.87746551
-69.5744299 -0.83777801
-69.58324073 -0.79586842
-69.61189531 -0.76279551
-69.62073198 -0.7209376
-69.60088823 -0.6812501
-69.59205156 -0.63934051
-69.60088823 -0.59965301
-69.61189531 -0.55335093
-69.63396115 -0.50927093
-69.66747331 -0.48239918
-69.74744259 -0.45253021
-69.82795447 -0.38137176
-69.92278073 -0.31744801
-70.04406531 -0.19616343
-70.07052365 -0.13885426
-70.07093706 0.01855215
-70.06574358 0.18934276
-70.05788876 0.44736319
-70.05388384 0.57862132
-69.9854384 0.58585602
-69.92510617 0.5894217
-69.86206092 0.59846507
-69.80712887 0.60745677
-69.75671851 0.62637035
-69.71889136 0.64977977
-69.67382952 0.665076
-69.63871538 0.65964997
-69.60360124 0.68037222
-69.56486976 0.70021597
-69.52704261 0.71639069
-69.4721364 0.72992992
-69.42079586 0.69840729
-69.39198625 0.66688467
-69.35865495 0.65158845
-69.32713233 0.65515412
-69.30553158 0.65246695
-69.2830265 0.62724885
-69.25419105 0.62544017
-69.21277239 0.62993602
-69.17406674 0.63536205
-69.1560575 0.64254507
-69.15334449 0.65877147
-69.16324053 0.68667674
-69.17675391 0.71282502
-69.16595354 0.75333934
-69.1650492 0.80196686
-69.16324053 0.86408194
-69.19385881 0.89829173
-69.2244771 0.96314566
-69.25871273 1.01539053
-69.31183611 1.05047883
-69.36136797 1.06401805
-69.40278663 1.04236563
-69.44151811 1.03879995
-69.47032772 1.05859203
-69.51714657 1.05947053
-69.56758277 1.06577505
-69.62088701 1.07326813
-69.71700517 1.05910879
-69.75131833 1.0766271
-69.79813717 1.07843578
-69.85216488 1.0595222
-69.85079546 1.30880931
-69.84947771 1.5438854
-69.84857337 1.70875906
-69.79994585 1.70516755
-69.73961361 1.7348815
-69.65003252 1.73945486
-69.58127703 1.77074494
-69.54293311 1.77322541
-69.4701727 1.75790335
-69.39436337 1.72578644
-69.3197426 1.72123892
-69.1242765 1.72129059
-68.91317827 1.72139395
-68.67846391 1.7214973
-68.4434395 1.72160065
-68.23957598 1.72170401
-68.17655657 1.71984365
-68.21327267 1.77454316
-68.25593157 1.84552074
-68.23947262 1.90135712
-68.21838864 1.95763276
-68.19381649 1.98698497
-68.13025448 1.95574657
-68.07707943 1.86011933
-68.03284441 1.78805655
-67.9897721 1.752529
-67.93620948 1.74849824
-67.87554135 1.76059052
-67.81507992 1.79009776
-67.71188209 1.92210521
-67.60922685 2.03506989
-67.55605181 2.07300039
-67.49964698 2.10790782
-67.45776323 2.12113699
-67.40042823 2.11671865
-67.3519299 2.08584199
-67.32061398 2.03207266
-67.20581479 1.84482311
-67.11923092 1.70359142
-67.09013709 1.61558645
-67.08827674 1.40061249
-67.09365109 1.21000397
-67.08228227 1.18540599
-67.06525489 1.178378
-66.87604163 1.22302643
-66.61905473 0.99213614
-66.4292472 0.82165559
-66.34713335 0.76718863
-66.30165809 0.75194408
-66.19122555 0.76326122
-66.06007077 0.78532705
-65.99635373 0.80977001
-65.92586707 0.86315176
-65.81130042 0.93725576
-65.71810198 0.97802847
-65.68143755 0.98345449
-65.6446956 0.97038036
-65.5659924 0.92609365
-65.52299761 0.84341136
-65.56268511 0.7474999
-65.55607052 0.68796865
-65.47338823 0.69127595
-65.4072424 0.7904947
-65.3608628 0.86862946
-65.26399533 0.93188142
-65.16963416 1.02221182
-65.10374671 1.10809805
-65.02654212 1.15843089
-64.91011512 1.21971914
-64.8179502 1.25713288
-64.73157305 1.25330882
-64.66744259 1.29382315
-64.58434689 1.36989086
-64.52628842 1.43102407
-64.48605832 1.45277985
-64.40513302 1.44688874
-64.30420895 1.45528616
-64.20504188 1.52951935
-64.11484066 1.61928132
-64.06703996 1.7705124
-64.03546566 1.90443187
-64.0085164 1.93158784
-63.97580522 1.95300772
-63.93715125 1.96701203
-63.84449541 1.97670136
-63.6821539 2.04811819
-63.57024858 2.12049103
-63.46389848 2.1360198
-63.43250505 2.15555349
-63.3939286 2.22250031
-63.37485999 2.34042593
-63.38925188 2.41192027
-63.58461463 2.43393443
-63.71256548 2.43401195
-63.92415463 2.4524346
-64.02489783 2.48189016
-64.04660194 2.50240571
-64.04882402 2.5251175
-64.02869605 2.5760963
-64.00903317 2.67187857
-64.03781694 2.80153474
-64.14354692 3.0048815
-64.21883948 3.20466258
-64.22876136 3.34398225
-64.22705604 3.49123424
-64.22111325 3.58737824
-64.27527015 3.6626708
-64.56791378 3.89981395
-64.66899289 4.01179678
-64.70258257 4.08928559
-64.81787269 4.23227428
-64.78870134 4.27604422
-64.72224545 4.27441641
-64.66550473 4.23713186
-64.61364743 4.15770519
-64.57636288 4.13987682
-64.52553911 4.14000601
-64.25568478 4.14034191
-64.1924845 4.12682852
-64.15429562 4.10016348
-64.12171363 4.06701305
-64.07339617 3.97443472
-64.02148719 3.92911449
-63.91462033 3.93063894
-63.74698198 3.93257681
-63.65293087 3.94084504
-63.5966294 3.9150585
-63.5267887 3.89371613
-63.37979509 3.94286042
-63.33866065 3.94389395
-63.29470985 3.92224152
-63.13621823 3.75643769
-63.04531938 3.68649364
-62.96863156 3.59396699
-62.85698463 3.59345022
-62.76458716 3.67295441
-62.73991167 3.94032827
-62.71210975 4.01792044
-62.66534258 4.03965038
-62.60973874 4.04231171
-62.54395464 4.08432465
-62.47253781 4.13853323
-62.41062944 4.15672333
-62.15309994 4.09838064
-62.0816056 4.12631175
-61.82084632 4.19700511
-61.55424761 4.2878006
-61.47936846 4.40223806
-61.36754066 4.43301138
-61.28010413 4.51690807
-61.20941077 4.5080714
-61.10244056 4.50468659
-61.03626889 4.51931102
-61.00286007 4.53527904
-60.96642819 4.57470816
-60.90625098 4.68679434
-60.83338721 4.72922069
-60.74173906 4.77412751
-60.6791589 4.82709585
-60.62758582 4.89254405
-60.60386634 4.94936229
-60.60448646 4.99457917
-60.63502723 5.08198985
-60.67200172 5.16436209
-60.71197344 5.19156973
-60.74212663 5.20203421
-60.65135698 5.22115449
-60.57640032 5.1924999
-60.45953406 5.18808157
-60.40881365 5.21014741
-60.33520057 5.19929536
-60.24166623 5.25797394

