# British Virgin Is.
# from http://www.rjruss.info/2010/12/free-countries-of-world-in-polygon-kml.html
-64.59367449 18.40285635
-64.67180925 18.39913565
-64.69508948 18.41166718
-64.65098365 18.44254385
-64.56912818 18.44626455
-64.54515032 18.43812552
-64.59367449 18.40285635

-64.39523699 18.46458385
-64.42112688 18.45742666
-64.43802507 18.45900279
-64.44373532 18.47339468
-64.42608782 18.51308218
-64.32467282 18.51750052
-64.39523699 18.46458385

-64.2878792 18.74056184
-64.27359066 18.70712718
-64.28234982 18.70769562
-64.33942644 18.73069164
-64.38340308 18.73260366
-64.40148983 18.73859813
-64.41141171 18.7511555
-64.32309669 18.7527058
-64.2878792 18.74056184

