115.02680871 4.89972708
115.1399801 4.89975292
115.16845381 4.86670584
115.22793338 4.75056306
115.26669071 4.63398102
115.27929976 4.45636913
115.32673872 4.38076651
115.31924564 4.36528941
115.2906169 4.35260285
115.24669193 4.3472285
115.17057254 4.36420421
115.10701053 4.39043
115.05156172 4.58266633
115.02675703 4.6913677
115.02882409 4.82112722
115.02680871 4.89972708
NaN  NaN
115.02680871 4.89972708
114.94474654 4.85624136
114.86454471 4.8017744
114.78423954 4.75482636
114.74672245 4.71808442
114.75989994 4.6664855
114.7792786 4.55300406
114.79013065 4.46391389
114.81829431 4.42877391
114.84025679 4.39322053
114.83111006 4.35451488
114.78351607 4.28074677
114.81043949 4.26650991
114.77617801 4.16881562
114.72501835 4.09654613
114.6540666 4.03766083
114.60833296 4.02399242
114.57174605 4.04905549
114.5122148 4.11354767
114.44710249 4.20356802
114.41656172 4.25583873
114.3229757 4.26281505
114.28959273 4.30418203
114.28762902 4.35474742
114.26101566 4.41425283
114.22411869 4.47786652
114.1688249 4.5269333
114.09513431 4.56525137
114.06381839 4.59269156
114.17797163 4.59096039
114.29941125 4.60716096
114.42436486 4.66038768
114.5446676 4.72456981
114.6459534 4.79813121
114.74083133 4.88099437
114.8406702 4.94636506
114.99538944 5.02238109
115.04768599 5.01636079
115.04706587 4.96243643
115.02680871 4.89972708
NaN  NaN
