28.58531498 43.7422399
28.5618022 43.50132437
28.46537398 43.38928986
28.31964644 43.42685863
28.13371463 43.39559439
28.035116 43.26826366
27.97930545 43.23053986
27.92886926 43.18614981
27.89651981 43.02068187
27.8888717 42.74969066
27.81838504 42.71666942
27.75368615 42.70654084
27.484762 42.4680541
27.63958459 42.4009781
27.70821089 42.34994762
27.82138228 42.2080183
27.9827161 42.04740795
28.01444543 41.96906647
27.8792082 41.98663646
27.83192427 41.98128795
27.80164188 41.95653494
27.73890669 41.96152171
27.66118534 41.96131501
27.57984663 41.93289297
27.53483646 41.92077485
27.47484012 41.94689728
27.36290897 42.02503205
27.29490278 42.07955069
27.24436323 42.09324494
27.1933586 42.07709606
27.01171594 42.05864757
26.96872114 42.02684073
26.88485029 41.99185578
26.80035933 41.97516429
26.67922977 41.96333039
26.6153577 41.96488068
26.57970096 41.94795665
26.54972863 41.89671947
26.52931644 41.84667084
26.51143639 41.82636201
26.36038618 41.80158316
26.32720991 41.77279938
26.31801151 41.7446874
26.32090539 41.71657543
26.20060265 41.74378307
26.10737837 41.72567048
26.08557092 41.70417308
26.06598555 41.6732189
26.07699263 41.64019766
26.11120243 41.60820995
26.14360355 41.52154857
26.15517907 41.43488719
26.13533532 41.38574291
26.06634728 41.35068045
25.92330692 41.31189728
25.78491743 41.33042329
25.72393924 41.31504955
25.62151655 41.31008861
25.52705204 41.299805
25.38194461 41.26435497
25.25115156 41.24352936
25.13338098 41.31577302
24.99354455 41.36496898
24.84688683 41.39421784
24.79583052 41.37290131
24.77371301 41.35608063
24.65103316 41.4199527
24.59599776 41.44274201
24.56928104 41.46739167
24.51822473 41.55255443
24.48794234 41.5552416
24.38675988 41.52353811
24.28940148 41.52503673
24.230387 41.53079865
24.05603071 41.52723298
24.03287967 41.46909699
24.01138228 41.46005362
23.97350345 41.45230215
23.88089929 41.45594534
23.76230187 41.41297639
23.63517785 41.38677643
23.53580407 41.38605296
23.43343306 41.39871369
23.37204146 41.38964448
23.23985314 41.38496776
23.15598229 41.32207754
23.02560265 41.32564322
22.91599694 41.33628856
22.9296912 41.35608063
22.95149865 41.60562613
23.00565555 41.716963
23.00364017 41.73982982
22.9919613 41.7571931
22.94395389 41.77509899
22.90917565 41.83519868
22.83677697 41.99361278
22.79605594 42.02570384
22.68231612 42.0591385
22.58273563 42.10482046
22.49824466 42.16510102
22.34404219 42.31395498
22.4220736 42.32886363
22.44568973 42.35912018
22.52351444 42.44097565
22.53240278 42.48117992
22.52423791 42.50389171
22.47204471 42.54329499
22.43623294 42.62910371
22.46325972 42.7094864
22.46563683 42.75077587
22.43923018 42.79165192
22.46677372 42.84250153
22.52279097 42.87030345
22.55808597 42.87846833
22.70619063 42.88392019
22.79988 42.9857486
22.8568791 43.01825308
22.9152218 43.07597565
22.94230025 43.09705964
22.96798343 43.14201813
22.9768201 43.18801016
22.85961795 43.25234732
22.81967207 43.30071646
22.76753055 43.35414989
22.69694055 43.39104686
22.55462365 43.45450552
22.49912316 43.51884268
22.47411177 43.60224844
22.43628462 43.66550039
22.39484012 43.70663483
22.38688195 43.74012116
22.36962202 43.78128144
22.36538456 43.86210338
22.39907759 43.96953868
22.42083337 44.00744335
22.46904748 44.01803701
22.59741174 44.0752945
22.6034062 44.14857168
22.62655724 44.19409862
22.66748498 44.22019522
22.70510542 44.23779104
22.77517866 44.1952355
22.94540083 44.12728099
23.02849653 44.07798168
23.02446577 44.0472342
22.98539839 44.01700349
22.91129439 43.98718618
22.86829959 43.94788626
22.85641402 43.89902619
22.86767948 43.86455801
22.91904585 43.83445649
23.2246086 43.87388561
23.53456384 43.85357677
23.95076582 43.78665579
24.22676965 43.76347891
24.4305815 43.79438142
24.80818119 43.73841584
25.1596326 43.686326
25.49707971 43.67079723
25.68611209 43.7117508
25.81881717 43.76683788
25.9334355 43.87055248
26.21579553 44.00728832
26.48921553 44.08397614
26.84774662 44.14619457
27.08690514 44.16740774
27.12064986 44.14614289
27.4253341 44.02051748
27.56103641 44.0200524
27.67090051 43.99777985
27.71079471 43.96460358
27.73859663 43.95630952
27.8842725 43.98734121
27.94891971 43.91861156
28.04999881 43.82239004
28.22197798 43.77283234
28.3751986 43.74479788
28.42346439 43.7404829
28.58531498 43.7422399
NaN  NaN
