# Burundi
# from http://www.rjruss.info/2010/12/free-countries-of-world-in-polygon-kml.html
30.55361861 -2.40011159
30.53372318 -2.42625986
30.44199751 -2.6134319
30.42422082 -2.64159555
30.4343494 -2.65885548
30.47336511 -2.69430552
30.45047245 -2.75326832
30.44127404 -2.76908131
30.42401411 -2.82406504
30.4334709 -2.87450123
30.45553674 -2.8932081
30.51506799 -2.9175477
30.60426151 -2.93527272
30.70947473 -2.97723398
30.78027144 -2.98488209
30.79691125 -3.01516448
30.79360396 -3.06932138
30.81112227 -3.11639861
30.81143233 -3.20057952
30.79024499 -3.27458017
30.68177616 -3.30941009
30.62606896 -3.34734059
30.61097945 -3.36635752
30.62462202 -3.38868174
30.6319084 -3.41865407
30.52989912 -3.49244801
30.42504764 -3.58887623
30.40003625 -3.65388519
30.37915897 -3.73077972
30.34846317 -3.77982065
30.2685714 -3.85051401
30.18712935 -3.99288258
30.14713179 -4.0853834
29.94729903 -4.307282
29.76948042 -4.41807627
29.71780399 -4.45585174
29.40319787 -4.44928883
29.37916833 -4.29973724
29.33136763 -4.09540862
29.22326053 -3.91087208
29.21184004 -3.83382252
29.2167493 -3.68494272
29.21716271 -3.47570485
29.21008304 -3.36330861
29.21230513 -3.28129811
29.22605106 -3.13872283
29.22439741 -3.0535084
29.15318729 -2.9552715
29.06471724 -2.85078175
29.01660648 -2.79962208
29.01412601 -2.75828094
29.01438439 -2.72019541
29.02864709 -2.66459157
29.06316695 -2.60252817
29.10202762 -2.59565521
29.19757735 -2.62030486
29.29705448 -2.67301483
29.34976444 -2.79150888
29.39022709 -2.80856211
29.46371097 -2.8083554
29.65139977 -2.7928008
29.69806359 -2.79471282
29.78338138 -2.76639414
29.86818241 -2.71637135
29.89257368 -2.66464324
29.91241743 -2.54862965
29.93019413 -2.33954681
29.9734473 -2.33706634
30.09188968 -2.41153208
30.11731449 -2.41659637
30.1422742 -2.41396087
30.18330529 -2.37701222
30.23384484 -2.34709157
30.2710002 -2.34786671
30.40851118 -2.31298512
30.48220178 -2.37603037
30.52886559 -2.39556406
30.55361861 -2.40011159

