# Cambodia
# from http://www.rjruss.info/2010/12/free-countries-of-world-in-polygon-kml.html
103.31775598 10.71851919
103.28127241 10.67971019
103.2229814 10.75957612
103.22349816 10.78197785
103.31775598 10.71851919

103.04511112 11.28504792
103.02733443 11.27548778
103.01048791 11.27579784
102.99333133 11.29042227
102.99498498 11.34809317
103.00749068 11.38328482
103.03684289 11.38995108
103.04511112 11.28504792

107.53522464 14.64995881
107.4932117 14.54575328
107.44845991 14.45123709
107.36443404 14.36868399
107.36040327 14.30786083
107.3314128 14.12663158
107.34262658 14.06888316
107.36216027 14.0194805
107.38944543 13.99299632
107.4623092 13.81564281
107.52861006 13.65420563
107.59398075 13.52165559
107.60545292 13.43781057
107.54550825 13.22544628
107.47543501 13.03036774
107.48153283 12.9331127
107.51150516 12.83572846
107.54354455 12.70589143
107.55543013 12.53998424
107.53811852 12.43177379
107.50644087 12.36454275
107.44597945 12.29568391
107.39337284 12.26049226
107.33001753 12.31904165
107.27963301 12.3215738
107.21209191 12.30397797
107.15896854 12.27702871
107.05065474 12.17589794
106.93066206 12.07750601
106.76467736 12.05233959
106.7001335 11.97932079
106.63093876 11.96919221
106.49962894 11.96552318
106.41389774 11.94841828
106.41777347 11.91170218
106.41079715 11.73840526
106.41250248 11.69778758
106.39916996 11.68703889
106.33989709 11.68181957
106.23917972 11.70832958
106.10296065 11.75127269
106.00606734 11.75799063
105.95625126 11.68249136
105.92658898 11.65293244
105.88989872 11.64838491
105.85145145 11.63500072
105.83853234 11.60133352
105.83538008 11.55913972
105.8539836 11.48707693
105.86090824 11.37243277
105.85605065 11.294298
105.89165571 11.24484365
106.09949833 11.07867809
106.16088993 11.0371044
106.16791792 11.01232555
106.13153771 10.92196931
106.16399051 10.79494864
106.09887821 10.79727407
105.99015099 10.85179271
105.9381645 10.88517569
105.87522261 10.85851065
105.8533118 10.86357494
105.81073042 10.92605174
105.75512658 10.98997549
105.69776574 10.99405793
105.57653283 10.96891734
105.4527161 10.95142487
105.4057939 10.95163158
105.38646691 10.9400819
105.31468835 10.84517813
105.28425093 10.8614562
105.15950402 10.89757803
105.04571252 10.91137564
105.02230309 10.88685517
105.0361007 10.8093922
105.0611121 10.73378958
105.04638431 10.70167268
104.98385583 10.6619335
104.90127689 10.59025829
104.85053063 10.53447358
104.81544234 10.52077932
104.6896619 10.52325979
104.56429488 10.51594758
104.51406538 10.46334097
104.46698815 10.42236156
104.42637048 10.41125113
104.26240116 10.54126903
103.93714969 10.5866151
103.90180301 10.6439501
103.8704871 10.65511221
103.84051476 10.58054312
103.66192101 10.50894542
103.58709354 10.55219859
103.53221317 10.60462434
103.5404814 10.66870311
103.59205448 10.72105134
103.68083459 10.75856843
103.72186568 10.89013662
103.6542729 11.05870515
103.59505171 11.10774608
103.53241988 11.14665843
103.46668745 11.08397492
103.41129032 10.97674632
103.35361942 10.92155589
103.27217736 10.9092569
103.1528048 10.91370108
103.10650272 11.07379466
103.09110314 11.21109894
103.1074329 11.36778189
103.12551965 11.46067027
103.01059126 11.58864696
103.00418338 11.71060334
102.9486829 11.77349356
102.93235314 11.74168671
102.93390344 11.70667593
102.91809045 11.73210073
102.73660282 12.089805
102.70621708 12.25568635
102.73742964 12.38337881
102.75561974 12.42624441
102.70327152 12.49350129
102.62973596 12.56990489
102.49956302 12.66995047
102.49072635 12.82831289
102.4616842 13.01501984
102.42261682 13.07796174
102.36298221 13.19299348
102.3307878 13.28823314
102.31972904 13.54000072
102.33631717 13.56030956
102.42845625 13.56759593
102.54689863 13.58568268
102.56555383 13.62635204
102.54467655 13.65994172
102.6204342 13.71694082
102.72885135 13.84189444
102.81282556 13.97245494
102.87328698 14.05487885
102.90925378 14.13673432
103.03105513 14.25251537
103.19936527 14.33261384
103.31351851 14.35132071
103.43242598 14.37860586
103.54637251 14.41741486
103.60037438 14.42108389
103.74191613 14.37416169
103.81834557 14.36217276
103.89859907 14.36281871
103.98179813 14.35790945
104.05435184 14.3627412
104.2276746 14.39550406
104.41164269 14.36956249
104.57576704 14.39002635
104.77901045 14.4278535
104.87879764 14.40397899
104.96969649 14.36610017
104.98246057 14.28943818
105.0034412 14.2544274
105.03367191 14.22740062
105.07413456 14.2274523
105.12596602 14.28096324
105.16911584 14.336102
105.18332686 14.34625642
105.18554894 14.31907461
105.20699466 14.25938833
105.24564863 14.20052888
105.28487105 14.16146149
105.35024173 14.10955252
105.39266808 14.10709789
105.53157433 14.15613882
105.739727 14.08498037
105.7640666 14.04906525
105.83150435 13.9766149
105.90447147 13.92452505
106.06683882 13.92116608
106.12471642 14.04911693
106.0967078 14.12709667
106.00415531 14.26290233
105.97888553 14.34302664
106.0083411 14.35718598
106.16523075 14.37235301
106.19075891 14.38811433
106.22538211 14.47622264
106.26791182 14.46619741
106.35498661 14.45477692
106.44697066 14.51503164
106.50143762 14.57820608
106.53115156 14.54939647
106.56370772 14.50505809
106.59920943 14.47940074
106.66545861 14.44128937
106.73821903 14.38772675
106.78348758 14.33512014
106.81991947 14.31468212
106.91319543 14.32938406
106.93805179 14.327317
106.99215702 14.39100821
107.03019087 14.42568309
107.06238529 14.41578705
107.10935917 14.41669139
107.20661421 14.49790091
107.26232141 14.57210826
107.29270715 14.59239126
107.37983361 14.55531342
107.4147152 14.56288402
107.4651514 14.66499665
107.51941166 14.70509756
107.53522464 14.64995881

