-81.36954973 19.3488968
-81.33725196 19.32951813
-81.29650509 19.34137788
-81.28480038 19.36253937
-81.13049455 19.34675222
-81.10713681 19.30517853
-81.22459734 19.30409333
-81.2773073 19.27737661
-81.30371396 19.27189891
-81.40476722 19.27843598
-81.41908159 19.37476085
-81.39102129 19.38491527
-81.36954973 19.3488968
NaN  NaN
-79.97898861 19.70820303
-79.98875546 19.70251862
-80.02076901 19.70685944
-80.09420122 19.66590587
-80.12587887 19.66838634
-80.11611203 19.68267487
-80.10091916 19.69611074
-80.08363339 19.7060843
-80.06756202 19.70993419
-80.01622148 19.7182541
-79.99183021 19.71928762
-79.97508704 19.70993419
-79.97898861 19.70820303
NaN  NaN
-79.82339088 19.71189789
-79.87005469 19.69667919
-79.90620236 19.70251862
-79.82419186 19.74409231
-79.80313371 19.75812246
-79.78517615 19.76564138
-79.76634009 19.76574474
-79.74231055 19.75714061
-79.74231055 19.75088776
-79.82339088 19.71189789
NaN  NaN
