# Chad
# from http://www.rjruss.info/2010/12/free-countries-of-world-in-polygon-kml.html
23.98032474 19.49663972
23.98068648 19.05056875
23.98109989 18.60452363
23.98146162 18.1584785
23.98182336 17.71240754
23.98218509 17.26633657
23.98254683 16.82026561
23.98290856 16.37419465
23.9832703 15.92814952
23.98342533 15.78017406
23.9707646 15.72154715
23.96523522 15.71343395
23.94595991 15.70353791
23.70824833 15.74495657
23.60401696 15.74601594
23.45803104 15.71397655
23.24347049 15.69723338
23.10518436 15.70255606
23.00916955 15.62581656
22.93392866 15.53310904
22.96948205 15.31133963
22.96131717 15.23813996
22.93232669 15.16212393
22.86716271 15.09662405
22.80215376 15.04445669
22.76329308 14.99867137
22.71492394 14.89836742
22.67916385 14.85144522
22.68247114 14.78860668
22.67089562 14.72246084
22.63182824 14.68807018
22.53204105 14.66272289
22.46780724 14.63337067
22.41623417 14.58520824
22.3815076 14.55048168
22.39969771 14.50417959
22.42496748 14.4412377
22.43938521 14.3421223
22.44930708 14.2842447
22.49834802 14.23706411
22.52821699 14.20321605
22.53860396 14.1618749
22.50997521 14.12743256
22.38817386 14.05552481
22.33939131 14.02885977
22.28347741 13.99232453
22.26213504 13.97873363
22.17314823 13.91059825
22.12818973 13.85013683
22.10648563 13.79977814
22.10762251 13.73032502
22.15289107 13.62642955
22.20239709 13.53808869
22.22141402 13.4716328
22.2326278 13.39876903
22.22813195 13.32957429
22.20260379 13.26931957
22.15795536 13.21505931
21.99021366 13.11307587
21.90773807 13.00096385
21.84179894 12.86474478
21.82526249 12.79053742
21.84334924 12.7412381
21.87817915 12.69938019
21.92809859 12.67811534
22.00070397 12.67186249
22.12121341 12.69457429
22.23340295 12.7094571
22.35231042 12.660442
22.41447717 12.54639212
22.39024092 12.46301219
22.43525109 12.31191031
22.47545536 12.12925996
22.47240645 12.06779084
22.4898214 12.04474315
22.56433882 12.03296092
22.58097863 11.99012116
22.55638065 11.66952058
22.59110721 11.5798878
22.64102665 11.51593822
22.69740563 11.4826586
22.75399133 11.43981883
22.78344689 11.40994986
22.84907596 11.4032836
22.9226632 11.34488923
22.94281701 11.26716787
22.93764937 11.19203034
22.89486128 11.0289912
22.86008304 10.9196697
22.81734663 10.92718863
22.73016849 10.95403453
22.62407678 10.97736644
22.49385217 10.99622834
22.36982873 10.95152823
22.23588342 10.89416739
22.19361209 10.8513793
22.15630171 10.82605785
22.0971322 10.83008861
22.04313032 10.82272472
22.01377811 10.78202953
21.96478885 10.73665762
21.771519 10.64281322
21.73069461 10.60870677
21.70651004 10.5747812
21.70651004 10.53791006
21.72614709 10.46163565
21.72578535 10.36655101
21.68268721 10.28983735
21.6327161 10.23826427
21.57576867 10.21854971
21.52801965 10.20782685
21.49685876 10.17570995
21.39603804 10.0013795
21.35242313 9.96915925
21.26384973 9.97458527
21.00944665 9.71323172
20.98417687 9.63625967
20.89105594 9.52717072
20.77323368 9.40567943
20.66812381 9.34713003
20.65964888 9.32449575
20.63143355 9.30134471
20.56688968 9.27493806
20.3420972 9.12709178
20.07270796 9.1331896
19.95354211 9.07515697
19.83773522 9.04934459
19.66839155 9.02089671
19.61749027 9.02358389
19.40029422 9.01159496
19.14552941 9.01598745
19.04786096 8.99500682
18.95629032 8.93888622
18.88828413 8.88974193
18.87836226 8.87317963
18.88859419 8.85250906
18.88601037 8.83605012
19.06419071 8.71543732
19.10868412 8.65613862
19.06388065 8.59882945
19.04243493 8.590277
19.03979943 8.58691804
19.01086063 8.54121023
18.90647424 8.40509451
18.74741418 8.24378653
18.6662305 8.19771699
18.63362267 8.16774466
18.59160973 8.06080028
18.56416955 8.04591747
18.45502892 8.03201651
18.23891808 8.02036347
17.94012495 7.98545604
17.76080773 7.97382884
17.64939334 7.98359569
17.4927104 7.90982758
17.43638309 7.89091401
17.40212162 7.88455781
17.24693729 7.81298595
17.11795292 7.70190746
17.07201257 7.68082347
16.89036991 7.63366873
16.81812625 7.5573168
16.78474328 7.5509606
16.66836795 7.65175548
16.58894128 7.74335196
16.55018395 7.83590445
16.54527469 7.86546337
16.52326053 7.85993399
16.45938846 7.81900625
16.40435306 7.77236827
16.37887658 7.68356232
16.19108443 7.62343679
16.03068078 7.5721221
15.9576103 7.5075524
15.84505903 7.4753063
15.7012952 7.48843212
15.5892607 7.51504548
15.48006839 7.52377879
15.5324683 7.60441987
15.55267378 7.66449372
15.55784142 7.73802928
15.5497799 7.78789704
15.48446089 7.8127534
15.44301639 7.85187246
15.34906864 8.08384797
15.25238203 8.32238638
15.11621463 8.55730744
14.96800663 8.70727245
14.86077803 8.79863638
14.82630985 8.81031525
14.77127445 8.8391507
14.73277551 8.86566071
14.536095 9.02523754
14.33228316 9.20352123
14.28008996 9.28506664
14.17792565 9.40648041
14.06418583 9.53171825
14.00496463 9.58871735
13.97726607 9.69155345
14.05596927 9.78436433
14.13978845 9.90179902
14.24329634 9.97975292
14.37724165 9.98504975
14.59795169 9.95308788
14.83581831 9.94171906
15.0715662 9.96595531
15.13275109 9.9828535
15.19316084 9.98150991
15.32002648 9.95427643
15.54089155 9.96032258
15.65483809 10.00781322
15.53189986 10.08848013
15.39991825 10.21689606
15.27604984 10.35737844
15.20096398 10.48452831
15.13223433 10.64849763
15.06867232 10.85106924
15.02991499 11.11366303
15.03575443 11.26251699
15.05544315 11.36855703
15.12200239 11.54125967
15.07802575 11.64259715
15.08768924 11.72434927
15.08128137 11.84550467
15.05988732 11.90712881
14.97384606 12.10835684
14.95674116 12.13034516
14.88067346 12.2693806
14.84708377 12.50207958
14.76124922 12.65561026
14.62327315 12.72992097
14.54477665 12.82022553
14.51625125 12.97975068
14.46168094 13.02178946
14.24484663 13.07736746
14.06392744 13.07850434
13.93235925 13.25849335
13.76348067 13.48956452
13.60633264 13.70461599
13.5057703 14.13443472
13.44820275 14.38064708
13.51362512 14.45550039
13.64240278 14.63078685
13.80709557 14.96608938
14.17818403 15.4847399
14.36799157 15.75015005
14.74672814 16.14661164
15.21212609 16.63389456
15.47433231 16.90837393
15.51670698 17.4084726
15.56156213 17.9372517
15.59551354 18.33707225
15.63762984 18.81084178
15.67292484 19.20678661
15.6986597 19.49519278
15.73503991 19.90405671
15.76625248 19.98255321
15.94882531 20.30317963
15.96319136 20.34617442
15.9293433 20.3998404
15.66848067 20.6723819
15.58714196 20.73330842
15.54032311 20.874876
15.60734745 20.95440603
15.2936715 21.41153575
15.2158468 21.46744965
15.1818437 21.52338939
15.17786462 21.6058133
15.17228356 21.92207307
15.08892948 22.41834768
14.97896203 22.99616771
15.34746667 23.16070547
15.62713952 23.2857366
15.98412031 23.44523591
16.31500451 23.28183503
16.79409671 23.04526032
17.27318892 22.80868561
17.75222945 22.57211091
18.23132165 22.3355362
18.71041385 22.09896149
19.18945438 21.86238679
19.66854658 21.62581208
20.14763879 21.38923737
20.62673099 21.15266267
21.1058232 20.91608796
21.5849154 20.67951325
22.0640076 20.44293854
22.54309981 20.20636384
23.02219201 19.96978913
23.50123254 19.73321442
23.98032474 19.49663972

