-67.57519792 -55.88966318
-67.6114231 -55.89173024
-67.69953142 -55.87312672
-67.83151303 -55.86485849
-67.84644752 -55.85726206
-67.84970313 -55.84253428
-67.83409685 -55.82754811
-67.7620599 -55.81607594
-67.54481218 -55.82594614
-67.51726864 -55.83281911
-67.50982724 -55.84434295
-67.54527727 -55.87741587
-67.57519792 -55.88966318
NaN  NaN
-67.28885881 -55.77685353
-67.3252907 -55.78476002
-67.35223996 -55.76605316
-67.39334856 -55.75272064
-67.55995338 -55.72476369
-67.56346737 -55.70776214
-67.54612993 -55.68368092
-67.51277279 -55.6620285
-67.44884905 -55.64063445
-67.39737932 -55.58513397
-67.37407325 -55.58931976
-67.35056047 -55.61205739
-67.31045956 -55.68869354
-67.26245216 -55.74378061
-67.26730974 -55.76279754
-67.28885881 -55.77685353
NaN  NaN
-66.4721128 -55.22913502
-66.55169451 -55.27290496
-66.6111224 -55.26995941
-66.63016517 -55.25414642
-66.63662472 -55.23435434
-66.62476498 -55.21306365
-66.59970191 -55.19363331
-66.54156592 -55.16939707
-66.52316911 -55.16552134
-66.43578427 -55.18975758
-66.4721128 -55.22913502
NaN  NaN
-67.079931 -55.15384246
-67.10948992 -55.19208302
-67.172561 -55.24262257
-67.25743954 -55.28179331
-67.33968258 -55.29254201
-67.39926551 -55.27228484
-67.42941871 -55.23652475
-67.44326799 -55.2011264
-67.46347348 -55.18174774
-67.49473772 -55.17745859
-67.53525204 -55.1785438
-67.58519731 -55.19197967
-67.69144406 -55.24298431
-67.73697099 -55.25642018
-67.76779599 -55.25952077
-68.06999976 -55.2210735
-68.09953284 -55.20686248
-68.13511207 -55.17270436
-68.17433448 -55.07126352
-68.30135515 -54.98062306
-68.10694841 -54.92936004
-67.87412025 -54.9296701
-67.42456112 -54.96889251
-67.24526974 -54.97762583
-67.10731951 -55.06361541
-67.08551205 -55.11518849
-67.079931 -55.15384246
NaN  NaN
-69.70297502 -54.91907643
-68.90080176 -55.01772674
-68.6535042 -54.95793711
-68.45798642 -54.95964243
-68.39979875 -55.04196299
-68.59808122 -55.1283143
-68.6132741 -55.15554778
-68.58557553 -55.17776865
-68.38176368 -55.19161793
-68.33008725 -55.21941985
-68.28264828 -55.25517995
-68.32277503 -55.30825164
-68.32654741 -55.33274627
-68.30541175 -55.35662078
-68.1525787 -55.43687428
-68.08989519 -55.47837046
-68.05832089 -55.51800628
-68.04555681 -55.58751108
-68.04834734 -55.6431666
-68.08266049 -55.65055633
-68.15707455 -55.63370981
-68.2296541 -55.60151539
-68.2933453 -55.52141692
-68.33804542 -55.50529388
-68.4666939 -55.48906748
-68.59417965 -55.44994842
-68.69357927 -55.45227386
-68.78499488 -55.43563405
-68.86703122 -55.4502068
-68.89615089 -55.42385182
-68.93129086 -55.3706251
-68.93206601 -55.3473707
-68.88896786 -55.26324147
-68.8900789 -55.24122731
-68.91263567 -55.23854013
-69.00818539 -55.25574839
-69.04683936 -55.24432789
-69.15076067 -55.1833497
-69.19264442 -55.17182586
-69.29705665 -55.16577972
-69.35612281 -55.27388681
-69.3592234 -55.30070688
-69.29902035 -55.36933318
-69.18088803 -55.47480478
-69.24083269 -55.47676849
-69.41183 -55.44421234
-69.45572913 -55.42405853
-69.50869748 -55.37093515
-69.6102675 -55.33998097
-69.6458984 -55.32091237
-69.6563112 -55.2984848
-69.65737057 -55.22903167
-69.67984982 -55.21895477
-69.82402707 -55.23657643
-69.85368934 -55.21983327
-69.86575578 -55.19058441
-69.88676225 -55.1741513
-69.97980567 -55.14748626
-69.98797055 -55.13079477
-69.94652605 -55.11105438
-69.92084286 -55.06118662
-69.88441098 -54.8820761
-69.70297502 -54.91907643
NaN  NaN
-70.99163022 -54.86802011
-70.94512143 -54.93132374
-70.92793901 -54.94295094
-70.80484575 -54.96765228
-70.74934526 -54.95276946
-70.61527076 -54.94563812
-70.53478472 -54.92124684
-70.41753089 -54.90889617
-70.28304298 -55.06594085
-70.29784827 -55.11374155
-70.40414669 -55.16567636
-70.47556352 -55.17704518
-70.54344052 -55.16128387
-70.53873796 -55.13498056
-70.55108863 -55.1118812
-70.59746823 -55.0820639
-70.64092811 -55.08485442
-70.71100135 -55.10697194
-70.74446184 -55.10423309
-70.8154911 -55.07989349
-70.93985043 -55.06196177
-70.96450009 -55.03963755
-70.96729062 -55.00687469
-70.99072588 -54.99044158
-71.12035621 -54.93783497
-71.20332272 -54.89297983
-71.27362851 -54.88688201
-71.29931169 -54.89230804
-71.32533078 -54.91380543
-71.38855689 -54.9342693
-71.40664364 -54.93085866
-71.4269008 -54.91375376
-71.43718441 -54.88920745
-71.41051938 -54.8393397
-71.37426836 -54.83453379
-71.19704403 -54.84440399
-71.08862688 -54.86750335
-70.99163022 -54.86802011
NaN  NaN
-71.39046892 -54.03277394
-71.16875119 -54.11261403
-71.0219126 -54.11183888
-71.02284278 -54.16170664
-71.00485938 -54.24666269
-71.02803626 -54.28113087
-71.08294247 -54.31627085
-71.117514 -54.36629363
-71.14327471 -54.37399342
-71.30463437 -54.31358367
-71.4732804 -54.23115976
-71.5581331 -54.24562916
-71.67060686 -54.22542368
-71.76122148 -54.2297645
-71.81757463 -54.27642832
-71.94852271 -54.30087127
-71.97237139 -54.2071819
-72.09156308 -54.11871185
-72.21044471 -54.04776011
-72.14605587 -53.93887786
-72.06895464 -53.92130788
-71.99647844 -53.88487599
-71.70512672 -53.92337493
-71.55415402 -53.95603444
-71.39046892 -54.03277394
NaN  NaN
-72.92321774 -53.48159311
-72.89626848 -53.56277679
-72.88221249 -53.57833139
-72.80934872 -53.56536061
-72.68550615 -53.5579192
-72.48228858 -53.58804656
-72.45921505 -53.59879526
-72.37291541 -53.68747202
-72.30669206 -53.72540252
-72.20540626 -53.80741302
-72.30622698 -53.86213836
-72.36596493 -53.94084157
-72.36911719 -53.98073577
-72.40854631 -54.00383514
-72.47048052 -54.02770965
-72.56290382 -54.07370167
-72.67654029 -54.07886932
-72.78862647 -54.10310556
-72.84038042 -54.12511972
-72.8709987 -54.12656666
-72.90727556 -54.11468109
-72.94608456 -54.09209848
-72.95859026 -54.06595021
-72.88172156 -54.04161061
-72.78167599 -53.9547942
-72.76377011 -53.86482553
-72.87172217 -53.84849578
-72.93613685 -53.86084645
-72.98422177 -53.86053639
-73.03946387 -53.83283782
-73.07305355 -53.87531585
-73.08555925 -53.91588185
-73.07085731 -53.97799692
-73.08077918 -53.9979957
-73.11997576 -54.00936452
-73.21061622 -53.98580006
-73.304719 -53.94394215
-73.31216041 -53.91960255
-73.29285926 -53.83583506
-73.29490048 -53.79211679
-73.31433082 -53.7291749
-73.32482113 -53.72261199
-73.3600903 -53.72405893
-73.47093625 -53.73609954
-73.581653 -53.65543263
-73.64152015 -53.57026987
-73.84546119 -53.54582692
-73.68650448 -53.42681609
-73.44708757 -53.41007293
-73.36585222 -53.4702243
-73.09935686 -53.5118755
-73.11532488 -53.44800343
-73.1108807 -53.42521413
-73.07429379 -53.39674041
-73.05359738 -53.39441497
-73.02210059 -53.4145171
-72.97094092 -53.42299204
-72.94727312 -53.44247405
-72.92321774 -53.48159311
NaN  NaN
-74.38576413 -52.92235076
-74.36935686 -52.93149749
-74.32995358 -52.92932708
-74.27463396 -52.9455018
-74.06596453 -52.96534555
-73.8792059 -53.01221608
-73.78176999 -53.05608937
-73.65400001 -53.06978362
-73.54925188 -53.12569752
-73.50455176 -53.1400119
-73.45060157 -53.14430104
-73.31035173 -53.24770558
-73.30249691 -53.25948781
-73.14338518 -53.34087819
-73.1352203 -53.35395233
-73.22573157 -53.35844817
-73.40936378 -53.32051767
-73.50103777 -53.31845062
-73.56726112 -53.30682342
-73.58281572 -53.30020884
-73.59594154 -53.25297658
-73.6170772 -53.22967051
-73.79350054 -53.12068491
-73.86695858 -53.09686207
-73.99400509 -53.07577809
-74.13859575 -53.09050587
-74.23636756 -53.07650156
-74.27024146 -53.08156585
-74.41441871 -52.99495615
-74.55831173 -52.921834
-74.61991004 -52.83475921
-74.71150652 -52.76819997
-74.71199744 -52.74871795
-74.66995867 -52.73388681
-74.5715409 -52.77130055
-74.47454424 -52.83563771
-74.42227353 -52.86002899
-74.38576413 -52.92235076
NaN  NaN
-69.16703874 -52.66753428
-69.07993812 -52.67435556
-68.78980079 -52.57679046
-68.75752886 -52.58200978
-68.65921444 -52.6315158
-68.62993974 -52.65265146
-68.63169674 -52.94953257
-68.63345374 -53.24186614
-68.63505571 -53.51544118
-68.63668352 -53.78891286
-68.63823381 -54.05297942
-68.63980994 -54.32397064
-68.64750973 -54.62782806
-68.65324582 -54.85365407
-68.80385678 -54.85365407
-68.84354428 -54.87680511
-69.08166928 -54.90987803
-69.4862699 -54.85892506
-69.58755571 -54.81282969
-69.72343889 -54.71211232
-69.77180803 -54.73913909
-69.89947466 -54.78182383
-70.03052609 -54.81556854
-70.13806474 -54.81923756
-70.23780026 -54.77753468
-70.25906511 -54.75634734
-70.28172523 -54.75179982
-70.49713843 -54.80957407
-70.73513424 -54.75055958
-70.92470924 -54.71438608
-71.22923845 -54.6941806
-71.44093096 -54.61966318
-71.83152727 -54.62622609
-71.90154883 -54.60157643
-71.92774879 -54.52871266
-71.90697486 -54.4948646
-71.82341407 -54.47445241
-71.80015967 -54.43393808
-71.71582374 -54.44365325
-71.60629554 -54.49713836
-71.57278337 -54.49532969
-71.50041053 -54.44489349
-71.39341448 -54.40024505
-71.35522559 -54.39543914
-71.15882931 -54.45057789
-71.07994524 -54.44427337
-70.96643795 -54.41952036
-70.94620663 -54.39802296
-70.92817156 -54.36009246
-70.89822506 -54.33792327
-70.79727515 -54.32722625
-70.69885739 -54.34887868
-70.68756609 -54.41476613
-70.70113115 -54.48545949
-70.57299944 -54.50442474
-70.41791846 -54.50225433
-70.31097409 -54.52855763
-70.29764157 -54.48551116
-70.46830299 -54.37321828
-70.54000404 -54.30345509
-70.6361222 -54.26226898
-70.75988725 -54.24128834
-70.86311093 -54.11044362
-70.85672889 -53.99577361
-70.86771013 -53.88415252
-70.64446794 -53.82286427
-70.69562761 -53.7274179
-70.61875892 -53.65512257
-70.53129656 -53.62732065
-70.44313656 -53.89345428
-70.37972958 -53.98673024
-70.46055152 -54.00564381
-70.62981767 -54.00554046
-70.53530148 -54.1361268
-70.37998796 -54.18067189
-70.24606849 -54.27741017
-70.24335548 -54.34763844
-70.16899309 -54.37931609
-69.9901668 -54.38133148
-69.86699602 -54.36748219
-69.80906674 -54.32081837
-69.7418357 -54.30583221
-69.621688 -54.36401987
-69.41927141 -54.40711802
-69.36480445 -54.43755543
-69.32511695 -54.48814666
-69.32248145 -54.54271697
-69.31206865 -54.57150075
-69.25318336 -54.55739308
-69.16918332 -54.48334075
-69.12789385 -54.45765757
-69.0772251 -54.44499684
-69.04523739 -54.42846038
-69.04433306 -54.40675628
-69.19566749 -54.35435638
-69.98812558 -54.10904835
-70.08561317 -54.01112151
-70.15111304 -53.88813161
-70.14883928 -53.76111094
-70.09114254 -53.72178517
-69.94967831 -53.67160735
-69.68977169 -53.600914
-69.38997087 -53.49936981
-69.35245378 -53.47993947
-69.35596778 -53.41632578
-69.39356238 -53.37343434
-69.51254737 -53.34201507
-69.63698422 -53.33410858
-69.75560747 -53.33720916
-69.87412737 -53.35049
-70.0903674 -53.41818613
-70.21284054 -53.41394866
-70.32929338 -53.37767181
-70.41567054 -53.30475636
-70.4602673 -53.20620941
-70.4599314 -53.14337086
-70.44334327 -53.08549326
-70.39068498 -53.0264271
-70.31999162 -53.00069223
-70.25637794 -53.0040512
-70.19651079 -52.99020192
-70.16087989 -52.96989308
-70.1305975 -52.94276295
-70.13953752 -52.91935353
-70.16274024 -52.89899302
-70.25916846 -52.85723846
-70.29735735 -52.81703419
-70.38011715 -52.75192189
-70.33492611 -52.73378346
-70.18966366 -52.7236032
-70.08822283 -52.76851002
-69.99357744 -52.82132334
-69.93546729 -52.82111663
-69.88319658 -52.79899912
-69.76356564 -52.73135467
-69.66328752 -52.64629526
-69.57187191 -52.54935027
-69.49838803 -52.49142099
-69.41405209 -52.48625335
-69.16703874 -52.66753428
NaN  NaN
-74.14216142 -51.93104176
-74.17205624 -51.94204884
-74.28310889 -51.91874277
-74.33866106 -51.89796885
-74.42361711 -51.84510386
-74.43710466 -51.79058522
-74.47537106 -51.72567962
-74.45079892 -51.72490447
-74.36209632 -51.75069101
-74.32569027 -51.7702247
-74.27706275 -51.81161753
-74.13342811 -51.87094207
-74.11541887 -51.88846038
-74.11888119 -51.91109466
-74.14216142 -51.93104176
NaN  NaN
-74.82292091 -51.63018157
-74.78013282 -51.82469166
-74.74948869 -51.85182179
-74.64747942 -51.86623952
-74.5367885 -51.96509653
-74.53182756 -51.99201995
-74.66597958 -52.16002003
-74.69447913 -52.27923756
-74.85180803 -52.27071095
-74.91772132 -52.15221689
-75.01714678 -52.03790862
-75.05071062 -51.90391164
-75.10538428 -51.7888799
-75.00812924 -51.72376759
-74.91518918 -51.73828867
-74.90968564 -51.65002532
-74.82292091 -51.63018157
NaN  NaN
-74.55864763 -51.27702484
-74.56089556 -51.36084401
-74.59259905 -51.38750905
-74.62037513 -51.3957256
-74.69073259 -51.37019744
-74.73091102 -51.36735524
-74.79739275 -51.41174529
-74.85333249 -51.43417287
-74.93666073 -51.42833343
-75.04735165 -51.3983611
-75.14626034 -51.52429656
-75.19243323 -51.56667124
-75.28911984 -51.62537567
-75.3000494 -51.55649098
-75.23850277 -51.45349985
-75.21000322 -51.38332326
-75.15365007 -51.27883351
-75.04032366 -51.31815928
-74.8814703 -51.27945363
-74.73667294 -51.20757171
-74.6115643 -51.20710662
-74.57050737 -51.24539886
-74.55864763 -51.27702484
NaN  NaN
-75.30198727 -50.67995534
-75.33046098 -50.77240447
-75.41136044 -50.76439463
-75.4385164 -50.74108856
-75.45264991 -50.68253916
-75.47740292 -50.6541688
-75.44265052 -50.59551605
-75.41975786 -50.53035206
-75.42763852 -50.48053598
-75.30371843 -50.48399831
-75.15618222 -50.49681406
-75.11530616 -50.51045664
-75.16041968 -50.55443328
-75.20344031 -50.58068491
-75.29234962 -50.59685963
-75.30198727 -50.67995534
NaN  NaN
-75.05479306 -50.2961028
-75.25038835 -50.37625294
-75.30785255 -50.34307667
-75.44911007 -50.34338673
-75.41208391 -50.256622
-75.39787289 -50.19269826
-75.37671139 -50.16799692
-75.36885657 -50.11265146
-75.32666277 -50.01183074
-75.20966732 -50.04536875
-75.1225667 -50.05523895
-75.00425351 -50.0886736
-74.87596676 -50.10991261
-74.8386047 -50.19729746
-74.96337745 -50.23729502
-75.05479306 -50.2961028
NaN  NaN
-75.10667619 -48.83655364
-75.11509945 -48.916032
-75.26268734 -49.06894256
-75.3899664 -49.15922129
-75.50610918 -49.23068979
-75.58034237 -49.22996632
-75.64116553 -49.19539479
-75.57282345 -49.13886077
-75.48763485 -49.08237843
-75.51455828 -49.00956634
-75.54013811 -48.98843068
-75.57615658 -48.98078257
-75.63785824 -48.94254201
-75.61912554 -48.88590464
-75.5831329 -48.85887786
-75.53528052 -48.83820729
-75.49047706 -48.8504546
-75.29725888 -48.81066375
-75.23617733 -48.77857269
-75.11858761 -48.77293996
-75.10667619 -48.83655364
NaN  NaN
-74.47617204 -49.14785247
-74.46681861 -49.29451019
-74.48358761 -49.44189137
-74.52208655 -49.62291391
-74.51578203 -49.6595525
-74.47084937 -49.6685442
-74.4588346 -49.69107513
-74.47198625 -49.78626312
-74.49606747 -49.85943694
-74.5426021 -49.9191749
-74.56980974 -49.99069508
-74.59471778 -50.00661142
-74.70336748 -50.01922047
-74.76297624 -50.01141733
-74.81082862 -49.92971689
-74.82472958 -49.8794874
-74.82191321 -49.81391001
-74.88043677 -49.72585337
-74.88221961 -49.69216033
-74.85932695 -49.6341277
-74.81201718 -49.60529225
-74.80483415 -49.51599538
-74.78101132 -49.48922698
-74.72706112 -49.45233001
-74.71884457 -49.43703379
-74.72385718 -49.42380462
-74.74385596 -49.42251271
-74.96012183 -49.5330486
-74.98130917 -49.56415781
-74.99081763 -49.60570566
-74.99350481 -49.75174326
-75.0315645 -49.83623423
-75.06603268 -49.8523056
-75.16695675 -49.85592295
-75.30007524 -49.84749969
-75.45117713 -49.76988169
-75.5498016 -49.79127573
-75.57011044 -49.69712127
-75.52075945 -49.62167368
-75.33707557 -49.62823659
-75.30583717 -49.49403289
-75.3642057 -49.46251027
-75.42885291 -49.40840504
-75.46748105 -49.35889902
-75.43316789 -49.3221054
-75.32666277 -49.26862029
-75.26961199 -49.26293589
-75.21685035 -49.29275319
-75.08600562 -49.27022226
-75.09370541 -49.18536956
-75.21015825 -49.1480075
-75.18421668 -49.08356699
-75.03709388 -49.02212371
-74.94921811 -48.96016367
-74.94518734 -48.88941863
-74.98074073 -48.8188803
-74.96952694 -48.79128509
-74.89624976 -48.73320078
-74.79346534 -48.7050888
-74.74669817 -48.70891286
-74.65156186 -48.74994394
-74.56657996 -48.75474985
-74.5461161 -48.76689381
-74.53069068 -48.81257578
-74.47617204 -49.14785247
NaN  NaN
-75.51026913 -48.76343149
-75.62287208 -48.76462005
-75.65093238 -48.58628468
-75.51845985 -48.3288327
-75.5090289 -48.23069915
-75.5535223 -48.1566985
-75.5715057 -48.09592702
-75.56067949 -48.07086395
-75.3913875 -48.01970428
-75.33836748 -48.07406789
-75.27547726 -48.21845184
-75.15551042 -48.42520924
-75.15848182 -48.62266489
-75.22509274 -48.67139577
-75.43399472 -48.72121185
-75.51026913 -48.76343149
NaN  NaN
-74.56730343 -48.59196909
-74.58626868 -48.61574025
-74.70956865 -48.60121917
-74.92304399 -48.62643727
-75.01283179 -48.53569345
-75.05215756 -48.39141286
-75.07890011 -48.36154388
-75.13192013 -48.279275
-75.15848182 -48.22527313
-75.21287126 -48.14166066
-75.23387773 -48.05339731
-75.24726193 -48.02678395
-75.19829851 -47.97464243
-74.97508216 -47.92286264
-74.89565548 -47.83935353
-74.82746843 -47.85036061
-74.8461753 -48.02078948
-74.80522173 -48.078202
-74.72928321 -48.12589935
-74.71525306 -48.14553639
-74.70238563 -48.20584279
-74.66432593 -48.29932545
-74.61512997 -48.34309539
-74.60246925 -48.37032887
-74.60014381 -48.3930665
-74.61820472 -48.42515757
-74.56730343 -48.59196909
NaN  NaN
-75.11217973 -47.83764821
-75.18584449 -47.85067067
-75.19434526 -47.81806284
-75.26105954 -47.76385426
-75.20310442 -47.72804249
-75.08982968 -47.69057708
-75.00394345 -47.69476287
-74.92645464 -47.72313323
-74.91599016 -47.75661956
-75.05127906 -47.80049285
-75.08448117 -47.82447072
-75.11217973 -47.83764821
NaN  NaN
-74.31287452 -45.69152597
-74.36847836 -45.73581268
-74.4655267 -45.75720672
-74.56159319 -45.72242848
-74.67776181 -45.7386032
-74.68985409 -45.66263885
-74.64644589 -45.59995534
-74.55838925 -45.52559295
-74.49467221 -45.42590911
-74.50234616 -45.28519419
-74.44997209 -45.25289642
-74.42186011 -45.20318369
-74.31057492 -45.17269459
-74.28540849 -45.27728769
-74.31545834 -45.464098
-74.24003659 -45.57447886
-74.22921037 -45.61132415
-74.24388648 -45.65359547
-74.31287452 -45.69152597
NaN  NaN
-75.04249407 -44.89012786
-75.06747962 -44.90656097
-75.09874386 -44.90170338
-75.12419451 -44.86992238
-75.14212623 -44.81561045
-75.10745134 -44.79514658
-75.07952023 -44.7950949
-75.04846269 -44.82393035
-75.03223629 -44.87054249
-75.04249407 -44.89012786
NaN  NaN
-73.63216671 -44.82150156
-73.66485206 -44.83287038
-73.69456601 -44.83111338
-73.72477088 -44.79690358
-73.73484779 -44.7516867
-73.80014096 -44.68404225
-73.81848609 -44.65210622
-73.81701331 -44.61396901
-73.77949622 -44.55914031
-73.72391822 -44.54420582
-73.68647864 -44.54627288
-73.64121009 -44.61086842
-73.62821347 -44.68073496
-73.61661211 -44.75297861
-73.63216671 -44.82150156
NaN  NaN
-72.9861338 -44.78005706
-73.22847043 -44.85994883
-73.34998756 -44.83318043
-73.39706479 -44.77432098
-73.4200608 -44.72481496
-73.44507219 -44.64099578
-73.40367937 -44.59608896
-73.3149251 -44.53139007
-73.28198137 -44.48953216
-73.26601335 -44.44028452
-73.27159441 -44.39418914
-73.26001889 -44.35026417
-73.2076965 -44.33496795
-73.02840512 -44.38411224
-72.84242164 -44.45769948
-72.77635332 -44.50854909
-72.76405433 -44.54901173
-72.84531552 -44.63846364
-72.89714698 -44.7119992
-72.9861338 -44.78005706
NaN  NaN
-73.73536455 -44.39455088
-73.78456051 -44.43754567
-73.86230771 -44.44509043
-73.98330807 -44.49480316
-73.99604631 -44.53795298
-74.00206662 -44.59092132
-73.91853166 -44.65469004
-73.87739722 -44.72884572
-73.8278912 -44.83984669
-73.79213111 -44.94583506
-73.79536089 -44.97859791
-73.78647254 -45.03358164
-73.72712216 -45.11900278
-73.72169613 -45.15760508
-73.72815569 -45.19594899
-73.75210771 -45.26684905
-73.77096961 -45.27651255
-73.82988074 -45.28348886
-73.83447995 -45.32658701
-73.84897519 -45.34059132
-74.0162518 -45.34493214
-74.09908912 -45.32534678
-74.0892706 -45.19569061
-74.19520728 -45.14478932
-74.2679677 -45.05895477
-74.34987484 -44.91085011
-74.41873369 -44.8652715
-74.49880632 -44.7481727
-74.61776547 -44.6479721
-74.48051286 -44.58456512
-74.50180355 -44.47351247
-74.42170508 -44.43542693
-74.30122148 -44.39568776
-74.21251889 -44.42700368
-74.13283383 -44.41594492
-74.09722877 -44.38933156
-74.10808082 -44.27585011
-74.0827852 -44.18639821
-73.99493527 -44.14025115
-73.90018653 -44.13482513
-73.86455563 -44.185313
-73.81776262 -44.23492238
-73.70319597 -44.27414479
-73.70373857 -44.32535613
-73.73536455 -44.39455088
NaN  NaN
-73.81063127 -43.827247
-73.78967648 -43.87644297
-73.83362729 -43.8831609
-73.90416562 -43.87540944
-73.93827206 -43.91427011
-73.95568702 -43.9219699
-74.11774431 -43.88750172
-74.14298825 -43.8722055
-74.1399135 -43.82099415
-73.96718502 -43.81649831
-73.85690752 -43.78378712
-73.84143043 -43.78900644
-73.81063127 -43.827247
NaN  NaN
-74.66877011 -43.6077772
-74.81046689 -43.62539886
-74.8426613 -43.5954782
-74.84201535 -43.57026011
-74.81764991 -43.5494345
-74.74501868 -43.53589528
-74.69745053 -43.55300018
-74.67264584 -43.57744313
-74.66479102 -43.599664
-74.66877011 -43.6077772
NaN  NaN
-73.77337257 -43.34588104
-73.84858761 -43.36680999
-73.91868669 -43.37197763
-73.98994849 -43.35662973
-74.11441118 -43.35792164
-74.23856381 -43.31885426
-74.35493913 -43.26356048
-74.38734026 -43.23162444
-74.37312924 -43.18573577
-74.28936174 -43.07943735
-74.20946998 -42.87867441
-74.15629493 -42.59052663
-74.19882463 -42.48133432
-74.19355364 -42.43606577
-74.17407162 -42.38154713
-74.16438229 -42.3254782
-74.17029924 -42.26889251
-74.1601965 -42.21644093
-74.07232073 -42.10585337
-74.05934994 -42.05624399
-74.05684363 -42.00234547
-74.01878394 -41.89093108
-74.03051449 -41.85398244
-74.06301897 -41.82271819
-74.03666399 -41.79548471
-73.73094621 -41.87728851
-73.52785784 -41.89625376
-73.51695411 -41.98084808
-73.47778337 -42.04714894
-73.4544773 -42.16590138
-73.422903 -42.19287648
-73.43923275 -42.27783253
-73.53279293 -42.31447112
-73.52457638 -42.39260589
-73.47080705 -42.46629648
-73.54925188 -42.49259979
-73.63389787 -42.50820607
-73.65348324 -42.52866994
-73.71474565 -42.54474131
-73.78926307 -42.58572072
-73.76686133 -42.62189422
-73.67304277 -42.70442148
-73.56824297 -42.76162729
-73.5107271 -42.84715179
-73.43633887 -42.93655202
-73.47266741 -42.99329274
-73.54082862 -43.07370127
-73.64963335 -43.12718637
-73.74965308 -43.15907073
-73.73789669 -43.2913624
-73.77337257 -43.34588104
NaN  NaN
-78.80415076 -33.64647308
-78.98336463 -33.66781544
-78.98946245 -33.66166595
-78.97928219 -33.64409596
-78.93814775 -33.61360687
-78.88830583 -33.57639983
-78.87742794 -33.57521128
-78.85903113 -33.57815683
-78.83820553 -33.58508148
-78.78464291 -33.61019622
-78.76895911 -33.62730112
-78.7746952 -33.64161549
-78.80415076 -33.64647308
NaN  NaN
-109.27999081 -27.14041025
-109.43414161 -27.17131276
-109.42915483 -27.11622568
-109.39047502 -27.0683733
-109.27645098 -27.09586517
-109.22283668 -27.10103281
-109.27999081 -27.14041025
NaN  NaN
-67.70730872 -22.88919687
-67.57992632 -22.89167734
-67.36226518 -22.85519378
-67.19488522 -22.82170745
-67.00877255 -23.00133473
-67.08977536 -23.24509246
-67.21912147 -23.63395761
-67.31911536 -23.93466277
-67.33560015 -23.97481536
-67.3561932 -24.03377817
-67.57178728 -24.11899261
-67.88621253 -24.24337778
-68.04739132 -24.30833506
-68.250273 -24.39194752
-68.2994948 -24.46031544
-68.35812171 -24.49726409
-68.42253638 -24.54506479
-68.44713437 -24.59699961
-68.50728573 -24.62981414
-68.56198524 -24.74737803
-68.56198524 -24.83765675
-68.52705197 -24.89925506
-68.46628048 -24.92514495
-68.44713437 -24.9989389
-68.42801409 -25.05092539
-68.38424415 -25.0919048
-68.39519955 -25.12471933
-68.4307271 -25.14931732
-68.49635617 -25.16301157
-68.54084958 -25.23675384
-68.59206092 -25.42005014
-68.60027747 -25.48567921
-68.54190894 -25.65161224
-68.51085141 -25.74096079
-68.42677385 -26.06538543
-68.4145007 -26.15375213
-68.5298425 -26.27700042
-68.57575701 -26.35198292
-68.59221595 -26.41807708
-68.59159583 -26.47037363
-68.58115719 -26.51832936
-68.48509071 -26.67030975
-68.37331458 -26.80642547
-68.31864092 -26.87753224
-68.31864092 -26.97323699
-68.34597775 -27.02791066
-68.40537981 -27.04811614
-68.53736142 -27.08532317
-68.59206092 -27.14004852
-68.65221229 -27.14836842
-68.7096248 -27.10449513
-68.76977617 -27.11539886
-68.8463348 -27.15369109
-68.87509274 -27.24670867
-68.94201372 -27.40520029
-68.99942624 -27.44897023
-69.04218848 -27.56999643
-69.11848874 -27.74357757
-69.15528236 -27.84817067
-69.17442847 -27.92470346
-69.25121965 -27.97364105
-69.34072323 -28.07079274
-69.40958208 -28.16536061
-69.43689307 -28.19269744
-69.48887956 -28.20086232
-69.52714596 -28.28566334
-69.65690548 -28.41361419
-69.68791134 -28.5620289
-69.73491106 -28.64109385
-69.74317929 -28.7839275
-69.81482866 -29.04546193
-69.82787696 -29.1031845
-69.90032732 -29.14886647
-69.99559282 -29.24999725
-70.02680539 -29.3239979
-69.98262204 -29.54543141
-69.92763831 -29.76919036
-69.92412432 -29.87404184
-69.94544084 -30.01641041
-69.95996192 -30.07837046
-69.92355587 -30.10389861
-69.86340451 -30.12033172
-69.84428423 -30.17500539
-69.88802833 -30.21329762
-69.90714861 -30.28161386
-69.95637041 -30.35819834
-70.10199459 -30.3883257
-70.15323178 -30.36093719
-70.16963904 -30.38553517
-70.16144833 -30.44020884
-70.19392697 -30.50470102
-70.26937456 -30.67724863
-70.31924232 -30.83393157
-70.34812944 -30.90235117
-70.33639889 -30.95971201
-70.31180091 -30.99252654
-70.30906206 -31.02260223
-70.35060991 -31.06042938
-70.38835954 -31.12104583
-70.42936479 -31.12926238
-70.47310889 -31.11282928
-70.51959184 -31.14838266
-70.52904863 -31.2228484
-70.55468014 -31.31741627
-70.56641069 -31.42790049
-70.58522091 -31.56944223
-70.52563799 -31.66638722
-70.45013872 -31.84188039
-70.39383725 -31.88384165
-70.33094703 -31.8811028
-70.28172523 -31.91665618
-70.25438839 -31.95768727
-70.29092363 -32.0310678
-70.35554501 -32.04243662
-70.36376156 -32.08346771
-70.34461544 -32.17643361
-70.31999162 -32.26666066
-70.25779904 -32.30991383
-70.22976457 -32.43068165
-70.16961321 -32.47171274
-70.17692542 -32.62607025
-70.11617978 -32.80745452
-70.05204932 -32.85995778
-70.02197364 -32.88455576
-70.04212745 -32.96372405
-70.09305457 -33.0267693
-70.10398414 -33.12790008
-70.08486386 -33.2017457
-70.01982907 -33.27150888
-69.96903113 -33.27941538
-69.8961932 -33.25094166
-69.81963457 -33.2837562
-69.808705 -33.34390757
-69.79777544 -33.39863291
-69.83878069 -33.469688
-69.88255063 -33.60094614
-69.89430701 -33.73132578
-69.88149126 -33.92976328
-69.86154416 -34.08355234
-69.85735836 -34.18044565
-69.8524491 -34.22431894
-69.87981177 -34.25439463
-69.94634518 -34.26989756
-70.00285336 -34.27625376
-70.05204932 -34.30080006
-70.06300473 -34.3500477
-70.10147783 -34.4320582
-70.14126868 -34.49282969
-70.21069597 -34.58119638
-70.25469845 -34.67266367
-70.28994178 -34.73286671
-70.28676368 -34.77451792
-70.31211097 -34.85497812
-70.33813005 -34.92174407
-70.39319129 -35.14684661
-70.46657182 -35.19366546
-70.52506955 -35.21676483
-70.55517107 -35.24684051
-70.53233008 -35.30787038
-70.47039588 -35.32616383
-70.44851091 -35.3753598
-70.45672746 -35.45194427
-70.41572222 -35.52299936
-70.41975298 -35.60914398
-70.38016883 -35.77182138
-70.41572222 -35.87848154
-70.40365577 -35.97051727
-70.40476681 -36.06167449
-70.45672746 -36.13272959
-70.56336178 -36.14642384
-70.6218595 -36.21189788
-70.72193091 -36.28315968
-70.73286048 -36.3405722
-70.74926775 -36.39255869
-70.790273 -36.41167897
-70.85316321 -36.41167897
-70.90512387 -36.41989552
-70.97793596 -36.48728159
-71.05550229 -36.52371347
-71.0732273 -36.5780254
-71.06643185 -36.64406789
-71.1074371 -36.6850473
-71.15939775 -36.76163177
-71.19221229 -36.84364227
-71.15939775 -36.92022674
-71.12384437 -37.0569109
-71.1183925 -37.11432342
-71.16350603 -37.22744313
-71.200403 -37.30025522
-71.16487545 -37.39322112
-71.13479977 -37.44515594
-71.16286007 -37.55920582
-71.18673459 -37.63108774
-71.16758847 -37.76234588
-71.09619748 -37.90998545
-71.02816545 -38.04124358
-71.01816606 -38.19389577
-71.00051856 -38.31481862
-70.96798825 -38.44592173
-70.89964617 -38.49785654
-70.84768551 -38.54162648
-70.85864092 -38.6045167
-70.89690731 -38.68104949
-70.95160682 -38.73846201
-71.08710242 -38.75747894
-71.19727658 -38.80941375
-71.28577247 -38.84543222
-71.35318437 -38.88884043
-71.40155351 -38.93503916
-71.42558306 -38.98568206
-71.40935666 -39.20592702
-71.42002784 -39.28721404
-71.46537391 -39.40229746
-71.50774858 -39.49521168
-71.52578366 -39.52316863
-71.53123552 -39.56419972
-71.53945207 -39.60244028
-71.58702023 -39.61112192
-71.65427711 -39.5942754
-71.69256934 -39.60517913
-71.71990618 -39.63525482
-71.69683265 -39.7069817
-71.6720538 -39.8332789
-71.63786984 -39.88681569
-71.64711992 -39.92919036
-71.65975481 -40.02081268
-71.70440325 -40.09496836
-71.76365028 -40.09460662
-71.80194251 -40.12468231
-71.81832394 -40.1766688
-71.80057309 -40.24431325
-71.72264503 -40.29971038
-71.69530819 -40.33521209
-71.70897661 -40.38172088
-71.76912798 -40.40084116
-71.80465552 -40.4391334
-71.83852943 -40.52439951
-71.88377214 -40.62056935
-71.93211544 -40.69167612
-71.94136553 -40.78913787
-71.87302344 -40.8930075
-71.88069739 -40.99460337
-71.88560666 -41.29236297
-71.89216956 -41.39339039
-71.87113725 -41.56051198
-71.89762143 -41.60665903
-71.91128984 -41.65042897
-71.84447222 -41.77197194
-71.77000648 -41.96854909
-71.74998186 -42.0467872
-71.76091142 -42.10146087
-71.86080197 -42.14781463
-71.94410438 -42.16708994
-71.99332618 -42.1342754
-72.02614071 -42.14796966
-72.06440711 -42.20538218
-72.10817705 -42.25189096
-72.12458432 -42.29834808
-72.07810137 -42.35849944
-72.05347755 -42.4732728
-72.1054382 -42.52246876
-72.1437046 -42.57719411
-72.13003618 -42.6482492
-72.11362891 -42.77676849
-72.14644345 -42.99003712
-72.10238929 -43.06563974
-72.05469194 -43.1019166
-71.89857744 -43.14527313
-71.78147864 -43.16677052
-71.75062781 -43.23730885
-71.76385698 -43.29461802
-71.82023597 -43.32298838
-71.90495948 -43.34753468
-71.90495948 -43.44013885
-71.83243161 -43.52716196
-71.75062781 -43.59010386
-71.73277361 -43.64674122
-71.73739865 -43.70472218
-71.79470781 -43.75324635
-71.71595293 -43.85835622
-71.68006365 -43.92961802
-71.71615963 -43.98444671
-71.76721595 -44.06671559
-71.81235531 -44.10604136
-71.81212277 -44.15074147
-71.83077796 -44.24138193
-71.8350671 -44.33016204
-71.82000342 -44.38307871
-71.32571835 -44.42493662
-71.21262448 -44.44116302
-71.15089698 -44.49407969
-71.15970781 -44.56022552
-71.22146115 -44.63076385
-71.26114865 -44.76305552
-71.35814531 -44.78512135
-71.45516781 -44.74982635
-71.56040687 -44.76197031
-71.65166745 -44.77044525
-71.78282223 -44.77437265
-71.95704932 -44.79147755
-72.06370948 -44.77189219
-72.07252031 -44.82041636
-72.04166948 -44.90418385
-71.81235531 -44.93064219
-71.59627031 -44.97916636
-71.5312872 -45.06789479
-71.4434631 -45.16825042
-71.35375281 -45.23052052
-71.34933448 -45.33190968
-71.49043698 -45.43774302
-71.50808448 -45.51272552
-71.69329281 -45.53479136
-71.74620948 -45.57887135
-71.77266781 -45.72439219
-71.75062781 -45.83906219
-71.68006365 -45.87874969
-71.63156531 -45.95368052
-71.68448198 -46.04189219
-71.80928057 -46.10271535
-71.87565894 -46.16059295
-71.83413693 -46.20674
-71.77765459 -46.28001719
-71.76209998 -46.31980804
-71.73130083 -46.42786346
-71.69520484 -46.57839691
-71.69967485 -46.65136403
-71.73269609 -46.70583099
-71.85646115 -46.79156219
-71.94022864 -46.83124969
-71.95666175 -46.93682464
-71.96296627 -47.01599293
-71.95423296 -47.08746144
-71.90054114 -47.14430552
-71.90495948 -47.20166636
-71.97852088 -47.21386199
-72.04166948 -47.24135386
-72.10339698 -47.34274302
-72.28289507 -47.44625091
-72.34594031 -47.49270802
-72.34152198 -47.57208302
-72.41257707 -47.68551279
-72.47221168 -47.78421478
-72.51791948 -47.87635386
-72.50908281 -47.97335052
-72.40792619 -48.01588022
-72.32829281 -48.11003468
-72.29302365 -48.22909718
-72.35475115 -48.36583302
-72.49815325 -48.41735442
-72.58287676 -48.47543873
-72.60840491 -48.5193637
-72.58592567 -48.66250742
-72.5917651 -48.72968678
-72.61439938 -48.79283538
-72.65129635 -48.84161793
-72.7284751 -48.8962916
-72.86544349 -48.94398895
-72.9817413 -48.97680348
-73.03365028 -49.01432057
-73.09457679 -49.09684783
-73.14888872 -49.18800506
-73.13527198 -49.30065968
-73.46158281 -49.31388885
-73.48364865 -49.39770802
-73.55418698 -49.46385386
-73.57625281 -49.58291636
-73.50452593 -49.69799977
-73.47041948 -49.79458302
-73.5289172 -49.91090667
-73.50770403 -50.03027923
-73.50127031 -50.12531219
-73.38662615 -50.23114552
-73.31172116 -50.36193857
-73.27415239 -50.47252614
-73.25162147 -50.55851572
-73.22164914 -50.61070892
-73.17452023 -50.66998178
-73.15291948 -50.73824635
-73.08235531 -50.76031219
-72.95554135 -50.69644012
-72.86590858 -50.65313527
-72.8035868 -50.63768401
-72.62039385 -50.64770924
-72.50983212 -50.60750498
-72.46014523 -50.61174245
-72.39255246 -50.63427337
-72.34025591 -50.68186736
-72.30062008 -50.78950937
-72.27633216 -50.91022552
-72.3073897 -51.03342213
-72.35916948 -51.06013885
-72.37679114 -51.09543385
-72.35916948 -51.17041636
-72.30183448 -51.22333302
-72.3032039 -51.29893564
-72.36640418 -51.47029469
-72.40766781 -51.54083302
-72.33451982 -51.62036305
-72.26899411 -51.69110809
-72.13696082 -51.74402475
-72.02844031 -51.81864552
-71.95345781 -51.88034718
-71.97110531 -51.96416636
-71.91867957 -51.98953948
-71.71657305 -51.99129648
-71.414731 -51.99398366
-70.94318356 -51.99811777
-70.48287574 -52.00225189
-69.96027198 -52.00824635
-69.71261268 -52.07542571
-69.48844031 -52.13614552
-69.20620948 -52.13614552
-68.92454709 -52.20813079
-68.71518002 -52.25551808
-68.58978716 -52.27334645
-68.46098365 -52.29045135
-68.44336199 -52.35664886
-69.00725522 -52.2627011
-69.13375912 -52.21143808
-69.24098772 -52.20544362
-69.44686662 -52.26941904
-69.56060645 -52.42155446
-69.62029273 -52.46475595
-69.7633331 -52.50558034
-69.90725196 -52.51353851
-70.3909692 -52.66081634
-70.56294837 -52.67342539
-70.68033139 -52.71249277
-70.79510474 -52.76871673
-70.83905555 -52.88953623
-70.8211755 -52.96312347
-70.95204607 -53.22698333
-70.984318 -53.37364105
-70.98511898 -53.44836517
-70.9478086 -53.5704249
-70.99586768 -53.77930104
-71.08278744 -53.82498301
-71.29773556 -53.88337737
-71.44390235 -53.84089935
-71.69380958 -53.8030722
-71.87188656 -53.72266367
-72.10091651 -53.66581959
-72.1744004 -53.63233327
-72.37681698 -53.47120615
-72.39823686 -53.41777272
-72.41291297 -53.35017995
-72.30607195 -53.25375172
-72.24863359 -53.24667205
-72.08112444 -53.24956593
-71.94170142 -53.234063
-71.85274044 -53.28568776
-71.82821998 -53.39834238
-71.86733904 -53.45839039
-71.90278907 -53.49549407
-71.89167864 -53.52355438
-71.7914522 -53.48453867
-71.74055091 -53.23256439
-71.40033912 -53.10699066
-71.28895057 -53.03371347
-71.18022335 -52.92054209
-71.16329932 -52.88808929
-71.15508277 -52.84561126
-71.22714556 -52.81067799
-71.38775591 -52.76427256
-71.898009 -53.00177744
-72.12913184 -53.0643576
-72.27801164 -53.13236378
-72.45828488 -53.25447519
-72.49257219 -53.2906487
-72.53081275 -53.37162567
-72.54892534 -53.46071583
-72.72682146 -53.41999481
-72.99838111 -53.29070037
-73.05274472 -53.24341644
-72.99822608 -53.1772706
-72.91551795 -53.12197682
-72.90991106 -52.93656178
-72.88913713 -52.87160451
-72.83187965 -52.81956634
-72.72769996 -52.76230885
-72.67597185 -52.74897633
-72.63207272 -52.7738327
-72.62659502 -52.81755096
-72.45345313 -52.8143987
-72.11758216 -52.64996429
-71.97932187 -52.64614023
-71.79705909 -52.6828305
-71.59123186 -52.66071299
-71.55415402 -52.64396982
-71.51128842 -52.60536753
-71.66476742 -52.5600473
-71.81189022 -52.53699961
-72.22568926 -52.52097991
-72.3153737 -52.5385499
-72.43771766 -52.62577972
-72.47825782 -52.60402394
-72.50440609 -52.56009897
-72.64481096 -52.52914479
-72.71211951 -52.53550099
-72.77653419 -52.57741058
-72.76604387 -52.64257456
-72.80190731 -52.71238942
-72.93187354 -52.78168751
-73.02026608 -52.89180999
-73.01610613 -52.97743784
-73.02300493 -53.0220346
-73.05548357 -53.04559905
-73.12248206 -53.07391774
-73.33815365 -53.05464243
-73.45987749 -52.96488047
-73.50749732 -52.90354054
-73.64524085 -52.83703297
-73.34595679 -52.754299
-73.24084693 -52.70711842
-73.14480628 -52.60195688
-73.07318275 -52.5350359
-73.123929 -52.48801035
-73.18379615 -52.48785532
-73.17818926 -52.56273447
-73.24412838 -52.62402272
-73.3821303 -52.59508392
-73.5857096 -52.68572438
-73.71084408 -52.66153981
-73.91470761 -52.68820485
-74.01444312 -52.63931894
-74.035863 -52.57725555
-73.99992204 -52.51255665
-74.03736162 -52.40289927
-74.09350806 -52.37623423
-74.15084307 -52.38248707
-74.17655209 -52.31721974
-74.23846046 -52.20239471
-74.26597816 -52.1712855
-74.29566627 -52.11790374
-74.26491879 -52.10488128
-74.19489722 -52.1201775
-74.13353146 -52.15480071
-74.04022966 -52.15914153
-73.83445411 -52.23396901
-73.74911048 -52.21598561
-73.70278256 -52.19882903
-73.68539344 -52.13671396
-73.68430823 -52.07775115
-73.64903907 -52.07775115
-73.53219866 -52.15314707
-73.45796546 -52.14601572
-73.32678484 -52.16591115
-73.2604323 -52.15784962
-73.13736487 -52.12968597
-72.94370744 -52.04690032
-72.84322262 -51.96111745
-72.79503435 -51.94949025
-72.73539975 -51.96060068
-72.69545386 -51.98514699
-72.69483375 -52.04467824
-72.64956519 -52.09992034
-72.58796689 -52.14508554
-72.57083615 -52.20006927
-72.5834452 -52.25422617
-72.69359351 -52.33029388
-72.7140057 -52.35670053
-72.67705705 -52.38470916
-72.63147844 -52.37158335
-72.56869158 -52.3339629
-72.53290565 -52.28233815
-72.52331967 -52.2554664
-72.51931474 -52.21707081
-72.52412065 -52.17030364
-72.61357256 -52.03703012
-72.6247605 -52.00695444
-72.62460548 -51.94644134
-72.52285458 -51.89088917
-72.49414832 -51.84758432
-72.48962663 -51.76371347
-72.5425433 -51.70614593
-72.76121212 -51.57323414
-73.12674537 -51.43990895
-73.16875831 -51.45386159
-73.19702532 -51.47804616
-73.16338396 -51.49556447
-73.11498898 -51.50445281
-72.78934994 -51.61426523
-72.70460059 -51.67798227
-72.64907427 -51.6950355
-72.58331601 -51.73725514
-72.60005917 -51.79911183
-72.92838538 -51.85983164
-73.18867957 -51.99067636
-73.38324134 -52.06999969
-73.51819434 -52.04100921
-73.5823248 -51.96039398
-73.6502793 -51.85626596
-73.75265032 -51.79554616
-73.81063127 -51.80112721
-73.85755347 -51.7899651
-73.89442461 -51.75777068
-73.97325701 -51.7844874
-74.14642473 -51.71208872
-74.19665422 -51.68056609
-74.06958188 -51.57866017
-73.92979713 -51.61783091
-73.89589739 -51.33144012
-73.93948646 -51.26632781
-74.12125831 -51.19542775
-74.21050351 -51.20462615
-74.3323307 -51.19501434
-74.41434119 -51.16250986
-74.5078497 -51.14959075
-74.58686296 -51.13067718
-74.69008664 -51.08654551
-74.81475603 -51.0628777
-74.98311785 -50.88108001
-75.05533566 -50.78558196
-75.09468726 -50.68124725
-74.836641 -50.67892181
-74.68571998 -50.66202361
-74.64892636 -50.61846038
-74.70207557 -50.535313
-74.77586951 -50.46989064
-74.72166094 -50.40849904
-74.64448218 -50.36090504
-74.56412533 -50.38198903
-74.36555864 -50.48787404
-74.3314522 -50.55960093
-74.19019467 -50.77798553
-74.15611406 -50.79741587
-74.13942257 -50.81782806
-73.84747657 -50.94004282
-73.806523 -50.9383375
-73.82458391 -50.83581146
-73.74058387 -50.6966985
-73.65903846 -50.65070648
-73.6181624 -50.65117156
-73.61397661 -50.62791717
-73.6932741 -50.57003956
-73.65443926 -50.49267995
-73.67991574 -50.49019948
-73.75022152 -50.53980885
-73.89150489 -50.78268808
-73.97801124 -50.82702646
-74.096712 -50.71711069
-74.16412391 -50.63783904
-74.19722266 -50.60972706
-74.18559547 -50.48539357
-73.95033851 -50.51050831
-74.0310571 -50.46983896
-74.30558814 -50.3980604
-74.37413693 -50.3629721
-74.42508989 -50.35020802
-74.51640215 -50.26566538
-74.62957353 -50.19404184
-74.43431413 -50.0652125
-74.3337518 -49.97462371
-74.01945574 -50.02278615
-73.95860674 -49.99472584
-74.01123918 -49.92847666
-74.07327674 -49.94852711
-74.17133277 -49.90728932
-74.32393328 -49.78336924
-74.31873979 -49.72006561
-74.29080868 -49.60405202
-74.23034726 -49.579299
-74.10200884 -49.55537282
-73.95553199 -49.59309661
-73.89155657 -49.62374074
-73.83639197 -49.60932301
-73.8924609 -49.52343678
-73.98803647 -49.49088063
-74.09443824 -49.42969573
-74.08350867 -49.3617929
-74.04922136 -49.30562062
-74.02343482 -49.24417734
-74.00563229 -49.15798105
-74.0153733 -49.09090504
-73.98478085 -49.06000254
-73.93788449 -49.04610158
-73.93493893 -49.02093515
-74.02772397 -49.02620615
-74.06131365 -49.11100718
-74.07387102 -49.18836679
-74.13978431 -49.25048187
-74.16789629 -49.32055511
-74.18456194 -49.40437428
-74.22130388 -49.50054412
-74.30153154 -49.46395721
-74.34850542 -49.42628509
-74.36654049 -49.40044687
-74.35816891 -49.35135426
-74.3800022 -49.0478069
-74.38212094 -48.79361053
-74.3409865 -48.59574147
-74.22768592 -48.51698659
-74.17621619 -48.49409393
-74.12931983 -48.50422251
-74.05692115 -48.50365407
-74.00909461 -48.47497365
-74.17153948 -48.42748301
-74.27008643 -48.45461313
-74.3429502 -48.49259531
-74.47444088 -48.46396657
-74.49942644 -48.36226735
-74.57719947 -48.27436574
-74.59073869 -48.16186614
-74.58469255 -47.99903371
-74.40051775 -48.0130897
-74.25042355 -48.04492238
-73.85380693 -48.04218353
-73.52816789 -48.19824635
-73.38445574 -48.1773174
-73.39107032 -48.1459498
-73.50098609 -48.10667571
-73.56958655 -48.01929087
-73.60992001 -47.99391774
-73.62888526 -47.94151784
-73.63511227 -47.88038462
-73.7158567 -47.65548878
-73.74825782 -47.6613799
-73.77926368 -47.73848113
-73.84670142 -47.86700042
-73.94088172 -47.92942555
-74.08477475 -47.95464365
-74.22703996 -47.96895802
-74.35057248 -47.94436004
-74.37933041 -47.89123667
-74.37622982 -47.82969004
-74.42966326 -47.79956268
-74.56921546 -47.77294931
-74.60887712 -47.75796315
-74.65492082 -47.70225595
-74.58841326 -47.61802337
-74.53379127 -47.56763885
-74.46687029 -47.57766408
-74.40356666 -47.60040171
-74.32253801 -47.66670257
-74.24295631 -47.67931162
-74.15197995 -47.62665333
-74.1340999 -47.59084157
-74.19099565 -47.568414
-74.24293047 -47.559629
-74.32367489 -47.53141367
-74.48268328 -47.43043792
-74.4032566 -47.32749847
-74.21567115 -47.20952117
-74.15841366 -47.1824944
-74.20807471 -47.08312062
-74.15190243 -46.97439341
-74.20944414 -46.8847348
-74.31354631 -46.78815154
-74.45420956 -46.7667575
-74.48444027 -46.79502451
-74.48937537 -46.83460866
-74.46697364 -46.86437428
-74.48015113 -46.88587168
-74.51224219 -46.88519988
-74.69081011 -46.86396087
-74.81062191 -46.79967539
-75.00598467 -46.74107431
-75.03143531 -46.695289
-75.05254513 -46.62805796
-74.98420305 -46.51214772
-75.01877458 -46.51049407
-75.14574358 -46.60010101
-75.33741147 -46.64702321
-75.47843645 -46.66242278
-75.54034481 -46.69869964
-75.56507199 -46.72872365
-75.52758074 -46.74634531
-75.44600949 -46.75078948
-75.38640072 -46.86272064
-75.40123186 -46.90566375
-75.43037737 -46.93455088
-75.49662655 -46.94013193
-75.63527442 -46.86282399
-75.70808651 -46.77497405
-75.70638119 -46.70531422
-75.65677182 -46.61038462
-75.43694027 -46.48300221
-75.37601376 -46.42905202
-75.24702939 -46.36936574
-75.07484351 -46.2345936
-74.92446509 -46.15966277
-74.99763892 -46.09770273
-75.07453345 -46.00447845
-75.06667864 -45.87492563
-74.76313127 -45.82361094
-74.63068458 -45.84469492
-74.46281369 -45.84071583
-74.36912432 -45.80970997
-74.30114397 -45.80299204
-74.15787106 -45.76723195
-74.09619524 -45.71679575
-74.08182919 -45.67829681
-74.08252682 -45.6447588
-74.09926999 -45.60341766
-74.12270525 -45.49618906
-74.09890825 -45.46032562
-74.03754249 -45.41769256
-73.9571598 -45.40441172
-73.92034034 -45.40771901
-73.82497148 -45.44688974
-73.84416928 -45.50244191
-73.88230648 -45.56931121
-73.96026038 -45.83528981
-73.99950863 -45.89528615
-74.06105526 -45.94732431
-74.01994666 -46.05584482
-74.08157081 -46.13180918
-74.35679949 -46.21273447
-74.39297299 -46.21738535
-74.37245744 -46.24627247
-74.213139 -46.23945119
-74.08973568 -46.22234629
-73.9675726 -46.1541334
-73.92922869 -46.04990203
-73.87874081 -45.84686533
-73.8125433 -45.81813323
-73.7352612 -45.81172536
-73.69487606 -45.85957773
-73.70789853 -45.96670298
-73.70815691 -46.07031422
-73.81065711 -46.37737558
-73.93480974 -46.50067555
-73.94860735 -46.53312835
-73.94374976 -46.57157562
-73.84535784 -46.56599456
-73.77027198 -46.49984873
-73.71619259 -46.41520273
-73.66206153 -46.29748382
-73.66821103 -46.21211435
-73.65167457 -46.15930104
-73.62942786 -45.98649505
-73.59183326 -45.8991102
-73.59431373 -45.77684376
-73.66195818 -45.73074839
-73.75657772 -45.70284311
-73.78040056 -45.62796396
-73.73079119 -45.48001434
-73.549872 -45.48378672
-73.37856462 -45.38286264
-73.26622006 -45.34622405
-73.20237383 -45.35376881
-72.97817563 -45.45112721
-72.93383725 -45.45236745
-72.94081356 -45.41727915
-72.97554013 -45.39252614
-73.06388099 -45.35976328
-73.22635169 -45.25517018
-73.44496884 -45.23816863
-73.40486793 -45.10231129
-73.36244158 -44.9781845
-73.25645321 -44.96102793
-73.0784279 -44.92020355
-72.73896542 -44.73416839
-72.68005429 -44.59397023
-72.66387956 -44.43640879
-72.82751299 -44.3953777
-73.00101661 -44.29233489
-73.14095639 -44.23745452
-73.26508318 -44.16862151
-73.24074358 -44.06568206
-73.2244655 -43.89794036
-73.06881609 -43.86202524
-72.99657244 -43.63154835
-73.10098467 -43.45517669
-73.07599911 -43.32360849
-72.93998674 -43.21131561
-72.91549211 -43.13354258
-72.87800086 -43.04812143
-72.75800819 -43.03949147
-72.75534685 -42.99298268
-72.76604387 -42.90823333
-72.84497962 -42.80798105
-72.84805437 -42.66917816
-72.77395036 -42.50515716
-72.65483619 -42.51657765
-72.63184018 -42.50970469
-72.71627947 -42.41043426
-72.78513831 -42.30129363
-72.77325273 -42.25767872
-72.70739112 -42.22052337
-72.63103919 -42.1998528
-72.54843441 -42.2557667
-72.43030209 -42.43389536
-72.41234453 -42.38816172
-72.46011939 -42.20662241
-72.49939348 -41.98089975
-72.62398536 -42.01051035
-72.73819027 -41.99459401
-72.7812109 -41.95960906
-72.8240765 -41.90875945
-72.78382056 -41.84674774
-72.74369381 -41.80060068
-72.65987464 -41.74251637
-72.48603512 -41.72210418
-72.36040972 -41.64908538
-72.31824175 -41.49901702
-72.35947954 -41.51389983
-72.42771827 -41.64588144
-72.54238827 -41.69063323
-72.60083432 -41.68407033
-72.66977068 -41.65942067
-72.80511125 -41.54438893
-72.8799904 -41.51762054
-72.9528025 -41.51472666
-73.01499508 -41.54387217
-73.17405514 -41.74654713
-73.24180294 -41.78086028
-73.52129493 -41.79708668
-73.62402768 -41.77362558
-73.73515784 -41.74246469
-73.72185116 -41.69249358
-73.68810645 -41.63926686
-73.6250612 -41.61187835
-73.62392432 -41.58133758
-73.71063738 -41.57363779
-73.81076046 -41.51751719
-73.85504717 -41.44641041
-73.87615699 -41.31928639
-73.96586728 -41.11826507
-73.98359229 -40.97429453
-73.92034034 -40.87156178
-73.78401791 -40.46848561
-73.7424959 -40.26302011
-73.66945126 -40.08235931
-73.67100155 -39.96319345
-73.48220171 -39.85425954
-73.4103973 -39.78914723
-73.24989031 -39.42234791
-73.22645504 -39.22442718
-73.48075477 -38.62399871
-73.52023556 -38.50932871
-73.53256039 -38.36680511
-73.47189226 -38.13012705
-73.46478675 -38.04031341
-73.5167474 -37.91050221
-73.66180315 -37.69852549
-73.66459368 -37.59041839
-73.60340878 -37.47905568
-73.66239743 -37.34097625
-73.63363949 -37.25550343
-73.60167762 -37.1884791
-73.3745597 -37.22434254
-73.27110348 -37.20739267
-73.21596473 -37.16687835
-73.17284075 -37.05350026
-73.15129167 -36.87619842
-73.13777829 -36.79987233
-73.11803789 -36.68835459
-73.00659766 -36.64344777
-72.96784034 -36.53776946
-72.87456438 -36.39038828
-72.77844621 -35.97852711
-72.68341326 -35.87693125
-72.58734677 -35.75967742
-72.62390784 -35.58578623
-72.56207699 -35.5053777
-72.50518124 -35.44698333
-72.45497759 -35.34083994
-72.38671302 -35.24038095
-72.22377723 -35.09620371
-72.18241024 -34.92019378
-72.05593218 -34.61581959
-72.03079159 -34.42048268
-71.9915175 -34.28850107
-72.00283464 -34.16530446
-71.92687029 -34.01559783
-71.85395484 -33.88955901
-71.83098467 -33.81948577
-71.66435401 -33.65267425
-71.63629371 -33.5192457
-71.6955149 -33.42896697
-71.69657427 -33.28907887
-71.7429797 -33.09508554
-71.63557024 -33.02253183
-71.59205868 -32.96951181
-71.45227393 -32.65955657
-71.46142066 -32.53791025
-71.42129391 -32.38680836
-71.51304542 -32.20790455
-71.52586117 -31.80586191
-71.57730506 -31.49642344
-71.66197689 -31.16951832
-71.65391537 -30.98658375
-71.70566932 -30.7593108
-71.70895077 -30.62805267
-71.66946998 -30.33039642
-71.40039079 -30.14301767
-71.34801673 -29.93321136
-71.3157448 -29.64971445
-71.3267002 -29.44321543
-71.35326189 -29.35040455
-71.48581194 -29.19826914
-71.51924659 -28.9264511
-71.49358924 -28.85524098
-71.38406104 -28.77865651
-71.3067531 -28.67240976
-71.26683306 -28.50756194
-71.18639869 -28.3778541
-71.15448849 -28.0640748
-71.08650814 -27.81447763
-71.05263424 -27.72735117
-70.94579322 -27.61790049
-70.92579444 -27.58865163
-70.90928382 -27.50514251
-70.9142706 -27.30794525
-70.89788917 -27.18753916
-70.81275224 -26.95055104
-70.80290788 -26.84089365
-70.70841753 -26.59698089
-70.68697181 -26.42179778
-70.64661251 -26.32940032
-70.66227047 -26.22542734
-70.63547624 -25.99267669
-70.69963253 -25.86110849
-70.71371436 -25.78421396
-70.63299578 -25.5455722
-70.5781154 -25.48748789
-70.48949032 -25.37648691
-70.45217994 -25.25184336
-70.44535865 -25.17267506
-70.55865923 -24.77848724
-70.57411048 -24.64433522
-70.54643775 -24.33158945
-70.50742204 -24.12963795
-70.52008277 -23.96851084
-70.50739621 -23.88572519
-70.487785 -23.78170053
-70.40996029 -23.65555836
-70.39233863 -23.56595143
-70.41962379 -23.52853769
-70.51196957 -23.48280405
-70.58814063 -23.36839243
-70.59335995 -23.25547942
-70.56886532 -23.1733139
-70.56320675 -23.05704192
-70.44964779 -23.03420094
-70.38916053 -22.9696054
-70.33169634 -22.84868255
-70.2595302 -22.55609059
-70.22852434 -22.19321868
-70.18547787 -21.97462737
-70.15506629 -21.86662363
-70.12961565 -21.64079762
-70.08755103 -21.49310638
-70.08003211 -21.3568873
-70.08837786 -21.25322438
-70.19702755 -20.7254013
-70.19364275 -20.53140797
-70.14744402 -20.22982431
-70.14816749 -19.80504404
-70.15739173 -19.70582529
-70.1983453 -19.61301442
-70.21041175 -19.48692392
-70.27580828 -19.26760914
-70.33487444 -18.82753265
-70.33608883 -18.59519541
-70.36164283 -18.39799814
-70.4182802 -18.34559824
-70.37748166 -18.33360931
-70.28229367 -18.32544443
-70.18377255 -18.32523773
-70.05910316 -18.28348317
-69.9263464 -18.2060202
-69.83971086 -18.09341725
-69.80258135 -17.99027109
-69.80242632 -17.90004404
-69.8414937 -17.78516733
-69.85208737 -17.70382863
-69.80612118 -17.66491627
-69.68475908 -17.64982676
-69.58641883 -17.57319061
-69.51091956 -17.50601124
-69.49500322 -17.61954437
-69.358009 -17.77173146
-69.31336056 -17.94314219
-69.28232886 -17.96489796
-69.09391659 -18.05052581
-69.09045427 -18.07067962
-69.11807532 -18.10271901
-69.14546383 -18.14406015
-69.12634355 -18.20240285
-69.09228878 -18.28244964
-69.08097165 -18.35660532
-69.06014604 -18.43298309
-69.03939796 -18.55013356
-69.02678891 -18.65627695
-68.97885902 -18.81295989
-68.96909217 -18.90969817
-68.96831702 -18.96798919
-68.93100664 -19.02514332
-68.857962 -19.09335622
-68.75907915 -19.16218922
-68.680686 -19.24239105
-68.62056047 -19.2966513
-68.54787757 -19.34109303
-68.49201535 -19.38191741
-68.47018205 -19.40992604
-68.46286984 -19.43276702
-68.48702857 -19.45441945
-68.57526608 -19.5602011
-68.69830766 -19.72112151
-68.69618893 -19.74075856
-68.57826331 -19.85651377
-68.55940141 -19.90229909
-68.56069333 -19.96710133
-68.60017412 -20.04487436
-68.72750485 -20.06962737
-68.7557977 -20.09081471
-68.75933753 -20.11556772
-68.73003699 -20.14843393
-68.73455868 -20.22522511
-68.6885925 -20.31007781
-68.71231198 -20.33896494
-68.75923418 -20.37803232
-68.76055193 -20.41616953
-68.74517819 -20.45859588
-68.6958272 -20.49296071
-68.49987016 -20.61202321
-68.48431556 -20.62845631
-68.48741614 -20.64070363
-68.56317379 -20.7201303
-68.57102861 -20.76911956
-68.56893572 -20.84983815
-68.55826453 -20.90192799
-68.53382158 -20.92363209
-68.43550717 -20.94828175
-68.31388668 -21.12971771
-68.19702043 -21.30030161
-68.19854489 -21.44721771
-68.18640093 -21.61857676
-68.11214189 -21.75298716
-68.10180661 -21.86062916
-68.07676938 -21.98284393
-67.988351 -22.05710296
-67.9539345 -22.20401906
-67.9449428 -22.2822055
-67.95036882 -22.33367523
-67.88174252 -22.49340708
-67.87375851 -22.63060801
-67.88998491 -22.72920664
-67.88915809 -22.78413869
-67.87944292 -22.82294769
-67.82048011 -22.85767425
-67.79443519 -22.8794817
-67.70730872 -22.88919687
NaN  NaN
