# China
# from http://www.rjruss.info/2010/12/free-countries-of-world-in-polygon-kml.html
110.88876672 19.99195832
110.93827274 19.94756826
110.97072554 19.88328278
110.99759728 19.76468537
111.01361698 19.65544139
110.91264123 19.58609162
110.82231083 19.55792796
110.64092655 19.2912259
110.6030994 19.20704499
110.57219689 19.17185334
110.56248172 19.13516307
110.56599572 19.09852448
110.51928023 18.9702119
110.47762902 18.81262462
110.45127404 18.74792573
110.39949426 18.69834219
110.33365848 18.67330496
110.29076704 18.66950674
110.25180301 18.65578665
110.15630497 18.5698229
110.04850793 18.50522736
110.06638797 18.47561677
110.0674215 18.44755646
110.02018924 18.41624055
109.96768599 18.42207998
109.81565392 18.39668102
109.75974002 18.34828604
109.7027926 18.25914419
109.68108849 18.24710358
109.58951786 18.22632966
109.51934126 18.2182423
109.40007206 18.28110668
109.34095422 18.29960684
109.18323775 18.325135
109.0298621 18.36776805
108.92227176 18.41613719
108.7016134 18.53525137
108.67608524 18.75025117
108.63805139 18.86629059
108.63567427 18.90770926
108.65004032 19.26502595
108.66554325 19.30409333
108.69355187 19.33830313
108.79101363 19.41816905
108.90284142 19.48134349
109.06283166 19.61358348
109.17910363 19.67409658
109.27666874 19.7611197
109.2195146 19.75747651
109.17744999 19.76845775
109.21889448 19.84282014
109.26343957 19.88266267
109.31480594 19.90439261
109.41815881 19.88881216
109.51365685 19.90426341
109.58424686 19.97033173
109.65132287 19.98436188
109.90619103 19.96276114
110.08302779 19.99294017
110.17160119 20.05373749
110.21335575 20.05606293
110.34389042 20.03882884
110.39225956 19.97557689
110.38802209 20.01800324
110.39360314 20.05924103
110.41758101 20.05474518
110.58821659 19.97635204
110.58873335 20.07244436
110.59834517 20.09761079
110.6517786 20.13773754
110.67854699 20.13706574
110.74448612 20.05944774
110.80908166 20.01438589
110.88876672 19.99195832

110.38512821 21.09318309
110.42233524 21.05861156
110.52155399 21.08310619
110.53953739 21.03902619
110.53891727 21.01845897
110.50388065 20.96771271
110.42181848 21.00688345
110.33996301 20.99773672
110.28094852 21.00114737
110.26461877 21.02517691
110.30988732 21.07473461
110.38512821 21.09318309

112.64380171 21.63966136
112.54561649 21.6185257
112.52494592 21.62302155
112.55894901 21.67474966
112.64762577 21.71025137
112.64380171 21.63966136

112.79025272 21.60183421
112.77113244 21.58183544
112.74198693 21.61806061
112.733512 21.66994375
112.71263472 21.69795238
112.76059045 21.73324738
112.78198449 21.77226309
112.83903527 21.76448579
112.86259973 21.75262604
112.81257694 21.71213756
112.80069136 21.69485179
112.79025272 21.60183421

113.55527062 22.8042156
113.56364221 22.75788768
113.48561079 22.82832266
113.46338993 22.83235342
113.42607954 22.85860505
113.40437544 22.90284007
113.46494022 22.9045454
113.52054406 22.85204214
113.55527062 22.8042156

118.18299849 24.49628286
118.14951216 24.4361315
118.09049767 24.44615672
118.08874068 24.48889313
118.07675174 24.50139883
118.09297814 24.54118968
118.10383019 24.55235179
118.1706995 24.51850373
118.18299849 24.49628286

119.82093469 25.45697358
119.74662398 25.41069733
119.70032189 25.43271149
119.69939172 25.49472321
119.72305952 25.55058544
119.69598107 25.59086721
119.72254276 25.63879711
119.77793989 25.65316315
119.79747359 25.62321666
119.82868615 25.607352
119.83840132 25.59104808
119.83871138 25.55965465
119.80904911 25.50779735
119.83240685 25.47958202
119.82093469 25.45697358

121.25133833 28.08639964
121.16421187 28.06249929
121.13155236 28.06257681
121.13403283 28.13523387
121.20544966 28.20437694
121.23438846 28.18130341
121.25092492 28.14523326
121.25133833 28.08639964

122.17252241 29.67901561
122.16900842 29.66025707
122.0837423 29.72534353
122.04271122 29.73591136
122.06224491 29.77275666
122.11960575 29.78221345
122.16508101 29.70077139
122.17252241 29.67901561

122.40392948 29.8923876
122.3940076 29.84608552
122.36754927 29.8527001
122.33178918 29.93496898
122.35101281 29.95522614
122.40155236 29.95023937
122.40392948 29.8923876

122.29592573 29.96341686
122.28155969 29.94383149
122.15784631 30.00129568
122.02400435 30.01331045
121.97780562 30.06379833
121.96943404 30.14312165
122.1105107 30.13976268
122.28445357 30.06803579
122.32228072 30.0313972
122.29592573 29.96341686

121.86267053 31.49228994
121.780505 31.46376455
121.51995243 31.54959911
121.33639774 31.64375357
121.2268437 31.75811351
121.21113407 31.80539745
121.33898156 31.7973876
121.46414188 31.75645987
121.49184045 31.69364716
121.54227665 31.67390677
121.5765898 31.63729401
121.80830692 31.55213125
121.8436536 31.52634471
121.86267053 31.49228994

123.48949629 53.52944611
123.53471317 53.52644888
123.55972456 53.52668142
123.60778364 53.54652517
123.74095381 53.51099763
123.99468509 53.40562938
124.15431359 53.35868134
124.21994266 53.37010183
124.29146284 53.34085297
124.36913252 53.27093476
124.46592248 53.22964529
124.63986535 53.2106542
124.81236128 53.13383719
124.88212447 53.12972891
124.90661909 53.17267202
124.97095625 53.19732168
125.07503259 53.20367788
125.22556603 53.16579906
125.42245324 53.08373688
125.54595991 53.04761506
125.5959827 53.05748526
125.6490544 53.04226655
125.69168745 53.00369009
125.69535648 52.9563028
125.68078373 52.93082632
125.72811934 52.89072541
125.782793 52.89072541
125.87188317 52.87152761
125.94164636 52.80070506
126.00432987 52.76789053
126.04815148 52.73946849
126.0560063 52.7158782
126.06014042 52.69197785
126.0470146 52.67347769
126.02324344 52.64301443
126.01595707 52.61022574
126.0459294 52.5733546
126.15662031 52.54663789
126.19444746 52.51914602
126.20297407 52.48382518
126.23759728 52.44480948
126.31283817 52.39974763
126.34167362 52.36202383
126.32420698 52.33166393
126.3463245 52.30626496
126.38353153 52.28649872
126.3914897 52.21448762
126.39479699 52.17301728
126.45556848 52.12645681
126.46807417 52.03129466
126.5105522 51.92582307
126.65369592 51.78128408
126.70082482 51.70304597
126.68873254 51.60992504
126.70919641 51.56628429
126.77451542 51.54507111
126.80541792 51.50564199
126.80180057 51.44804861
126.82732873 51.41226268
126.84774092 51.37417715
126.83383996 51.31487845
126.85440718 51.2613675
126.88773848 51.2301291
126.91150964 51.17232901
126.92484216 51.10013703
127.02039188 50.98588044
127.19826216 50.82945588
127.30698937 50.70796459
127.3468319 50.62135489
127.34719364 50.55009309
127.30822961 50.49417919
127.3060592 50.45350983
127.34078576 50.42808503
127.35117272 50.39361685
127.33722009 50.35015697
127.39525272 50.29858389
127.59027958 50.20897696
127.51235152 50.07167268
127.4917843 49.97503775
127.50242964 49.87341604
127.55079878 49.80179251
127.63668501 49.76019298
127.69017012 49.71675894
127.71115075 49.67154206
127.81429691 49.62213939
127.9996086 49.56860261
128.2370618 49.55930085
128.52675988 49.59423412
128.70401004 49.60012523
128.769019 49.57697419
128.79103316 49.54183421
128.77025923 49.49470531
128.81935184 49.46375113
128.93831099 49.44891999
129.02026981 49.41925772
129.06512495 49.37466096
129.12010868 49.36205191
129.18511763 49.38137889
129.24842126 49.37864004
129.30986454 49.35383535
129.3500688 49.36236197
129.38469201 49.38944042
129.44070926 49.38944042
129.49817346 49.3888203
129.53372684 49.32342377
129.59139774 49.28665599
129.6710828 49.27849112
129.79252241 49.19885773
130.03705529 48.97225658
130.196012 48.89164134
130.35527876 48.86637157
130.55314782 48.86120393
130.61717492 48.77317312
130.56560184 48.68012971
130.55211429 48.60251171
130.59727949 48.57465811
130.65923954 48.48339753
130.74688277 48.43037751
130.76341922 48.38841625
130.80424361 48.34149405
130.78719038 48.25457429
130.71205285 48.12765697
130.73256839 48.01923981
130.84863366 47.92942617
130.91539961 47.84291983
130.93286625 47.75979829
130.96196008 47.70931041
131.00278446 47.6914562
131.12184696 47.69763154
131.31935428 47.72781057
131.464255 47.72261709
131.55675581 47.68202525
131.785269 47.6805008
132.14979455 47.71796621
132.38016808 47.72949006
132.47628625 47.71496898
132.56186242 47.76850576
132.6368966 47.89010041
132.70717655 47.94725454
132.77280562 47.94007152
132.87708866 47.97908723
133.02012902 48.06440502
133.14404911 48.10564281
133.30114546 48.10153453
133.4683704 48.09716787
133.57327355 48.13303132
133.67176883 48.20770376
133.84219771 48.27374624
134.20589644 48.35989086
134.29338464 48.37343008
134.33493249 48.36883088
134.4561654 48.35534333
134.56354903 48.32172781
134.66519657 48.25392833
134.68080285 48.21044261
134.66933068 48.15334016
134.64721317 48.12016389
134.60535526 48.08290518
134.56597782 48.02249543
134.59129927 47.97521149
134.65031376 47.87428742
134.69857954 47.80142365
134.75232303 47.71540823
134.72808679 47.68447989
134.69578902 47.62487112
134.59615685 47.52386953
134.5418966 47.48516389
134.48350223 47.44738841
134.38252648 47.43824169
134.33942834 47.42950837
134.29085249 47.41359203
134.26005334 47.37772858
134.22522342 47.35261384
134.16765588 47.30217764
134.16295332 47.25871776
134.18925663 47.19422557
134.20212406 47.1280539
134.1369084 47.06901358
134.08642053 46.97811473
134.07138268 46.9507779
134.04600956 46.88199657
134.03856815 46.85817373
134.02260013 46.71316966
133.9575395 46.61423513
133.86658898 46.49912588
133.88674279 46.43055126
133.90276249 46.36693757
133.88023156 46.33603506
133.87475386 46.30905996
133.86131799 46.24777171
133.8327926 46.22425894
133.75021366 46.18591503
133.70070764 46.13976797
133.71114627 46.06964305
133.68572147 46.00894908
133.64779097 45.95523143
133.60800012 45.92029816
133.55115604 45.89781892
133.51312219 45.87880199
133.48470015 45.81043407
133.4758118 45.75764659
133.44914676 45.70506582
133.46557987 45.65121898
133.43643436 45.60471019
133.35550907 45.57220572
133.30951704 45.5530596
133.26693566 45.54528229
133.18601037 45.4948461
133.11335331 45.32141999
133.0969202 45.22047008
133.11345666 45.13073395
133.01175744 45.07456167
132.93599979 45.02991324
132.88876753 45.04606212
132.83864139 45.0611258
132.72314457 45.08055614
132.6656287 45.09370779
132.54904667 45.12280162
132.36301151 45.15998282
132.18136885 45.20328767
132.06742232 45.22597362
131.97750532 45.24398286
131.90924076 45.27372264
131.85182824 45.32684601
131.79488081 45.30529694
131.7420675 45.24261343
131.65401086 45.20535472
131.61396162 45.13657339
131.57876997 45.08365672
131.48750939 45.01311839
131.44689172 44.98402456
131.26829797 44.93612051
131.22799035 44.92015249
131.08231449 44.91002391
131.03296349 44.88888825
130.98170047 44.84431733
130.96774784 44.79995311
131.00392134 44.75323762
131.06066206 44.65967744
131.08691369 44.59567617
131.12577437 44.46919811
131.25527551 44.0715738
131.21331424 44.00292166
131.17424686 43.70474864
131.18365197 43.65087596
131.18003462 43.56710847
131.18246341 43.50558767
131.20918013 43.49042064
131.24390669 43.4690266
131.26178674 43.4330598
131.25734256 43.37807608
131.23935917 43.33766511
131.2118673 43.25777334
131.17564212 43.142199
131.13559289 43.09762808
131.10897953 43.06243643
131.08619022 43.03809683
131.08350305 42.95629304
131.06856856 42.90226533
131.00557499 42.88311921
130.9428398 42.85175161
130.86852909 42.86332713
130.80326175 42.8568159
130.72249149 42.83583527
130.57728072 42.81159903
130.49294478 42.77909455
130.45274051 42.75542674
130.42478356 42.72703054
130.41997766 42.69987458
130.43920129 42.68553437
130.52059167 42.67432058
130.57655724 42.62323843
130.58446374 42.56732453
130.52694787 42.5353885
130.49821577 42.57052847
130.45031172 42.58169058
130.36070479 42.63083487
130.29559248 42.68494009
130.24670658 42.74483308
130.24882531 42.87262889
130.24035038 42.89177501
130.15126021 42.91794912
130.12480187 42.95598298
130.08263391 42.97417308
130.02227583 42.96259756
129.97700728 42.97484488
129.94124719 42.99567048
129.89825239 42.99815095
129.86104536 42.96507803
129.84151167 42.89422964
129.77918989 42.7765624
129.77340213 42.70545563
129.74653039 42.60380809
129.719762 42.47497875
129.69779951 42.44813284
129.62798465 42.44428295
129.60390344 42.43591136
129.56752323 42.39208975
129.52370161 42.38464834
129.48484094 42.41027985
129.42365604 42.43591136
129.36577844 42.43921865
129.31368859 42.41358714
129.2525037 42.35787995
129.21777713 42.31271475
129.20537479 42.27054678
129.19545292 42.21845694
129.13369958 42.16851166
129.07721724 42.14238923
128.96063521 42.06880199
128.92342818 42.03820954
128.83981571 42.03784781
128.74896854 42.04069001
128.6267021 42.02084626
128.42723107 42.01071768
128.30785851 42.02565217
128.16016727 42.01159618
128.04523889 41.98751496
128.02870243 41.95162568
128.03293989 41.89847647
128.05609094 41.8637499
128.08420292 41.84059886
128.13190026 41.76913036
128.18176802 41.70003897
128.25783573 41.65539053
128.289255 41.6074348
128.29090864 41.56278636
128.25494185 41.5065624
128.20026818 41.433001
128.14941857 41.38773245
128.11122969 41.3892569
128.05278364 41.41561188
128.01309614 41.4486848
127.9186833 41.46113882
127.68763797 41.44000316
127.57219282 41.45475678
127.51700239 41.48175772
127.42036747 41.4837731
127.27081587 41.51984325
127.17965864 41.53136709
127.13666385 41.55451813
127.12839562 41.6074348
127.08540083 41.64381501
127.06126794 41.6873524
127.00690433 41.74205191
126.95476281 41.76949209
126.90349979 41.78106761
126.84727583 41.7479947
126.78774458 41.71822907
126.74309614 41.72484365
126.72159875 41.71657543
126.69700077 41.69187409
126.60124434 41.64097281
126.57835168 41.59436066
126.54011112 41.49555532
126.51354943 41.39401114
126.49039839 41.35807018
126.45143436 41.35184317
126.41185021 41.32132823
126.32870283 41.225701
126.25361698 41.13779938
126.14447635 41.07826813
126.09321333 41.02369782
126.066755 40.97408845
125.98903364 40.90463532
125.87493208 40.89223298
125.78403324 40.87202749
125.72827437 40.86670482
125.68822513 40.83867036
125.65923465 40.79588227
125.64507531 40.77895824
125.59381229 40.77895824
125.54254927 40.74257803
125.41687219 40.65989574
125.3144495 40.64462535
125.18587853 40.58938325
125.07291385 40.54744782
125.02599165 40.52388337
125.0133826 40.49783845
124.99684614 40.46476553
124.94227583 40.45815095
124.88935917 40.45980459
124.77195031 40.38373688
124.71241906 40.3192447
124.481012 40.1816562
124.38665083 40.10427074
124.3621562 40.0040443
124.34996057 40.01156322
124.26748498 39.92415253
124.10573775 39.84100515
123.76012577 39.82242748
123.65088179 39.88157115
123.61119429 39.84079845
123.58070519 39.78615062
123.49006473 39.76785716
123.34816125 39.7629479
123.26899295 39.72690359
123.22661828 39.68662181
123.03221154 39.67354768
122.96089807 39.61993338
122.84007857 39.60083893
122.33488976 39.36612458
122.22502567 39.26731924
122.12084598 39.15189993
122.04767215 39.09378978
121.98235314 39.05317211
121.92261519 39.03653229
121.86432417 38.99648306
121.80520633 38.99139293
121.74484826 39.00968639
121.67725549 39.0034077
121.63281376 38.95483185
121.6704342 38.89178661
121.64986698 38.86506989
121.5171619 38.83078258
121.32017134 38.80822582
121.23635217 38.76696219
121.20741336 38.74352692
121.16359175 38.73166718
121.12163049 38.81326427
121.10674767 38.92080292
121.18829308 38.94666698
121.26322391 38.96025788
121.67994266 39.10867259
121.62764611 39.2201645
121.66454308 39.26874034
121.75787072 39.3475469
121.8184355 39.38651093
121.78546594 39.40085114
121.51251102 39.3748579
121.35572473 39.3768216
121.2755229 39.38477977
121.29981083 39.45219168
121.2862716 39.51944855
121.26746138 39.54466665
121.40647098 39.62125113
121.46951623 39.64013886
121.51757531 39.63897614
121.51426802 39.68527823
121.47416711 39.75486054
121.51736861 39.84482921
121.80096887 39.95053335
121.86897505 40.04639313
121.98276655 40.1358192
122.19091922 40.3582604
122.20332157 40.39603587
122.26388635 40.50021556
122.2749451 40.54186677
122.17872359 40.6027416
122.14037967 40.68816275
121.85884647 40.84210684
121.83486861 40.97426931
121.80861698 40.96850739
121.76562219 40.87590323
121.72924198 40.8461376
121.59891402 40.84339875
121.537109 40.87843537
121.17454715 40.90125052
121.08597375 40.84161591
121.00287805 40.74914094
120.92226281 40.68309846
120.84133752 40.64919872
120.77074751 40.58904735
120.47908573 40.23098135
120.36891157 40.20385122
119.85039025 39.98743032
119.59107792 39.9026293
119.39109012 39.75248343
119.32236047 39.66161042
119.26127892 39.56086721
119.22458866 39.40803417
119.04010379 39.22236074
118.97695519 39.18256989
118.9122563 39.16642101
118.82647342 39.17213125
118.75247277 39.16050406
118.62638228 39.17685965
118.4719731 39.11800019
118.29782352 39.0670989
118.14785851 39.19507559
118.0408883 39.22675324
117.86570519 39.19125153
117.78467655 39.13445913
117.61672814 38.85290009
117.55378625 38.69143708
117.55781701 38.62513622
117.65600223 38.42421825
117.76669315 38.31166698
118.01494673 38.18340607
118.54328657 38.09493602
118.66710331 38.12635529
118.80001509 38.12666535
118.94005822 38.0427945
119.0275981 37.9039916
119.03565962 37.80916535
119.03845015 37.77650585
119.07028283 37.74860057
119.08919641 37.7007482
119.03348921 37.6610607
118.99080448 37.64137198
118.95483768 37.49409414
118.95266727 37.33115835
118.99814253 37.2771048
119.11183068 37.20116629
119.2874272 37.13830191
119.4498979 37.12476268
119.76057661 37.15507091
119.88749393 37.25338532
119.87994917 37.29581167
119.88294641 37.35084707
120.15590132 37.49499848
120.31155073 37.62271678
120.28715946 37.65651317
120.25718713 37.67899242
120.28467899 37.69209239
120.37015181 37.70100658
120.74997359 37.8339442
121.04907678 37.72519115
121.21950565 37.60013418
121.38807417 37.57894685
121.50527632 37.51504894
121.64025516 37.46034943
121.81636844 37.45662873
121.96488651 37.44531159
122.01015506 37.49574779
122.05666385 37.52892406
122.10958052 37.52230948
122.16911177 37.45616364
122.33768029 37.40528819
122.49322635 37.40794953
122.60236698 37.42639802
122.66696252 37.40283356
122.57332482 37.31792919
122.58727746 37.18108999
122.51555057 37.13783682
122.44671756 37.06812531
122.48743859 37.02226248
122.52340539 37.00265127
122.51968469 36.94684073
122.45705285 36.91513723
122.34088423 36.8322224
122.27422163 36.83382437
122.2422856 36.84984406
122.21975467 36.87953217
122.20321822 36.92720368
122.16239383 36.95864879
122.04953251 36.97074108
121.93274377 36.95947561
121.66960738 36.83635651
121.41308557 36.738378
121.14405806 36.66044994
121.05383101 36.61135733
120.98995894 36.59797313
120.87854455 36.63515432
120.81084842 36.63280305
120.79668908 36.60722321
120.88257531 36.53890697
120.90500288 36.48531851
120.89580448 36.44413239
120.84702193 36.42609732
120.77612186 36.45630219
120.71152632 36.41328156
120.68217411 36.34072785
120.68093387 36.16836111
120.63783573 36.12993968
120.51928999 36.10870067
120.39309614 36.05387198
120.348241 36.07921927
120.3302576 36.11009593
120.34348677 36.18947093
120.32777713 36.22817658
120.27010624 36.2261612
120.18328983 36.20244172
120.11693729 36.1503002
120.09419966 36.11890677
120.18142948 36.01749177
120.26473189 36.007234
120.28478234 35.98444469
120.21904992 35.93491283
120.05471887 35.86114472
120.02743371 35.79936555
119.97865116 35.74022187
119.9116785 35.69322215
119.86620324 35.64366446
119.81049605 35.61772289
119.71975223 35.58873241
119.6084412 35.46987661
119.52648238 35.35861726
119.42964074 35.30141144
119.35284956 35.11380016
119.21580366 35.01176504
119.16536747 34.84880341
119.20092085 34.74842194
119.35140262 34.74942963
119.42674686 34.71413463
119.58291304 34.5822047
119.76977502 34.49621511
119.96366499 34.4477943
120.20147993 34.32570873
120.26669559 34.27403229
120.32271284 34.16897411
120.4256523 33.86630524
120.4997563 33.71644359
120.50482059 33.63817963
120.61561486 33.49054007
120.73447066 33.23662792
120.87110314 33.01651215
120.89735477 32.84321524
120.85301639 32.76409862
120.8532231 32.66136587
120.98995894 32.56703054
121.2932996 32.45734732
121.34166874 32.42504955
121.40099328 32.37192617
121.40388716 32.20622569
121.45080936 32.15333487
121.49049686 32.12108877
121.67425825 32.05104137
121.75104943 31.99287954
121.83238814 31.89975861
121.856366 31.8164562
121.86628788 31.70356904
121.76355513 31.6994866
121.68087284 31.71217316
121.35190067 31.85880504
121.26642785 31.86270661
121.14581506 31.8423461
120.97352583 31.86937287
120.79172814 32.03174022
120.66057336 32.08103954
120.52011682 32.10584422
120.18411665 31.96616283
120.09874719 31.97598135
120.0739425 31.96027171
120.03590864 31.93629385
120.19155806 31.9063732
120.34751753 31.95210684
120.49717248 32.01980296
120.71555708 31.98373282
120.75224735 31.92283214
120.78780073 31.8197635
120.93755904 31.75020702
121.0553813 31.71945954
121.2049329 31.62809561
121.35097049 31.4853653
121.66061568 31.31974234
121.78587935 31.16290436
121.83445519 31.0616444
121.87796675 30.91700206
121.76944624 30.87036408
121.67518843 30.8637495
121.52749719 30.84096019
121.41897668 30.78977469
121.30993941 30.6997285
120.99760705 30.55826427
120.93828251 30.46974254
120.89745812 30.39261546
120.82149377 30.35463329
120.62998091 30.39085847
120.44983687 30.38786123
120.24550825 30.28352652
120.19465864 30.24130687
120.22855838 30.2495751
120.26049442 30.26303681
120.35247847 30.24743053
120.49458866 30.30306021
120.63339155 30.1331481
120.90448612 30.16063996
121.15935428 30.3017683
121.25795292 30.30409374
121.34063521 30.2823638
121.43272261 30.22668244
121.6778756 29.97910065
121.81233768 29.95215139
121.94431929 29.89409292
122.01728641 29.88768504
122.08291548 29.87037344
121.90576867 29.77970714
121.67653202 29.58380178
121.57462609 29.53703461
121.50630985 29.48458303
121.69048465 29.51098969
121.82184614 29.60465323
121.88799198 29.62780427
121.9412187 29.6059193
121.96840051 29.49060334
121.9177576 29.13501781
121.85357547 29.12891999
121.79084029 29.22568411
121.71745975 29.25635407
121.6559648 29.23614859
121.53369836 29.23671703
121.48708622 29.19317963
121.44770877 29.13132294
121.5208826 29.11848135
121.6649565 29.01058096
121.6796326 28.95311677
121.64097863 28.91593557
121.54000288 28.93190359
121.66247603 28.85141755
121.63002323 28.76790843
121.59033573 28.73483552
121.5191256 28.71367402
121.47520064 28.64143037
121.53814253 28.52110179
121.6020146 28.3666151
121.60997277 28.29212352
121.5099272 28.32426626
121.35458784 28.22987926
121.27221561 28.22210196
121.21681848 28.34617707
121.1457117 28.32666922
121.09847945 28.29052155
121.0354342 28.15727387
120.95864302 28.03699698
120.89249719 28.00392406
120.81301883 28.01335501
120.74759647 28.0099702
120.76351281 27.97746573
120.83296594 27.93777823
120.83296594 27.89147614
120.68517134 27.74456004
120.66129683 27.687871
120.66481083 27.63945018
120.58750288 27.58074575
120.62915409 27.48212128
120.60755334 27.41238394
120.53985721 27.31833283
120.46864709 27.25626944
120.38462121 27.15550039
120.27868452 27.09705435
120.13853804 26.88611115
120.0974036 26.78069123
120.08675825 26.67160228
120.04293664 26.63382681
119.96779911 26.58638784
119.88222294 26.61046906
119.87943241 26.68299693
119.84232873 26.6893273
119.82124474 26.73692129
119.81514693 26.79758942
119.82424198 26.84637198
119.78868859 26.83148916
119.76667443 26.77469676
119.71045047 26.72865306
119.65153934 26.74725658
119.58818404 26.78498037
119.58994103 26.73048758
119.62363407 26.67586559
119.63820682 26.62116608
119.7259534 26.60943553
119.78476118 26.54662283
119.83116662 26.45022045
119.84036502 26.4141503
119.87643517 26.3709488
119.88108605 26.33415518
119.79726688 26.30015209
119.69267378 26.23643504
119.56710005 26.1273461
119.46312707 26.05466319
119.36969608 26.05406892
119.31305871 26.06256969
119.23213342 26.10440176
119.1394259 26.12176504
119.26375939 25.97479727
119.33207564 25.94875235
119.41775516 25.9543334
119.50085086 26.0091621
119.61877648 26.00358104
119.64823205 25.9187025
119.61691613 25.82292023
119.55283736 25.69869009
119.53940148 25.59125479
119.61918989 25.43746573
119.62249719 25.39116364
119.59273156 25.3680126
119.49919722 25.40865611
119.42178592 25.45960908
119.34375451 25.44627656
119.26313928 25.46803233
119.18004357 25.44981639
119.14624719 25.41431468
119.16929488 25.35571361
119.24360558 25.30703441
119.28556685 25.23223277
119.23554406 25.20595531
119.02460086 25.22344778
118.97757531 25.2092626
118.91442671 25.12678701
118.9556645 25.00477896
118.90905236 24.92889212
118.82202925 24.91111542
118.70751428 24.84982718
118.63692427 24.83553864
118.64023156 24.80908031
118.69180464 24.78231192
118.71919315 24.74613841
118.65707808 24.62144318
118.5603398 24.58038626
118.41202844 24.60072093
118.29534305 24.57273815
118.19457401 24.62583568
118.08708703 24.6269984
118.0139132 24.55992239
118.00595503 24.48196849
117.93505497 24.47421703
117.89681441 24.47982392
117.84265751 24.47429454
117.84823856 24.43246247
117.87903771 24.39587556
118.02424849 24.37964916
118.05060347 24.3271459
118.05608117 24.24609142
117.90404911 24.10643586
117.83945357 24.01230724
117.74168176 24.01481354
117.66788781 23.9392626
117.62820031 23.83673656
117.57921105 23.85699372
117.46634973 23.84056061
117.4330701 23.79172639
117.45952844 23.77146922
117.46221561 23.73625174
117.41694706 23.62101329
117.36764774 23.58863801
117.34666711 23.63571524
117.33075077 23.70881155
117.29085656 23.71436677
117.22502079 23.64703238
117.14812626 23.59876659
117.08249719 23.57876781
117.03278446 23.62341625
116.91062137 23.64667064
116.86090864 23.45309073
116.75951948 23.38250072
116.71208052 23.36048656
116.62939823 23.35387198
116.68231489 23.32741364
116.69885135 23.27780427
116.66908573 23.22819489
116.58640344 23.21827302
116.538241 23.17967072
116.51984419 23.00660635
116.47064823 22.94588654
116.34548791 22.94108063
116.25185021 22.98133657
116.22208459 22.94955557
116.20637495 22.91865306
116.1573857 22.8874405
116.06261112 22.87912059
115.85218469 22.80155427
115.75585982 22.82390432
115.64041467 22.8534374
115.56114302 22.82470531
115.53468469 22.76517406
115.49830448 22.71887198
115.38254927 22.71887198
115.2899451 22.77597443
115.19579064 22.8172639
115.0915076 22.78171052
115.0121326 22.7089501
114.91446415 22.68463634
114.89637739 22.63949698
114.85379601 22.61678518
114.75044315 22.62631948
114.71116906 22.73871573
114.65163781 22.75525218
114.59272668 22.69843395
114.57195275 22.65406973
114.54446089 22.62060924
114.55417606 22.52888357
114.4961951 22.52704906
114.42012739 22.58327302
114.34064904 22.59319489
114.26602827 22.54097586
114.22820113 22.55394664
114.18820357 22.5650054
114.12288456 22.5650054
114.09787316 22.55125947
114.05033085 22.54299124
114.01829146 22.51444001
114.01539758 22.51190786
113.93116499 22.53102814
113.82832889 22.60725088
113.75443159 22.73365143
113.66110396 22.80165762
113.61965946 22.86144725
113.60343306 22.96888255
113.58637984 23.02004222
113.5921676 23.07696381
113.62048628 23.12747753
113.51971724 23.1021044
113.44530318 23.05507884
113.46039269 22.99570262
113.44189253 22.94056387
113.33109826 22.91201264
113.3378162 22.88883576
113.34484419 22.86459951
113.43197066 22.78941031
113.44974735 22.72613251
113.48478397 22.69236197
113.55299686 22.59402171
113.55144657 22.4041625
113.5888603 22.35047069
113.57645796 22.2972698
113.54912113 22.22518118
113.54679569 22.22414765
113.52705529 22.24592927
113.49418908 22.24153677
113.48106327 22.21745555
113.47889286 22.19554475
113.47341516 22.19445954
113.41574426 22.17838817
113.36737512 22.16484894
113.32779097 22.14541861
113.26639937 22.0887554
113.14899051 22.07498363
113.08873579 22.20794709
113.00822391 22.11932201
112.98383264 21.93824779
112.9538603 21.90734528
112.90383752 21.88145539
112.80864953 21.94465567
112.72545047 21.90233267
112.66075158 21.85949291
112.63408654 21.81985708
112.58633752 21.77683645
112.49476688 21.81830679
112.42128299 21.88062857
112.4394731 21.92734406
112.42924116 21.95809154
112.39606489 21.98134593
112.35968469 21.97803864
112.37746138 21.91747386
112.38976037 21.80120189
112.35648075 21.76756053
112.30501102 21.74172232
112.19338993 21.76311636
112.11721887 21.80649872
112.02523482 21.84300812
111.94399946 21.84964855
111.92642948 21.77629385
111.87340946 21.71715017
111.82462691 21.70976044
111.77594771 21.71921723
111.71197228 21.65524181
111.68158654 21.60847464
111.60272831 21.55909781
111.39240523 21.5350941
111.31912805 21.48615652
111.22063277 21.49390799
111.144255 21.48220327
111.10053674 21.48470958
111.0611593 21.51098705
111.01692427 21.51171052
110.99677046 21.43026846
110.87801802 21.39595531
110.7710478 21.3865502
110.65208866 21.2791149
110.5671326 21.21405427
110.50429406 21.20743968
110.45799198 21.23059073
110.43453088 21.32688976
110.41096642 21.33815522
110.3974272 21.24769562
110.37458622 21.17237722
110.33117801 21.1313203
110.19361535 21.03763093
110.1540312 20.94461335
110.18038618 20.85859793
110.36538781 20.83759146
110.3884355 20.79054007
110.37055545 20.75204112
110.32621708 20.71989838
110.31309126 20.67165843
110.51152876 20.51828278
110.51752323 20.45999177
110.48693078 20.42686717
110.44951704 20.35539867
110.34471724 20.29483389
110.1231287 20.26372468
109.93843713 20.29514395
109.88252323 20.36408031
109.88583052 20.41312124
109.93161584 20.39885855
109.98391239 20.40325104
109.96840946 20.44815786
109.9463953 20.47435782
109.86102583 20.5143037
109.79198612 20.62189403
109.80521529 20.71147512
109.76738814 20.78069571
109.7262537 20.83878002
109.68470585 20.87360993
109.66258833 20.91691478
109.70444624 21.05272045
109.68119185 21.13163036
109.76015344 21.22836864
109.77958377 21.33745759
109.92107385 21.37647329
109.93078902 21.48057547
109.82960656 21.48359854
109.75932661 21.56005382
109.74330692 21.52798859
109.68687626 21.52462962
109.59437544 21.67195913
109.56636682 21.69058849
109.52151167 21.69340485
109.5440426 21.53793631
109.43552209 21.4795161
109.34663863 21.45393627
109.22044478 21.44339427
109.14861454 21.42554007
109.08153853 21.44026785
109.09817834 21.48737092
109.13352502 21.54359488
109.10179569 21.5904654
109.03058557 21.62650971
108.921755 21.62441682
108.84641076 21.63449372
108.77168664 21.6304888
108.74398807 21.65128856
108.67453495 21.72466909
108.61583052 21.77045441
108.58937219 21.81598135
108.61583052 21.86889802
108.59371301 21.90104076
108.4799215 21.90463227
108.48085168 21.82879711
108.49263391 21.73939688
108.52570682 21.67139069
108.50214237 21.63343435
108.44436812 21.60731192
108.38276981 21.67919383
108.35455448 21.69691885
108.32478885 21.69350821
108.30215458 21.62193635
108.24634403 21.55840017
108.14557499 21.56516979
108.06733687 21.52597321
107.97266564 21.50793814
107.90838016 21.56038972
107.80203006 21.6451649
107.75924198 21.65500926
107.6410063 21.6139265
107.47140425 21.59832022
107.43347375 21.64227102
107.35120487 21.60891389
107.27208825 21.71063894
107.17855391 21.71707266
107.06161014 21.79419973
107.01980391 21.83486909
107.00641971 21.89341848
106.97102136 21.92390758
106.92518436 21.92010936
106.87448978 21.95127025
106.7941846 21.98199189
106.72953739 22.00036286
106.69760135 21.98617768
106.66354658 21.97891714
106.65770715 22.01821707
106.66008426 22.13647858
106.65419315 22.24145926
106.63651981 22.288614
106.59316328 22.32452912
106.55363081 22.3416857
106.53637088 22.39542919
106.55042687 22.50139171
106.58246626 22.57324779
106.63310917 22.58603771
106.70152876 22.63773998
106.73635868 22.7109138
106.78028364 22.77889415
106.62396244 22.87426301
106.54184859 22.90834361
106.45089807 22.89390005
106.33814009 22.86346263
106.27902225 22.85746817
106.24946333 22.86943126
106.18393762 22.95513662
106.14848758 22.97007111
106.06849247 22.97554881
106.00100305 22.97477367
105.96234907 22.93746328
105.9026628 22.92495759
105.84297652 22.92281302
105.78230838 22.96934764
105.69125451 23.02991242
105.54811079 23.07264883
105.53085086 23.12197399
105.49457401 23.18085928
105.44015873 23.23532624
105.35050012 23.30767324
105.27536258 23.34519033
105.23877567 23.32211681
105.18906294 23.28103404
104.99568973 23.19432099
104.91021691 23.1605246
104.86474165 23.13636587
104.82655277 23.10019237
104.81471887 23.01079214
104.79570194 22.91115998
104.7400981 22.86049124
104.68728478 22.822199
104.63173262 22.81819408
104.57757572 22.82000275
104.52682946 22.80408641
104.37174849 22.70406668
104.29836795 22.71199901
104.23831994 22.76850719
104.21248172 22.80940908
104.14308028 22.800159
104.05388675 22.75230663
104.01270064 22.66636872
103.99078983 22.58611522
103.97141117 22.55051016
103.94149051 22.54007152
103.91503218 22.53823701
103.63732303 22.77003164
103.62021813 22.78204641
103.57071211 22.73442658
103.52544356 22.61156586
103.49293908 22.58797557
103.47102827 22.59743236
103.35609989 22.75468374
103.32664432 22.76977326
103.3005994 22.76439891
103.26628625 22.71352346
103.19331913 22.63851512
103.13761193 22.59298819
103.1363717 22.54224193
103.0758586 22.49751598
103.00537194 22.45299673
102.98196252 22.44826834
102.93514367 22.46617422
102.87426883 22.52539541
102.83008548 22.58714875
102.72099654 22.64848867
102.59852339 22.70039765
102.51718469 22.74098949
102.4708826 22.75091136
102.42788781 22.73282461
102.40644209 22.70801992
102.37574629 22.64662832
102.3022624 22.54601431
102.23699507 22.46599335
102.1759652 22.41465282
102.12744103 22.37920279
102.09147424 22.41224986
102.02439823 22.43919912
101.94543664 22.43940583
101.84177372 22.38847871
101.7600216 22.49030712
101.73878259 22.49526805
101.70751835 22.48658641
101.6714482 22.46232433
101.64617842 22.40540274
101.61997847 22.32744884
101.56788863 22.27639252
101.52448042 22.25365489
101.5372445 22.20985912
101.56184248 22.16242015
101.56024051 22.12092398
101.57579512 22.05526907
101.60292525 21.98971752
101.69956017 21.88248892
101.73650882 21.82652334
101.74389855 21.77799917
101.74720585 21.60576162
101.74348514 21.53382803
101.72415816 21.39502513
101.72291792 21.31492666
101.76312219 21.27888235
101.80208622 21.23596507
101.80053592 21.21260733
101.7834827 21.20413239
101.72808557 21.15638337
101.70477949 21.15013052
101.66860599 21.16963837
101.62163211 21.18444367
101.58390832 21.20356395
101.54236047 21.23425975
101.44360681 21.23079743
101.28149784 21.18413361
101.24790816 21.1973111
101.22444706 21.22371776
101.21183801 21.2782364
101.21989953 21.34241852
101.20558516 21.38329458
101.17535445 21.40753083
101.19664514 21.5220458
101.13892256 21.56746939
101.14729414 21.58162873
101.12817386 21.70510956
101.13080936 21.73557282
101.12068078 21.74611481
101.07975305 21.75585582
101.01939497 21.73637381
100.83511682 21.65516429
100.67709029 21.5049409
100.60458825 21.47176463
100.53136275 21.45809622
100.44568322 21.48406363
100.35054691 21.5010135
100.21474125 21.46297964
100.14761356 21.48052379
100.11676273 21.51116791
100.08927087 21.55790925
100.10575565 21.61705292
100.09552372 21.66066783
100.04126346 21.68275951
99.97821821 21.70162141
99.94070113 21.75872386
99.92561161 21.8208131
99.94039107 21.9016092
99.94788415 21.98832225
99.91770511 22.02800975
99.82535933 22.04968802
99.59271203 22.08914297
99.3886418 22.1107954
99.3031173 22.10061514
99.23335412 22.11017528
99.19299483 22.12598827
99.17340946 22.1533251
99.17237593 22.19249584
99.20534549 22.28256786
99.24306929 22.37036612
99.33768884 22.49805858
99.34321821 22.58652863
99.33825728 22.68869294
99.38517948 22.82511872
99.46677656 22.92728303
99.50713586 22.95914155
99.49726566 23.00461681
99.46455448 23.04624217
99.41804569 23.06926402
99.3408411 23.09590323
99.22027998 23.10334463
99.05507043 23.13057811
98.86376428 23.19124624
98.88557173 23.30746654
98.8825745 23.38033031
98.85885502 23.4400941
98.81973596 23.48254629
98.79787682 23.52042512
98.83224165 23.62437226
98.78769657 23.73785371
98.73508996 23.78309642
98.68088138 23.84180085
98.67674727 23.90510448
98.70160363 23.96406729
98.83399865 24.09057119
98.83508386 24.12121532
98.80237267 24.11868317
98.7643905 24.11607351
98.58341963 24.06979727
98.56414432 24.09883942
98.49944543 24.11568594
98.36725711 24.11901907
98.21253788 24.11062165
98.0168909 24.06545645
97.83767704 23.98628815
97.75561486 23.93187287
97.68605838 23.89807648
97.62962772 23.88714692
97.56456709 23.91104727
97.56828779 23.9884844
97.69060591 24.1308013
97.7081759 24.22875397
97.67071048 24.31272818
97.66662805 24.37995921
97.62358158 24.42292817
97.56327518 24.44385712
97.5314425 24.49168366
97.52937544 24.63118419
97.58327396 24.77481883
97.67065881 24.82011323
97.72388553 24.8419982
97.73794152 24.86987763
97.71075972 24.97036245
97.71494551 25.03433788
97.76734541 25.15805126
97.81948693 25.25184398
97.91798221 25.23613434
97.96201053 25.25931122
98.01074141 25.29251333
98.06407149 25.34896983
98.0995732 25.41570995
98.14287805 25.57110098
98.17254032 25.5945104
98.29661543 25.56882722
98.33382246 25.58678478
98.40167362 25.67796784
98.46554569 25.78886546
98.55835656 25.82325613
98.62538089 25.82669261
98.6562834 25.86356375
98.65462975 25.91777233
98.59101607 26.00368439
98.56409265 26.07241405
98.57199914 26.11406525
98.66315637 26.13943838
98.68558394 26.18935782
98.67183801 26.29855012
98.70945845 26.4297049
98.73188602 26.58341645
98.7393791 26.69816397
98.7385006 26.78575552
98.72950891 26.87740367
98.71648644 27.04493867
98.67483524 27.19064037
98.68238 27.24531403
98.67679894 27.42191824
98.65116743 27.57245169
98.59980106 27.59883251
98.50450972 27.64766673
98.45252323 27.65722687
98.40885664 27.63947602
98.39242354 27.58707612
98.35046227 27.53808686
98.29883752 27.55010163
98.27418786 27.59909089
98.24106327 27.66316966
98.1304757 27.96759553
98.11838342 28.05523876
98.09895308 28.14226187
98.06164269 28.18587678
98.02231693 28.21153413
97.93405358 28.31382762
97.88759647 28.35648652
97.86496219 28.36359203
97.8164897 28.35633149
97.76905073 28.35615062
97.7300867 28.40710358
97.69463667 28.46934785
97.65887658 28.50001781
97.59924198 28.51704519
97.53790205 28.5102239
97.50209029 28.45632539
97.47769901 28.42565542
97.4314486 28.3539027
97.3564661 28.25450308
97.32251468 28.21799368
97.28949344 28.23682974
97.14516117 28.34031179
97.07534631 28.36896638
96.98088179 28.33770213
96.83303552 28.36240347
96.77582971 28.36705435
96.6528398 28.44973664
96.60266198 28.4599169
96.42768558 28.40601838
96.38908329 28.36793285
96.36644901 28.36726105
96.31983687 28.38651053
96.28149295 28.41206452
96.27890913 28.42818757
96.32614139 28.46854686
96.3298621 28.49681387
96.32738163 28.52539094
96.39559452 28.60652294
96.5809062 28.76367097
96.5500037 28.82961009
96.47713993 28.95931794
96.46706302 29.02228567
96.43569543 29.05068187
96.34686364 29.02742748
96.16222375 28.90970856
96.13716068 28.92260183
96.14134647 28.96345205
96.12232954 29.0820753
96.18082726 29.11765453
96.27053755 29.16121776
96.33973229 29.20979361
96.35580366 29.24906769
96.33720015 29.26100495
96.23498417 29.24578624
96.1947799 29.27245128
96.12847904 29.3813852
96.07959313 29.42414745
96.03530643 29.44714346
95.88503137 29.39094534
95.71036502 29.31381826
95.51580326 29.20633129
95.51694014 29.15119253
95.4937891 29.13700735
95.45653039 29.10228079
95.42020186 29.05429922
95.38924767 29.03740103
95.35307417 29.03590241
95.27907352 29.04954499
95.1447148 29.10406363
94.99888391 29.14917715
94.96751631 29.14406118
94.76944055 29.17586803
94.76313602 29.20129283
94.7333704 29.25159984
94.67704308 29.29702342
94.62298954 29.312423
94.46806359 29.21620148
94.2932939 29.14462962
94.19345503 29.05993195
94.11154789 28.97588024
94.01765181 28.95952464
94.01331099 28.90753815
93.97362349 28.86079682
93.90225834 28.80320344
93.76076826 28.72977123
93.66490848 28.69023876
93.3605343 28.65406525
93.25196211 28.62946727
93.20653853 28.5908133
93.15775598 28.49273143
93.11920536 28.40229768
93.03497277 28.32765107
92.8818555 28.22812226
92.70186649 28.14711945
92.65256717 28.09337596
92.64347212 28.06154328
92.66558963 28.04986441
92.68744877 28.02573151
92.68775882 27.98898957
92.6643494 27.94894033
92.54673384 27.87917715
92.48069136 27.84594921
92.41485558 27.82460684
92.34106164 27.82075694
92.27005822 27.83021373
92.25052453 27.84147919
92.22225752 27.82693228
92.15755863 27.81225617
92.10128299 27.80763113
91.97767297 27.73034903
91.9094084 27.72967723
91.82471073 27.7464204
91.71257287 27.75983043
91.63190596 27.75995962
91.62937381 27.80086152
91.64187951 27.92325715
91.60560265 27.95170502
91.49336144 27.98178071
91.36758101 28.02164907
91.30680952 28.06402375
91.27301314 28.0783898
91.22588423 28.07125845
91.14991988 28.02676504
91.07777958 27.97446849
91.02078047 27.970076
90.96254113 27.99457062
90.90662723 28.0265325
90.71573449 28.07172354
90.63005497 28.07854483
90.47729943 28.07084504
90.35275923 28.08022431
90.33312219 28.09399608
90.3337423 28.11913666
90.35213911 28.1681776
90.36299116 28.21649506
90.3482117 28.24393525
90.22077762 28.27775747
90.10450565 28.3020454
89.98110233 28.31119212
89.89790327 28.2941389
89.8169263 28.25628592
89.74979862 28.18817638
89.6526986 28.1583074
89.53689172 28.10743195
89.48066776 28.05994131
89.39591841 27.95813874
89.27261844 27.83315929
89.16048058 27.71128042
89.10239627 27.59255382
89.02550174 27.51785554
88.94757368 27.46400869
88.89134973 27.31605907
88.83254195 27.36282624
88.7648975 27.42987641
88.74903283 27.5218863
88.82990645 27.76740103
88.84876835 27.868661
88.82861454 27.90726329
88.8037065 28.00692129
88.75621585 28.03968415
88.62108198 28.09182567
88.57793216 28.09335012
88.53163008 28.05735749
88.48610314 28.03446483
88.42595178 28.01167552
88.27515995 27.96883576
88.14111128 27.9489145
88.10896854 27.93302399
88.09894331 27.90455028
88.10979536 27.87059886
88.02334069 27.88341462
87.93337202 27.89083019
87.86071496 27.88610179
87.68274133 27.8214029
87.62258996 27.81520173
87.55530724 27.82184215
87.46415002 27.82383169
87.29072391 27.82191966
87.14137902 27.83832693
87.02009444 27.92865733
86.93384647 27.96847403
86.84237918 27.99916983
86.75039514 28.02208832
86.71964766 28.07063833
86.69050215 28.09492626
86.61443444 28.10301362
86.55454146 28.08521109
86.51692101 27.96351309
86.4849333 27.93953522
86.40871057 27.92865733
86.3286121 27.959534
86.21792118 28.02208832
86.17420292 28.09169648
86.13699588 28.11433076
86.07870487 28.08358328
86.07550093 27.99457062
86.06413211 27.93470348
85.99457564 27.91041555
85.95411299 27.92821809
85.92171187 27.98971304
85.84026981 28.13536306
85.75944787 28.22065502
85.67831587 28.27744741
85.41063195 28.27602631
85.21214278 28.29264029
85.12243249 28.31594636
85.08858443 28.37227367
85.12145064 28.4842565
85.16010461 28.57184805
85.15907108 28.5922344
85.12630822 28.6026472
85.06915409 28.6096752
84.8551103 28.55360627
84.79687097 28.56022085
84.75940555 28.57923778
84.71424035 28.59554169
84.67677494 28.62153494
84.65062666 28.65954296
84.46547001 28.75292227
84.41079634 28.80392691
84.31214603 28.86810904
84.22868859 28.91174978
84.17556522 29.03639334
84.1278162 29.1563085
84.10135786 29.21997386
84.02198286 29.2538736
83.93599328 29.27950511
83.79047245 29.22741527
83.67104821 29.18762442
83.58350834 29.18359365
83.45669437 29.30632518
83.35520186 29.43913361
83.23520918 29.5546046
83.15542077 29.61266307
83.0139307 29.6180891
82.8543022 29.68338227
82.64082686 29.8312027
82.48657271 29.94148021
82.22064579 30.06385
82.15894413 30.1151647
82.13537967 30.15898631
82.09894779 30.24507925
82.04339562 30.32677969
81.85488 30.36241059
81.64192142 30.38752534
81.41712894 30.3376059
81.25512333 30.09330557
81.17719527 30.03987214
81.11032596 30.03679739
81.05560062 30.09898998
81.01022871 30.16451569
80.9854757 30.23712108
80.87354455 30.29058035
80.74678226 30.36042105
80.68213504 30.41483633
80.60885786 30.4488911
80.54095503 30.46354137
80.40959354 30.50945588
80.26097212 30.56133902
80.19120894 30.56841869
80.186248 30.60531566
80.20712528 30.68373465
80.19430952 30.75920808
80.14945438 30.7898522
80.08149987 30.78191987
79.92452253 30.88879335
79.91660038 30.89418692
79.87190026 30.92462434
79.79459232 30.96826508
79.66426436 30.96521617
79.56545902 30.94909313
79.49316369 30.99371573
79.38846724 31.06420238
79.36965702 31.07991201
79.33875451 31.10569855
79.23261112 31.2417626
79.10714074 31.40265717
79.04378543 31.42622163
79.01107425 31.4141035
78.9739189 31.32863068
78.94601362 31.33720897
78.89950484 31.33136953
78.84452111 31.30150056
78.79165612 31.29364574
78.75780806 31.30248241
78.74349369 31.32379894
78.75863488 31.43658275
78.72669885 31.47182608
78.75506921 31.5502709
78.80297326 31.61807038
78.75388065 31.66835155
78.6934709 31.74036266
78.68701135 31.8055008
78.71967085 31.88766633
78.73548384 31.95794628
78.72556196 31.98381033
78.67770959 32.02303274
78.4959119 32.21576
78.48609338 32.23622386
78.45529422 32.30032848
78.44134159 32.39735098
78.41746708 32.46670075
78.38966515 32.5198758
78.39173221 32.54473216
78.41255781 32.55770295
78.52634932 32.57077709
78.63156253 32.57894196
78.70086063 32.59700288
78.73672407 32.55837474
78.75346724 32.4992569
78.77124393 32.46807018
78.83790653 32.41197541
78.91898685 32.35818024
78.99769006 32.36515656
79.06703983 32.38817841
79.1273979 32.47576997
79.16987593 32.49721568
79.21938195 32.50106558
79.21907189 32.50757681
79.21653975 32.56400747
79.23390303 32.70306875
79.22790856 32.75880178
79.20558434 32.80903128
79.20956343 32.86486766
79.20222538 32.94605134
79.14553633 33.00144847
79.10858768 33.02263581
79.10279992 33.05255646
79.12171349 33.10810863
79.13520104 33.17192902
79.115564 33.21895458
79.11251509 33.22626679
79.06652307 33.25037385
79.01262455 33.29145661
78.94849409 33.34654369
78.91671309 33.38677379
78.86508833 33.43108633
78.80183638 33.49971263
78.7899508 33.65034943
78.78374963 33.80878937
78.76173547 33.88759593
78.72664717 34.01340221
78.73176314 34.05554434
78.75305383 34.08768708
78.93175093 34.18894705
78.97061161 34.2281953
78.97691613 34.25811595
78.97009484 34.30260936
78.93640181 34.35196035
78.86482995 34.39035594
78.76307905 34.4529361
78.67078495 34.51815176
78.51575565 34.55794261
78.32692997 34.60638927
78.28197147 34.65393159
78.23618615 34.76981599
78.1584648 34.94649771
78.07573083 35.13490998
78.01222049 35.25102692
78.00917158 35.30694082
78.04741214 35.44938691
78.04270959 35.47979849
78.00948164 35.49023713
77.94586795 35.47163361
77.89491499 35.44899934
77.85150679 35.46078156
77.81088911 35.48452688
77.80251753 35.49279511
77.79936527 35.49592154
77.72407271 35.48057364
77.57255741 35.47184032
77.52005415 35.47341645
77.44651859 35.4756127
77.29484826 35.50814301
77.09000288 35.55204214
76.87885298 35.61330455
76.76687015 35.66169953
76.72754439 35.67867524
76.63183963 35.72936982
76.56342004 35.77298473
76.55127608 35.88706045
76.50202844 35.87822378
76.38575646 35.83714102
76.25165612 35.81091523
76.1778105 35.81052766
76.14783817 35.82902782
76.10329308 35.9492272
76.07084029 35.98299775
76.01048221 35.99635611
75.94511153 36.01759512
75.91229699 36.04896271
75.90485558 36.08846935
75.93410445 36.13391877
75.9686243 36.16885204
75.97441206 36.38243073
75.95188114 36.45811087
75.93301924 36.52156953
75.88501183 36.60071198
75.84026004 36.64970124
75.77220218 36.69491812
75.66719567 36.74196951
75.57371301 36.75930695
75.46023156 36.72504548
75.42416141 36.73822297
75.37687748 36.88371796
75.34664676 36.91345775
75.14521203 36.97322154
75.05395145 36.98714834
74.94915165 36.96833812
74.88931034 36.95242178
74.84125126 36.97908682
74.76601037 37.01272818
74.69221642 37.03572419
74.60064579 37.03665436
74.54137292 37.02218496
74.52643843 37.0306599
74.49791304 37.05722158
74.37616336 37.13737173
74.3721326 37.15773225
74.55894291 37.23661632
74.66896203 37.266692
74.7266846 37.29074738
74.7389836 37.28563142
74.76735396 37.24917369
74.84021773 37.22506664
74.89132572 37.23162954
74.91814579 37.25002635
75.00837284 37.29353791
75.07901452 37.34405162
75.11880537 37.38567699
75.09751468 37.45125438
74.98641035 37.53039684
74.91582035 37.57282319
74.89427127 37.60142609
74.91235803 37.68731232
74.9382996 37.77252676
74.92124637 37.8050054
74.90026574 37.8327298
74.89080895 37.92579906
74.84249149 38.03809195
74.78967818 38.10361766
74.77510542 38.19190685
74.77210819 38.27474417
74.83598026 38.40432282
74.81226078 38.46031424
74.74502974 38.51002696
74.51403609 38.60002147
74.27746138 38.65975943
74.18733768 38.6575115
74.1313721 38.66118053
74.06532962 38.60849641
74.02559045 38.53981843
73.97003828 38.53369477
73.86911421 38.56286612
73.80162479 38.60689444
73.75413415 38.69893016
73.71682376 38.81721752
73.69604984 38.85432119
73.70679854 38.88620555
73.73000126 38.91467927
73.79449344 38.94129263
73.80529382 38.96862946
73.79557865 39.00216747
73.74374719 39.04454214
73.69041711 39.10453848
73.6073214 39.22920787
73.62313439 39.29783417
73.63636356 39.39669119
73.631661 39.44885855
73.71573856 39.46226858
73.82291548 39.48895946
73.87278324 39.53329784
73.90714807 39.57851472
73.91469282 39.60647167
73.88255008 39.71455292
73.839762 39.76284455
73.8353695 39.80015493
73.85624678 39.82868032
73.88461714 39.87792796
73.93877404 39.9788262
73.99158736 40.04313752
74.02052616 40.05936392
74.0851217 40.07429841
74.24268314 40.09202342
74.41192346 40.13718863
74.61304813 40.27216747
74.67986576 40.31061473
74.76776737 40.3298642
74.83050256 40.32849478
74.84176802 40.34497956
74.8012537 40.42854035
74.8111239 40.45877106
74.83510176 40.4825939
74.86559085 40.49349763
75.00454878 40.44949514
75.11131229 40.45412018
75.24102014 40.4802943
75.52079634 40.62754629
75.55557458 40.62519501
75.58353153 40.60532543
75.61743127 40.51659699
75.65598189 40.32926992
75.67716922 40.30580882
75.87198937 40.30319916
76.00428104 40.37143789
76.06231367 40.3875351
76.15662316 40.37647635
76.20607751 40.40838654
76.25832238 40.4307366
76.31852543 40.35226594
76.39635013 40.38980886
76.48016931 40.44952098
76.52094201 40.51124848
76.57788944 40.57788524
76.62217614 40.66237621
76.6397978 40.74221629
76.66119185 40.77965587
76.70842411 40.81812897
76.82407596 40.982305
76.90774011 41.02418875
76.98665002 41.03914907
77.18209029 41.01072704
77.28399621 41.01434439
77.58175581 40.99276948
77.71931848 41.0242921
77.81522993 41.05560802
77.95640995 41.05069876
78.12342818 41.07563264
78.34625695 41.28145987
78.34884077 41.32520397
78.36238 41.3716094
78.44289188 41.41754975
78.54314416 41.45958853
78.74261519 41.56004751
79.14843021 41.71913341
79.29358931 41.78282461
79.35441247 41.78106761
79.50386071 41.8210135
79.76611861 41.89886404
79.84042932 41.99573151
79.90967573 42.01500682
80.21622033 42.03242178
80.2351339 42.04348054
80.24619266 42.05981029
80.22919112 42.12983185
80.20934737 42.1900349
80.23306685 42.20781159
80.25911177 42.23540681
80.25508101 42.27416413
80.20578169 42.3994278
80.17932336 42.51833527
80.16185672 42.62553803
80.16500899 42.66550975
80.20221602 42.73447195
80.2502751 42.79728465
80.42401126 42.85578238
80.53893965 42.87350739
80.54369388 42.91169628
80.4506763 42.93554495
80.38334191 42.97375967
80.3713013 42.9956188
80.37450524 43.02039765
80.39021488 43.04313528
80.50700362 43.08576834
80.61702274 43.1282722
80.75122643 43.1025115
80.77778812 43.11894461
80.78574629 43.16155183
80.75701419 43.20433991
80.72978071 43.27428396
80.667769 43.31006989
80.66539188 43.35298717
80.70383915 43.42706533
80.65081913 43.56416291
80.59345829 43.68508576
80.49599654 43.89210155
80.43155602 43.95176199
80.39579593 44.04718252
80.35522993 44.09728282
80.35895064 44.17130931
80.36535851 44.2232958
80.35491988 44.32649364
80.33631636 44.43839895
80.35502323 44.55198375
80.3910417 44.62681122
80.38148156 44.65541413
80.40055016 44.67691153
80.45543054 44.68406871
80.48152713 44.71463532
80.45543054 44.74608043
80.36081099 44.77029084
80.25502933 44.80811799
80.12785363 44.80377717
79.99716393 44.79721426
79.93210331 44.82517121
79.87525923 44.86082795
79.87184859 44.88377228
79.95019006 44.94407868
80.05922733 45.00645213
80.22820926 45.03399567
80.41496789 45.07510428
80.5092257 45.10499909
80.63479943 45.12649649
80.78011356 45.1355657
80.85333906 45.12931285
81.04035607 45.16912954
81.33470503 45.24620494
81.60207889 45.31082632
81.69204756 45.34937694
81.75886519 45.31082632
81.78966434 45.2260253
81.86748905 45.18210033
81.94490034 45.16086131
81.98923872 45.16184317
82.12277062 45.19486441
82.26658613 45.21910065
82.32337853 45.20587149
82.39665571 45.16246328
82.47871789 45.12357677
82.5214543 45.1254888
82.55897139 45.15543529
82.59700524 45.21594839
82.62108646 45.2931013
82.62578902 45.37441417
82.61162967 45.42425609
82.58253584 45.44260122
82.45163944 45.47195344
82.32663415 45.519935
82.31221642 45.56370494
82.31521366 45.59494335
82.34813154 45.67152782
82.42972863 45.81193268
82.51168745 46.00579682
82.55509566 46.15868155
82.69224491 46.38667796
82.80004195 46.62444123
82.97491499 46.96602245
83.0040605 47.03351187
83.02008019 47.14146393
83.02943363 47.18595734
83.09030847 47.20936677
83.19309289 47.18655162
83.44351688 47.1086494
83.63409956 47.0432012
83.71393965 47.02105785
83.83264042 46.99785513
84.01604007 46.9705183
84.12202844 46.9786315
84.21514937 46.99470287
84.33886275 46.99614981
84.53244266 46.97578929
84.59228397 46.97496247
84.66664636 46.97237865
84.71956302 46.93933157
84.74602136 46.8643749
84.78617394 46.83073355
84.85826257 46.84318757
85.01220666 46.90923005
85.11059859 46.96121654
85.23348514 47.03635407
85.35533817 47.04674103
85.48478763 47.06351004
85.52974613 47.10079458
85.57723677 47.18848949
85.65661177 47.25463532
85.66984094 47.33840282
85.64183231 47.3974173
85.58664188 47.49366466
85.58829553 47.55849274
85.56163049 47.74646577
85.52597375 47.91562857
85.5622506 48.05187348
85.62638106 48.20398306
85.65154748 48.25054352
85.69221683 48.31183177
85.74937097 48.38508312
85.82983117 48.40805329
86.05612227 48.42371125
86.26556685 48.45456208
86.37253706 48.48623973
86.48327966 48.50536001
86.54942549 48.52861441
86.66373376 48.63553295
86.71794234 48.69718293
86.75783654 48.86073884
86.72858768 48.93933869
86.75313399 49.00881765
86.80832442 49.04969371
86.88599409 49.09056977
86.93798058 49.09757193
87.04851647 49.10992259
87.22995243 49.10584016
87.32281498 49.0857897
87.41671105 49.07659129
87.47619063 49.09144827
87.51587813 49.12242829
87.57659793 49.13235017
87.6683236 49.14723298
87.76247806 49.16581066
87.81430952 49.1623225
87.82521325 49.11633047
87.8163249 49.08026032
87.83467004 49.03191702
87.87218713 49.00013601
87.85983646 48.96553864
87.80686812 48.94548819
87.7547266 48.91856477
87.74320275 48.88161612
87.80914188 48.83572744
87.83182783 48.79164745
87.94215702 48.76529247
88.02793989 48.73560436
88.06008264 48.70715648
88.05016076 48.67503958
88.01062829 48.64041637
87.9722327 48.60333853
87.96737512 48.58106599
87.97972578 48.55512442
88.0625631 48.53783865
88.1581645 48.50908072
88.30998986 48.47208039
88.41396284 48.40342825
88.517109 48.38448884
88.56682173 48.31741283
88.57602014 48.22018362
88.68185347 48.17054841
88.83832971 48.1017154
88.91780806 48.089003
88.97113814 48.04993561
89.04767093 48.00254833
89.11567712 47.98771719
89.19634403 47.9808959
89.32987593 48.02487254
89.47922082 48.02905834
89.56097293 48.00394359
89.63848758 47.90906566
89.69321293 47.87914501
89.72561405 47.85247997
89.77816898 47.82700349
89.83134403 47.82330862
89.91046065 47.84431509
89.95867476 47.88632803
90.0278695 47.87769807
90.05386275 47.85049042
90.06657515 47.80354239
90.10321374 47.7454064
90.19096032 47.70210155
90.31333011 47.67618582
90.33064172 47.65515351
90.34748823 47.59699169
90.3806645 47.55663239
90.42520959 47.50407746
90.46748091 47.408166
90.47647261 47.32881684
90.49621301 47.28517609
90.55295373 47.21399181
90.64338749 47.10030366
90.71552779 47.0038496
90.7990369 46.98514273
90.86993696 46.9544986
90.91055464 46.8832368
90.98569217 46.74903311
90.99788781 46.66107982
91.00424401 46.59573497
91.02889367 46.5660727
91.03390628 46.52899486
90.97142948 46.38796988
90.91825443 46.32425283
90.91153649 46.27063854
90.94755497 46.1773109
90.99680261 46.10498973
91.00171187 46.03576915
90.9597506 45.98507457
90.88709354 45.92164175
90.85247033 45.88541657
90.79593631 45.85353221
90.70963667 45.73080069
90.67072432 45.59515005
90.66183597 45.52523184
90.6944438 45.47464061
90.74958255 45.41893342
90.76317346 45.37066763
90.85324548 45.26287059
90.87727502 45.19610464
90.91396529 45.19393423
90.95360111 45.21589671
91.04997765 45.21744701
91.13772424 45.19393423
91.22180179 45.14450572
91.31208052 45.1181249
91.44106489 45.12473949
91.51005293 45.09822948
91.58436364 45.07652538
91.73779097 45.06895478
91.85282271 45.06934235
92.02976281 45.06851553
92.17259647 45.03523591
92.42379561 45.0089326
92.57892826 45.01099966
92.78785607 45.03572683
92.9160653 45.02017223
93.29438846 44.9831719
93.51623539 44.94446625
93.65643355 44.90098054
93.75523889 44.83194082
93.86815189 44.72419546
93.95791385 44.67494782
94.19934614 44.6451822
94.36471073 44.51950511
94.49431522 44.47253124
94.71197635 44.35083324
94.86597212 44.3033426
95.04983687 44.25941763
95.35028364 44.27807282
95.3668201 44.26153636
95.34366906 44.19539053
95.32553063 44.10487926
95.32553063 44.03935354
95.35643314 44.00597057
95.47130985 43.98617849
95.5255701 43.95395824
95.56716963 43.89225658
95.59119917 43.85362844
95.68731734 43.66405345
95.84203657 43.38370881
95.85960656 43.27596345
95.91252323 43.20651032
96.0803166 43.09612946
96.16842492 43.0144807
96.29947635 42.92869782
96.34247114 42.84932282
96.35239302 42.74679678
96.38546594 42.72033845
96.62529626 42.74385122
96.83298384 42.76023265
97.20567427 42.78979157
97.7189246 42.73628063
98.24824629 42.68450084
98.71627974 42.63874136
98.94685998 42.61621044
99.46786177 42.56820303
99.7574565 42.62946544
99.98379927 42.67734365
100.08632531 42.67072907
100.51906376 42.61680471
100.77258833 42.5877884
101.09194868 42.55130484
101.31374393 42.53786896
101.49528324 42.53874746
101.57910241 42.52355459
101.65997603 42.50004182
101.71382287 42.46580618
101.87991092 42.2923284
101.9729285 42.21587311
102.15668989 42.15809886
102.57521732 42.09210806
102.80688277 42.05200715
103.07280969 42.00596345
103.24788944 41.936562
103.44973758 41.85584341
103.71111698 41.75130199
103.99730106 41.79698395
104.30518924 41.84615408
104.49825239 41.87697907
104.49825239 41.65869782
104.77368778 41.64117951
104.86029748 41.64373749
104.98204715 41.59552338
105.0505701 41.61593557
105.1154757 41.66329702
105.19712446 41.73804698
105.31432661 41.77088736
105.51705326 41.85473237
105.56640425 41.87511872
105.8675745 41.99400035
106.31721113 42.14058055
106.5188009 42.21158397
106.57905562 42.22734528
106.69320886 42.26357046
106.77005171 42.28873688
106.90606408 42.30886485
107.09075565 42.32155142
107.29234541 42.34924999
107.74869999 42.4009781
107.80595747 42.40583568
108.06232425 42.42717805
108.1712065 42.44733185
108.33393558 42.43678986
108.54648075 42.42932262
108.6873507 42.41611929
108.87452274 42.42645458
109.13166467 42.44056224
109.33981734 42.43836599
109.4431702 42.45596182
109.595564 42.51053213
109.69803836 42.55378531
109.85875207 42.60626272
110.05801639 42.66060049
110.19681929 42.71000316
110.28890669 42.74274018
110.40042443 42.77366852
110.42962162 42.81358857
110.46171268 42.84415518
110.52093387 42.89526317
110.62749068 42.99052867
110.708571 43.07388276
110.74851688 43.11080557
110.83957075 43.19410798
110.91331302 43.256869
111.0072091 43.34138581
111.08648075 43.36877432
111.18683638 43.39197704
111.45110965 43.47491771
111.50350956 43.49279776
111.54733117 43.49631175
111.64076216 43.56318106
111.71972375 43.62116201
111.7711418 43.66459606
111.87816369 43.6801765
111.93314741 43.71144074
111.94286258 43.75242015
111.93175215 43.81494864
111.8803341 43.87892406
111.8369259 43.93468293
111.68375695 44.04113638
111.60262495 44.10712718
111.51973596 44.19187653
111.48619795 44.27161327
111.42956058 44.32235952
111.40222375 44.36726634
111.41090539 44.41920116
111.48945357 44.51157278
111.51477502 44.56981212
111.54743452 44.6729066
111.62128015 44.82713491
111.68148319 44.89917186
111.75103967 44.96955516
111.89800744 45.06404552
112.03267622 45.08161551
112.11292972 45.06293448
112.29209191 45.06303783
112.41130944 45.05818024
112.49931441 45.01092215
112.59677616 44.91767202
112.70674361 44.88346223
113.0494617 44.81034007
113.19611942 44.79483714
113.30091922 44.79163321
113.45563846 44.76744864
113.50793501 44.76233267
113.58699995 44.7457187
113.65262902 44.76346955
113.75215783 44.82592052
113.87705977 44.89617463
113.93090661 44.91229768
114.03033207 44.94258006
114.08030318 44.97115713
114.16742964 45.04986034
114.28106612 45.1108902
114.41909387 45.20259003
114.48725508 45.2717331
114.50224125 45.31630402
114.51722741 45.36462149
114.56017053 45.38999462
114.64429976 45.41327485
114.73876428 45.41960521
114.91921838 45.3782899
115.16261437 45.390253
115.21749474 45.39619579
115.4394967 45.41996695
115.53943892 45.43950064
115.68103234 45.45825918
115.78913944 45.53479198
115.93414351 45.62615591
116.03956343 45.67692801
116.10984338 45.68669485
116.19764164 45.73937897
116.24058475 45.79599051
116.22911258 45.84572907
116.21298954 45.88688935
116.26456262 45.96303457
116.35763187 46.09656647
116.44481001 46.1587849
116.51669193 46.20906607
116.5625806 46.28981049
116.619373 46.31309073
116.6888778 46.32197907
116.78701135 46.37667858
116.85904829 46.38794404
116.97878259 46.36176992
117.15598107 46.35510366
117.26904911 46.35226146
117.33343794 46.36202831
117.35689904 46.39130301
117.35638228 46.43664907
117.39214237 46.53757315
117.40557824 46.57087861
117.43813439 46.58625235
117.54686161 46.58826773
117.62050052 46.55199087
117.67104007 46.52209606
117.74126835 46.51814281
117.813512 46.53770234
117.91045698 46.61932526
118.07127404 46.66658336
118.15685021 46.67857229
118.30867557 46.7170454
118.40438032 46.70317027
118.58044193 46.69187897
118.6487065 46.70164582
118.72291385 46.69187897
118.79029992 46.74709524
118.84394006 46.76022106
118.95716312 46.73484793
119.02852827 46.69218903
119.16206017 46.63867809
119.33186893 46.61379588
119.47408247 46.62666332
119.62022342 46.60395152
119.70662642 46.60601858
119.7474508 46.62718008
119.86723677 46.67219025
119.89586551 46.73285838
119.88413496 46.79143362
119.89782922 46.857812
119.86268924 46.90659455
119.78853356 46.97881236
119.75985314 47.02700064
119.75726932 47.09004588
119.71117394 47.14999055
119.60017297 47.2224409
119.52694746 47.25592723
119.3766724 47.38088085
119.32592614 47.41018138
119.30856286 47.43072276
119.29083784 47.47263235
119.235234 47.49255362
119.16242191 47.52521312
119.12294112 47.55849274
119.09725793 47.61626699
119.0819617 47.65414582
119.01757287 47.68535838
118.95313236 47.70292837
118.88032027 47.72509756
118.75991418 47.75760204
118.69051273 47.82224925
118.5677812 47.94327546
118.49837975 47.98399649
118.23968753 47.99949942
118.14703169 48.02890331
118.04187015 48.01892976
117.97918664 47.99962861
117.8404871 47.99986115
117.76839847 47.98787222
117.6766728 47.90829051
117.55533654 47.80467927
117.45513594 47.74137564
117.38397749 47.67574657
117.35080122 47.65218212
117.28589562 47.66634146
117.19706384 47.74029043
117.06973311 47.80638459
116.95165246 47.83656363
116.90116459 47.85307425
116.76055301 47.86979157
116.65192915 47.86452058
116.51343631 47.83956086
116.37825077 47.84405671
116.31716922 47.85984386
116.23117964 47.85821605
116.07485843 47.78953807
115.99388146 47.71132579
115.89822839 47.68693452
115.81167036 47.73822338
115.71167647 47.79894318
115.61638513 47.87480419
115.55762902 47.94503246
115.52507287 48.13086091
115.63948449 48.18620637
115.78552209 48.24821809
115.79658085 48.34635163
115.79167158 48.45569896
115.82055871 48.57724193
115.95378055 48.68937979
116.02550744 48.78229401
116.03439579 48.84001659
116.09826786 48.93613475
116.15965946 49.03747224
116.24337528 49.17038402
116.40212528 49.40618358
116.58971073 49.68479706
116.68329675 49.82378083
116.88896895 49.73779125
117.02162235 49.69298778
117.24563968 49.6248524
117.4771501 49.60942699
117.69848026 49.53583975
117.81258182 49.51351553
117.87345666 49.51348969
118.18661584 49.69278107
118.45150923 49.84450308
118.75598677 49.96284211
118.97953902 49.9788618
119.14748742 50.01338166
119.25983198 50.06640168
119.32608117 50.15492341
119.34623498 50.27894685
119.30158654 50.35392935
119.19192915 50.37984508
119.16371382 50.40601919
119.21673384 50.4325292
119.25580122 50.4841798
119.28070926 50.56099681
119.34406457 50.63391226
119.44566044 50.70284862
119.50178104 50.77922639
119.51232303 50.86312307
119.57340458 50.94676138
119.68492232 51.03011546
119.74600386 51.10773347
119.7566492 51.17948619
119.81318322 51.26705191
119.96697228 51.42210704
120.0669145 51.60067495
120.23698164 51.72299307
120.510505 51.84851512
120.68150231 51.97305532
120.74981856 52.09651032
120.74449588 52.20547008
120.66543094 52.29988292
120.65034142 52.39592357
120.69922733 52.49359203
120.65612919 52.5666625
120.52115034 52.61503164
120.36002323 52.62702058
120.17274784 52.60247427
120.06753462 52.63291169
120.04428023 52.71822948
120.09450972 52.78721752
120.21811974 52.8398758
120.42131148 52.96808503
120.70408491 53.1718452
120.98546309 53.28457734
121.40543745 53.31705598
121.74391808 53.38361522
122.08880659 53.45146638
122.33778364 53.48500438
122.38015832 53.46252513
122.51586063 53.45699575
122.74478723 53.4685196
122.95759077 53.49771678
123.15406457 53.54458731
123.30961063 53.55559439
123.42402225 53.53076386
123.48949629 53.52944611

