-78.11370195 2.54175731
-78.14080624 2.51969147
-78.19248267 2.55927562
-78.21010434 2.60919505
-78.17840085 2.64635041
-78.13762814 2.63420645
-78.11915382 2.603614
-78.11370195 2.54175731
NaN  NaN
-71.2621305 12.33529389
-71.15503109 12.16416739
-71.13730608 12.04631928
-71.28419634 11.91829092
-71.31974972 11.86191193
-71.35558733 11.84974213
-71.40020993 11.82354218
-71.53606727 11.774062
-71.71949276 11.72682974
-71.95808285 11.66639415
-72.01231727 11.6019278
-72.2485044 11.19642284
-72.44608924 11.11425731
-72.51802283 11.05389924
-72.57228309 10.97715974
-72.69010535 10.83585053
-72.73914629 10.72720083
-72.86934506 10.49124624
-72.94037432 10.1957604
-72.96740109 10.02972403
-73.00652015 9.7891444
-73.06408769 9.66819571
-73.14126645 9.55463675
-73.22428463 9.44358409
-73.29564979 9.32201529
-73.35634376 9.22685314
-73.36618812 9.19411612
-73.33670671 9.16791616
-73.19317542 9.19411612
-73.13669308 9.22282237
-73.05837745 9.25959016
-73.009259 9.23995311
-72.96014055 9.13517914
-72.90445919 9.12207917
-72.85208513 9.13517914
-72.79640377 9.10897919
-72.72552955 8.84827159
-72.66542986 8.62758739
-72.52572262 8.48971467
-72.41655616 8.38199514
-72.39035621 8.2870397
-72.3641821 8.15278433
-72.35761919 8.08728445
-72.39167396 8.04772614
-72.44603756 7.96612906
-72.45957679 7.80985952
-72.46890439 7.75797639
-72.47895545 7.6132307
-72.47197913 7.52426972
-72.44298865 7.45489411
-72.39461951 7.41510326
-72.29633094 7.39453604
-72.20770586 7.37024811
-72.15670122 7.24971284
-72.08425086 7.09685395
-72.00663286 7.03259431
-71.89266049 6.99032298
-71.81129595 7.00582591
-71.62086829 7.03290436
-71.45715736 7.02634146
-71.21781796 6.98520702
-71.1285986 6.98670563
-71.01330848 6.9944571
-70.81071103 7.07760448
-70.73714962 7.0900585
-70.65508745 7.08277212
-70.53553402 7.04055248
-70.47065426 7.00711782
-70.38748105 6.97262381
-70.26611894 6.94792247
-70.18813921 6.95203075
-70.12922807 6.95363272
-70.09499244 6.93792308
-69.90422889 6.70026317
-69.7389935 6.49438426
-69.59484209 6.32150076
-69.43924435 6.134923
-69.42712623 6.12399344
-69.35707882 6.14799714
-69.31082842 6.13761017
-69.26814368 6.09973135
-69.19450477 6.11533763
-69.08991167 6.18437735
-68.93723365 6.19817495
-68.73647071 6.15678213
-68.47175819 6.15652375
-68.14309608 6.19750316
-67.93889665 6.24194489
-67.85915992 6.28990062
-67.72715247 6.28493968
-67.56806658 6.2418157
-67.48199948 6.18026907
-67.47161251 6.11978181
-67.43936642 6.02552399
-67.47388628 5.92997427
-67.57522376 5.83308096
-67.63134437 5.70936758
-67.64229977 5.55878246
-67.694648 5.4475231
-67.78841488 5.37548615
-67.82492428 5.27047964
-67.80420203 5.13250357
-67.81430478 4.93081045
-67.85525835 4.66547781
-67.85525835 4.50688284
-67.81430478 4.45507722
-67.79541704 4.38071483
-67.79862098 4.2838732
-67.7832214 4.19821951
-67.73234595 4.0865209
-67.66162676 3.86426057
-67.60256059 3.76878836
-67.55111671 3.73382925
-67.49869097 3.69109284
-67.34769243 3.46376822
-67.31115719 3.41586416
-67.32216427 3.37395458
-67.33627194 3.34261282
-67.35358354 3.32266572
-67.51481401 3.18724763
-67.83479448 2.89282115
-67.86125281 2.8553299
-67.85905657 2.7936024
-67.7664524 2.8332899
-67.66723365 2.80021699
-67.61870948 2.7936024
-67.59666948 2.76934032
-67.5680149 2.68996532
-67.53494198 2.67673615
-67.48641781 2.64366323
-67.3916174 2.55989574
-67.3122424 2.47168407
-67.25276282 2.42946442
-67.2108274 2.39011282
-67.19759823 2.33277782
-67.2152199 2.27546865
-67.16548133 2.14255687
-67.13142656 2.1012674
-67.1138049 2.05057282
-67.13142656 1.9998524
-67.08954281 1.94032115
-67.04388668 1.82319652
-66.98812781 1.68015615
-66.98151323 1.60078115
-66.95836219 1.56422008
-66.93110287 1.45799917
-66.88449073 1.35823782
-66.89552365 1.28989574
-66.87604163 1.22302643
-67.06525489 1.178378
-67.08228227 1.18540599
-67.09365109 1.21000397
-67.08827674 1.40061249
-67.09013709 1.61558645
-67.11923092 1.70359142
-67.20581479 1.84482311
-67.32061398 2.03207266
-67.3519299 2.08584199
-67.40042823 2.11671865
-67.45776323 2.12113699
-67.49964698 2.10790782
-67.55605181 2.07300039
-67.60922685 2.03506989
-67.71188209 1.92210521
-67.81507992 1.79009776
-67.87554135 1.76059052
-67.93620948 1.74849824
-67.9897721 1.752529
-68.03284441 1.78805655
-68.07707943 1.86011933
-68.13025448 1.95574657
-68.19381649 1.98698497
-68.21838864 1.95763276
-68.23947262 1.90135712
-68.25593157 1.84552074
-68.21327267 1.77454316
-68.17655657 1.71984365
-68.23957598 1.72170401
-68.4434395 1.72160065
-68.67846391 1.7214973
-68.91317827 1.72139395
-69.1242765 1.72129059
-69.3197426 1.72123892
-69.39436337 1.72578644
-69.4701727 1.75790335
-69.54293311 1.77322541
-69.58127703 1.77074494
-69.65003252 1.73945486
-69.73961361 1.7348815
-69.79994585 1.70516755
-69.84857337 1.70875906
-69.84947771 1.5438854
-69.85079546 1.30880931
-69.85216488 1.0595222
-69.79813717 1.07843578
-69.75131833 1.0766271
-69.71700517 1.05910879
-69.62088701 1.07326813
-69.56758277 1.06577505
-69.51714657 1.05947053
-69.47032772 1.05859203
-69.44151811 1.03879995
-69.40278663 1.04236563
-69.36136797 1.06401805
-69.31183611 1.05047883
-69.25871273 1.01539053
-69.2244771 0.96314566
-69.19385881 0.89829173
-69.16324053 0.86408194
-69.1650492 0.80196686
-69.16595354 0.75333934
-69.17675391 0.71282502
-69.16324053 0.68667674
-69.15334449 0.65877147
-69.1560575 0.64254507
-69.17406674 0.63536205
-69.21277239 0.62993602
-69.25419105 0.62544017
-69.2830265 0.62724885
-69.30553158 0.65246695
-69.32713233 0.65515412
-69.35865495 0.65158845
-69.39198625 0.66688467
-69.42079586 0.69840729
-69.4721364 0.72992992
-69.52704261 0.71639069
-69.56486976 0.70021597
-69.60360124 0.68037222
-69.63871538 0.65964997
-69.67382952 0.665076
-69.71889136 0.64977977
-69.75671851 0.62637035
-69.80712887 0.60745677
-69.86206092 0.59846507
-69.92510617 0.5894217
-69.9854384 0.58585602
-70.05388384 0.57862132
-70.05788876 0.44736319
-70.06574358 0.18934276
-70.07093706 0.01855215
-70.07052365 -0.13885426
-70.04406531 -0.19616343
-69.92278073 -0.31744801
-69.82795447 -0.38137176
-69.74744259 -0.45253021
-69.66747331 -0.48239918
-69.63396115 -0.50927093
-69.61189531 -0.55335093
-69.60088823 -0.59965301
-69.59205156 -0.63934051
-69.60088823 -0.6812501
-69.62073198 -0.7209376
-69.61189531 -0.76279551
-69.58324073 -0.79586842
-69.5744299 -0.83777801
-69.55458615 -0.87746551
-69.54355323 -0.91715301
-69.51929114 -0.94583343
-69.48844031 -0.96567718
-69.44875281 -0.9987501
-69.44433448 -1.02960093
-69.44875281 -1.06489593
-69.44914039 -1.09156097
-69.41144243 -1.1522291
-69.40022864 -1.19496551
-69.41787615 -1.24566009
-69.43492937 -1.42167002
-69.47859595 -1.62196787
-69.50644955 -1.77493011
-69.5518473 -2.02426889
-69.60466061 -2.31422536
-69.66904945 -2.66764048
-69.7326373 -3.01671478
-69.79415809 -3.35457529
-69.84976193 -3.65987965
-69.91105018 -3.99655161
-69.94817969 -4.20062184
-69.96593055 -4.23596852
-70.01719357 -4.16196787
-70.09475989 -4.09215301
-70.16752031 -4.05024342
-70.19839698 -3.99515635
-70.24028073 -3.88270843
-70.29844255 -3.84426116
-70.33949948 -3.81434051
-70.37918698 -3.81873301
-70.42109656 -3.84963551
-70.48584713 -3.86937591
-70.52966875 -3.86637868
-70.70619544 -3.78896738
-70.73510841 -3.78152597
-70.62170447 -3.60458587
-70.41900367 -3.28827443
-70.29014848 -3.08725311
-70.14708228 -2.8640626
-70.07403765 -2.75016774
-70.06447751 -2.73078908
-70.06473589 -2.70169524
-70.0958451 -2.65823537
-70.16472978 -2.63989023
-70.24444068 -2.60655893
-70.29464433 -2.55250538
-70.36414914 -2.52930267
-70.41822852 -2.49070037
-70.51677548 -2.45313161
-70.57589332 -2.41830169
-70.64800778 -2.40574432
-70.70536862 -2.3419756
-70.91455482 -2.21857228
-70.96855669 -2.20684173
-71.02731279 -2.2257553
-71.11337989 -2.24544402
-71.19639808 -2.3130368
-71.30011268 -2.33484425
-71.39695431 -2.33406911
-71.44746802 -2.29370981
-71.49606971 -2.27918873
-71.55945085 -2.22420501
-71.67145952 -2.18214039
-71.75253984 -2.1527365
-71.8027435 -2.16627573
-71.86726152 -2.22771901
-71.93247718 -2.2886972
-71.9842828 -2.32657602
-72.0537876 -2.32461232
-72.13680579 -2.38062957
-72.21845456 -2.400525
-72.30074927 -2.40930999
-72.39557553 -2.42889536
-72.50065955 -2.3950473
-72.58672665 -2.36517832
-72.62535478 -2.35163909
-72.66013302 -2.3610442
-72.71418657 -2.39220509
-72.81123491 -2.40548594
-72.88714759 -2.40848317
-72.94109779 -2.39401377
-72.98967363 -2.33975351
-73.06817013 -2.31205495
-73.15446977 -2.27825856
-73.17265988 -2.2084437
-73.16020586 -2.15630218
-73.12651282 -2.08100962
-73.14521969 -2.00328826
-73.18149655 -1.88040171
-73.1969478 -1.83022389
-73.22397458 -1.78769419
-73.2664526 -1.77229461
-73.34949663 -1.78387013
-73.44029212 -1.73741302
-73.49628354 -1.69302296
-73.52524818 -1.63891774
-73.49434567 -1.5365984
-73.52139828 -1.44967864
-73.57547767 -1.40141286
-73.61023007 -1.3164568
-73.66430946 -1.24886403
-73.73575212 -1.21413747
-73.80719479 -1.21796152
-73.8631862 -1.19672251
-73.92695492 -1.12515065
-73.98682207 -1.09812387
-74.05441484 -1.02861907
-74.18076372 -0.99771657
-74.24639279 -0.97063812
-74.28390988 -0.92785003
-74.33442359 -0.85090382
-74.32860999 -0.8084258
-74.35313046 -0.76656788
-74.37491208 -0.69143035
-74.41788103 -0.58063608
-74.4651908 -0.51764251
-74.51384416 -0.47015187
-74.55510779 -0.42984425
-74.61637021 -0.37005462
-74.69166277 -0.33527638
-74.75537981 -0.29858611
-74.78049455 -0.24453257
-74.80173357 -0.20014251
-74.8375195 -0.20334645
-74.88880836 -0.19941904
-74.94531654 -0.18815358
-75.00500281 -0.15590748
-75.05466387 -0.11668507
-75.13837969 -0.05048756
-75.18406165 -0.04175425
-75.22460181 -0.04175425
-75.28446896 -0.10650482
-75.46394121 -0.03844695
-75.61731686 0.06289053
-75.77668698 0.08924551
-75.87978146 0.15099885
-75.9748661 0.24773713
-76.02615495 0.31310781
-76.06793535 0.34556061
-76.27061032 0.43940502
-76.31104713 0.44850007
-76.3881742 0.40498851
-76.41336646 0.37884024
-76.41796566 0.30390941
-76.42729326 0.26122468
-76.49460181 0.23543814
-76.60304481 0.24096752
-76.6784924 0.26814932
-76.72898027 0.2721284
-76.73931556 0.25083771
-76.7677376 0.24163931
-76.82936174 0.24773713
-76.9201314 0.26851105
-77.00242611 0.2962613
-77.11412472 0.35506908
-77.16572364 0.34773102
-77.2926668 0.36039175
-77.39632972 0.39387808
-77.42273638 0.42483226
-77.46769487 0.63649893
-77.48138913 0.65117503
-77.52614092 0.66037344
-77.60130429 0.68951895
-77.64861406 0.72362539
-77.67321204 0.78222647
-77.70287432 0.83783031
-77.82953325 0.82537629
-78.03698829 0.89870515
-78.18067461 0.96857168
-78.31208778 1.04608633
-78.51153297 1.19884186
-78.58762651 1.23666901
-78.68165178 1.28343618
-78.73712643 1.35870291
-78.82887794 1.4346931
-78.85967709 1.45536367
-78.8884867 1.52409333
-79.02542925 1.62367381
-78.95765561 1.7521931
-78.79296282 1.84872468
-78.57690365 1.77379385
-78.55044532 1.9236555
-78.62860592 2.05625723
-78.61705624 2.30678457
-78.59168311 2.35665233
-78.53470985 2.42367666
-78.46047665 2.4700821
-78.41691342 2.48351797
-78.34286109 2.46057364
-78.2961456 2.51049307
-78.12003231 2.48816885
-78.06665056 2.50914948
-78.030167 2.54304922
-77.98722388 2.56899079
-77.93229184 2.62924551
-77.90076921 2.69880199
-77.87449175 2.72588044
-77.81356523 2.71637198
-77.80795834 2.74639598
-77.77666826 2.78732372
-77.67003394 2.87884268
-77.67106747 2.919357
-77.70096229 3.00756867
-77.69367591 3.03991812
-77.63205176 3.05118358
-77.55913632 3.07598827
-77.52027564 3.16027253
-77.47221656 3.23380809
-77.41712948 3.34181184
-77.35651303 3.34858145
-77.32442196 3.4747753
-77.24274736 3.58536286
-77.0767885 3.91327566
-77.12683712 3.90604096
-77.1665763 3.86224518
-77.21202572 3.86743867
-77.26352129 3.89322521
-77.24840593 4.04096813
-77.27801653 4.05851227
-77.35821835 3.94472077
-77.42730974 4.06047598
-77.43353675 4.13096263
-77.4044946 4.20077749
-77.4087579 4.24777721
-77.52071489 4.21276642
-77.51554725 4.25630382
-77.44586158 4.30102977
-77.41428728 4.34759024
-77.35348996 4.39828482
-77.32834937 4.47502432
-77.31367327 4.59382844
-77.28633643 4.72172761
-77.30656776 4.7846695
-77.3394598 4.83851634
-77.36674496 5.07653799
-77.3592002 5.21518586
-77.37330787 5.32396475
-77.40172991 5.4161555
-77.53443498 5.53713003
-77.32462867 5.67562287
-77.24928443 5.78016429
-77.34467912 5.99534496
-77.46945187 6.17675507
-77.47301754 6.28566315
-77.44009966 6.27173636
-77.39824175 6.27501781
-77.359872 6.50451284
-77.36881202 6.57556794
-77.43888526 6.69034129
-77.52596005 6.69313182
-77.60213111 6.83730907
-77.64584937 6.86960684
-77.68093767 6.96040233
-77.80372087 7.13723908
-77.90115679 7.22935232
-77.82834469 7.44280183
-77.76470517 7.48370372
-77.7439054 7.53695629
-77.76876177 7.66805939
-77.76191464 7.69880687
-77.74690264 7.71188101
-77.73201982 7.71092499
-77.70633664 7.69121044
-77.65858761 7.6345989
-77.61859005 7.56457734
-77.5865765 7.54307994
-77.53828488 7.56625682
-77.35080278 7.70583487
-77.36274004 7.74908804
-77.34563514 7.8365504
-77.28295163 7.9081481
-77.21597897 7.93253937
-77.19600603 7.97248526
-77.21230994 8.03387686
-77.28264157 8.1870458
-77.34553179 8.26952139
-77.38589108 8.35168692
-77.40728512 8.42723786
-77.47849525 8.49842215
-77.44831621 8.56585989
-77.3930741 8.64469229
-77.37423804 8.65828319
-77.34416236 8.63673412
-77.26155758 8.49369375
-77.13011858 8.40057282
-76.99227169 8.25034943
-76.93581519 8.14684154
-76.89096005 8.12797964
-76.85186683 8.09048839
-76.86910092 8.06268647
-76.9122249 8.03338593
-76.92465308 7.97320873
-76.89664446 7.93946402
-76.86690467 7.91796662
-76.78657366 7.9316092
-76.74233863 8.00214753
-76.77207842 8.31055248
-76.81858721 8.46470327
-76.87222734 8.51276236
-76.92046729 8.57371471
-76.88796282 8.6198876
-76.80223161 8.64066153
-76.68937029 8.69471507
-76.27683733 8.98911571
-76.13550229 9.2656363
-76.02724016 9.36578522
-75.9050254 9.43089753
-75.75555132 9.4156013
-75.63935686 9.45043122
-75.60362261 9.53846202
-75.6353261 9.65780874
-75.68002621 9.72979401
-75.6370831 9.83428376
-75.5926672 9.9927237
-75.59592282 10.12581635
-75.53858782 10.20519135
-75.55837989 10.23642976
-75.64219906 10.17214427
-75.7083449 10.14341218
-75.67087948 10.19632884
-75.55372901 10.32774201
-75.4928025 10.52762645
-75.44598365 10.61087718
-75.28061907 10.72720083
-75.24795956 10.78326976
-75.12303179 10.87039623
-74.92157121 11.05756826
-74.84457333 11.10970978
-74.45426124 10.98904531
-74.3302378 10.99669343
-74.35238115 10.97467927
-74.40958696 10.96716035
-74.49229509 10.93444916
-74.51624712 10.86248973
-74.4602557 10.78706798
-74.40090532 10.76520885
-74.3501849 10.81373302
-74.29995541 10.9522517
-74.21915931 11.10531729
-74.2002199 11.26572093
-74.14293657 11.32083385
-74.05914324 11.34065176
-73.90953996 11.30887075
-73.79572262 11.27569448
-73.67689267 11.27145702
-73.31334897 11.29574494
-72.72183468 11.71215363
-72.44704525 11.80170889
-72.27501441 11.88924877
-72.16525367 12.0601944
-72.13577226 12.18855866
-72.05507952 12.23842642
-71.97009762 12.23829723
-71.93126278 12.26953563
-71.91914466 12.3090681
-71.71453183 12.41996573
-71.59743303 12.43435761
-71.49400265 12.43226472
-71.2621305 12.33529389
NaN  NaN
