# Comoros
# from http://www.rjruss.info/2010/12/free-countries-of-world-in-polygon-kml.html
43.78867639 -12.30700042
43.85895633 -12.36828867
43.66361942 -12.34286386
43.63292362 -12.28767344
43.63137333 -12.24705576
43.70434045 -12.25594411
43.78867639 -12.30700042

44.47638635 -12.08158782
44.52671919 -12.2195639
44.52630578 -12.32353688
44.50501509 -12.35650644
44.46015995 -12.3351124
44.37747765 -12.2522234
44.22017459 -12.17140146
44.29231489 -12.16478688
44.33448286 -12.17305511
44.3791313 -12.1656137
44.40703657 -12.12013844
44.41261763 -12.09295664
44.45189172 -12.07135589
44.47638635 -12.08158782

43.46580204 -11.90128875
43.44678511 -11.91456959
43.35552453 -11.85751881
43.30333133 -11.84408294
43.22664351 -11.75189219
43.25599572 -11.43211842
43.28069706 -11.39119069
43.29899051 -11.37455088
43.34146854 -11.36845306
43.39293827 -11.40855397
43.37939904 -11.61412282
43.44771529 -11.7525123
43.4915369 -11.86206634
43.46580204 -11.90128875

