-83.64196916 10.91721507
-83.61729367 10.8774759
-83.588174 10.81497325
-83.57528073 10.73471975
-83.44826006 10.46592479
-83.34681922 10.31539134
-83.12461056 10.04160961
-83.02851824 9.99127676
-82.86633175 9.77092845
-82.81028866 9.73454824
-82.77843014 9.66953929
-82.61014584 9.61600251
-82.56358537 9.57667674
-82.56924394 9.55817658
-82.58650387 9.53879792
-82.61128272 9.51921255
-82.64407142 9.50588003
-82.72339474 9.5460843
-82.80103858 9.59181794
-82.84400753 9.57078563
-82.86013058 9.51146109
-82.88894019 9.48099783
-82.92503618 9.46903474
-82.93986732 9.44919099
-82.94281287 9.24889313
-82.94035824 9.06009329
-82.88134376 9.05588166
-82.78305518 8.99030427
-82.7411456 8.95170197
-82.72781308 8.91604523
-82.74000871 8.89860444
-82.81191647 8.85744416
-82.88196387 8.80532848
-82.91702633 8.74031953
-82.85571225 8.63528718
-82.84261227 8.56394786
-82.84478268 8.48937877
-82.86160336 8.45348949
-82.99753821 8.36775829
-83.02732968 8.33773428
-83.02337643 8.31603018
-82.94841977 8.25686066
-82.91289222 8.19962901
-82.88330746 8.1305893
-82.87935421 8.07067048
-82.94728288 8.18172313
-83.04146318 8.28776317
-83.12331865 8.35308218
-83.12959734 8.50547598
-83.16241187 8.58820995
-83.28578935 8.66438101
-83.39141598 8.71771109
-83.46973161 8.70685904
-83.42175005 8.61921581
-83.29775245 8.50687124
-83.28956173 8.46379894
-83.2914996 8.40602469
-83.37681739 8.41488719
-83.45205828 8.43845165
-83.54373227 8.44584138
-83.60473629 8.48030956
-83.73405657 8.61446157
-83.64220171 8.72892487
-83.61372799 8.8040624
-83.61615679 8.95981517
-83.63726661 9.03536612
-83.73692461 9.1502945
-83.89554542 9.27643667
-84.11785743 9.3794278
-84.22237301 9.46252351
-84.4826672 9.52618887
-84.58157589 9.56835684
-84.65890967 9.64667247
-84.67045936 9.70289643
-84.64307085 9.78940278
-84.71492693 9.89939606
-85.02506304 10.11571361
-85.1984633 10.19529531
-85.23561866 10.24211416
-85.26318804 10.25663524
-85.236523 10.1073937
-85.16073951 10.01742504
-84.9627671 9.93345083
-84.90835181 9.88456493
-84.88644101 9.82095124
-85.00126604 9.69925324
-85.05971208 9.66829906
-85.07702369 9.60197236
-85.11451494 9.58179271
-85.15402157 9.62005911
-85.31452857 9.81092601
-85.62487139 9.90244497
-85.68101783 9.95861726
-85.79648882 10.13287018
-85.84966387 10.2920336
-85.8306211 10.39812531
-85.70313534 10.56346406
-85.66331865 10.63542349
-85.67143185 10.67976187
-85.66722022 10.74500336
-85.71486589 10.79058198
-85.83284319 10.84993236
-85.9080324 10.89755219
-85.88738766 10.92129751
-85.75222795 10.9852471
-85.74370134 11.04299551
-85.74432146 11.06211579
-85.72228146 11.0662499
-85.70264442 11.08152029
-85.69055213 11.09746247
-85.65365516 11.15306631
-85.62140906 11.18448558
-85.58420203 11.18944652
-85.53872677 11.16629548
-85.36834958 11.10645417
-85.17895545 11.0399466
-84.9091528 10.94530122
-84.79735084 11.00589183
-84.70115516 11.05219392
-84.6341825 11.04563101
-84.48917843 10.99162914
-84.40184526 10.97447256
-84.34828264 10.97989859
-84.25554928 10.90073029
-84.20495806 10.84132823
-84.19658647 10.80171825
-84.1683453 10.78035004
-84.096205 10.77569916
-83.91929074 10.73536571
-83.81118364 10.74324636
-83.71294674 10.78587942
-83.65894487 10.83685822
-83.64196916 10.91721507
NaN  NaN
