11.36140506 54.89163687
11.53834517 54.82957347
11.65813114 54.83313915
11.7395732 54.80740428
11.75900353 54.76766511
11.76592818 54.67945344
11.680352 54.65369274
11.58588749 54.66245189
11.45741987 54.62886221
11.03553348 54.77309113
11.04173465 54.89334219
11.05858117 54.94057445
11.25846561 54.95178824
11.36140506 54.89163687
NaN  NaN
10.48435265 54.84755687
10.41727665 54.83716991
10.34048547 54.85892569
10.21563521 54.94098786
10.19992557 54.96274364
10.26555464 54.94884268
10.3469967 54.90597708
10.4136593 54.89683035
10.50491987 54.86052766
10.48435265 54.84755687
NaN  NaN
12.54923954 54.96576671
12.51099898 54.95085806
12.35751997 54.96181346
12.18450728 54.89248953
12.11887821 54.91442617
12.1436829 54.95871288
12.16176965 54.97478425
12.21995731 54.99359447
12.25881799 55.02108633
12.27401086 55.0641328
12.31008101 55.04093008
12.41715458 55.03121491
12.46955448 55.01746898
12.51327274 54.99731517
12.54923954 54.96576671
NaN  NaN
10.06122603 54.88639171
9.95714969 54.87246491
9.90392297 54.89664948
9.80625451 54.90600292
9.77121789 55.05989533
9.78124312 55.06904206
9.83033573 55.05824169
9.9988009 54.98646312
10.05771203 54.90791494
10.06122603 54.88639171
NaN  NaN
10.73405318 54.75074108
10.6897148 54.74508251
10.62946008 54.82605948
10.62170861 54.8514326
10.69250532 54.90326407
10.73829064 54.96202017
10.85673303 55.05219554
10.92504927 55.15787385
10.95109419 55.1562202
10.9208118 55.06211742
10.76526574 54.79965282
10.73405318 54.75074108
NaN  NaN
15.08768924 55.02186148
15.05079227 55.00491161
14.88553104 55.03297191
14.68419966 55.10227001
14.71365523 55.23802399
14.76533166 55.29672842
15.13264774 55.14454133
15.13709191 55.08718049
15.08768924 55.02186148
NaN  NaN
10.64506636 55.60983592
10.68682092 55.55761689
10.73808394 55.44633169
10.81921594 55.32189484
10.7853162 55.26975332
10.80836389 55.20301321
10.78521284 55.13337922
10.62387902 55.05245393
10.4428048 55.0487849
10.25459924 55.08790396
9.98877567 55.16319652
9.96738163 55.20546784
9.93007124 55.22892894
9.85896447 55.35724152
9.86061812 55.51547476
9.99425337 55.53531851
10.28612186 55.61081778
10.35361128 55.59898387
10.42399458 55.5603299
10.50512658 55.55805614
10.62274214 55.61283316
10.64506636 55.60983592
NaN  NaN
12.66571821 55.59655508
12.57156375 55.55402538
12.55089318 55.55624746
12.52030073 55.61459016
12.56991011 55.6501177
12.59926232 55.68021922
12.62003625 55.67936656
12.64845829 55.64678457
12.66571821 55.59655508
NaN  NaN
10.60734256 55.78305532
10.59028934 55.76507193
10.52693403 55.78377879
10.52031945 55.84847769
10.54429732 55.90661367
10.51608198 55.95854849
10.5471912 55.99193146
10.63628137 55.91415843
10.66170617 55.87757152
10.62728967 55.8338791
10.60734256 55.78305532
NaN  NaN
12.56877323 55.78504487
12.57115034 55.68497346
12.54520877 55.65582795
12.50707157 55.63660432
12.40712935 55.61626964
12.320623 55.58782176
12.24341841 55.53790233
12.21499637 55.46651134
12.27535445 55.41424063
12.38511519 55.38563772
12.41312381 55.28618643
12.32248335 55.23709382
12.08993941 55.18815624
12.06554813 55.06992056
12.07309289 54.97674795
12.06885542 54.90905183
12.05035526 54.81531078
11.8623564 54.77262604
11.74091678 54.91535635
11.73988325 54.97245881
11.7036064 55.03917308
11.69678511 55.09599132
11.65379032 55.186916
11.47592004 55.21153982
11.40688032 55.2147696
11.3102454 55.19787141
11.28637088 55.20443431
11.17071903 55.32861278
11.18973596 55.465607
11.1280343 55.53475007
11.11955936 55.56606599
11.1210063 55.60074087
11.07026004 55.62931794
11.00876509 55.64445913
10.97889611 55.72153453
11.04958947 55.74021556
11.22435917 55.73122386
11.27551883 55.73646902
11.32223433 55.75251455
11.4637244 55.87927684
11.45959028 55.90723379
11.4746798 55.94345897
11.6277454 55.95689484
11.69585493 55.90790559
11.68221236 55.82951244
11.690894 55.72900178
11.78360152 55.70166494
11.81967167 55.69763418
11.85832564 55.77189322
11.88540409 55.80796337
11.92209435 55.8280655
11.93460005 55.89591665
11.9127926 55.93728364
11.86638716 55.96818614
12.03960656 56.05213451
12.21892378 56.11864208
12.32320682 56.1221044
12.42821333 56.10585216
12.52577844 56.08339875
12.5786951 56.06407176
12.60835737 56.03301423
12.54293501 55.9589619
12.52484826 55.91844758
12.56877323 55.78504487
NaN  NaN
11.05217329 57.25252635
11.01145226 57.22911693
10.87378625 57.26224152
10.93455773 57.30859528
11.08576297 57.32993765
11.17454308 57.32290965
11.07687463 57.27691763
11.05217329 57.25252635
NaN  NaN
10.43691369 57.17227285
10.33852176 57.02135183
10.29614709 56.99910513
10.28705204 56.82294017
10.29666385 56.78092723
10.28271122 56.62052359
10.38358361 56.554817
10.49024377 56.52052969
10.84588097 56.52171825
10.88277795 56.49285696
10.92618615 56.44327342
10.89445682 56.35904084
10.85642297 56.2955305
10.75338016 56.24199372
10.62119185 56.20209951
10.53892297 56.20034252
10.42699181 56.27615184
10.37376509 56.25155386
10.31878137 56.21289989
10.22669396 56.00536734
10.1829757 55.86516918
10.15941125 55.85380036
10.1073214 55.87447093
10.01740441 55.8760729
9.90371626 55.84284496
9.96200728 55.81307933
10.02360558 55.7614029
9.9990076 55.73556468
9.89906538 55.7075819
9.81038862 55.65097036
9.77328495 55.60815644
9.66145715 55.5574877
9.59107385 55.49320222
9.6255937 55.41359467
9.64026981 55.34365062
9.67096561 55.26639435
9.64326704 55.20474437
9.5047742 55.11624848
9.45371789 55.03953482
9.57236698 55.04051667
9.64543745 55.02279165
9.68822554 55.00015738
9.73235721 54.96801463
9.70527876 54.9283013
9.73974694 54.82551687
9.72496748 54.82554271
9.66125044 54.83437938
9.61577518 54.85541169
9.49872806 54.84042552
9.34194177 54.80631908
9.25497033 54.8080244
9.18582726 54.84466299
8.90295047 54.89690786
8.85726851 54.90114533
8.67071659 54.90331574
8.67030318 54.90339326
8.66141483 54.98592052
8.63826379 55.04555512
8.57294478 55.13425772
8.66978641 55.1556776
8.65107954 55.3285611
8.61593957 55.41821971
8.34525842 55.51030712
8.13214481 55.5998107
8.18134077 55.90118765
8.2023214 55.98237132
8.12149946 56.13988109
8.12987105 56.32121369
8.16397749 56.60690685
8.23177697 56.61804312
8.2814897 56.61669953
8.47310591 56.56543651
8.55289432 56.56032054
8.60767134 56.51448355
8.67164676 56.49567333
8.7180522 56.54430085
8.73613895 56.62744823
8.88806766 56.73503856
8.99452111 56.77482941
9.06707482 56.79387218
9.140352 56.75043814
9.19636926 56.70165559
9.20970178 56.80841909
9.25486698 57.01174002
9.11048303 57.04365021
8.99276411 57.01610668
8.87607873 56.88727733
8.77200239 56.72527171
8.60312381 56.7103889
8.46835168 56.66455191
8.34670536 56.71209422
8.26826053 56.75400381
8.26629683 56.8153179
8.28407352 56.85234406
8.42701053 56.98442902
8.61852339 57.11126883
8.81148319 57.11005443
8.95224979 57.15056875
9.03627567 57.1554005
9.29879195 57.14653799
9.43356408 57.17433991
9.55428023 57.2324759
9.81514286 57.47840404
9.96231734 57.58098176
10.25904341 57.61705191
10.53334191 57.73539094
10.60992639 57.73688955
10.48094201 57.64867788
10.46027144 57.61457144
10.44466515 57.56219737
10.53706262 57.4485609
10.51752892 57.37934032
10.52414351 57.2432246
10.43691369 57.17227285
NaN  NaN
