11.33468835 1.12075878
11.33536014 0.99968089
11.13061812 1.00040436
10.85890344 1.00128286
10.58718875 1.00216136
10.31547407 1.00309154
10.17894494 1.00355663
10.02846317 1.00402171
9.97978397 0.99771719
9.94671105 0.96712474
9.90676517 0.96009675
9.86030806 0.98624502
9.80387739 0.99875072
9.78863285 1.02567414
9.76057254 1.07471507
9.70455529 1.07998607
9.67649499 1.07471507
9.63618737 1.04670645
9.59086714 1.03197866
9.59944543 1.05445791
9.50983849 1.11481599
9.44534631 1.12065542
9.38591841 1.13925894
9.43408084 1.29640697
9.49423221 1.43531322
9.58425256 1.54021638
9.63210493 1.56553783
9.64760786 1.617576
9.71881799 1.78867666
9.80697798 1.92747956
9.77969282 2.06819448
9.80077681 2.3044333
9.82620161 2.29779287
9.83033573 2.27546865
9.83695031 2.24239574
9.8700749 2.21330191
9.97988732 2.16777497
10.30705082 2.16772329
10.50228438 2.16764578
10.79094893 2.16756826
11.09661502 2.16749075
11.32874556 2.16741323
11.33003747 1.93590282
11.33117435 1.74020417
11.33236291 1.52838247
11.33360314 1.30762075
11.33468835 1.12075878
NaN  NaN
8.73572554 3.75832388
8.76042687 3.75434479
8.91008182 3.75822053
8.9506995 3.70530386
8.94604862 3.62753083
8.7921562 3.40041291
8.76342411 3.30465648
8.70399621 3.22362783
8.65231978 3.2171166
8.47486291 3.26465892
8.44489058 3.29349437
8.43424523 3.33240672
8.45171187 3.42289216
8.46463097 3.45059073
8.54979374 3.46764395
8.5772856 3.48237173
8.62276086 3.57998851
8.63774702 3.6688203
8.67588423 3.73594798
8.73572554 3.75832388
NaN  NaN
