22.61735884 58.62125418
22.68836226 58.59704377
22.75378462 58.60469188
22.82013716 58.6215384
22.96421105 58.60572541
23.29287316 58.48351065
23.3232589 58.45085114
23.12709517 58.43596833
23.08265344 58.39847708
23.03542118 58.37230296
22.97992069 58.36387971
22.88514611 58.3112731
22.75698856 58.26088858
22.73032352 58.2306837
22.49839969 58.23623892
22.37168908 58.21714448
22.26936974 58.16073965
22.22730513 58.05180573
22.15247765 57.966798
22.07630659 57.93605052
21.99682824 57.93132213
21.97801802 57.963284
21.98556278 57.99516836
22.15289107 58.11531607
22.18772098 58.15433177
22.10441857 58.17166922
22.03455204 58.21339794
21.88210656 58.26233552
21.85451135 58.30163544
21.89099491 58.30460684
21.92437788 58.3158723
21.96499556 58.34884186
21.98411584 58.38666901
21.86226281 58.49715323
21.92437788 58.51425812
22.00189253 58.51027904
22.08137088 58.4781363
22.1686007 58.51580842
22.20560103 58.52138947
22.26657922 58.5079536
22.32817752 58.58084321
22.47442183 58.60489859
22.54697554 58.62737783
22.61735884 58.62125418
NaN  NaN
23.34351607 58.55032827
23.26031701 58.53999299
23.0634298 58.61109976
23.10911177 58.65921052
23.16543908 58.67812409
23.33276737 58.64856517
23.35643517 58.57554637
23.34351607 58.55032827
NaN  NaN
22.92369673 58.82690054
22.84173791 58.77744619
22.792852 58.79721243
22.76732385 58.82090607
22.66138716 58.70915579
22.54222131 58.69000967
22.47266483 58.71207551
22.478866 58.75383006
22.41106652 58.8633841
22.3074036 58.89547517
22.16188277 58.8984724
22.05625614 58.94358592
22.4626396 58.9743334
22.50460086 59.02644908
22.5871798 59.08120026
22.64939823 59.08709138
22.70221154 59.07443065
22.71223677 59.0320043
22.72546594 59.01510611
22.90984745 58.99120576
22.98167769 58.91981477
23.00865278 58.83392853
22.92369673 58.82690054
NaN  NaN
25.50927534 59.63899567
25.61572879 59.62752351
25.79370243 59.63465485
26.46084517 59.55388459
26.62496952 59.55388459
26.85203576 59.47177074
26.97471561 59.45063508
27.33583052 59.45050589
27.8925924 59.41420319
28.00183638 59.46980703
28.0125334 59.48427643
28.0658118 59.45316722
28.13299116 59.40309276
28.15107792 59.37443818
28.12828861 59.35756582
28.06136763 59.34325145
28.04612308 59.32785187
28.01646081 59.30172944
27.93817101 59.29700104
27.89765669 59.27762238
27.84949426 59.19266633
27.75766524 59.05200308
27.62175622 58.94495535
27.51308068 58.88627676
27.46440148 58.84131826
27.43417077 58.78726472
27.42703942 58.73305614
27.53137414 58.43524486
27.5301339 58.38147553
27.50553592 58.32625926
27.48781091 58.27008698
27.50243534 58.22135611
27.57111332 58.13810537
27.64408044 58.01392691
27.67338098 57.93460358
27.72195682 57.90548391
27.76877567 57.88414155
27.77849084 57.87067984
27.77694055 57.8567272
27.75285933 57.84101756
27.54212284 57.79941804
27.51473433 57.76422639
27.4919967 57.7249523
27.40001265 57.66681631
27.37179732 57.61255606
27.35427901 57.55028596
27.35195357 57.52811677
27.32658044 57.52548127
27.18710575 57.5383487
27.03342004 57.57875967
26.96603397 57.60914541
26.89978478 57.60878368
26.81973799 57.58873322
26.53267541 57.53101065
26.4620854 57.54447236
26.29806441 57.60108389
26.21507206 57.66273387
26.03038049 57.78556875
26.01518762 57.81476594
25.9911064 57.8382012
25.79380578 57.8685611
25.72089033 57.91382966
25.66017053 57.92018586
25.57128706 57.94276846
25.33998335 58.03942923
25.28262251 58.04849844
25.26866987 58.03222036
25.27270064 58.00937938
25.25828291 57.99615021
25.22872399 57.99656363
25.17513553 58.03211701
25.11105676 58.06343293
24.91127567 58.00457347
24.83903202 57.98873465
24.77578006 57.98524649
24.45890018 57.90786103
24.36247196 57.86618399
24.32252608 57.87060232
24.33198286 57.90974722
24.46386112 58.10596263
24.48752892 58.26161205
24.53569136 58.28300609
24.54974735 58.304581
24.52907678 58.35424205
24.39223758 58.38610057
24.3369438 58.38139802
24.28723107 58.32801626
24.23565799 58.289569
24.11483849 58.2661079
24.01096887 58.30662222
23.76757287 58.3608308
23.70607792 58.43299693
23.69150516 58.50562816
23.56283084 58.57583059
23.50929406 58.65853872
23.5306881 58.7162613
23.64747684 58.75414012
23.68075646 58.78713553
23.53358198 58.78191621
23.50360965 58.78984854
23.49720178 58.81951081
23.43198612 58.92064159
23.48965702 58.96050996
23.51508182 58.99924144
23.46774621 59.03218517
23.48014855 59.06967642
23.51704553 59.10755524
23.49441125 59.19566356
23.6405522 59.24232738
23.78255903 59.27514191
24.08341922 59.29188508
24.0536536 59.37229361
24.17540327 59.37591096
24.380352 59.47264924
24.58354374 59.45564769
24.87758264 59.52205191
25.44374963 59.52112173
25.52095422 59.55946564
25.50741499 59.59801626
25.50927534 59.63899567
NaN  NaN
