-59.68265642 -52.23159189
-59.74658017 -52.2508672
-59.76446021 -52.24223724
-59.78484656 -52.20466847
-59.78595761 -52.1561443
-59.79329566 -52.13423349
-59.75322059 -52.14141652
-59.68100277 -52.18012217
-59.68265642 -52.23159189
NaN  NaN
-58.43880469 -52.01103688
-58.43270688 -52.09899017
-58.51283118 -52.07113657
-58.54138241 -52.02840016
-58.49709571 -51.99946136
-58.46053463 -52.00158009
-58.43880469 -52.01103688
NaN  NaN
-61.01875058 -51.78572763
-60.94728207 -51.79947357
-60.87596859 -51.79420257
-60.91617286 -51.89693532
-60.94756629 -51.94633799
-61.03197974 -51.94251393
-61.11577308 -51.87528289
-61.14504778 -51.83947112
-61.05166846 -51.81394297
-61.01875058 -51.78572763
NaN  NaN
-60.28623715 -51.46192311
-60.14154314 -51.48099171
-60.00868303 -51.41050506
-59.91711239 -51.38807749
-59.84161313 -51.40332204
-59.78843808 -51.44600677
-59.71133684 -51.43928883
-59.493469 -51.39567392
-59.46509864 -51.41050506
-59.38758399 -51.35991383
-59.32084388 -51.38358164
-59.26808224 -51.42755828
-59.2939463 -51.47856292
-59.35420102 -51.51091237
-59.39241574 -51.55618092
-59.4370125 -51.59271616
-59.51419125 -51.6266159
-59.57320574 -51.68082448
-59.71490251 -51.80769012
-59.9213757 -51.96948903
-59.98974362 -51.98406178
-60.13229306 -51.9938803
-60.19376217 -51.98271819
-60.24634294 -51.98638722
-60.28825253 -52.07377207
-60.35346819 -52.13996958
-60.3842415 -52.15397389
-60.45201514 -52.16022674
-60.48405453 -52.17030364
-60.50839413 -52.1947466
-60.68636776 -52.18839039
-60.81219988 -52.14772104
-60.96144141 -52.05728729
-60.76248715 -51.94644134
-60.59107642 -51.95160898
-60.44974138 -51.87714324
-60.3344771 -51.83957448
-60.28866594 -51.80128224
-60.23848813 -51.7719817
-60.23815223 -51.73379282
-60.27649614 -51.71663624
-60.3283276 -51.71834157
-60.37956479 -51.73513641
-60.50007423 -51.75658213
-60.58249813 -51.71270884
-60.52808285 -51.69637908
-60.46723385 -51.69715423
-60.28096615 -51.65607147
-60.24518022 -51.63891489
-60.30261858 -51.58046885
-60.41491147 -51.54501881
-60.50581031 -51.48548756
-60.52276018 -51.46321502
-60.51826433 -51.42786834
-60.56844215 -51.3577951
-60.51573218 -51.3542811
-60.44545224 -51.39939463
-60.28623715 -51.46192311
NaN  NaN
-60.1117 -51.39588063
-60.24882341 -51.39598398
-60.27590186 -51.36322112
-60.27533342 -51.28053883
-60.17138628 -51.27345916
-60.06984209 -51.30792734
-60.07648251 -51.34255055
-60.1117 -51.39588063
NaN  NaN
-58.85017493 -51.26994516
-58.69752275 -51.32849456
-58.50626828 -51.30813405
-58.42583391 -51.32420542
-58.378705 -51.37309132
-58.40673947 -51.4183082
-58.46743344 -51.41184865
-58.51923906 -51.42394093
-58.50892961 -51.48362721
-58.47373796 -51.50910369
-58.27157976 -51.57473276
-58.23452776 -51.57860849
-58.2411165 -51.55111663
-58.27623064 -51.50600311
-58.28930478 -51.45747894
-58.25922909 -51.41711964
-58.20641578 -51.40466562
-57.97650733 -51.38435678
-57.92250546 -51.40347706
-57.80848141 -51.51794036
-57.91539995 -51.53375335
-57.9604618 -51.5832077
-57.86635902 -51.60455006
-57.79181576 -51.63617604
-57.83116737 -51.68459686
-57.83819536 -51.70919484
-58.00397335 -51.74345631
-58.15091529 -51.7654188
-58.21762956 -51.8224179
-58.33599443 -51.86381072
-58.68351844 -51.93620941
-58.64305579 -51.99486216
-58.63770728 -52.02302581
-58.65277096 -52.09919687
-59.13126889 -52.00788462
-59.19586443 -52.01765146
-59.06801693 -52.17304249
-59.16276567 -52.20172291
-59.25632585 -52.18306772
-59.34148861 -52.19598683
-59.39567135 -52.30802134
-59.53222633 -52.2363978
-59.648705 -52.13433685
-59.64917009 -52.07728607
-59.5366705 -51.97062591
-59.57077694 -51.92535735
-59.30875159 -51.78050831
-59.26177772 -51.73725514
-59.1800256 -51.71255381
-59.09540544 -51.70407887
-59.05951616 -51.68547536
-59.06538144 -51.65018035
-59.09946204 -51.58971893
-59.09661984 -51.49143035
-58.88668433 -51.35789845
-58.91745765 -51.2720639
-58.85017493 -51.26994516
NaN  NaN
