-6.69945635 61.44462189
-6.67971595 61.41428783
-6.70304786 61.41769847
-6.77051144 61.45227001
-6.88815284 61.53474559
-6.9292356 61.60290681
-6.9348425 61.63432608
-6.90590369 61.63081208
-6.88166745 61.60280345
-6.77002051 61.58435497
-6.74064246 61.57050568
-6.74108171 61.53639924
-6.70351295 61.49593659
-6.69945635 61.44462189
NaN  NaN
-6.62320777 61.80596935
-6.64279314 61.76832307
-6.67015581 61.76863312
-6.76425859 61.81532278
-6.83913774 61.84077342
-6.86399411 61.86227082
-6.88476803 61.89911612
-6.84179908 61.90371532
-6.7907686 61.89534374
-6.66212012 61.86175406
-6.62584327 61.82671743
-6.62320777 61.80596935
NaN  NaN
-7.18686846 62.13930817
-7.09710649 62.10055085
-7.0651963 62.07326569
-7.11682105 62.04680736
-7.17937537 62.04003775
-7.25492632 62.04613557
-7.37907895 62.07481599
-7.42261634 62.14029003
-7.33678179 62.13868806
-7.23531511 62.15121959
-7.18686846 62.13930817
NaN  NaN
-6.63103675 62.22788158
-6.6558156 62.09362621
-6.69643327 62.09434968
-6.76890947 62.13150503
-6.82342811 62.13910147
-6.84053301 62.11930939
-6.8376908 62.09543488
-6.80950131 62.08042288
-6.72252987 61.99040253
-6.71441667 61.96415091
-6.72516537 61.95146434
-6.80970801 61.97745759
-7.01357154 62.09398794
-7.17216651 62.28560415
-6.95863949 62.31624828
-6.80366187 62.26596711
-6.63103675 62.22788158
NaN  NaN
-6.4060634 62.25862906
-6.4538641 62.18654043
-6.52468665 62.19785757
-6.54416867 62.20563487
-6.55946489 62.22452261
-6.55204932 62.27811107
-6.55460731 62.3556774
-6.47303606 62.29190868
-6.4060634 62.25862906
NaN  NaN
