21.62827193 60.10780427
21.5406287 60.09788239
21.48605838 60.12682119
21.50672896 60.14831859
21.56791385 60.17229645
21.63405969 60.16898916
21.64811568 60.14087718
21.62827193 60.10780427
NaN  NaN
21.83322066 60.14051545
21.73307173 60.10615062
21.69503788 60.11436717
21.70475305 60.17229645
21.7642843 60.19880646
21.86432987 60.2018037
21.83322066 60.14051545
NaN  NaN
22.17511193 60.37073395
22.30171919 60.34758291
22.35494592 60.35585114
22.4155107 60.30334789
22.3128813 60.26996491
22.30574995 60.22857209
22.34626428 60.20283723
22.36052697 60.16557852
22.25831099 60.16563019
22.20942508 60.19699779
22.18813439 60.23678864
22.14048872 60.26490062
22.07713342 60.28634634
22.10824263 60.31487173
22.12591597 60.35585114
22.17511193 60.37073395
NaN  NaN
21.99424442 60.33667919
21.921484 60.33228669
21.8186479 60.38181855
21.80562544 60.40122305
21.84603641 60.41243684
21.81937137 60.45227936
21.82722619 60.46990103
21.9068079 60.43848176
21.95031945 60.40168814
21.90784142 60.39316153
21.97977502 60.35520519
21.99424442 60.33667919
NaN  NaN
21.45091841 60.52958731
21.43696577 60.48307852
21.36906294 60.48824616
21.30002323 60.47977123
21.24431603 60.52596996
21.21455041 60.60387218
21.22467899 60.6205895
21.26808719 60.63828868
21.30126346 60.59555227
21.45091841 60.52958731
NaN  NaN
21.21775435 63.24130809
21.22850305 63.2226529
21.28710412 63.22776887
21.36606571 63.26177196
21.42197961 63.24588146
21.41567508 63.19735729
21.37764123 63.19924348
21.36720259 63.20720165
21.31842004 63.17950308
21.3097384 63.16270824
21.25341109 63.15201122
21.14933475 63.19947602
21.08391239 63.27753327
21.23635786 63.27773998
21.22178511 63.25913646
21.21775435 63.24130809
NaN  NaN
24.84823042 64.99102041
24.69888553 64.95781831
24.5785828 64.97856639
24.57651574 65.04287771
24.65113651 65.07396109
24.786012 65.08644095
24.97060021 65.05530589
24.99757531 65.03871776
24.89174198 65.02628958
24.84823042 64.99102041
NaN  NaN
28.04720829 69.97169831
28.26915856 69.87144603
28.41173384 69.82276683
28.80034061 69.73150625
29.14161177 69.67145824
29.33343469 69.47302074
29.23881514 69.39392996
29.19173791 69.36672232
29.02487471 69.28796743
28.84628096 69.17688894
28.83263838 69.1189855
28.89191125 69.06059113
28.96586022 69.02198884
28.89893924 69.00968985
28.69223351 68.96101065
28.56603967 68.92824779
28.4140076 68.90416657
28.4534884 68.87228221
28.70592777 68.86553844
28.74484012 68.85646922
28.77284875 68.84003612
28.77760298 68.81381033
28.75207482 68.77143566
28.47932661 68.53762564
28.47074833 68.488378
28.56009688 68.35135794
28.68520552 68.18979157
29.06296024 68.11796133
29.34387333 68.06186656
29.5241724 67.92908397
29.82157027 67.75400422
29.97923506 67.68858185
29.98807173 67.66827302
29.94125288 67.54747936
29.75061852 67.42640148
29.57228316 67.32436636
29.38774662 67.20142813
29.24341434 67.09660248
29.08698978 66.97095124
29.06900638 66.93020437
29.06626753 66.89173127
29.0930876 66.8492274
29.29323042 66.69551586
29.37121016 66.61701935
29.46433109 66.53216665
29.54437788 66.43971752
29.59073164 66.35682852
29.67088179 66.27613577
29.72064619 66.23487214
29.80348351 66.17707205
29.90342573 66.09108247
29.936602 66.02297293
30.08749719 65.78652741
30.10274173 65.72627269
30.095352 65.68167593
30.02899946 65.67072053
29.88265181 65.66364086
29.72390181 65.63439199
29.71594364 65.62457347
29.81945153 65.56876293
29.72803592 65.47341991
29.71480676 65.33694245
29.6171383 65.26534475
29.60799157 65.2486791
29.61238407 65.23477814
29.62969567 65.22387442
29.81056319 65.20475414
29.82622114 65.1853238
29.82694461 65.14506786
29.81087324 65.1079125
29.72002608 65.08031729
29.62251265 65.03949291
29.6009119 65.00194998
29.60421919 64.96838614
29.63744714 64.91174877
29.70168094 64.84575796
29.78322635 64.80431346
30.07282108 64.76503937
30.11023482 64.73258657
30.12615116 64.68809317
30.12015669 64.64463329
29.98559126 64.55773937
29.98662479 64.52427888
30.0418669 64.44337942
30.10811608 64.36612316
30.39068281 64.28243317
30.48788618 64.2365445
30.51377608 64.20000926
30.52788374 64.14112397
30.52607507 64.07730358
30.50390588 64.02058869
30.41533247 63.94751822
30.21028039 63.80334097
30.00409142 63.74732372
29.99153405 63.73517976
30.05540612 63.68900686
30.41853641 63.50403107
30.65526615 63.41747305
30.97478153 63.30063264
31.18086714 63.20828685
31.24742639 63.14188264
31.33672326 63.06808869
31.43697554 63.00773062
31.50927087 62.95533072
31.53650435 62.92163768
31.53402388 62.8854125
31.43733727 62.77611685
31.38240523 62.69165172
31.28566695 62.56780915
31.18675825 62.48140616
30.93571415 62.32379304
30.56560754 62.12757762
30.47972131 62.0682014
30.30650191 61.96484854
30.00993086 61.75736766
29.93319136 61.71158234
29.6901571 61.54611441
29.5794145 61.49348196
29.49233972 61.44423432
29.25163089 61.28778392
28.99299035 61.16903148
28.73905236 61.05875397
28.66282962 61.00284007
28.56810672 60.96020702
28.45503869 60.91964102
28.4074447 60.89692923
28.15200809 60.74582734
27.79766279 60.53612438
27.76164432 60.53284292
27.66935021 60.49899486
27.52506961 60.49077831
27.46243778 60.46483674
27.24188277 60.53868236
27.20529585 60.54343659
27.07558801 60.52514313
26.95115116 60.471503
26.72150109 60.45506989
26.60739953 60.43770661
26.53463911 60.41290192
26.5197563 60.47160635
26.55117557 60.54602041
26.60171512 60.59562979
26.60646935 60.62792756
26.56936568 60.62456859
26.49577844 60.55180817
26.45640099 60.46680044
26.37774946 60.42406403
26.20463342 60.4065974
26.03606489 60.47491364
25.95596642 60.47424185
26.00629927 60.42530427
26.04019901 60.37156078
26.03585819 60.34148509
25.9459412 60.34675609
25.84579227 60.31461335
25.75804569 60.26753612
25.71546431 60.26743277
25.65644982 60.33321686
25.54823937 60.30246939
25.45573856 60.26123159
25.26784305 60.24836416
25.15580855 60.19410391
24.95757775 60.15746532
24.84874719 60.15834382
24.60049361 60.11426382
24.51801802 60.04630931
24.44556766 60.02129792
24.34262821 60.04233023
24.02523156 60.00915396
23.72178755 59.96569408
23.59269982 59.96814871
23.46361209 59.98620962
23.3267729 59.92577403
23.18145877 59.84492626
23.02126183 59.81603913
22.96390099 59.82637442
23.00978967 59.86880077
23.11572635 59.91267406
23.18848677 59.97220531
23.19840864 60.02181468
23.14848921 60.04132254
23.08017297 60.04729116
22.99418338 60.09855419
22.9117078 60.20971019
22.86705936 60.21580801
22.84442508 60.18661083
22.81910363 60.10134471
22.79347212 60.07679841
22.74985721 60.05726472
22.69735396 60.03760183
22.64619429 60.02801586
22.46274295 60.02920441
22.43855838 60.07225088
22.43855838 60.09028596
22.47111454 60.14694916
22.4426925 60.15689688
22.46977095 60.20133861
22.51297245 60.19890982
22.56423547 60.2055244
22.58997033 60.22836538
22.58800663 60.25565054
22.51669315 60.26273021
22.51235233 60.28133373
22.57591434 60.35910676
22.58490604 60.38055248
22.56030806 60.38499665
22.52051721 60.37657339
22.25789758 60.40091299
21.9339897 60.50028677
21.85430464 60.50540274
21.80531538 60.59413117
21.72718062 60.58291739
21.61328576 60.53098257
21.52781294 60.57041169
21.4360356 60.59640493
21.41061079 60.63697093
21.41195438 60.69681224
21.40399621 60.76745393
21.37888146 60.8500587
21.36058801 60.96749339
21.37774458 61.05921906
21.45102176 61.12717357
21.47913374 61.17050426
21.51344689 61.28122102
21.52119836 61.41085135
21.50176802 61.45495718
21.5066256 61.48430939
21.56501997 61.48430939
21.55230757 61.50952749
21.52667606 61.52327342
21.49825402 61.55195384
21.52243859 61.56714671
21.59240848 61.56823192
21.59809289 61.57789541
21.60594771 61.59153799
21.55189416 61.66683055
21.54558963 61.70274567
21.47055545 61.81167959
21.38487593 61.9149291
21.25599491 61.98965323
21.30167687 62.11264313
21.35366336 62.22385082
21.34332808 62.27741344
21.32348433 62.34260326
21.1656645 62.41407176
21.1422034 62.51478913
21.10365278 62.6229479
21.11812219 62.68924877
21.14385705 62.73999502
21.19574019 62.79053457
21.45753299 62.95000804
21.47355269 63.03325878
21.65100956 63.03930492
21.56863732 63.11371898
21.54920698 63.15552521
21.54507287 63.20428193
21.80035445 63.23769074
21.89574914 63.21025056
22.12033491 63.2441503
22.31970259 63.31045116
22.31618859 63.34564281
22.28549279 63.37719127
22.24322147 63.43793692
22.2731938 63.45478343
22.34595422 63.44238109
22.31257124 63.47253429
22.31866906 63.50439281
22.39804406 63.49116364
22.52764855 63.57999543
22.53229943 63.64784658
22.75626509 63.68334829
23.01444055 63.82184113
23.1336064 63.86493928
23.24874149 63.89615184
23.49399784 64.03448965
23.59890099 64.04089753
23.65295454 64.13417349
23.86141727 64.2582486
23.92477258 64.27411327
24.02223433 64.38599274
24.27834273 64.51528718
24.44060672 64.680135
24.53021366 64.73868439
24.55791223 64.80100617
24.65764774 64.80630301
24.74756473 64.85211416
24.94217818 64.8840502
25.13431115 64.87521353
25.21430627 64.85345775
25.28820357 64.86033072
25.28076216 64.91639964
25.2280522 64.95102285
25.27115034 64.98430248
25.37264286 65.0094689
25.36230757 65.06512442
25.34029341 65.09861074
25.25585412 65.14325918
25.29781538 65.2432014
25.30794396 65.35275544
25.34783817 65.47925935
25.24179813 65.54628368
24.83934208 65.66033356
24.7643079 65.65640616
24.67490767 65.67072053
24.58158003 65.75712352
24.62323124 65.83169261
24.62798547 65.85918448
24.59160526 65.85835765
24.53259077 65.82202912
24.40432987 65.78048127
24.23751834 65.81236563
24.15550785 65.80528596
24.04900272 65.9898225
23.99463911 66.06036083
23.90730594 66.14826244
23.75144982 66.19115388
23.72096073 66.2154418
23.70029015 66.25264883
23.69352054 66.30429942
23.67383182 66.38070303
23.6819967 66.44338654
23.70111698 66.4807486
23.76839969 66.50586335
23.86549971 66.57660838
23.88580855 66.62805227
23.89418013 66.70688467
23.93888024 66.77571768
23.98854129 66.81052176
23.97608727 66.83822032
23.9418258 66.87783031
23.86932376 66.93402843
23.75894291 67.00257722
23.6773975 67.06812877
23.64153405 67.12939118
23.62308556 67.18414236
23.6260828 67.2339326
23.65662357 67.26783234
23.76090661 67.31051708
23.77491092 67.32862967
23.73356978 67.42291332
23.66080936 67.44001822
23.53714766 67.44916494
23.46805627 67.44996593
23.45493045 67.46027538
23.45146813 67.47918895
23.46547245 67.51786876
23.50453983 67.56215546
23.53699263 67.59039663
23.54128177 67.61432282
23.50019901 67.69620413
23.48779667 67.79655976
23.50185265 67.87521129
23.63290409 67.93319225
23.63889855 67.95437958
23.47425744 68.01734732
23.355505 68.08868663
23.31855635 68.130312
23.18254398 68.13661652
23.09789798 68.25759105
22.97542484 68.31645051
22.85414025 68.36735179
22.78241336 68.3910196
22.36207726 68.4640384
22.19516239 68.4779652
21.99744836 68.52062409
21.8502222 68.5741092
21.72402835 68.6085257
21.61602461 68.65097789
21.46538781 68.69069123
21.42239302 68.72459097
21.25976729 68.78742951
21.1834412 68.82882233
20.9185478 68.90693126
20.90893599 68.93775625
20.90707564 68.9674702
20.8950867 68.97982087
20.62218347 69.03687165
20.67587528 69.06947948
20.88929894 69.07144318
21.06572228 69.04172923
21.10453128 69.05444164
21.12783736 69.08082246
21.05259647 69.18655244
21.0661357 69.21412181
21.1437537 69.24724641
21.26684696 69.27370474
21.4612537 69.27750296
21.59375207 69.27360139
21.62181237 69.27070751
21.81968143 69.15448721
21.98949019 69.04113496
22.07971724 68.99279165
22.30042728 68.85584911
22.38290287 68.77662914
22.41091149 68.71988841
22.50067346 68.72019847
22.81104211 68.69529043
23.07169803 68.67436148
23.1443551 68.64258047
23.32398237 68.64898835
23.46247521 68.67761709
23.70700809 68.71384227
23.77253381 68.75838736
23.85402754 68.80592967
23.99732629 68.79843659
24.15411258 68.76086782
24.33198286 68.71151683
24.49052616 68.68867585
24.70322635 68.65281241
24.8024451 68.60651032
24.94135135 68.59328116
25.08687219 68.63958324
25.17286177 68.76526032
25.24913618 68.82132925
25.35713993 68.86246369
25.48090498 68.88062796
25.57526615 68.88716503
25.6466313 68.91915274
25.74833052 68.99015616
25.76817427 69.07614574
25.74869225 69.23143342
25.76724409 69.2826706
25.85023644 69.36648977
25.96154748 69.58862092
26.01151859 69.65264802
26.0724451 69.69156037
26.15616092 69.71471141
26.30819299 69.78194245
26.52544071 69.91506094
26.58424849 69.9263264
26.74020796 69.93304434
26.93425296 69.92813508
27.10866092 69.90467398
27.12752282 69.90648265
27.20570926 69.91867829
27.34802616 69.96004527
27.59173221 70.04223664
27.74789839 70.06481924
27.88990523 70.06166698
28.04720829 69.97169831
NaN  NaN
