# France
# from http://www.rjruss.info/2010/12/free-countries-of-world-in-polygon-kml.html
# Guadeloupe
-61.23049476 15.8899348
-61.28622779 15.88605907
-61.31072242 15.89468903
-61.31839637 15.95489208
-61.27529822 15.99625906
-61.24997677 16.00631013
-61.21235633 15.95990469
-61.20339047 15.92125072
-61.23049476 15.8899348

-61.58956845 16.00693024
-61.6704679 15.9620751
-61.71023292 15.97592438
-61.75942888 16.062069
-61.79410377 16.30096914
-61.76715451 16.34047578
-61.74806007 16.35528107
-61.6415291 16.32598054
-61.59700985 16.29218415
-61.55236142 16.27089346
-61.57504737 16.2271752
-61.56388526 16.04775462
-61.58956845 16.00693024

-61.32715552 16.23040497
-61.44479692 16.21929454
-61.52215654 16.2280537
-61.53998491 16.29962556
-61.50055579 16.36019033
-61.52892615 16.43377757
-61.51065854 16.47770254
-61.47117774 16.50664134
-61.40642717 16.46829743
-61.39614356 16.41341706
-61.35547421 16.36318757
-61.17259132 16.256114
-61.32715552 16.23040497
