# France
# from http://www.rjruss.info/2010/12/free-countries-of-world-in-polygon-kml.html
# Martinique
-60.8262817 14.49446442
-60.83659115 14.43741364
-60.86211931 14.42625153
-60.89942969 14.47379385
-61.06370907 14.46707591
-61.0888755 14.50955394
-61.09032244 14.52970775
-61.01133501 14.60189973
-61.10430091 14.62122671
-61.14112037 14.6523876
-61.21972022 14.80441966
-61.21331234 14.84860301
-61.18080787 14.87190908
-61.12737444 14.87526805
-61.02709632 14.82617544
-60.95255307 14.75625723
-60.9271541 14.75517202
-60.91865333 14.73532827
-60.93369117 14.68618399
-60.88914608 14.64450694
-60.86997413 14.61373363
-60.8262817 14.49446442