# Gabon
# from http://www.rjruss.info/2010/12/free-countries-of-world-in-polygon-kml.html
13.29358687 2.1615738
13.28862593 2.09170726
13.20945764 1.92039989
13.17214725 1.78857331
13.16274214 1.64811677
13.18454959 1.53504873
13.22279015 1.45461437
13.24738814 1.36668692
13.22837121 1.30539867
13.19013065 1.27925039
13.21627892 1.24845124
13.27410485 1.24100983
13.37234175 1.26777823
13.52334028 1.31459707
13.72115767 1.3822932
13.8513306 1.41875092
14.06620121 1.3958841
14.18087121 1.37020091
14.23973067 1.32255524
14.3030343 1.12086213
14.33445357 1.090218
14.38644006 1.00443513
14.42984826 0.901444
14.43920169 0.84909577
14.43444746 0.81147533
14.39067752 0.75571646
14.34148156 0.67380931
14.32422163 0.62419994
14.28308719 0.58745799
14.23099735 0.55112946
14.08754357 0.53655671
14.06552941 0.51500764
14.02532515 0.42772614
13.94961917 0.35382884
13.91515099 0.28396231
13.88461022 0.19084138
13.89065637 0.07529287
13.87546349 -0.09079518
13.86006392 -0.20334645
13.89799442 -0.24262054
14.06945682 -0.2701124
14.1028398 -0.29233327
14.14836673 -0.36188974
14.2067611 -0.42731211
14.36380578 -0.46860158
14.42468062 -0.51867604
14.47408329 -0.57345306
14.48059452 -0.6183082
14.4448861 -0.79881398
14.41062463 -0.97208506
14.4240605 -1.10385996
14.43687625 -1.22979542
14.45558312 -1.41319508
14.44721154 -1.52507456
14.40292484 -1.5933908
14.40292484 -1.64692759
14.42323368 -1.7115748
14.38395959 -1.8900652
14.35858646 -1.92024424
14.28840986 -1.95347218
14.25146122 -2.00147959
14.23967899 -2.07672047
14.20180016 -2.17986663
14.16283613 -2.21753875
14.16283613 -2.26554616
14.2004049 -2.30063445
14.19978478 -2.35422291
14.12976322 -2.41799163
14.08744022 -2.46687754
13.9938542 -2.4906487
13.88688399 -2.46537892
13.86182092 -2.42992889
13.88771081 -2.37453175
13.87846073 -2.33019337
13.84156375 -2.28368458
13.78435794 -2.16374358
13.73381839 -2.13847381
13.70560306 -2.18751474
13.61852827 -2.27856862
13.46494592 -2.39540903
13.35735558 -2.40481414
13.15860803 -2.36910573
12.99200321 -2.31334686
12.91355838 -2.17624928
12.86446577 -2.06323292
12.79351403 -1.93181976
12.71367394 -1.8694463
12.62840783 -1.82960377
12.59047733 -1.82681325
12.46867598 -1.89998707
12.43214074 -1.92892588
12.4324508 -1.99031748
12.44371626 -2.04757497
12.46262984 -2.07527353
12.47854618 -2.11201548
12.47570397 -2.16922129
12.45384484 -2.24559905
12.44640344 -2.32993499
12.06441125 -2.41261728
11.99826542 -2.38285166
11.95030969 -2.3448178
11.89243208 -2.35143239
11.72675744 -2.39473724
11.6658826 -2.3645582
11.60542118 -2.34259572
11.57772261 -2.36094085
11.57524214 -2.39706268
11.60345747 -2.5954485
11.59451745 -2.67099944
11.55715539 -2.76959808
11.5378284 -2.83667409
11.63911421 -2.85538095
11.67570112 -2.8866452
11.71135786 -2.93651295
11.76014042 -2.9831251
11.76344771 -3.01123707
11.70805057 -3.06312021
11.68903364 -3.12699228
11.71538862 -3.17691172
11.78437666 -3.22910491
11.88509403 -3.28315846
11.93418664 -3.31855682
11.92932905 -3.35100962
11.88276859 -3.42020436
11.86473351 -3.47859873
11.83290083 -3.53141204
11.83941206 -3.58003956
11.88478397 -3.62541147
11.87992639 -3.6659258
11.84912723 -3.69672495
11.78644372 -3.69026539
11.7334237 -3.69450286
11.68572635 -3.68199717
11.53679487 -3.52495249
11.50434208 -3.52035329
11.28833459 -3.64106943
11.23448775 -3.69078216
11.18999434 -3.76199228
11.13015303 -3.91629811
11.03201948 -3.82648447
10.94727014 -3.66215342
10.84856815 -3.56128102
10.64072554 -3.39808685
10.58543176 -3.27799082
10.34761681 -3.01309743
10.00613895 -2.74830739
9.75943566 -2.51855397
9.72202193 -2.46760101
9.76367313 -2.47385385
10.00200484 -2.58842051
10.03445764 -2.57560475
10.06205285 -2.54992156
9.9591134 -2.48982187
9.86082482 -2.44258961
9.76863407 -2.41313405
9.67633996 -2.41561452
9.62456017 -2.36709035
9.59097049 -2.29314137
9.57402062 -2.22999277
9.53319624 -2.16384694
9.40224816 -2.02762786
9.37051883 -1.97496958
9.2988953 -1.90303598
9.34251021 -1.89368255
9.4828634 -1.96230885
9.49526574 -1.93497202
9.48317346 -1.89461273
9.34220015 -1.82939707
9.26561568 -1.82505625
9.24794234 -1.7793226
9.25838097 -1.72630259
9.15750858 -1.52771006
9.05281213 -1.37908864
9.03627567 -1.30891204
9.3188424 -1.6319931
9.35666955 -1.63757415
9.40638228 -1.63457692
9.52337772 -1.59835174
9.5010535 -1.55515024
9.44834354 -1.50884816
9.39718387 -1.53013885
9.33062463 -1.53458302
9.29579471 -1.51520436
9.28018843 -1.48192474
9.34664432 -1.32498341
9.31791222 -1.33294158
9.29672489 -1.36089853
9.26013797 -1.37423105
9.20381066 -1.38239593
9.06459435 -1.29837005
8.9419145 -1.07151051
8.90935835 -1.02500172
8.87659549 -0.94609181
8.84424605 -0.91358733
8.70316939 -0.59102304
8.75722293 -0.61494923
8.82140506 -0.70838022
8.94635868 -0.68874318
8.99524458 -0.63468963
9.03792931 -0.63675669
9.08154422 -0.62430267
9.13652795 -0.5733497
9.29672489 -0.3512444
9.33909956 -0.05823903
9.32525028 0.1158072
9.30189253 0.28850983
9.35491255 0.34359691
9.37578983 0.3072167
9.38612512 0.24587678
9.41113651 0.20045319
9.46818729 0.15978384
9.57433068 0.14893179
9.73835168 0.08495637
9.79674605 0.04423534
9.81266239 0.12557404
10.00148807 0.19497549
9.94443729 0.21988353
9.77669559 0.19249502
9.54652876 0.29595124
9.47015099 0.36189037
9.39883752 0.48674063
9.32483687 0.55211131
9.33000451 0.61081574
9.49526574 0.66486929
9.538984 0.65866812
9.55665734 0.59417593
9.60109907 0.5677176
9.61794559 0.57650259
9.62528364 0.63164134
9.62590376 0.77943594
9.57536421 0.99130931
9.59086714 1.03197866
9.63618737 1.04670645
9.67649499 1.07471507
9.70455529 1.07998607
9.76057254 1.07471507
9.78863285 1.02567414
9.80387739 0.99875072
9.86030806 0.98624502
9.90676517 0.96009675
9.94671105 0.96712474
9.97978397 0.99771719
10.02846317 1.00402171
10.17894494 1.00355663
10.31547407 1.00309154
10.58718875 1.00216136
10.85890344 1.00128286
11.13061812 1.00040436
11.33536014 0.99968089
11.33468835 1.12075878
11.33360314 1.30762075
11.33236291 1.52838247
11.33117435 1.74020417
11.33003747 1.93590282
11.32874556 2.16741323
11.33995934 2.23381745
11.35334354 2.26141267
11.3483826 2.2997049
11.55901574 2.30218537
11.93976769 2.28515799
12.10611413 2.28750926
12.15339806 2.284357
12.36129235 2.2959842
12.52975752 2.28135977
12.60132938 2.26503002
12.66571821 2.25678762
12.86751468 2.24678823
13.13080611 2.25942312
13.22030969 2.25645173
13.26991906 2.22420563
13.29358687 2.1615738

