# Georgia
# from http://www.rjruss.info/2010/12/free-countries-of-world-in-polygon-kml.html
46.42991052 41.89095755
46.40546756 41.85506826
46.34826175 41.79016267
46.30252811 41.75708975
46.25183353 41.75176708
46.20186242 41.73688426
46.18424076 41.7021577
46.18212202 41.65709585
46.19054528 41.62484976
46.20351607 41.61260244
46.25472741 41.60213797
46.30542199 41.50769929
46.3850037 41.45984691
46.50876875 41.40558666
46.61889123 41.34372997
46.67258304 41.28683421
46.66240279 41.24549307
46.62633264 41.15968435
46.53434859 41.08855174
46.45791914 41.07020661
46.43094404 41.07705374
46.38076623 41.09930044
46.27999719 41.1544392
46.17075321 41.1978474
46.08652062 41.18384309
46.03122684 41.16728079
45.92198286 41.18673697
45.79279178 41.22440908
45.72550907 41.26161612
45.69569177 41.28900462
45.71558719 41.33765799
45.42232344 41.42527538
45.2809884 41.4495633
45.217168 41.42320832
45.0014189 41.29096833
44.97589074 41.27748078
44.81135298 41.25936819
44.81093957 41.24859365
44.84850834 41.22017162
44.84137699 41.21136079
44.5648564 41.20820852
44.47302738 41.19100027
44.22735762 41.21335033
44.14653568 41.20337678
44.07723758 41.1824995
43.90918583 41.15898672
43.79322391 41.13108145
43.6450159 41.11666372
43.49195031 41.11552684
43.43944706 41.10710358
43.44156579 41.12599132
43.43340091 41.1555244
43.40239505 41.17655671
43.35893517 41.19012177
43.27930179 41.18521251
43.20550785 41.19916515
43.15284956 41.23642386
43.14096398 41.26484589
43.17124637 41.28794526
43.14897383 41.30714305
43.05714481 41.35285086
42.90676639 41.46684907
42.82170698 41.49240306
42.78785892 41.56371654
42.75411421 41.57890941
42.68238732 41.5857307
42.60683638 41.57880606
42.59045495 41.5707187
42.56735558 41.5592982
42.50792769 41.47005301
42.46637984 41.43984813
42.36437056 41.45400747
42.27998294 41.4749881
42.21114994 41.48671865
42.07777306 41.49410838
41.925741 41.49565868
41.82352502 41.43235505
41.77939334 41.44051992
41.70172367 41.47157746
41.57651167 41.49731232
41.51005578 41.51749197
41.70177534 41.70541332
41.75882612 41.81713776
41.76068648 41.88485973
41.76296024 41.96999665
41.66322473 42.14688508
41.57775191 42.39782583
41.48876509 42.65930858
41.41941532 42.73762421
41.12868371 42.82810965
41.0616077 42.93086823
40.83660851 43.06346996
40.52406945 43.1210375
40.46205773 43.145713
40.19065311 43.31239533
39.97831465 43.41983063
40.02373823 43.48483959
40.08461307 43.55310415
40.15013879 43.56979564
40.34227176 43.54274303
40.51900516 43.51202139
40.64798954 43.53390636
40.80167525 43.47993032
40.94202844 43.41807364
41.0831051 43.37448456
41.35823042 43.33337596
41.46075646 43.27629934
41.58054243 43.21924856
42.04997114 43.19012889
42.08779829 43.19912059
42.1222148 43.20733714
42.27967289 43.22805939
42.41904422 43.22423534
42.566012 43.15514395
42.66026981 43.15907136
42.76062544 43.16956167
42.89002323 43.13261302
42.99161909 43.09147858
43.0001457 43.04967235
43.0891842 42.98905589
43.34797977 42.89665843
43.55778609 42.84446524
43.6231051 42.80772329
43.78257857 42.74700349
43.79870161 42.72777985
43.79539432 42.70297517
43.74991906 42.6574999
43.73834354 42.61698558
43.75984094 42.59383454
43.82598677 42.57151032
43.95745161 42.56654938
44.00468387 42.59559154
44.10271406 42.61636546
44.19971073 42.65362417
44.32952193 42.70349193
44.50589359 42.74865713
44.57643192 42.74847626
44.64433475 42.73473033
44.69177372 42.70964143
44.77104536 42.61677888
44.85052372 42.74682262
44.87098758 42.75638276
44.94338626 42.73026032
45.07159549 42.69416433
45.16027225 42.67501822
45.20822798 42.64824982
45.34372359 42.5297816
45.56293501 42.53575023
45.65553918 42.51766348
45.70525191 42.49807811
45.72757612 42.47503042
45.68835371 42.35736319
45.63424849 42.23473501
45.63858931 42.20507274
45.7265426 42.15887401
45.84601851 42.10993643
45.91040734 42.07071402
45.95402225 42.03539317
46.04848677 42.00875397
46.1597978 41.99206249
46.21266279 41.98989208
46.26780155 41.96033316
46.41156538 41.90462596
46.42991052 41.89095755

