# Ghana
# from http://www.rjruss.info/2010/12/free-countries-of-world-in-polygon-kml.html
-0.06862077 11.1156009
-0.0047487 11.05555288
0.00943648 11.02098135
-0.01389543 10.89135102
-0.06058509 10.8006072
-0.09019569 10.71552196
-0.08631995 10.67304393
-0.05769121 10.63061758
0.03946048 10.56385163
0.08927656 10.52059846
0.14829105 10.45478852
0.21603885 10.39052888
0.33184574 10.30694225
0.38088667 10.29185273
0.37863875 10.2685725
0.36269657 10.23648143
0.35184452 9.92492422
0.34305952 9.84459321
0.33453291 9.80394969
0.32388757 9.68757437
0.31169193 9.67098623
0.28967777 9.67230398
0.26952396 9.66791149
0.26458886 9.64473461
0.27277958 9.62093761
0.3425686 9.60414277
0.32734989 9.58657278
0.27551843 9.5706306
0.25154056 9.53564566
0.26187585 9.49562226
0.23340213 9.46350536
0.24151533 9.44190461
0.25996382 9.42603994
0.28931603 9.4318277
0.3709648 9.48557119
0.40530379 9.49143647
0.44757511 9.48024852
0.52568403 9.39849641
0.52899133 9.35831798
0.49715864 9.22124624
0.46615278 9.11530956
0.46036502 8.9742329
0.49323124 8.89490957
0.48878706 8.85147553
0.45307865 8.81377757
0.37256677 8.75925894
0.37863875 8.72200023
0.41530318 8.65272797
0.48330936 8.57529084
0.61622114 8.47963776
0.68629439 8.35486502
0.68805139 8.30424795
0.64707197 8.25345002
0.59927127 8.20957673
0.58356164 8.14580801
0.60516239 7.72821076
0.49994917 7.54685232
0.49891564 7.49509837
0.50961266 7.43512788
0.53725956 7.39872183
0.59100305 7.38879995
0.63472131 7.35365998
0.61952844 7.22653596
0.59622236 7.09664724
0.59244999 7.03398957
0.5794792 7.00412059
0.53808638 6.97970348
0.52310021 6.93885326
0.5334355 6.88831371
0.52558068 6.85092581
0.54800825 6.80247915
0.59575728 6.74217276
0.67275516 6.59251781
0.70221073 6.58073558
0.71543989 6.54931631
0.70717167 6.51872386
0.73693729 6.45257803
0.82251346 6.38638052
0.91222375 6.32855459
0.98498417 6.32028636
1.00214074 6.26853242
1.04994144 6.20264497
1.0844613 6.17378368
1.13960005 6.15502513
1.18507531 6.1449999
1.18724572 6.0894219
1.10559696 6.05136221
1.05030318 5.99400137
1.00803185 5.90640982
0.94974084 5.81026581
0.74882287 5.76011384
0.67182499 5.75970043
0.25970544 5.75732331
-0.12649838 5.56818757
-0.34870704 5.5008015
-0.48544288 5.3942447
-0.66941098 5.31853872
-0.79769772 5.2267097
-1.06432227 5.18268138
-1.50163408 5.03798737
-1.63844743 4.98083324
-1.77683692 4.88037425
-2.00183611 4.76244864
-2.09020281 4.7640506
-2.26641944 4.87406973
-2.39891781 4.92936351
-2.72305823 5.01369945
-2.96498145 5.04630728
-3.08187354 5.08248078
-3.11401628 5.08865611
-3.08673113 5.12831778
-3.01913835 5.13082408
-2.94836748 5.11886099
-2.8947015 5.14904003
-2.8156624 5.15301911
-2.79519853 5.18454173
-2.7886873 5.26412344
-2.78961748 5.32820222
-2.76191891 5.35693431
-2.75499427 5.43253693
-2.79364824 5.60007193
-2.82119178 5.61919221
-2.96226844 5.64301504
-2.97281043 5.67629466
-2.99828691 5.71130545
-3.02531369 5.79776012
-3.05616452 5.92627941
-3.10559302 6.08562368
-3.20060014 6.34826915
-3.22403541 6.44105419
-3.24028764 6.53562206
-3.243905 6.64869009
-3.22411292 6.69075471
-3.22716183 6.7490974
-3.2357918 6.80723338
-3.16889665 6.94097199
-3.03771603 7.10460541
-3.01017249 7.16374909
-2.98578122 7.20485769
-2.98231889 7.26363963
-2.95909034 7.45453238
-2.89635515 7.68500926
-2.85690019 7.77208405
-2.8301318 7.81905793
-2.79814409 7.89600414
-2.78977251 7.93191926
-2.66884966 8.02219798
-2.61334917 8.04669261
-2.60094682 8.082246
-2.61996375 8.12110668
-2.61169552 8.14756501
-2.58275672 8.16079418
-2.53826331 8.17164623
-2.50586219 8.2087499
-2.55686683 8.49302196
-2.59800127 8.77636384
-2.60040422 8.80044505
-2.62492469 8.83961579
-2.64921261 8.95661123
-2.68988196 9.02508251
-2.74693275 9.04513296
-2.74667436 9.10962515
-2.68921017 9.21861074
-2.67422401 9.28261201
-2.70179338 9.30168061
-2.70574663 9.35139334
-2.68610958 9.43172435
-2.69585059 9.48133373
-2.70618588 9.53394033
-2.76594967 9.65806712
-2.78052243 9.74583955
-2.74982663 9.79723176
-2.75073096 9.90965384
-2.7832096 10.08307994
-2.7884806 10.1925823
-2.76651811 10.23816092
-2.77711178 10.28159496
-2.82031328 10.32283275
-2.82346554 10.36293366
-2.78662025 10.40189769
-2.79116777 10.43243846
-2.83721147 10.45465933
-2.87839759 10.50793773
-2.91488115 10.59232534
-2.90733639 10.72797598
-2.83855506 10.97746979
-2.8299251 10.99837291
-2.75210039 10.99697765
-2.75168698 10.98635814
-2.50916948 10.98873526
-2.23195126 10.99142243
-1.90062781 10.99467805
-1.59966427 10.99764944
-1.58648678 11.00888906
-1.53677405 11.022635
-1.23260657 10.99723603
-1.04248898 11.01005178
-0.96182207 11.00170604
-0.90291094 10.98470449
-0.77160112 10.99527233
-0.70142453 10.98894196
-0.6485337 10.92677521
-0.62716549 10.92739533
-0.59765825 10.9536728
-0.54523251 10.98367097
-0.49172156 11.00759715
-0.45353268 11.05630219
-0.43032996 11.09327668
-0.3956034 11.08570608
-0.34573564 11.08792817
-0.31255937 11.11888235
-0.2994594 11.16688976
-0.06862077 11.1156009

