# Greenland
# from http://www.rjruss.info/2010/12/free-countries-of-world-in-polygon-kml.html
-46.26667945 60.78138072
-46.38155616 60.66030284
-46.49632952 60.68668366
-46.55312191 60.74078889
-46.66618995 60.76590363
-46.78806881 60.75841055
-46.78998084 60.77983043
-46.39388099 60.90878897
-46.20521033 60.94351553
-46.21862037 60.88915192
-46.25450965 60.84155793
-46.26667945 60.78138072

-37.0312225 65.53196931
-37.1867944 65.53134919
-37.23841916 65.60987153
-37.22289039 65.6954477
-37.04750058 65.72224193
-36.95308773 65.6633308
-36.9869358 65.57558421
-37.0312225 65.53196931

-51.01367652 69.55249909
-51.17041114 69.51715241
-51.20203712 69.52500723
-51.23399899 69.55187897
-51.31489844 69.67409374
-51.33887631 69.73202302
-51.31892921 69.80405996
-51.3502968 69.85478038
-51.20891008 69.91392406
-51.09457598 69.92415599
-50.94024431 69.9086789
-50.67901994 69.84855337
-50.69790768 69.82907136
-50.75441586 69.79765209
-50.91171892 69.75669851
-50.96721941 69.66427521
-50.97786475 69.6178181
-50.97042335 69.58298819
-51.01367652 69.55249909

-52.73116859 69.94472321
-52.39824317 69.86343618
-52.04531898 69.80721223
-52.01077328 69.78152904
-51.98338477 69.74266836
-51.97705441 69.7224112
-51.98509009 69.70360098
-52.00746599 69.68626354
-51.98170529 69.66396516
-51.90775631 69.63668
-51.90018572 69.60479564
-51.98842322 69.55001862
-52.11260169 69.48909211
-52.77046851 69.36393179
-53.00311581 69.34261526
-53.57842953 69.25665152
-53.75433611 69.26016551
-53.79317095 69.26419628
-53.90202735 69.30202342
-54.05116553 69.3371634
-54.12103207 69.36439688
-54.18273373 69.40351594
-54.15816159 69.42780386
-54.04734148 69.43731232
-53.88959917 69.43669221
-53.6583213 69.46511424
-53.72224504 69.49074575
-53.78304237 69.50630036
-53.82497779 69.54035513
-53.92150937 69.53368887
-53.99377886 69.55317088
-54.13320187 69.56544404
-54.49697812 69.57720043
-54.73412126 69.61053172
-54.80409115 69.6305305
-54.86576697 69.66505036
-54.91914873 69.71360037
-54.84124651 69.90190929
-54.78791643 69.94983918
-54.66461646 69.96565217
-54.36311032 69.92384593
-54.32259599 69.94188101
-54.65242082 70.0111791
-54.77365373 70.05254609
-54.80931047 70.08512808
-54.83075619 70.13295462
-54.83044613 70.16109243
-54.81558916 70.18938528
-54.78621111 70.21775564
-54.70595761 70.25617707
-54.37163693 70.31731029
-54.00724057 70.29643301
-53.37516029 70.22126964
-53.2967413 70.2053533
-53.10292884 70.14088695
-52.73116859 69.94472321

-51.67513485 70.85521027
-51.80866675 70.8525231
-52.11939714 70.87066153
-52.14420183 70.88228872
-52.14802589 70.90440624
-52.10673642 70.96801992
-51.96979387 70.97646902
-51.80696143 70.94166494
-51.63136492 70.89215892
-51.60692196 70.86885285
-51.67513485 70.85521027

-25.43234392 70.92135611
-25.39720395 70.86244497
-25.39363827 70.83464305
-25.40133806 70.81128531
-25.42082007 70.79459382
-25.46779395 70.77971101
-25.38012488 70.74059195
-25.35165117 70.71428864
-25.34635434 70.69330801
-25.40226824 70.65269033
-25.80056434 70.59892101
-25.91133277 70.57305695
-26.04972226 70.50910737
-26.21787737 70.45404613
-26.27389462 70.45433035
-26.33913612 70.51140697
-26.6047013 70.55336823
-27.10479997 70.5315091
-27.69003557 70.47866995
-27.89800737 70.45399445
-28.00303972 70.46712027
-28.03525998 70.48680899
-28.03683611 70.51437836
-27.96753801 70.59481273
-27.93958106 70.61530244
-27.80527401 70.64204499
-27.7141943 70.71279003
-27.74398577 70.78973623
-27.70892331 70.89711986
-27.61722348 70.91375967
-27.3874959 70.87562246
-27.23887448 70.86756094
-26.97555722 70.86270336
-26.62178036 70.87562246
-26.33745663 70.91926321
-25.81888363 71.04364838
-25.72682207 71.04204641
-25.6608571 70.99794058
-25.61233293 70.97633983
-25.45823381 70.94254344
-25.43234392 70.92135611

-53.5352022 71.04083202
-53.62878821 71.03426911
-53.8975315 71.08514456
-53.94114641 71.10431651
-53.95778622 71.12775178
-53.94745093 71.15550202
-53.86184892 71.20723013
-53.70098019 71.28298778
-53.58447567 71.29709545
-53.51233537 71.2496048
-53.44143531 71.18583609
-53.43215939 71.15343496
-53.43688778 71.11524608
-53.45543962 71.08289663
-53.48781491 71.05628327
-53.5352022 71.04083202

-55.01692054 72.79111278
-55.15822974 72.7233133
-55.27357154 72.68434927
-55.52365963 72.56841319
-55.56657691 72.56435659
-55.63411801 72.57942027
-55.68654375 72.60993521
-55.78100827 72.61724742
-55.81390032 72.63649689
-55.82712948 72.65215485
-55.86903907 72.6621284
-55.93570167 72.66838125
-56.04269772 72.65646984
-56.14088294 72.66843293
-56.21480608 72.71917919
-56.07807024 72.75323395
-55.99352759 72.78227611
-55.66646745 72.7936966
-55.57419918 72.78036408
-55.51624407 72.78072582
-55.42792904 72.78863231
-55.23468502 72.82480581
-55.20582374 72.84165233
-55.03301775 72.82051667
-55.01692054 72.79111278

-18.00054949 75.40733552
-17.92117449 75.30150218
-17.88590532 75.20445384
-17.76242449 75.14275218
-17.49784115 75.15153718
-17.39200782 75.03691885
-17.58602698 74.99278718
-18.35331865 75.01046052
-18.67081865 75.00164969
-18.89132199 75.07216218
-18.88248532 75.19566885
-18.85602698 75.31914969
-18.63554949 75.38966218
-18.45034115 75.32796052
-18.22986365 75.37206635
-18.00054949 75.40733552

-18.58263282 76.04233552
-18.69727698 76.01587718
-19.08534115 76.43037385
-19.08534115 76.58028718
-19.05888282 76.69495718
-18.88248532 76.70379385
-18.73259783 76.64204051
-18.66200782 76.40391551
-18.58263282 76.04233552

-71.66735124 77.3253063
-72.02353105 77.31644379
-72.37438819 77.35543366
-72.49489763 77.38556102
-72.48957496 77.43163056
-72.43642575 77.44757274
-72.24679908 77.46354076
-72.08908261 77.46708059
-71.98275835 77.45997508
-71.7329028 77.43163056
-71.55216448 77.40328604
-71.43343787 77.39439769
-71.46710507 77.35367666
-71.66735124 77.3253063

-17.95373064 77.64234121
-18.14798235 77.64234121
-18.22004513 77.6683603
-18.17400143 77.71437816
-17.90368201 77.86258617
-17.81358415 77.87460094
-17.68142168 77.85858124
-17.64137244 77.7824877
-17.72948076 77.70641999
-17.95373064 77.64234121

-18.99718116 77.97379385
-19.12947283 77.93852469
-19.21763282 78.04435802
-19.29700782 78.18546052
-19.31468116 78.34421052
-19.11179949 78.42358552
-19.00596615 78.44123302
-18.93540198 78.42358552
-18.95304949 78.35299551
-18.95304949 78.21191885
-18.88248532 78.11487051
-18.99718116 77.97379385

-17.61248532 79.82587718
-18.03581865 79.71123302
-18.66200782 79.72004385
-19.03242449 79.77296052
-19.13825782 79.85233552
-18.99718116 79.94049551
-18.54738949 80.01108552
-17.98290198 80.05519135
-17.47138282 80.02873302
-17.40081865 79.94049551
-17.61248532 79.82587718

-18.66472083 81.84647736
-18.76766028 81.81430878
-19.03146847 81.82717622
-19.36927731 81.91727408
-19.5944832 81.99124889
-19.61055457 82.07811697
-19.49474769 82.11671927
-19.31457781 82.12317882
-19.06686683 82.04917817
-18.8126963 81.94944265
-18.66472083 81.84647736

-44.86456865 82.08362051
-45.06742449 82.06599885
-45.49075782 82.17183218
-46.16102698 82.27766551
-46.75192115 82.34820384
-47.30754615 82.53341218
-47.35121273 82.59919628
-47.27227698 82.65691885
-46.78721615 82.66570384
-46.39915198 82.69216218
-45.41138282 82.57754385
-44.91748532 82.48049551
-44.74992449 82.40112051
-44.77638282 82.24237051
-44.86456865 82.08362051

-29.95286903 83.56482209
-28.9919716 83.50477408
-28.48381141 83.43490754
-28.37707374 83.43720714
-27.68835609 83.41041291
-27.03441667 83.37692658
-25.94740292 83.28964509
-25.79508664 83.26096467
-25.91244381 83.23750357
-26.18273739 83.22138052
-27.57185157 83.19264842
-30.09200782 83.1574051
-31.53398699 83.08890799
-31.99269284 83.08536815
-32.03271623 82.98346223
-31.8367592 82.97788117
-31.51559018 82.9916271
-30.38604672 83.09368806
-29.96359188 83.1104829
-29.17500953 83.10198212
-28.15145443 83.06371573
-27.73850806 83.07720327
-27.00206723 83.06717805
-26.14082781 83.09642691
-25.12337053 83.15960135
-24.84517046 83.01855052
-24.47028378 82.87737051
-24.17360938 82.89302847
-23.91951636 82.88509614
-23.83352678 82.83876822
-23.69462053 82.81913117
-23.40693783 82.82967316
-22.52492449 82.78918468
-21.91969011 82.71639842
-21.69182288 82.68249868
-21.58252723 82.63415538
-21.52067054 82.5954239
-21.61578101 82.54772655
-21.99397498 82.46277049
-22.47255042 82.38473908
-23.11809241 82.32469107
-23.8622072 82.28707062
-29.57940345 82.16118684
-29.77277666 82.13126618
-29.88742082 82.05483674
-29.81099138 81.9554888
-29.54382423 81.93996003
-28.91941789 81.99587393
-27.83948381 82.04889395
-27.04594052 82.0463618
-25.14884701 82.00114492
-24.58916541 81.88280589
-24.29308529 81.70098237
-23.63653622 81.74183259
-23.49613135 81.77304515
-23.3929852 81.82720205
-23.31053545 81.88528636
-23.24878211 81.94724641
-23.17984575 81.98944021
-23.10372637 82.01181611
-22.94009294 82.03049714
-22.56339759 82.05302806
-21.57555091 82.07493887
-21.33796851 82.06868602
-21.16741045 81.98383332
-21.13030677 81.93422394
-21.1179561 81.8696284
-21.12340797 81.78994335
-21.14661068 81.69514293
-21.23053321 81.60137604
-21.50392737 81.43751008
-21.72365556 81.34826488
-21.9607212 81.28392772
-22.4152671 81.13711498
-22.57277686 81.09789256
-23.07243629 80.92668854
-23.19638221 80.84733938
-23.20366859 80.78925507
-23.11773068 80.77817048
-22.9728558 80.83279247
-22.91895728 80.87180817
-22.82568132 80.91263255
-22.08939551 81.02022289
-21.93134315 81.05019522
-21.44974464 81.17819774
-21.14242489 81.22615347
-20.88975298 81.27638296
-20.7558335 81.31198802
-20.01572364 81.56434988
-19.62993323 81.63987499
-19.22473833 81.64003002
-19.1529856 81.51218252
-18.66740801 81.49244213
-18.45651649 81.4979715
-18.11788083 81.46683645
-17.9693886 81.4411791
-17.71663917 81.42815664
-17.45603492 81.39771922
-17.22620399 81.43043041
-17.15905046 81.45094595
-16.93704851 81.54391185
-16.6371185 81.62623241
-16.35899594 81.72906851
-16.26680518 81.75397655
-16.12071591 81.77661083
-15.96889055 81.78549917
-15.55553077 81.83360993
-15.45062761 81.8369689
-15.22748878 81.82177603
-14.24196754 81.81386953
-13.70448096 81.78906485
-12.95599952 81.72023184
-12.43442929 81.68250804
-12.19284197 81.64912507
-11.84113217 81.57755321
-11.55745439 81.50262238
-11.4255503 81.48060822
-11.43064043 81.45683706
-11.52879981 81.42402253
-12.23134091 81.30924917
-12.46124936 81.23250967
-13.12622169 81.08781566
-13.45116309 81.03810293
-13.80429399 81.01859508
-14.19737077 81.01391836
-14.45234229 80.99309276
-14.49011776 80.97327485
-14.3084751 80.91322683
-14.2285575 80.87046459
-14.2401847 80.83243073
-14.43125831 80.77605174
-14.50357947 80.76328767
-15.19420915 80.72142976
-15.54268917 80.65037466
-15.99751929 80.64171886
-16.31892086 80.64980622
-16.76059933 80.57337678
-16.5877675 80.51121003
-16.42945675 80.48423493
-15.93723874 80.42764924
-15.93261369 80.39509309
-16.16779314 80.32941234
-16.48875546 80.25194937
-16.86842221 80.19823172
-17.01112667 80.19019603
-17.19116736 80.20368358
-17.35722958 80.2007897
-17.72284034 80.17601085
-18.07093279 80.1720576
-18.69260027 80.20709422
-19.028988 80.24760855
-19.20600562 80.26161286
-19.42922197 80.25773713
-19.51503069 80.24140738
-19.866818 80.14472077
-20.0394948 80.07872997
-20.15013404 80.01124055
-20.19741798 79.93765331
-20.1813466 79.85796825
-20.13850684 79.80334626
-20.06887285 79.77378734
-19.98538957 79.75588146
-19.8393003 79.74650218
-19.51789873 79.75539053
-19.39152401 79.75032624
-19.35305091 79.73420319
-19.28362362 79.68314688
-19.29597429 79.63501028
-19.35421363 79.56733999
-19.39930132 79.4883784
-19.43121151 79.39815135
-19.41400326 79.34885204
-19.28395952 79.33805166
-19.22292965 79.34161734
-19.15221046 79.32539094
-19.07180193 79.28947582
-19.0113405 79.25144196
-18.97082618 79.21139273
-18.99201352 79.17834565
-19.07495419 79.15232657
-19.26220374 79.12297435
-19.72302833 79.06504507
-19.76982134 79.04737173
-19.80607235 79.01210257
-19.83157467 78.95910838
-19.88720435 78.91094595
-19.97288388 78.8676411
-20.05047604 78.84177705
-20.19989844 78.83033072
-20.39567461 78.8288321
-20.61558367 78.80392406
-21.13374325 78.65866161
-21.14144304 78.64251272
-20.94744971 78.59587474
-20.95566627 78.55505036
-21.19477312 78.37981558
-21.26019548 78.29302501
-21.31200111 78.17398835
-21.39724138 78.07358104
-21.51596798 77.99182893
-21.63267921 77.89746776
-21.74753008 77.7906009
-21.72957252 77.70853872
-21.57893572 77.65138459
-21.37969723 77.69758332
-21.1318829 77.84721243
-20.86259701 77.91188548
-20.57181373 77.89157665
-20.31859921 77.86194021
-19.99510474 77.80341665
-19.72432024 77.76693309
-19.49040687 77.71889985
-19.39397864 77.67838553
-19.29687863 77.62128307
-19.29607764 77.58523876
-19.46754005 77.56580842
-19.52412574 77.57198375
-19.95322099 77.66637075
-20.16204546 77.68985769
-20.439212 77.66161652
-20.68082516 77.61898347
-20.46375831 77.44731436
-20.23196367 77.36840445
-19.80865618 77.33238597
-19.5875844 77.29445547
-19.42640561 77.24598298
-19.30028927 77.22236685
-19.13102312 77.23275381
-18.90338843 77.28045116
-18.58588843 77.28303498
-18.44264136 77.25939301
-18.33903012 77.21528718
-18.2923663 77.13286327
-18.30275326 77.01212128
-18.33727312 76.9211966
-18.39602922 76.86006338
-18.51028581 76.77815624
-18.60578386 76.76327342
-18.74029761 76.7677176
-18.86535458 76.78451244
-18.98100644 76.8137613
-19.15631873 76.8365506
-19.50877784 76.86109691
-19.86493181 76.91442699
-20.064377 76.92760448
-20.48670264 76.92078319
-20.9421012 76.8869868
-20.95990373 76.8427001
-21.61469581 76.68787751
-21.74900285 76.68999624
-21.93080054 76.74317129
-22.1852553 76.79407258
-22.33431597 76.79371084
-22.55453508 76.72927033
-22.60933794 76.70431061
-22.60662493 76.68074616
-22.4444126 76.62503897
-22.37860267 76.61222321
-22.29486101 76.60147451
-22.00369015 76.58809032
-21.87731544 76.57346589
-21.75809791 76.40055655
-21.56909136 76.29368968
-21.48824358 76.27188223
-21.41685259 76.26402741
-21.18541968 76.26795482
-20.8874017 76.30402497
-20.78327369 76.27516368
-20.56382972 76.23984284
-20.43541378 76.23105785
-20.27929928 76.23245311
-20.10362525 76.21906892
-19.86291643 76.12067699
-19.95774268 75.99667939
-19.80689918 75.89738312
-19.56603533 75.79496044
-19.50895871 75.75749502
-19.48570431 75.68959219
-19.48025245 75.64478872
-19.4621657 75.60386099
-19.43141822 75.56691234
-19.39953386 75.49441031
-19.36646094 75.38640656
-19.37529761 75.29819489
-19.42599219 75.22982697
-19.52634783 75.1802176
-19.67628699 75.14936677
-19.79850176 75.15747997
-19.89317298 75.20453136
-20.02654985 75.25468334
-20.19868405 75.30796174
-20.48494564 75.31424042
-20.90585019 75.15691153
-21.09382321 75.14908255
-21.24652707 75.13339875
-21.40943702 75.06477245
-21.64931902 75.02345714
-21.86103736 75.03986441
-22.23284929 75.11970449
-22.0977671 75.06637442
-21.90434221 75.00389761
-21.78393612 74.97149649
-21.69510434 74.96446849
-21.59766842 74.97196158
-21.45734107 74.99756725
-21.14056454 75.06854483
-21.05669369 75.07939688
-20.98579363 75.07435843
-20.92778683 75.05342947
-20.8610984 74.99255463
-20.78570248 74.89175975
-20.7953143 74.80597687
-20.88998552 74.735206
-20.97098833 74.68985993
-21.03829688 74.66986115
-21.03850359 74.65415152
-20.86156348 74.63596141
-20.61111365 74.72820384
-20.53173865 74.84289969
-20.41706865 74.97519135
-20.21423865 75.01924551
-19.98492449 74.97519135
-19.79971615 74.85171052
-19.53779416 74.62454092
-19.42733578 74.60092479
-19.28703427 74.54640616
-19.2251259 74.47948518
-19.24166236 74.40021353
-19.27158301 74.34264598
-19.31493954 74.30678254
-19.36914812 74.28404491
-19.4667649 74.26949799
-19.64623715 74.25794831
-20.04753048 74.28226207
-20.25643246 74.28283051
-20.23054257 74.20461823
-20.65315243 74.13733552
-21.12945411 74.11087718
-21.58053769 74.16345795
-21.95493344 74.24430573
-21.83204688 74.35727041
-21.76197364 74.48274079
-21.94291867 74.56573314
-21.98260617 74.56749014
-21.9201552 74.43922923
-21.97271013 74.39003327
-22.17719377 74.33016612
-22.32157772 74.30254507
-22.33431597 74.28637035
-22.26351925 74.27239187
-22.21734636 74.24549429
-22.19564226 74.20570344
-22.22003354 74.16555085
-22.29057187 74.12498485
-22.32896745 74.09095592
-22.33527198 74.06341238
-22.27057309 74.02990021
-22.1348191 73.9904711
-21.98772213 73.97098908
-21.29828101 73.96246247
-21.02219967 73.94127513
-20.36730425 73.84823172
-20.33797787 73.81968049
-20.44890133 73.65302399
-20.50964698 73.49287873
-20.63674516 73.46357819
-21.32590207 73.45665355
-21.54800737 73.43169383
-21.87287126 73.35810659
-22.18504859 73.26989492
-22.34689918 73.26922313
-22.98748023 73.34624685
-23.23320167 73.39769074
-23.76061133 73.54310822
-24.15774472 73.76443838
-24.33990414 73.67242849
-24.45126685 73.62852936
-24.56629859 73.60574006
-24.67727373 73.60217438
-24.78419227 73.6179357
-24.90545102 73.65276561
-25.10884945 73.7336909
-25.3514703 73.81363435
-25.52127906 73.85161652
-25.52773861 73.84081615
-25.42743466 73.79381643
-25.28051856 73.73958202
-24.9088875 73.58018606
-24.77830115 73.53990428
-24.7912461 73.51127554
-25.02590878 73.48579906
-25.31074927 73.4309962
-25.45006894 73.39066275
-25.66545631 73.29283926
-25.74018043 73.27764639
-26.06233131 73.25304841
-26.16852637 73.25901704
-26.40672889 73.31294139
-26.76549252 73.34818472
-26.9766941 73.37952648
-27.2703971 73.43629304
-27.16939551 73.37417796
-26.6036161 73.27950674
-26.54183692 73.24896597
-26.65764381 73.19212189
-26.72859555 73.17139964
-26.86331601 73.16700715
-27.06185686 73.17889273
-27.26489356 73.17646394
-27.47237444 73.15979829
-27.56161964 73.13848176
-27.53257748 73.11254019
-27.48314897 73.08892406
-27.41333411 73.06763337
-27.34804094 73.06784007
-27.18988522 73.13243561
-27.07004757 73.13703482
-26.75324521 73.12111848
-26.43285132 73.17147716
-26.2020127 73.19323294
-26.02876746 73.19878815
-25.39901262 73.27578604
-25.26829709 73.36195649
-25.05704383 73.39650218
-24.58720171 73.42296052
-24.13265581 73.40939545
-23.89897498 73.39831086
-23.7096067 73.31679129
-23.45577206 73.25906871
-23.24410539 73.19325878
-22.99605852 73.17158051
-22.85229468 73.08396312
-22.45017453 72.98608796
-22.19422116 72.96505565
-22.03629798 72.91844351
-22.02348223 72.72078116
-22.0067649 72.63546337
-22.07482276 72.39919872
-22.28021074 72.34478343
-22.23928301 72.22024323
-22.29320736 72.1195517
-22.49751014 72.15774059
-22.70682553 72.22391226
-23.20803524 72.32656749
-23.67436337 72.39258413
-23.85559262 72.45242544
-24.06906796 72.49875336
-24.35861101 72.68729483
-24.54720415 72.92172496
-24.62996396 73.03766104
-24.78855893 73.04412059
-24.99247413 73.01306306
-25.17055111 72.98024852
-25.2558689 72.92412792
-25.8608449 72.84687165
-26.08044389 72.79400666
-26.20578508 72.79555695
-26.65759213 72.71582022
-26.47656959 72.67765717
-26.39210446 72.67282543
-26.20945411 72.6943745
-26.09979672 72.72191804
-25.68796139 72.79733979
-25.35741309 72.81023306
-25.23749793 72.84278921
-24.98482602 72.88919465
-24.81331194 72.90149364
-24.78946326 72.88976309
-24.77104062 72.86862743
-24.64998857 72.58249502
-24.70068315 72.5063498
-24.83692807 72.4733544
-25.12802141 72.4191975
-25.20372738 72.39294587
-25.11784115 72.34695384
-24.84418861 72.39031037
-24.66686093 72.43733592
-24.57234473 72.42023102
-24.41718625 72.34824575
-24.24228736 72.31134878
-23.79771501 72.20070954
-23.58713355 72.13978303
-23.2908984 72.08102692
-22.9557509 71.99942984
-22.86849525 71.97064606
-22.56215736 71.92827139
-22.49686418 71.91380199
-22.37023109 71.76983145
-22.26450111 71.75381175
-21.95966183 71.74466503
-22.01332781 71.6888028
-22.31103573 71.56457266
-22.46497982 71.52488516
-22.50322038 71.50044221
-22.48859595 71.45667227
-22.47965593 71.38344676
-22.41759254 71.24867463
-22.34777768 71.37347321
-22.2990468 71.43233267
-22.23377947 71.44995433
-22.1695715 71.45253815
-21.96144467 71.50819367
-21.75225847 71.47832469
-21.69794654 71.3374289
-21.67120399 71.20593822
-21.68962663 71.0924051
-21.66657895 70.9158784
-21.67451128 70.85629548
-21.62513445 70.80461905
-21.5739231 70.59049775
-21.52268592 70.5262381
-21.62554786 70.46856721
-21.94351295 70.44345246
-22.06929338 70.4718745
-22.38413205 70.46239187
-22.38451962 70.51311229
-22.39986752 70.57129995
-22.40113359 70.61191763
-22.42211422 70.64865957
-22.43702287 70.86001618
-22.52608721 70.80782298
-22.53133236 70.76498322
-22.55502601 70.72141999
-22.609648 70.49332022
-22.69067664 70.43730296
-22.94259925 70.45079051
-23.19062029 70.44249645
-23.32782121 70.45099722
-23.79179806 70.55517691
-23.9713995 70.6494864
-24.13035621 70.79107982
-24.22848975 70.92337149
-24.26574846 71.0463614
-24.37700782 71.14640697
-24.56221615 71.22355988
-24.78101417 71.28608837
-25.03340186 71.33394074
-25.2549904 71.39569408
-25.44577979 71.47124502
-25.65584449 71.53002696
-25.88513282 71.57193655
-26.21144365 71.58994579
-26.68852047 71.5833312
-27.01067135 71.63056346
-27.08722999 71.62655854
-27.16231584 71.60221894
-27.10702206 71.5326883
-26.73722551 71.50080394
-26.45199744 71.49351756
-26.07408769 71.49803925
-25.84270647 71.48018505
-25.75780209 71.4399291
-25.69943356 71.36833141
-25.6675492 71.26531444
-25.74224748 71.18358816
-26.01411719 71.09281851
-26.15751929 71.0502888
-26.57599504 70.96869172
-26.71792436 70.95050161
-27.06733456 70.94492056
-27.33569027 70.95277538
-27.68874366 70.99347057
-27.88891232 71.00171296
-28.30312476 71.00716482
-28.39846778 70.99292796
-28.29154924 70.94931306
-28.11587521 70.92461172
-27.99216183 70.89520783
-27.97932024 70.83950064
-28.02386532 70.75676667
-28.06985735 70.69901826
-28.14564084 70.65568757
-28.41748471 70.57352204
-28.53006181 70.54758047
-29.03682675 70.46151337
-29.07207007 70.44495108
-28.95347266 70.44722484
-28.63313046 70.47776561
-28.54088803 70.47688711
-28.01502865 70.40226634
-27.59608782 70.40671052
-26.74727658 70.47554352
-26.67748756 70.47419994
-26.62178036 70.46339956
-26.56542721 70.43756135
-26.50842811 70.39663361
-26.57682187 70.3570753
-26.77066016 70.31888642
-27.0725022 70.28118846
-27.20324358 70.25571198
-27.32814551 70.21716136
-27.56081865 70.12445384
-27.62885067 70.02820649
-27.38416277 69.99159374
-27.27419532 70.0379475
-27.14448747 70.14083527
-27.02775041 70.20121918
-26.75213416 70.24217276
-26.41566891 70.22134715
-26.15571062 70.2455834
-25.62483863 70.34697256
-25.52990902 70.35317373
-24.74881975 70.29508942
-24.04100766 70.18119457
-23.66733537 70.13931082
-23.17323117 70.11458365
-22.28449988 70.12584911
-22.20659766 70.10791739
-22.23545895 70.06755809
-22.28705787 70.03337413
-22.43511085 69.9857543
-22.61494483 69.95423168
-22.72620419 69.94534333
-22.82092709 69.92286408
-23.03362729 69.90084992
-23.08824927 69.88296988
-23.01455868 69.80483511
-23.04954363 69.79274282
-23.23697405 69.79145091
-23.55253618 69.74054963
-23.81164181 69.74416698
-23.8657212 69.73672557
-23.81655107 69.717812
-23.76428036 69.68132844
-23.70896074 69.62722321
-23.73939816 69.58862092
-23.85559262 69.56557323
-23.94362342 69.55808015
-24.24750668 69.59037792
-24.29665097 69.58557201
-24.25228675 69.56236929
-24.22704281 69.52697093
-24.22091916 69.47927359
-24.29556576 69.4393277
-24.45108598 69.40708161
-24.74057736 69.31840485
-24.86661618 69.2930834
-25.13251726 69.27212861
-25.18856035 69.26052725
-25.08045325 69.19246939
-25.09241635 69.16518423
-25.27219866 69.09162283
-25.54401669 69.04570832
-25.58117204 69.02095531
-25.60633847 68.95444774
-25.62613054 68.92798941
-25.69801246 68.88990388
-25.95587785 68.81729849
-26.13860572 68.78117666
-26.22924618 68.75156607
-26.34143572 68.7021634
-26.48292579 68.67591177
-26.6537164 68.67286286
-26.81536028 68.6543627
-27.08113217 68.60180777
-27.26626299 68.58434113
-27.85121436 68.49349396
-28.12646888 68.47899873
-28.36456804 68.44652009
-28.85435727 68.35983287
-29.08767636 68.33195344
-29.24952694 68.29877717
-29.42620867 68.28932038
-29.71358131 68.31081778
-29.86850725 68.31159292
-29.96379859 68.29854462
-30.05113176 68.27190542
-30.19551571 68.19898998
-30.31811805 68.19333141
-30.72000566 68.25118317
-30.71186662 68.22495738
-30.60567156 68.16235139
-30.61073585 68.11790965
-30.84973935 68.07284781
-30.97856869 68.06132396
-31.16847958 68.07984996
-31.41947201 68.12847748
-31.74201046 68.22999584
-32.13725766 68.38492178
-32.32742693 68.43732168
-32.31365516 68.38760895
-32.26962684 68.33903311
-32.19523861 68.29167166
-32.18012326 68.25728099
-32.22422909 68.2359903
-32.28236508 68.2252416
-32.35458289 68.22508657
-32.36685605 68.21304597
-32.24893043 68.13912283
-32.15593869 68.06318431
-32.16456865 67.99109569
-32.27482032 67.92283112
-32.36954322 67.88278189
-32.44871151 67.87094798
-32.91801103 67.70069998
-33.04872657 67.67925426
-33.10815447 67.65822195
-33.15698869 67.62672517
-33.29359534 67.48575186
-33.34886329 67.44270539
-33.45849484 67.38673981
-33.50446103 67.37702464
-33.517561 67.35418366
-33.49774309 67.31816519
-33.5279738 67.25816885
-33.60817563 67.17422049
-33.88136308 66.94227082
-34.10163388 66.72592744
-34.19826881 66.65507905
-34.26891049 66.6250292
-34.3136106 66.6357779
-34.42285458 66.63019685
-34.4758746 66.59213715
-34.52393368 66.52332998
-34.57625607 66.4708784
-34.63284176 66.43478242
-35.07467526 66.27915884
-35.18859595 66.25027171
-35.29086361 66.26856517
-35.41173479 66.26153718
-35.66205543 66.34375438
-35.70548947 66.37398509
-35.8672367 66.44142284
-35.86186235 66.40623119
-35.83470639 66.38685253
-35.81209795 66.35837881
-35.75551225 66.3235489
-35.63006771 66.13994253
-35.7293123 66.10227041
-35.81791155 66.05922394
-36.04417681 65.98661856
-36.28873552 65.86486888
-36.37916928 65.83081411
-36.39924557 65.93008454
-36.3889878 65.95969514
-36.52724809 66.00770254
-36.52275224 65.97313101
-36.53701494 65.94088491
-36.63726722 65.81231395
-36.66517249 65.79006725
-36.71449765 65.79505402
-36.82216549 65.77136038
-36.93241716 65.78254833
-37.02589983 65.84112356
-37.0627968 65.87143179
-37.23319984 65.78810354
-37.31598548 65.79024811
-37.32983476 65.72017487
-37.41008826 65.65635448
-37.51607663 65.62870759
-37.66376787 65.630878
-37.75422746 65.59305085
-37.9547837 65.63361685
-38.00126665 65.70963288
-37.8422841 65.81381257
-37.79735145 65.85678152
-37.82652279 65.90967235
-37.78784298 65.97798859
-37.48447649 66.19464204
-37.27870093 66.30437694
-37.29068987 66.32391063
-37.56989763 66.34783682
-37.81391374 66.38550894
-38.05167701 66.39842805
-38.15663184 66.38561229
-37.98914853 66.3226704
-37.75234127 66.26153718
-37.86889747 66.20314281
-37.96943397 66.14113109
-38.07345862 65.97256257
-38.13996619 65.90352285
-38.39811581 65.98284618
-38.52035641 66.00966625
-38.4426609 65.92166128
-38.21634396 65.8383072
-38.20187456 65.81086701
-38.20337318 65.71172578
-38.63673174 65.62436677
-39.08897803 65.6111376
-39.41340268 65.58628124
-39.96091448 65.55620555
-40.17356299 65.55615388
-40.19154639 65.52251252
-39.65597185 65.36887849
-39.57794044 65.34076651
-39.6525612 65.28784984
-39.76320045 65.25493195
-39.93727251 65.14160554
-40.02801632 65.10253815
-40.25311886 65.04889802
-40.66758969 65.10873933
-40.88054827 65.08197093
-41.08443763 65.10083283
-41.08870093 65.03535879
-41.02774858 64.98755809
-40.96602108 64.86885733
-40.82928524 64.87805573
-40.6554974 64.91531444
-40.521087 64.82547496
-40.43269446 64.67321035
-40.27838864 64.59595409
-40.20983985 64.53626781
-40.18224464 64.4799405
-40.27846615 64.42381989
-40.47765296 64.34444489
-40.69851803 64.32971711
-40.68645159 64.26693024
-40.78174293 64.22176504
-40.98454709 64.23499421
-41.07939918 64.26651683
-41.17771359 64.28145132
-41.5810223 64.29832368
-41.17497474 64.17740082
-41.03056495 64.12104768
-40.96633114 64.15443065
-40.82569373 64.16254385
-40.61777361 64.13171886
-40.65234514 63.92772614
-40.56126543 63.76236156
-40.55041338 63.72525788
-40.77153683 63.62619416
-40.77518002 63.53364167
-40.90685157 63.50785513
-41.04872921 63.51379792
-41.05617062 63.41225373
-41.15226295 63.3489501
-41.13520972 63.3092626
-41.10771786 63.27376089
-41.19546444 63.20921703
-41.27471025 63.13066885
-41.38790748 63.06188752
-41.44787798 63.06896719
-41.62791867 63.06452302
-41.84446876 63.0702591
-42.01972938 63.15960765
-42.09241228 63.18937328
-42.17452613 63.20880362
-42.14295183 63.15133942
-42.09398841 63.11676789
-41.93226702 63.05222403
-41.63448157 62.97243561
-41.64360246 62.91584992
-41.72323585 62.89125194
-41.90896094 62.73710114
-41.97490007 62.73379385
-42.05825416 62.694003
-42.31560279 62.70733552
-42.42370989 62.72314851
-42.74113237 62.71301992
-42.84908444 62.7266625
-42.94166277 62.72022879
-42.85525977 62.67669139
-42.67369463 62.63752066
-42.46714393 62.59819489
-42.15297706 62.56848094
-42.16434587 62.51220531
-42.24315243 62.46605825
-42.19796139 62.39712189
-42.23307553 62.34771922
-42.24816505 62.28906647
-42.3214939 62.15274405
-42.23612444 62.05918386
-42.14305518 62.01352774
-42.15385556 61.95342805
-42.11018897 61.85720653
-42.2496895 61.77137198
-42.36541887 61.77460175
-42.53042172 61.7553006
-42.58530209 61.71747346
-42.32363848 61.6817392
-42.34735796 61.61742788
-42.41872311 61.53701935
-42.49375729 61.3628181
-42.6460219 61.06412832
-42.71705115 60.7675056
-43.04408546 60.52369619
-43.15994402 60.51692658
-43.18906369 60.50726309
-43.34835629 60.51976879
-43.59831519 60.57604442
-43.79199846 60.59459626
-43.92268816 60.59537141
-43.93953467 60.56736278
-43.8311692 60.52199087
-43.66549455 60.50299978
-43.5330737 60.47300161
-43.29564633 60.44499299
-43.21301571 60.39068106
-43.1564817 60.33285513
-43.16482744 60.30102245
-43.16531837 60.26342784
-43.12291785 60.06121796
-43.23479733 59.99132559
-43.32014096 59.92812531
-43.61686703 59.93691031
-43.66849179 59.95892447
-43.9550376 60.02548371
-43.93741594 59.99421947
-43.73011593 59.90375987
-43.65792396 59.85862051
-43.70618974 59.84931875
-43.78982805 59.84593395
-43.90656511 59.81547069
-44.1169657 59.83195547
-44.10541602 59.87774079
-44.06547014 59.92481802
-44.1617175 59.91678234
-44.26897193 59.89293366
-44.33126787 59.90171866
-44.38359026 59.89908316
-44.41294247 59.92262177
-44.45345679 60.01455414
-44.40493262 60.06077871
-44.23132565 60.18025463
-44.17610938 60.24438508
-44.22434933 60.27353059
-44.34832109 60.20480093
-44.47634945 60.09553111
-44.53314185 60.02951447
-44.613292 60.01664704
-44.81219459 60.04992666
-45.37926592 60.20294058
-45.36234188 60.29595816
-45.36776791 60.3729302
-45.20250668 60.38269705
-45.08228146 60.41623505
-44.97469113 60.4572403
-44.85353573 60.53191275
-44.7424314 60.65526439
-44.75674577 60.66461782
-45.08269487 60.50715974
-45.28330278 60.45455313
-45.38050615 60.44494131
-45.42884945 60.46824738
-45.59028663 60.51883861
-45.69518979 60.54183462
-45.93432248 60.57945506
-45.97651628 60.59971223
-46.04661536 60.61573192
-46.14195838 60.7764973
-46.01865841 60.97178254
-45.93375404 61.02841991
-45.87985552 61.09415233
-45.8494181 61.18117544
-45.87021786 61.21830496
-45.94225481 61.20554088
-45.97568946 61.17580109
-45.97041846 61.12918895
-46.01173377 61.0968395
-46.29670346 61.02237377
-46.58239661 60.96206737
-46.71778887 60.90491324
-46.8056388 60.86031647
-46.87444597 60.81639151
-46.97971086 60.82034475
-47.12486996 60.81135305
-47.22442461 60.7828535
-47.3697129 60.80032014
-47.4646425 60.84264313
-47.57905412 60.84747488
-47.70747006 60.82708853
-47.79625017 60.82887136
-47.78886044 60.80016511
-47.72992347 60.72949759
-47.82790198 60.72476919
-48.01396298 60.72197866
-48.10749732 60.74244253
-48.18082618 60.7692626
-48.24193356 60.80683137
-48.20519162 60.85592398
-47.90595924 60.94573762
-47.7703086 60.99777578
-47.85877865 61.01565583
-48.14615129 60.99948111
-48.19395199 61.01291698
-48.3864467 61.0047521
-48.3781268 61.13849071
-48.42494564 61.17169282
-48.42817542 61.18737661
-48.49483802 61.224687
-48.55788327 61.23398876
-48.59715736 61.24742463
-48.92207292 61.27744864
-48.96449927 61.35201773
-48.98721107 61.42870555
-49.04919695 61.52389354
-49.20474301 61.54869823
-49.28905311 61.58996186
-49.22226132 61.63210399
-49.19311581 61.68564077
-49.26520443 61.71008373
-49.3112223 61.74780752
-49.30450436 61.77230215
-49.36287289 61.8385255
-49.38028785 61.89017609
-49.31347022 61.93862275
-49.1297605 61.9934256
-49.07053931 62.01549144
-49.03966265 62.03936595
-48.82869361 62.07967357
-49.00814002 62.10819896
-49.12045875 62.11259146
-49.20228838 62.09931061
-49.27791684 62.04577383
-49.34855852 62.01022045
-49.6237872 61.99859325
-49.66427568 62.01696422
-49.68337012 62.09259268
-49.66771216 62.15088369
-49.55345557 62.23273916
-49.68528215 62.27335684
-49.80604997 62.28653433
-49.94335425 62.32446483
-50.07019406 62.36451407
-50.17915382 62.41112621
-50.28521969 62.46621328
-50.31922279 62.4731896
-50.28090471 62.53075715
-50.2593298 62.57809276
-50.25599667 62.67979198
-50.29873308 62.72198579
-50.2037518 62.80877635
-50.07600766 62.90375764
-49.79310503 63.04462759
-50.09223406 62.97677643
-50.33834306 62.82877513
-50.39009701 62.82200552
-50.4082096 62.84882559
-50.50158891 62.94494375
-50.57202389 62.9711437
-50.60352068 63.00003083
-50.74351213 63.05129385
-50.80428362 63.09077464
-50.89047991 63.16694571
-51.01310808 63.25758617
-51.18756772 63.4364383
-51.46886837 63.64226553
-51.53819231 63.75802074
-51.45106584 63.90478181
-51.54749407 64.00611929
-51.28006853 64.05298981
-50.89758542 64.10554475
-50.69938046 64.14928885
-50.58502051 64.16233714
-50.3418829 64.17034699
-50.26069923 64.21427196
-50.39596229 64.20316153
-50.48662859 64.20889761
-50.49231299 64.22936148
-50.45872331 64.26584504
-50.43707089 64.31281892
-50.48337297 64.30434398
-50.72103288 64.22331533
-51.07230343 64.15902985
-51.34665361 64.12311473
-51.39109534 64.12497508
-51.48713599 64.10327098
-51.54227475 64.09701813
-51.5849078 64.10319347
-51.68200782 64.16476594
-51.70784604 64.20507355
-51.53379981 64.31421418
-51.40375607 64.46319733
-51.23151852 64.56060741
-51.10989804 64.57280305
-50.90652544 64.56758373
-50.83492774 64.55900544
-50.85771705 64.61677969
-50.84921627 64.64468496
-50.68434262 64.67819713
-50.49210629 64.69315746
-50.35511207 64.68256379
-50.26891578 64.61476431
-50.15822486 64.48955231
-50.00900916 64.44728099
-50.01554623 64.50743236
-50.09295753 64.58489533
-50.12163795 64.70375113
-50.21992652 64.75387727
-50.29886227 64.77855276
-50.51701433 64.76648631
-50.64816911 64.85330272
-50.67788306 64.88518708
-50.68129371 64.92756175
-50.81216427 65.05184357
-50.85425473 65.11398448
-50.92375953 65.19674429
-50.9606565 65.20113679
-50.91370846 65.09698294
-50.8523427 65.02367992
-50.7648545 64.8625528
-50.72157549 64.79762137
-50.78017656 64.7461258
-50.89104835 64.69522451
-50.98907854 64.66483877
-51.22061479 64.6284844
-51.17085039 64.70778189
-51.13894019 64.78573579
-51.25536719 64.75811473
-51.36362932 64.70155488
-51.4009397 64.62308421
-51.47044451 64.55182241
-51.67676266 64.37705272
-51.75807553 64.2799527
-51.83497006 64.23199698
-51.92261329 64.21876781
-51.998681 64.25680166
-52.06317318 64.34609854
-52.0934039 64.4159134
-52.09702125 64.59709097
-52.08888221 64.68153026
-52.12404802 64.79542512
-52.23543657 65.06052521
-52.25902686 65.15493806
-52.44759416 65.20511587
-52.45035885 65.22134227
-52.49968401 65.27503408
-52.53771786 65.32882925
-52.50622108 65.3484663
-52.46144345 65.36267731
-52.17960019 65.44194896
-51.97072405 65.53072907
-51.7210752 65.66991954
-51.61916928 65.71319855
-51.2529384 65.74647818
-51.09036435 65.7510257
-51.09191464 65.77577871
-51.14640744 65.78562307
-51.39380836 65.77913768
-51.72345232 65.72348216
-51.77988298 65.70343171
-51.92413774 65.61682201
-52.03537126 65.5694864
-52.34822038 65.46132762
-52.55125709 65.4613793
-52.76090837 65.59080292
-52.99495093 65.56602407
-53.15292579 65.57455069
-53.19896949 65.5940327
-53.23374773 65.77084361
-53.10636532 65.97713593
-53.24372128 65.9790738
-53.27222083 65.9873937
-53.34469703 66.03436758
-53.39203264 66.04832022
-53.35694434 66.07327993
-53.01789527 66.17089671
-52.51089779 66.36240957
-52.29264238 66.43765046
-52.15792192 66.47010326
-52.05609351 66.50731029
-51.93217343 66.58789969
-51.89119402 66.62316885
-51.82210263 66.65153921
-51.67634925 66.6835786
-51.51710832 66.73205109
-51.25857113 66.84119172
-51.22498145 66.88155101
-51.28105038 66.89098196
-51.40197323 66.85374909
-51.64769467 66.75401358
-51.82305864 66.69786713
-52.42123918 66.44669383
-52.67584897 66.35522655
-52.81444516 66.29688386
-52.92193214 66.24112499
-53.03577532 66.20143749
-53.15605221 66.177718
-53.41275489 66.15994131
-53.53876787 66.13937409
-53.61468055 66.15448945
-53.64808936 66.27352611
-53.62261288 66.3440386
-53.63470517 66.41367259
-53.57072974 66.51330476
-53.47569678 66.58381725
-53.43577674 66.622187
-53.41874936 66.64854198
-53.22268897 66.72145742
-53.11463355 66.75380687
-53.03828162 66.82682567
-52.60311439 66.85271556
-52.49105404 66.85013174
-52.43141944 66.85989859
-52.38684852 66.8811376
-52.42973996 66.89754487
-52.56011959 66.90909455
-52.90668759 66.90687246
-53.22692644 66.91937816
-53.37309323 66.93193553
-53.44360572 66.92464916
-53.56000688 66.94593985
-53.68715674 66.98645417
-53.88440569 67.13554068
-53.80549577 67.32689851
-53.79857113 67.41818492
-53.5479146 67.49818004
-53.41384009 67.52471589
-53.22359331 67.58497061
-52.96955197 67.68723827
-52.66644385 67.74971507
-52.511983 67.7612906
-52.38356706 67.75235057
-51.90907406 67.66372549
-51.66505795 67.64636221
-51.45060076 67.66770458
-51.18141822 67.63651785
-50.70534909 67.5089029
-50.61346839 67.52791983
-50.64010759 67.55882233
-51.17105709 67.69359447
-51.16795651 67.73385041
-51.03207333 67.7443924
-50.88699175 67.7835373
-50.96887305 67.8066625
-51.32146135 67.78656037
-51.42323808 67.75446931
-51.76523271 67.73782949
-51.94387814 67.76516633
-52.10420427 67.77870555
-52.34480974 67.83689322
-52.54621863 67.81792796
-52.67326514 67.79495779
-52.89836768 67.77322785
-52.97960303 67.7577766
-53.41880103 67.57458365
-53.60359595 67.53649811
-53.73521583 67.54900381
-53.64281837 67.66827302
-53.616205 67.71535025
-53.61636003 67.76661327
-53.57799028 67.8368157
-53.35291358 67.97052847
-53.21137183 68.1169278
-53.1515822 68.20777497
-53.0409688 68.21790355
-52.88984107 68.20454519
-52.43607032 68.1456599
-52.0585223 68.0754833
-51.77998633 68.05672476
-51.5968709 68.05476105
-51.5183744 68.07713695
-51.45649187 68.11607514
-51.43266903 68.1430244
-51.41468563 68.19821483
-51.393705 68.21774852
-51.33252011 68.24182974
-51.20728227 68.32554556
-51.16911923 68.385206
-51.21017615 68.41990672
-51.29342689 68.41634105
-51.4561043 68.39350007
-51.4780151 68.3839916
-51.47504371 68.36538809
-51.63239844 68.27306814
-51.80401588 68.25180329
-52.19856544 68.22079743
-52.37850277 68.21862702
-52.69837989 68.26151846
-52.74680071 68.27836498
-52.78002865 68.3098876
-53.17251116 68.30275625
-53.28981666 68.29324779
-53.38317013 68.2973819
-53.33738481 68.35215892
-53.2133097 68.41298208
-53.03944434 68.61090282
-52.89382016 68.66154572
-52.604613 68.7087263
-52.3027968 68.70112987
-51.78065813 68.54819347
-51.62314836 68.53483511
-51.4786869 68.54718578
-51.13330746 68.5984488
-51.06995216 68.61917105
-50.94569617 68.68268138
-50.80064043 68.79125357
-50.8077201 68.81698843
-51.03021298 68.75629446
-51.14888791 68.73993887
-51.24939857 68.73993887
-51.15604509 68.93842805
-51.11971656 69.09051179
-51.08483497 69.12826142
-50.79226885 69.11686677
-50.392655 69.13738231
-50.29738949 69.17061026
-50.29888811 69.18533804
-50.45936927 69.20551769
-50.5365997 69.24786652
-50.67103594 69.23448233
-50.85105079 69.20626699
-51.07692847 69.20947093
-51.05780819 69.27478994
-50.8922369 69.41178417
-50.87518368 69.4742093
-50.81058814 69.59900788
-50.80407691 69.66303498
-50.72025774 69.72533092
-50.45908505 69.76972097
-50.34947934 69.79625682
-50.34343319 69.8252473
-50.49998695 69.93578319
-50.46027361 69.96632396
-50.3374904 69.99412588
-50.29170508 70.01443472
-50.32296933 70.02717296
-50.43608904 70.03934276
-50.60985104 70.01495148
-50.80231991 70.00322093
-50.97272295 70.03988536
-51.10571225 70.05742951
-51.18994483 70.05190013
-51.41884559 69.98921662
-51.49907325 69.98714956
-51.59808529 70.00456452
-52.25463437 70.05892813
-52.33602475 70.07810008
-52.57125587 70.17209951
-52.76506833 70.23413707
-53.02303708 70.30188487
-53.35751278 70.35332876
-53.76852129 70.38852041
-54.01442359 70.42167084
-54.13563066 70.46838634
-54.34329241 70.5711966
-54.50116391 70.65687613
-54.5307745 70.6992508
-54.43801531 70.75159903
-54.34355079 70.78921947
-54.16583554 70.82012198
-53.85916175 70.80989004
-53.69444312 70.79609243
-53.51305884 70.76658519
-53.37601295 70.76105581
-53.09132748 70.76937572
-52.8019653 70.7505655
-52.63042538 70.72992076
-52.40521949 70.6867451
-51.78381039 70.50324209
-51.52444638 70.43947338
-51.4116884 70.43177359
-50.94685889 70.36361237
-50.87239315 70.36490428
-50.68212053 70.39689199
-50.66325863 70.41756257
-50.72754411 70.43797476
-50.93267371 70.45383942
-51.17333086 70.52908031
-51.32285661 70.58876659
-51.339884 70.68754609
-51.32042782 70.74286571
-51.28283322 70.76803213
-51.25660743 70.85270397
-51.39608212 70.90301097
-51.49354387 70.91887564
-51.75267534 70.99225617
-51.77432777 71.01044628
-51.65012346 71.01902456
-51.52842546 71.01401195
-51.26709774 70.97685659
-51.13010352 70.97174063
-51.03041968 70.98626171
-51.01892168 71.00129955
-51.17780087 71.04344168
-51.37665178 71.11901846
-51.79192359 71.13012889
-52.06136451 71.12165396
-52.23360206 71.14754385
-52.41687252 71.18971182
-52.5345656 71.20046052
-52.77501604 71.17400218
-52.8966882 71.17069489
-53.00758582 71.17999665
-53.11703651 71.31290843
-53.08786516 71.35275096
-53.00210812 71.36995921
-52.93730587 71.41285065
-52.89183061 71.45767996
-52.7494362 71.50152741
-51.96726173 71.59914419
-51.76990943 71.67174958
-51.77859107 71.68291169
-51.9117354 71.66942414
-52.08190589 71.63671296
-52.19577491 71.62999502
-52.65628944 71.67226634
-52.728068 71.66265453
-52.91456824 71.60188304
-53.16752438 71.53594392
-53.28408057 71.539923
-53.44009172 71.57899038
-53.46484473 71.6067923
-53.47603268 71.64017528
-53.30475115 71.68590892
-53.24971575 71.71014517
-53.13889564 71.7752058
-53.14452837 71.80740021
-53.33366411 71.78975271
-53.35833961 71.81964753
-53.35526486 71.87091055
-53.37363583 71.93576447
-53.42009294 71.9997399
-53.57540646 72.09802847
-53.63979529 72.12332408
-53.69289283 72.15967845
-53.80988827 72.29259024
-53.77598853 72.32581818
-53.67201555 72.35103628
-53.6521718 72.36266348
-53.90052873 72.34173452
-53.92773638 72.31881603
-53.88089169 72.28496796
-53.84745704 72.2398286
-53.82750994 72.18344961
-53.79288673 72.13409862
-53.70291806 72.08001923
-53.63098446 72.05151968
-53.51365312 71.9762788
-53.46251929 71.89354483
-53.47758297 71.84995576
-53.56863685 71.8055657
-53.71542375 71.75768749
-53.75989132 71.71799999
-53.77965756 71.67851919
-53.89409502 71.64200979
-53.96434913 71.65567821
-54.01990129 71.65784862
-53.95427222 71.59268464
-53.91205258 71.52591869
-53.96300554 71.45899771
-54.09891456 71.41848338
-54.1727085 71.41729483
-54.31773841 71.38445445
-54.68903358 71.3672462
-54.81830217 71.37528189
-55.05539364 71.40861319
-55.33641008 71.42675161
-55.44790198 71.47176179
-55.5940171 71.5535139
-55.66781104 71.62673941
-55.6693355 71.69148998
-55.62980303 71.73864472
-55.54923947 71.76828116
-55.45242367 71.95767528
-55.31558448 72.1106892
-54.97090268 72.26840567
-54.8726141 72.32545645
-54.84010963 72.35610057
-54.84060055 72.37940664
-54.89633358 72.39421194
-55.32013201 72.19957266
-55.58143389 72.17885041
-55.65949114 72.22262035
-55.63582333 72.30041922
-55.5892887 72.31850597
-55.37793209 72.31114208
-55.29571489 72.35439525
-55.42798072 72.41986929
-55.56874732 72.43702587
-55.60171688 72.45348481
-55.45679033 72.50324921
-55.12184953 72.49960602
-55.04624691 72.53443594
-54.92493649 72.57195303
-54.7903969 72.64161286
-54.74001238 72.70021394
-54.72869524 72.7504951
-54.75773739 72.7910611
-54.76083798 72.83173046
-54.73794532 72.87250316
-54.77308529 72.91756501
-54.86623206 72.96686433
-55.07309282 73.01513011
-55.1339935 72.96063732
-55.19843401 72.93823558
-55.28891944 72.93322297
-55.37240272 72.9561673
-55.45950334 72.96438386
-55.54513119 72.9848994
-55.63401466 72.99141063
-55.66856035 73.00789541
-55.69083289 73.05409414
-55.69277076 73.11285025
-55.59231177 73.14029043
-55.45232032 73.16189118
-55.35870846 73.20292227
-55.29716183 73.26229849
-55.28827348 73.32710074
-55.33204342 73.39738068
-55.44573157 73.46050345
-55.65620968 73.39908601
-55.73886614 73.38399649
-55.75793474 73.42794729
-55.78705441 73.46050345
-55.8755503 73.50466096
-55.9919773 73.5368037
-56.10406348 73.5581719
-56.10915361 73.59075389
-56.0826436 73.62749584
-56.03300839 73.67030976
-55.96841285 73.7595808
-55.89733192 73.75159679
-55.83829159 73.75973583
-55.87239804 73.83342642
-55.9295005 73.89538646
-55.99655067 73.93062979
-55.99892778 73.94592601
-56.01445655 73.96385773
-56.0662105 74.00726594
-56.12424313 74.03904694
-56.22539975 74.12911896
-56.29847022 74.16343212
-56.39221127 74.18120881
-56.49313534 74.18219066
-56.65519263 74.15852285
-56.95429582 74.13118602
-57.19112891 74.11821524
-57.23055803 74.12529491
-57.11211565 74.15945303
-56.93750098 74.19505809
-56.7063523 74.21919099
-56.63896623 74.27838634
-56.66390011 74.32957185
-56.65431413 74.37814769
-56.71769528 74.42925568
-56.65601946 74.45757437
-56.44554135 74.48609976
-56.35030168 74.49049226
-56.25544959 74.52682079
-56.52204831 74.61430899
-56.80133358 74.67166983
-56.87114844 74.6949759
-56.93256588 74.73334565
-56.98553423 74.78675324
-57.071653 74.84021251
-57.19087053 74.89377513
-57.36478756 74.94545157
-57.81318397 75.03996776
-57.96710222 75.10515758
-58.10882484 75.20491893
-58.17967322 75.24744864
-58.25331214 75.27897126
-58.56551531 75.35273937
-58.60347165 75.38529552
-58.28119158 75.47208609
-58.24966895 75.5067093
-58.38131466 75.61202587
-58.51621599 75.68907543
-58.66308041 75.71641226
-58.88146501 75.73046825
-59.08160784 75.76467805
-59.26361223 75.81888662
-59.44530657 75.85857412
-59.71743466 75.89629792
-60.17278154 75.99329458
-60.87462501 76.09719005
-61.18824927 76.15788402
-61.37482703 76.18000153
-61.62085853 76.18563426
-62.09666928 76.24232331
-62.49617978 76.26046174
-62.74288306 76.25214183
-62.82344662 76.26154694
-63.00581275 76.31908865
-63.2912992 76.35205821
-63.43886125 76.339475
-63.62200253 76.2778767
-63.84307431 76.21715689
-63.96037981 76.20894033
-64.13520118 76.2644925
-64.22320614 76.3033015
-64.3072837 76.31650483
-64.38733049 76.30402497
-64.54341916 76.25307201
-64.69206641 76.21625255
-64.91194963 76.17250845
-65.0876495 76.15152782
-65.31321713 76.14641185
-65.36990618 76.13054719
-65.45677426 76.12982372
-65.57371802 76.14424144
-65.6832979 76.17271516
-65.78546221 76.21534821
-65.87571509 76.23831839
-65.95405657 76.24167735
-66.13404558 76.21963736
-66.36178362 76.15478343
-66.4657566 76.13917715
-66.5532448 76.14594676
-66.65995663 76.16615225
-66.87405209 76.21788036
-66.99259783 76.21291942
-67.07869076 76.19483267
-67.05479041 76.15183788
-66.85392412 76.04998363
-66.67481361 75.97737824
-66.82619971 75.96879995
-68.14870297 76.06703685
-68.31727149 76.09075633
-68.56061581 76.15018423
-68.76305823 76.18664195
-69.10755917 76.28087393
-69.37289181 76.33187857
-69.46087094 76.37174693
-69.48407366 76.39918712
-69.3996602 76.43626496
-68.86499 76.5613736
-68.66071306 76.58661754
-68.24538957 76.61677074
-68.14720435 76.63563264
-68.11428647 76.65064464
-68.22337541 76.67769725
-68.76739905 76.66803376
-69.25207231 76.68612051
-69.67382952 76.73588491
-69.74721005 76.7523697
-69.81862688 76.78278128
-69.88808 76.82706798
-69.87221534 76.87659984
-69.77103288 76.93142853
-69.71173418 76.96904898
-69.69426754 76.98943533
-70.22446774 76.85458568
-70.44132789 76.80735342
-70.61315203 76.82182282
-70.73366147 76.84419872
-70.79283098 76.86908092
-70.79063473 76.89649527
-70.77123023 76.91649405
-70.73464332 76.92899974
-71.01506548 76.98486197
-71.14144019 77.02868358
-71.15487606 77.07390046
-71.05545061 77.1205126
-70.95809221 77.15436066
-70.86285255 77.17544465
-70.60369524 77.19384146
-69.65656959 77.22898143
-68.97831641 77.1952884
-68.74747779 77.30693533
-68.59159583 77.34251455
-68.13552548 77.37956656
-67.43375953 77.38468252
-66.93797584 77.36421866
-66.70576779 77.3380187
-66.38943051 77.28029613
-66.37129208 77.29768525
-66.44766985 77.34980093
-66.45307003 77.3930541
-66.32527422 77.46819164
-66.2664406 77.51537222
-66.30643816 77.56451651
-66.44534441 77.61565034
-66.69119503 77.68120189
-66.82356422 77.68662792
-66.97066118 77.6708666
-67.14736874 77.63453807
-67.51465898 77.5429416
-67.68805925 77.52376964
-67.97734392 77.51888622
-68.13728248 77.53046174
-68.29189836 77.54420767
-68.53351152 77.59278352
-68.62151649 77.60187857
-68.72822832 77.58058788
-68.85367286 77.52885977
-68.97454403 77.49263459
-69.09089352 77.47191234
-69.19964657 77.46292064
-69.35139442 77.46715811
-69.97675676 77.54766999
-70.11816932 77.58348176
-70.12636003 77.63779369
-70.31831214 77.6904003
-70.53540483 77.69954702
-70.56191484 77.71716869
-70.28660865 77.79824901
-70.08150489 77.83139944
-70.11442278 77.84137299
-70.41238909 77.84310415
-70.6135396 77.80000601
-70.72872637 77.79271963
-70.99359392 77.79153107
-71.27161313 77.81313182
-71.3898488 77.8320454
-71.51237362 77.87540192
-71.64991045 77.8997932
-72.06492388 77.93679352
-72.15853573 77.95694733
-72.24729001 77.99043366
-72.58631324 78.08520824
-72.79152035 78.15486807
-72.81808204 78.19434886
-72.58130063 78.27909821
-72.57096534 78.29873526
-72.67245785 78.33532217
-72.71478085 78.36229727
-72.67971839 78.39955598
-72.47252174 78.48203156
-72.39557553 78.50435578
-72.02368608 78.5527766
-71.65130571 78.6231599
-71.51562924 78.63897289
-71.39475806 78.64264191
-70.90576982 78.63845612
-70.75407366 78.6558194
-70.62539934 78.69013255
-70.41419776 78.72488496
-69.97355282 78.77767243
-68.99348345 78.85740917
-68.92963721 78.86681428
-68.92395281 78.88192963
-69.01195777 78.92303824
-69.03050961 78.94288199
-68.82985002 78.97972728
-68.37706112 79.03786327
-68.06751929 79.06582022
-67.86833249 79.06788727
-67.70774797 79.08036713
-67.48223202 79.11687653
-67.35453956 79.12333609
-66.58373389 79.1376763
-66.24274696 79.11780671
-66.07534115 79.11822012
-65.96785417 79.13237946
-65.82553728 79.17372061
-65.55976539 79.27645336
-65.41987729 79.34024791
-65.28779232 79.43732209
-65.11695004 79.58899242
-64.98923174 79.73694204
-64.90463742 79.88127432
-64.83898251 79.96917593
-64.79226702 80.00064688
-64.63240597 80.04056692
-64.46572364 80.07170197
-64.17915198 80.09924551
-64.20530026 80.11211294
-64.32679155 80.13361034
-64.43991126 80.14185273
-64.54460771 80.13691763
-64.73526791 80.10446483
-64.98222958 80.08245067
-65.22211158 80.08591299
-65.39489173 80.07774811
-65.55340919 80.04798249
-65.81044776 80.0240563
-65.98191016 80.02948233
-66.29147783 80.07227041
-66.44769569 80.08028026
-66.84366635 80.07619782
-66.95949907 80.09206249
-67.06065569 80.12312002
-67.14129676 80.16647655
-67.20144813 80.22218374
-67.19315406 80.28006135
-67.05063046 80.38452526
-66.99590512 80.41299897
-66.61008887 80.52960684
-66.37229977 80.58417715
-66.13569923 80.62500153
-65.96330665 80.6489794
-65.80099097 80.6597281
-65.64518653 80.68504955
-65.35820146 80.76651744
-65.06217302 80.83630646
-64.69379757 80.96601431
-64.51553972 81.0000174
-63.8915468 81.05644807
-63.72199643 81.05732657
-63.57802589 81.04327058
-63.4417293 81.01386669
-63.05860023 80.88560578
-63.02865373 80.88953319
-63.09547136 80.93810904
-63.23520443 81.08337149
-63.21251848 81.14313528
-62.99325538 81.20698151
-62.90336422 81.21835033
-62.67193132 81.21411286
-62.29887916 81.19437246
-62.04938534 81.17277172
-61.86035295 81.13758006
-61.63561215 81.11572093
-61.51910763 81.11680614
-61.43598609 81.13360098
-61.31697527 81.18848135
-61.16204932 81.28149893
-61.09998593 81.39611726
-61.13073341 81.53233633
-61.17595028 81.63186514
-61.23568824 81.69460033
-61.20292538 81.74687104
-61.01505571 81.80958039
-60.842844 81.85539155
-60.4323781 81.92014212
-60.09945268 81.93737621
-59.90191952 81.93300955
-59.64229713 81.90264964
-59.28193153 81.88402029
-58.95678341 81.82518667
-58.42978716 81.6900528
-58.07993771 81.62222748
-57.79031715 81.59176423
-57.50485653 81.53988109
-57.08286679 81.42991364
-56.86205339 81.38273306
-56.7306919 81.36562816
-56.6151434 81.36291515
-56.65813819 81.39430858
-56.85967628 81.45993765
-57.16839128 81.5321813
-57.85305233 81.6619925
-58.23008358 81.75366649
-58.56820248 81.85820791
-58.81676612 81.92042634
-59.26800473 81.98207632
-59.26180355 82.00662263
-58.7173665 82.0930773
-57.71688494 82.16831818
-56.5893827 82.22712596
-56.21196387 82.2211315
-55.54867103 82.24572948
-55.48622006 82.28288483
-55.34361894 82.29957632
-54.72590471 82.35135611
-54.54886125 82.35063264
-54.27704322 82.32608633
-53.9873193 82.27926748
-53.8532448 82.23686697
-53.67134376 82.16408072
-53.58204688 82.06158051
-53.59553443 81.73806021
-53.59075436 81.67687531
-53.5556919 81.65325918
-53.43011817 81.68839916
-53.27999813 81.75361481
-53.14501929 81.79976187
-53.04120134 81.87097199
-52.96851844 81.96714183
-52.92554949 82.03840363
-53.10194699 82.11894135
-53.11075782 82.25123302
-53.02257199 82.32174551
-52.77561032 82.32174551
-51.75399309 82.07824616
-51.35184709 82.02563955
-50.89445899 81.89520824
-50.360073 81.90905752
-49.86702816 81.89303783
-49.64882443 81.89779206
-49.54107907 81.91804922
-49.69427385 81.97210277
-50.39485124 82.12072419
-50.71312639 82.2373579
-50.93554175 82.38282705
-50.9899312 82.460135
-50.819554 82.47408763
-50.03712114 82.47243399
-48.86119809 82.40543549
-47.35741391 82.17364086
-46.61732988 82.09695303
-45.29108008 81.82880402
-44.89094947 81.7882897
-44.72948646 81.77981477
-44.60760759 81.81293936
-44.53244422 81.84890616
-44.526889 81.89681021
-44.59101946 81.95667735
-44.62773556 82.02589794
-44.637089 82.10444611
-44.54706865 82.26004385
-44.33320574 82.31079011
-44.23887041 82.36815095
-44.32659115 82.47171052
-44.57722185 82.54261058
-45.55245948 82.72523509
-45.55656776 82.74701671
-45.35960303 82.77096874
-45.06742449 82.78497305
-42.65075029 82.74146149
-42.23297217 82.72549348
-42.05463681 82.70983552
-41.97655372 82.68916494
-41.87645647 82.68032827
-41.35726335 82.70497793
-41.36961402 82.7499881
-41.43441627 82.77861685
-44.23920631 82.85680329
-44.76196509 82.88354584
-45.02791785 82.88558706
-45.3029915 82.86507152
-45.87331845 82.85489126
-46.13681658 82.85881867
-46.47816525 82.95188793
-46.16906267 83.06387075
-45.90889767 83.06133861
-45.4146126 83.01767202
-45.12176225 83.07865021
-44.65695858 83.12906057
-44.19729672 83.14681143
-43.19456723 83.25512523
-43.00930722 83.26458202
-42.77554888 83.25879426
-42.25953386 83.23197419
-42.05458513 83.20515412
-41.81976742 83.14776744
-41.68349667 83.13001659
-41.52195614 83.12676097
-41.3001609 83.10076773
-40.97937944 83.18487112
-40.68947466 83.27517569
-40.35680762 83.33220063
-39.88631955 83.29892101
-39.58843075 83.25559032
-39.31604428 83.20391389
-38.93110653 83.17533682
-38.27838152 82.9988618
-38.15627011 82.9986551
-38.09859921 83.01358959
-38.0370009 83.04627493
-38.01488339 83.09482494
-37.93478492 83.16076407
-37.99279171 83.18510366
-38.53955421 83.25817414
-38.64293291 83.28628612
-38.74781023 83.3325882
-38.74956723 83.37082876
-38.64825558 83.4010078
-38.5414404 83.41480541
-38.18792192 83.40229971
-38.07110735 83.41211823
-37.96082984 83.43764639
-37.82802141 83.48555044
-37.72332496 83.49774608
-37.48693112 83.49914134
-37.12299984 83.46839387
-36.80449215 83.46581005
-36.68958961 83.47994355
-36.67212297 83.50991588
-36.6444244 83.52895865
-36.6064939 83.53696849
-35.45186154 83.53862214
-35.16554827 83.54575349
-34.94163428 83.56843944
-34.66780087 83.57112661
-34.42833228 83.55758739
-34.13191627 83.52864859
-33.8373606 83.52999217
-33.39831763 83.57722443
-32.98441525 83.59960033
-30.7029266 83.59339916
-29.95286903 83.56482209

