23.85221887 35.53545401
23.92063846 35.52816763
24.01324263 35.52945954
24.03432661 35.53540233
24.0933411 35.59387421
24.16599816 35.59519196
24.19772749 35.53746939
24.1240369 35.51083019
24.10894738 35.49581818
24.12310672 35.48362254
24.17850386 35.45954133
24.25539839 35.46861054
24.25767215 35.42316112
24.27493208 35.38600576
24.31286258 35.36383657
24.35399702 35.35949575
24.44494754 35.36603282
24.53455448 35.38073477
24.62695194 35.40993195
24.7213131 35.42481476
25.00315637 35.40985444
25.10433882 35.34693838
25.29678185 35.33936778
25.47568566 35.30619151
25.56963342 35.32807648
25.73014042 35.34859203
25.75587528 35.32637116
25.73510135 35.18405427
25.74502323 35.14271312
25.79132531 35.12286937
25.83711063 35.1325587
25.89333459 35.17919668
26.02800337 35.21526683
26.1678398 35.21508596
26.28555871 35.30975719
26.32018192 35.31515738
26.29868452 35.26859691
26.28080448 35.15922374
26.25558638 35.0951708
26.24432092 35.04468293
26.16556603 35.01858633
26.04671024 35.01414216
25.82966922 35.02517508
25.61097456 35.00732087
25.20572798 34.95926179
24.79975793 34.9344571
24.74518762 34.95063182
24.74394738 35.0143747
24.73516239 35.05827383
24.70891076 35.08907298
24.58344038 35.11532461
24.46365441 35.16033478
23.99432905 35.22190725
23.88363814 35.24611766
23.7039075 35.23350861
23.63807173 35.23516226
23.59280318 35.2572281
23.56159061 35.2951586
23.54753462 35.41556468
23.56985884 35.53478221
23.60871952 35.56625316
23.62659956 35.53038972
23.67269494 35.51390493
23.71548303 35.55013011
23.71506961 35.6047521
23.73687707 35.65549836
23.77077681 35.63420767
23.79341109 35.55620209
23.85221887 35.53545401
NaN  NaN
27.17604699 35.46530325
27.13790978 35.40910513
27.09915246 35.45644074
27.11579227 35.51111441
27.07073042 35.59774995
27.15599653 35.72624339
27.15796024 35.78866852
27.2231759 35.82047537
27.20705285 35.71443533
27.15723677 35.62950511
27.2089132 35.55891511
27.23361454 35.47858409
27.17604699 35.46530325
NaN  NaN
23.05381799 36.18978099
23.04213911 36.14637279
22.93940637 36.17621593
22.91088098 36.22099356
22.90560998 36.32031566
22.93258508 36.36873648
22.95046512 36.38392935
22.99790409 36.32814464
23.09712284 36.24659923
23.05381799 36.18978099
NaN  NaN
27.84277632 35.92930594
27.77063602 35.90827363
27.74572798 35.91103832
27.71554894 35.9573404
27.7573035 36.0691682
27.71864953 36.14110179
27.71627241 36.17159089
27.77446008 36.21378469
27.81518111 36.27695913
27.91450321 36.34532705
28.17143843 36.42620067
28.2317965 36.43364208
28.2300395 36.37026093
28.14404992 36.20988312
28.06767215 36.1296813
28.08782596 36.06534414
27.96555952 36.04751577
27.84277632 35.92930594
NaN  NaN
25.4824036 36.39263683
25.43599816 36.3400819
25.37047245 36.35891796
25.39713749 36.37894257
25.41284712 36.40488414
25.41460412 36.44227204
25.39682743 36.46534557
25.40902306 36.47374299
25.46741743 36.43506318
25.4824036 36.39263683
NaN  NaN
26.46063846 36.58541576
26.38167687 36.56154125
26.33144738 36.51136343
26.27005578 36.54691682
26.26984907 36.59538931
26.33702844 36.58055817
26.38415734 36.60784333
26.369998 36.63859081
26.42126102 36.62422476
26.46063846 36.58541576
NaN  NaN
27.8601396 36.55389313
27.83833215 36.53797679
27.78810265 36.58371044
27.78572554 36.60750743
27.83678185 36.6348701
27.86251672 36.64117463
27.86985477 36.62251944
27.86902795 36.58265107
27.8601396 36.55389313
NaN  NaN
24.53569136 36.76377696
24.53755171 36.7050467
24.53062707 36.68396271
24.3259884 36.65561819
24.34490197 36.72297842
24.35740767 36.74426911
24.42520715 36.71295319
24.45021854 36.72897289
24.46034712 36.74744721
24.53569136 36.76377696
NaN  NaN
25.38173791 36.67404084
25.36437463 36.65835704
25.28861698 36.72153148
25.25998823 36.75842845
25.29595503 36.78917593
25.40695601 36.71734569
25.38173791 36.67404084
NaN  NaN
26.94960086 36.72711254
26.9183883 36.72592398
26.95559533 36.77424144
27.06111861 36.84038727
27.21490767 36.89865245
27.26565392 36.90511201
27.35216027 36.86891267
27.19320357 36.80912303
27.1510356 36.77757457
27.03362674 36.77075328
26.94960086 36.72711254
NaN  NaN
25.8593315 36.79041616
25.77106815 36.78225129
25.74316288 36.78974437
25.79680301 36.8070043
25.8343201 36.82540111
25.85240685 36.8475703
25.94201379 36.88658601
26.00071821 36.93738394
26.06448693 36.90276073
25.98469852 36.87971304
25.8593315 36.79041616
NaN  NaN
24.72089969 36.92144176
24.70260624 36.9170751
24.67645796 36.95929475
24.67098026 36.99856883
24.6814189 37.02161652
24.71614546 37.02383861
24.76317101 36.94921784
24.72089969 36.92144176
NaN  NaN
27.01967411 36.95903636
26.91993859 36.94521292
26.93771528 37.02458792
26.88872603 37.08724559
26.96665409 37.05207978
27.01605676 37.00965343
27.04013797 37.00156607
27.03455692 36.97598623
27.01967411 36.95903636
NaN  NaN
25.27890181 37.06840953
25.19942346 36.9913083
25.13327762 36.99965404
25.1054757 37.03494904
25.14650679 37.1073994
25.23508019 37.14853384
25.27528446 37.13783682
25.2714604 37.08419668
25.27890181 37.06840953
NaN  NaN
25.54586226 36.96756297
25.45677209 36.92970999
25.39589725 36.98435782
25.36189416 37.07039907
25.52529504 37.19636038
25.56436242 37.18512075
25.58792687 37.15253876
25.58430952 37.03928986
25.54586226 36.96756297
NaN  NaN
24.52349572 37.12512442
24.4864954 37.1100349
24.42479374 37.13197154
24.44122684 37.18685192
24.48380822 37.21018382
24.52907678 37.19232962
24.53589806 37.16765412
24.52349572 37.12512442
NaN  NaN
24.43574914 37.3444392
24.37890506 37.31413097
24.39771528 37.3834549
24.36970666 37.41960257
24.3948214 37.45037588
24.43120161 37.47518057
24.44856489 37.44954906
24.48143111 37.40800121
24.43574914 37.3444392
NaN  NaN
24.94290165 37.4935257
24.93783736 37.38970775
24.91148237 37.39056041
24.89618615 37.40658011
24.89525598 37.44634512
24.90652144 37.5088736
24.94290165 37.4935257
NaN  NaN
25.40271854 37.41916332
25.30711714 37.41296214
25.3126982 37.48928824
25.34814823 37.50918366
25.46297326 37.47109813
25.45739221 37.44709443
25.40271854 37.41916332
NaN  NaN
26.02934696 37.52938915
25.98242476 37.52559093
25.99679081 37.56558849
26.08629439 37.63491242
26.21155806 37.63829723
26.32555627 37.67304963
26.35139448 37.67434154
26.29692752 37.61956452
26.20494348 37.56850821
26.02934696 37.52938915
NaN  NaN
25.25585412 37.59961742
25.21875044 37.53509939
25.15632531 37.54504711
25.05193892 37.61444855
25.01628218 37.64594534
24.99654178 37.67692536
25.03932987 37.6806719
25.09183312 37.64798656
25.22536502 37.63067495
25.25585412 37.59961742
NaN  NaN
24.35596073 37.57687979
24.28898807 37.52825226
24.27741255 37.60111603
24.32040734 37.67775218
24.37911177 37.68271312
24.40081587 37.64904593
24.35596073 37.57687979
NaN  NaN
26.82444055 37.81143911
26.9473271 37.77846955
26.9815369 37.78198355
27.03962121 37.77002045
27.05512414 37.70930065
26.97812626 37.70046398
26.84490441 37.64473094
26.78826704 37.65697826
26.72046756 37.70545075
26.61287723 37.7104892
26.58104455 37.72374421
26.63861209 37.78084667
26.7434119 37.80978547
26.82444055 37.81143911
NaN  NaN
20.88847212 37.80536713
20.9939954 37.7079829
20.90903934 37.73211579
20.81850223 37.66472972
20.70378055 37.74343293
20.6350509 37.82316966
20.61954797 37.85502818
20.69148156 37.92951976
20.75866092 37.85296113
20.83979292 37.84073965
20.88847212 37.80536713
NaN  NaN
24.9916842 37.75960765
24.96222863 37.69240245
24.88409387 37.77051138
24.79851769 37.82399649
24.76647831 37.87068614
24.71438846 37.89887564
24.70022912 37.9616625
24.76337772 37.98747488
24.79045617 37.99013622
24.85505171 37.9136551
24.95633752 37.90476675
24.94837935 37.85766368
24.98041874 37.79694387
24.9916842 37.75960765
NaN  NaN
23.55094527 37.92587657
23.51146447 37.90117524
23.46681603 37.90238963
23.43529341 37.91148469
23.41937707 37.93127676
23.43901411 37.94068187
23.46216515 37.98036937
23.48366255 37.99111807
23.51549523 37.98605378
23.53482222 37.97018911
23.55094527 37.92587657
NaN  NaN
20.61231327 38.38334219
20.62471561 38.2678712
20.69520226 38.24621878
20.78883996 38.1421166
20.78077844 38.0888382
20.7613481 38.07054475
20.60611209 38.11974071
20.56890506 38.09767487
20.52353316 38.10666657
20.49552453 38.16418244
20.49872847 38.18436209
20.47330366 38.21880443
20.45211633 38.23417817
20.39103478 38.18841869
20.35248417 38.17986624
20.35227746 38.22172415
20.40870812 38.33678172
20.4350631 38.35618622
20.48146854 38.31822989
20.51960575 38.33231171
20.54833784 38.39455598
20.55030155 38.45656769
20.56322066 38.4749645
20.61231327 38.38334219
NaN  NaN
20.75866092 38.32944367
20.70925825 38.31859162
20.64641971 38.41429637
20.62357873 38.48033885
20.649727 38.48398204
20.67484175 38.47630809
20.70130008 38.45140005
20.70109338 38.42592357
20.71163537 38.39863841
20.73912723 38.3657722
20.75866092 38.32944367
NaN  NaN
26.09404585 38.21808096
25.9985478 38.16154694
25.89188765 38.24329906
25.87431766 38.26960236
25.95265913 38.3026236
25.99141646 38.35352489
25.95999719 38.4160017
25.85126997 38.50837332
25.84610233 38.57402823
26.01250044 38.60172679
26.11047896 38.54462434
26.16039839 38.5407486
26.14117476 38.48617829
26.14964969 38.46847911
26.15698775 38.30290782
26.11068566 38.27962759
26.1031409 38.23415233
26.09404585 38.21808096
NaN  NaN
20.68672733 38.60870311
20.64786665 38.60095165
20.61438032 38.60622264
20.58399458 38.60172679
20.55464237 38.58258067
20.55794966 38.66185232
20.59246952 38.76016673
20.63463749 38.81757925
20.69416874 38.84424429
20.71959354 38.79918244
20.71483931 38.63831371
20.68672733 38.60870311
NaN  NaN
24.67470096 38.80920767
24.56907433 38.78481639
24.54096236 38.78869212
24.56452681 38.8194396
24.56638716 38.83235871
24.46107059 38.88863435
24.47347293 38.96165314
24.48566857 38.98025666
24.56401004 38.94224864
24.58126997 38.8788675
24.67470096 38.80920767
NaN  NaN
23.41544966 38.95865591
23.47198368 38.85008373
23.5250037 38.81349681
23.63621138 38.7702178
23.68850793 38.76471426
23.87826379 38.68657949
24.09902551 38.67099905
24.1275509 38.64849396
24.1547327 38.58829092
24.1996912 38.54100699
24.21106001 38.50426504
24.18749556 38.46344066
24.22015506 38.33864208
24.2757589 38.21999299
24.35968143 38.16250296
24.46396447 38.14513968
24.56328657 38.14751679
24.58840132 38.12397818
24.57847945 38.02018606
24.53651818 37.97974925
24.50230838 37.96993073
24.47264611 37.9805244
24.44577437 38.00496735
24.41652551 38.01656871
24.35947473 38.01855825
24.31782352 38.06036449
24.21199019 38.11751862
24.19255985 38.15165091
24.18904585 38.20430919
24.14408736 38.24309235
24.10284956 38.31683462
24.06357547 38.33719514
24.04187137 38.37414379
24.04011437 38.38998261
23.88622196 38.40073131
23.75878788 38.40122224
23.65078413 38.44305431
23.61740116 38.55253083
23.55332238 38.5819864
23.5052633 38.61294058
23.46526574 38.65588369
23.36408329 38.73500031
23.25215213 38.80122366
23.14394168 38.84481273
23.02911665 38.8733898
22.93578902 38.83964509
22.88132206 38.84765493
22.8702633 38.87052176
22.98632857 38.9159195
23.14580204 39.00268423
23.25824995 39.03136465
23.31271691 39.03490449
23.41544966 38.95865591
NaN  NaN
23.77976851 39.11440868
23.73512007 39.08056061
23.66608036 39.09536591
23.59394006 39.20861481
23.77976851 39.11440868
NaN  NaN
23.88797896 39.15828197
23.84126346 39.1466031
23.88808231 39.22636567
23.97086795 39.26773265
23.93975874 39.20055329
23.88797896 39.15828197
NaN  NaN
26.41020226 39.32946015
26.39273563 39.27013561
26.53102176 39.17176952
26.57825402 39.10949942
26.5956173 39.04880545
26.58404178 39.031468
26.53153853 39.06433421
26.48864709 39.07482453
26.50311649 39.031468
26.54714481 38.99415762
26.46869999 38.97281525
26.39015181 38.97390046
26.1608118 39.02588695
26.10789514 39.08107738
26.24514774 39.16409557
26.27315637 39.1975819
26.17600467 39.19430044
26.07234175 39.09562429
25.9062537 39.13895498
25.85550744 39.17864248
25.84413862 39.20003653
25.90956099 39.28755056
26.02645308 39.28463085
26.08836144 39.30431957
26.16484256 39.3319923
26.16546268 39.37354015
26.34777713 39.38302277
26.41020226 39.32946015
NaN  NaN
20.07797896 39.4327355
20.09957971 39.37658906
19.9750395 39.41144481
19.88398563 39.46151927
19.8088481 39.58528433
19.64896122 39.72615428
19.64648075 39.76710786
19.70735558 39.79811372
19.83861372 39.82012788
19.89173709 39.79726105
19.92605025 39.77374828
19.93679894 39.7467215
19.86217818 39.69264212
19.84667525 39.66812165
19.90413944 39.61946829
19.90310591 39.60001211
19.92729048 39.50590933
19.95529911 39.47040762
20.02774946 39.44208893
20.07797896 39.4327355
NaN  NaN
25.43775516 39.98329621
25.39992801 39.9495515
25.37202274 39.89131216
25.35703657 39.80808727
25.29874556 39.80609772
25.26339888 39.82297008
25.25172 39.85438935
25.24944624 39.89412853
25.22381473 39.89257823
25.20324751 39.84942841
25.18516076 39.82992056
25.12645633 39.82581228
25.06217085 39.85237397
25.06527144 39.90983816
25.05235233 39.97637157
25.05803674 39.99967764
25.23415002 40.00541372
25.2857231 39.95632111
25.34804487 39.98476899
25.37357303 40.01551647
25.44912398 40.03481761
25.43775516 39.98329621
NaN  NaN
25.68580204 40.42655081
25.57263065 40.40045421
25.44809045 40.4828006
25.56849653 40.51587352
25.62430708 40.49197317
25.66430464 40.46386119
25.68580204 40.42655081
NaN  NaN
24.77422977 40.61519562
24.64586551 40.57943553
24.51553755 40.64702831
24.51667443 40.68723257
24.58550744 40.7687263
24.62333459 40.79291087
24.71914269 40.78629629
24.77360965 40.7302532
24.78632206 40.70384654
24.76864872 40.65886221
24.77422977 40.61519562
NaN  NaN
26.53639611 41.34313569
26.33062056 41.23877513
26.32565962 41.14327709
26.32845015 41.09702668
26.33258426 41.0643155
26.35408166 41.03677196
26.35413334 40.99708446
26.33108565 40.95450308
26.24122033 40.88321544
26.17889855 40.82650056
26.10918705 40.7496577
26.06975793 40.74030427
26.03895877 40.72676504
26.01074344 40.76916555
25.85561079 40.84409638
25.49676965 40.88781464
25.32530724 40.94310843
25.25006636 40.93279898
25.10444217 40.99470734
25.00470666 40.96755138
24.79293664 40.85750642
24.67873172 40.86949535
24.55656864 40.9355895
24.47709028 40.94773347
24.38376265 40.91274852
24.23441776 40.78614126
24.08228234 40.72407787
23.94606327 40.74831411
23.76281864 40.74779735
23.74328495 40.67700064
23.77873498 40.6279597
23.8788839 40.54437307
23.8319617 40.48156037
23.86679162 40.4185668
23.93200728 40.40575104
24.03060591 40.40931672
24.21281701 40.32779715
24.29250207 40.24180756
24.34335168 40.14770478
24.23245405 40.21516836
24.15876346 40.28002228
24.05603071 40.3035609
23.91319706 40.35877717
23.82338342 40.36802725
23.72788537 40.32973501
23.72054732 40.28627513
23.82348677 40.2051173
23.91753788 40.1552237
23.96745731 40.11455435
24.00073693 40.02458568
23.98182336 39.99404491
23.9470968 39.96557119
23.83537235 40.02226024
23.66453006 40.22385
23.42630171 40.26397675
23.3864075 40.22196381
23.43322635 40.11540701
23.46712609 40.07393667
23.67414188 39.95890493
23.65750207 39.93448782
23.62732303 39.92407502
23.39560591 39.98985912
23.32821984 40.08993053
23.31199344 40.21643443
23.09815637 40.30431021
22.89651493 40.39991161
22.85134973 40.49060375
22.89289758 40.5242451
22.92224979 40.59085602
22.81145552 40.57860871
22.74189904 40.53649242
22.62945112 40.49553885
22.6249036 40.42859203
22.64268029 40.36658031
22.60547326 40.27640493
22.56929976 40.11936026
22.59214074 40.03691051
22.83574344 39.80056835
22.91904585 39.62892508
22.97878381 39.56383861
23.10342736 39.49203421
23.23344527 39.35842479
23.28842899 39.28881664
23.32770308 39.17489594
23.21835575 39.10440929
23.15469038 39.10148957
23.11944706 39.13277965
23.16874637 39.21042349
23.16171838 39.2577591
22.9928398 39.33106212
22.92142297 39.30636079
22.83894738 39.25861176
22.88607629 39.16996084
22.93899295 39.1115148
22.96555464 39.03089956
23.06673709 39.0379534
22.93041467 38.94772635
22.80267053 38.90160513
22.67689009 38.89891796
22.59679162 38.89057221
22.56909305 38.86747285
22.63430871 38.85070384
22.68753543 38.84915355
22.77404178 38.800371
23.02033166 38.74187328
23.13774051 38.66795014
23.25297896 38.6612322
23.36894087 38.52555573
23.56965213 38.48940807
23.6839604 38.35246552
23.83599247 38.32546459
23.9670439 38.27500255
24.00538781 38.22678844
24.02450809 38.13979116
24.03298303 37.9553063
24.06130171 37.81789867
24.06233524 37.77449046
24.0554106 37.70963654
24.01975386 37.67775218
23.97159142 37.67677033
23.87733361 37.77779776
23.73284631 37.88407034
23.58050418 38.01054841
23.53719933 38.03276927
23.5017493 38.03483633
23.42020389 37.99209992
23.19365441 37.959027
23.08740767 37.91285411
23.04741011 37.90264802
23.03635135 37.87838593
23.08616743 37.85311616
23.14714562 37.79531607
23.14714562 37.71625113
23.19758182 37.62021048
23.26269413 37.59543163
23.34754683 37.5975762
23.39622603 37.57979951
23.40883508 37.54153311
23.45813439 37.49693635
23.49058719 37.46386343
23.48924361 37.44019562
23.25256555 37.37730541
23.20305952 37.34854747
23.16151167 37.33381969
23.10001672 37.36376618
23.09650272 37.4405832
23.01516402 37.48176931
22.94054325 37.51706432
22.85103967 37.53220551
22.77497196 37.58512218
22.72536258 37.54215323
22.76505008 37.39329926
22.85103967 37.29079906
22.99501021 37.01588044
23.06032922 36.85351309
23.07355838 36.77496491
23.04100223 36.6445336
23.11169559 36.54761445
23.16016808 36.44811148
23.10683801 36.45183218
23.06053592 36.48694632
22.98291792 36.52836498
22.8323328 36.68711498
22.7799329 36.7861787
22.71719771 36.79393016
22.60836714 36.77971914
22.48909793 36.56815583
22.48940799 36.44692292
22.42770633 36.47575837
22.37478967 36.51355968
22.38119754 36.64618724
22.37592655 36.70192027
22.23112918 36.88255524
22.16477665 36.9028124
22.13377079 36.96391979
22.08044071 37.02895458
22.01171105 37.01650056
21.95559045 36.9900939
21.94008752 36.89180532
21.93429976 36.80364533
21.89233849 36.73729279
21.73813602 36.86322826
21.58290002 37.08094107
21.5787659 37.2003653
21.69245405 37.30927338
21.67891483 37.38722728
21.5713245 37.54099051
21.41619185 37.63995087
21.32927209 37.66932893
21.28844771 37.77449046
21.20524865 37.82885407
21.13796594 37.85414969
21.12473677 37.8916151
21.14499393 37.91928783
21.30808475 38.0274466
21.40368615 38.19668692
21.45112512 38.2047226
21.54869022 38.16459585
21.65845096 38.17511201
21.74847131 38.27420157
21.82474572 38.32812592
21.95331668 38.32120128
22.24373823 38.18872875
22.55586389 38.11322948
22.7115133 38.04692862
22.79956994 37.98119619
22.84638879 37.96760529
22.92028609 37.95830353
22.91697879 38.00747366
22.89320764 38.0509077
22.95480594 38.07462718
23.12203088 38.07333527
23.15251997 38.09638296
23.18352583 38.13366751
23.14890262 38.17606802
23.09350549 38.19642853
23.03438765 38.20211294
22.99542362 38.21552298
22.93248172 38.20195791
22.83439986 38.23472077
22.7836536 38.26169587
22.75388797 38.28949779
22.58335575 38.3449466
22.42171187 38.43850678
22.38522831 38.38553844
22.3199093 38.35685802
22.22689172 38.3528531
21.96530562 38.41243602
21.80469527 38.36693492
21.71705204 38.35504934
21.65007938 38.35398998
21.56770715 38.33357779
21.47251916 38.32138215
21.39014693 38.40783682
21.35542036 38.47480948
21.33102909 38.48731517
21.32978885 38.42437328
21.30333052 38.37393708
21.18261437 38.34556672
21.11316125 38.38468578
21.05972782 38.50328319
20.99213504 38.65402334
20.87327925 38.77574718
20.77685103 38.80752818
20.7685828 38.87439749
20.77736779 38.9278826
20.893123 38.94111176
21.07419722 38.88517202
21.11161096 38.89628246
21.15233198 38.92209483
21.14458052 38.97919729
21.11832889 39.02999523
21.06851281 39.03229483
21.03409631 39.02624868
20.92278527 39.03676484
20.77964155 39.00854951
20.71339237 39.03513703
20.69127486 39.06748648
20.57169559 39.1476883
20.46823937 39.25527863
20.30080773 39.32708303
20.19135705 39.54580353
20.099373 39.6412499
20.00129113 39.70941112
20.02258182 39.71070303
20.05978885 39.69912751
20.13110233 39.66161042
20.20685998 39.65349722
20.24820112 39.67837942
20.27207564 39.70119457
20.28757857 39.73855663
20.29383141 39.78222321
20.30618208 39.79669261
20.36405969 39.79173168
20.3824565 39.8026354
20.38162967 39.84180614
20.34426761 39.89064037
20.31134973 39.9507659
20.31114302 39.97942048
20.33842818 39.99104768
20.38369673 40.01717011
20.40803633 40.04944204
20.45604374 40.06556509
20.52704715 40.06851065
20.60626712 40.08266999
20.65737512 40.11739655
20.66497155 40.15176138
20.69701094 40.24638093
20.71788822 40.29268301
20.7516846 40.33490266
20.77002974 40.39190176
20.80609989 40.44543854
20.88165083 40.46791779
20.95017378 40.49440196
21.00190189 40.56339
21.03089237 40.622482
21.03109907 40.6586555
20.98789758 40.71777334
20.95575484 40.77528921
20.96428145 40.84990998
21.10003543 40.85616283
21.14757775 40.86313915
21.32369103 40.86714407
21.40415124 40.90719331
21.4597034 40.90360179
21.57576867 40.86892691
21.62749678 40.89631542
21.77947717 40.95044648
21.92944217 41.10741364
21.99331424 41.1309781
22.13883508 41.14053824
22.18446537 41.15862499
22.23769209 41.15516267
22.40078291 41.1234075
22.49354211 41.11852407
22.60361291 41.14020234
22.72479414 41.17852041
22.75512821 41.31272411
22.7838603 41.33199942
22.85925622 41.33737377
22.91599694 41.33628856
23.02560265 41.32564322
23.15598229 41.32207754
23.23985314 41.38496776
23.37204146 41.38964448
23.43343306 41.39871369
23.53580407 41.38605296
23.63517785 41.38677643
23.76230187 41.41297639
23.88089929 41.45594534
23.97350345 41.45230215
24.01138228 41.46005362
24.03287967 41.46909699
24.05603071 41.52723298
24.230387 41.53079865
24.28940148 41.52503673
24.38675988 41.52353811
24.48794234 41.5552416
24.51822473 41.55255443
24.56928104 41.46739167
24.59599776 41.44274201
24.65103316 41.4199527
24.77371301 41.35608063
24.79583052 41.37290131
24.84688683 41.39421784
24.99354455 41.36496898
25.13338098 41.31577302
25.25115156 41.24352936
25.38194461 41.26435497
25.52705204 41.299805
25.62151655 41.31008861
25.72393924 41.31504955
25.78491743 41.33042329
25.92330692 41.31189728
26.06634728 41.35068045
26.13533532 41.38574291
26.15517907 41.43488719
26.14360355 41.52154857
26.11120243 41.60820995
26.07699263 41.64019766
26.06598555 41.6732189
26.08557092 41.70417308
26.10737837 41.72567048
26.20060265 41.74378307
26.32090539 41.71657543
26.41051232 41.69631826
26.46249881 41.66340038
26.49505497 41.63324718
26.54450931 41.6072281
26.58135461 41.60128531
26.60977665 41.51214346
26.62486616 41.4017626
26.60238692 41.35414277
26.53639611 41.34313569
NaN  NaN
