# Guatemala
# from http://www.rjruss.info/2010/12/free-countries-of-world-in-polygon-kml.html
-89.16147722 17.81483023
-89.17108904 17.57228689
-89.18217363 17.29119294
-89.19036435 17.08469392
-89.20126807 16.80900015
-89.21243018 16.52713105
-89.22764889 16.14283926
-89.23749325 15.89443065
-89.23281654 15.88869457
-89.11359901 15.90065766
-88.93717567 15.88983145
-88.89405168 15.89060659
-88.8399723 15.86898001
-88.79834693 15.86249462
-88.70863664 15.80652904
-88.60337175 15.7641802
-88.53624407 15.84962718
-88.57159075 15.90109691
-88.5979974 15.92734854
-88.59396664 15.95026704
-88.22833004 15.72901439
-88.27142819 15.69488211
-88.36454912 15.61602387
-88.53329851 15.48120006
-88.68447791 15.36048391
-88.82994707 15.25100739
-88.9609985 15.15246044
-88.97642392 15.14269359
-89.14258948 15.07231029
-89.17033973 15.03990917
-89.20609982 14.9005895
-89.2223779 14.86606965
-89.1922247 14.78871003
-89.16220069 14.66925996
-89.17178667 14.6068865
-89.28671505 14.52996613
-89.33942501 14.46074555
-89.36260189 14.41599376
-89.38324663 14.42762096
-89.41882585 14.43108328
-89.50086219 14.41377167
-89.54054969 14.40992178
-89.57362261 14.39007803
-89.5769299 14.34708324
-89.55501909 14.27726838
-89.54716427 14.2412499
-89.57026364 14.22466177
-89.67126522 14.18270051
-89.71113359 14.14133352
-89.74934831 14.0770222
-89.79371253 14.05012462
-89.83996294 14.05505972
-89.87269996 14.04560293
-89.94269569 13.99736298
-90.04816728 13.90406118
-90.10475298 13.83476309
-90.10588986 13.78303498
-90.09519284 13.73652619
-90.47912289 13.90090892
-90.60691871 13.9290209
-91.14605893 13.92555858
-91.3773368 13.9902058
-91.64091244 14.1149527
-91.81909278 14.22822744
-92.23513974 14.54539155
-92.20904314 14.57102306
-92.18705482 14.63008922
-92.15992469 14.69104157
-92.17646115 14.76132152
-92.18638302 14.8183723
-92.15566138 14.90131297
-92.15855526 14.96355724
-92.14421505 15.00192699
-92.09873979 15.02673168
-92.07478777 15.07422232
-92.20434058 15.23767487
-92.20426307 15.27501109
-92.18715817 15.32089977
-92.08215166 15.49556611
-91.95724972 15.70322785
-91.81942868 15.93236115
-91.73659136 16.0701822
-91.43397417 16.07044058
-91.23377967 16.07064728
-90.9795833 16.07082815
-90.70324358 16.0710607
-90.52198849 16.07121573
-90.44716102 16.0726885
-90.45987342 16.16237295
-90.45013241 16.261385
-90.41698198 16.35130199
-90.41698198 16.39098949
-90.47108721 16.43956533
-90.57578366 16.46783234
-90.63407467 16.51072378
-90.63438473 16.56513907
-90.65996457 16.63092316
-90.71071082 16.70812775
-90.81602739 16.78708934
-90.97581092 16.86780793
-91.11187497 16.97619925
-91.22416785 17.11226329
-91.31920081 17.19977733
-91.39232296 17.23641592
-91.40963457 17.2558721
-91.19551327 17.25408926
-90.9929675 17.25243561
-90.99162391 17.44746247
-90.99043535 17.62073355
-90.98914344 17.8164322
-90.62203406 17.81612214
-90.18358537 17.81570873
-89.72883277 17.81534699
-89.37154192 17.81501109
-89.16147722 17.81483023

