-11.38940264 12.40441112
-11.41808306 12.37766857
-11.44756446 12.31924836
-11.4745654 12.24718557
-11.50221229 12.19863557
-11.49244544 12.16695791
-11.41462073 12.10401602
-11.30517005 12.01541677
-11.26067664 12.0040738
-11.209672 12.02487356
-11.12926347 12.09502432
-11.06580482 12.17078197
-11.00454241 12.20749807
-10.93320309 12.20519847
-10.87615231 12.15186839
-10.80649248 12.03430451
-10.74303382 11.92725678
-10.73492062 11.91645641
-10.70923743 11.89870555
-10.67735307 11.89942902
-10.64371172 11.92552562
-10.61901038 11.94123526
-10.58950314 11.99027619
-10.4658156 12.1386909
-10.37277218 12.17954112
-10.33990597 12.19028982
-10.27487118 12.21266572
-10.16709998 12.17744823
-10.01062375 12.1164442
-9.82068702 12.04249523
-9.75402442 12.02991201
-9.71475033 12.04246939
-9.65829383 12.14310924
-9.58772966 12.18248668
-9.48683143 12.22865957
-9.4050018 12.25245657
-9.35810543 12.25542796
-9.34017371 12.2827648
-9.33154375 12.32374421
-9.34084551 12.36604137
-9.39363298 12.44223827
-9.39536414 12.46466584
-9.36518511 12.47929027
-9.30002112 12.49027151
-9.215556 12.48288178
-9.12047136 12.44993806
-9.0430859 12.40234406
-8.99895423 12.3459134
-8.95084347 12.22561066
-8.91384315 12.10856354
-8.81829342 11.92250255
-8.82005042 11.80710908
-8.82201413 11.67326712
-8.7797428 11.64822989
-8.73307899 11.63748119
-8.71142656 11.61779247
-8.66496945 11.51500804
-8.62114783 11.48508739
-8.56872209 11.47805939
-8.47071774 11.41222362
-8.40746579 11.38628205
-8.39852576 11.36654165
-8.40069617 11.33941153
-8.42529416 11.30473664
-8.46353472 11.2807071
-8.52030128 11.23595531
-8.56730099 11.1769925
-8.66391008 11.03586416
-8.66672645 11.00948334
-8.6462109 10.99049226
-8.60621334 10.98697826
-8.56352861 10.99669343
-8.47469682 11.04836986
-8.40446855 11.02992137
-8.33739254 10.99062145
-8.31274289 10.94977123
-8.30636085 10.89607941
-8.32170875 10.82693635
-8.3241117 10.74952505
-8.30158078 10.61756928
-8.26664751 10.48600108
-8.23150753 10.43799368
-8.00728349 10.32187674
-7.98568275 10.27844269
-7.97446896 10.22953095
-7.99064368 10.16250662
-8.01353634 10.12527375
-8.07782182 10.06711192
-8.1366296 10.02207591
-8.15518144 9.97319001
-8.14585385 9.88172272
-8.14603472 9.67481029
-8.1369655 9.49569977
-8.08867388 9.43066498
-8.03100298 9.39764374
-7.96268673 9.40387075
-7.896205 9.41585969
-7.90002906 9.30868277
-7.91808997 9.18850922
-7.83938677 9.15161225
-7.79980262 9.11505117
-7.77799516 9.08084138
-7.90209612 9.01707266
-7.93816627 8.97976227
-7.95496111 8.87943248
-7.95095618 8.78680248
-7.78404131 8.7206308
-7.71957496 8.6430128
-7.69097205 8.56247508
-7.68120521 8.41033967
-7.69611386 8.3756131
-7.73895362 8.37525137
-7.78740028 8.42196686
-7.82357378 8.46764883
-7.86876482 8.46754548
-7.95312659 8.47772573
-8.0491414 8.49529572
-8.16779049 8.49067068
-8.20993262 8.48325511
-8.2369594 8.4556599
-8.24414242 8.40793671
-8.25610552 8.2537084
-8.21714149 8.21967947
-8.14060869 8.18146475
-8.09053423 8.16516083
-8.04857296 8.1697342
-8.01674028 8.14492951
-8.00986732 8.07849946
-8.03175229 8.02971691
-8.07384274 7.98442251
-8.12683692 7.86773713
-8.11781938 7.82401887
-8.11544227 7.76074108
-8.20595354 7.59023469
-8.23186927 7.55674836
-8.35175859 7.59057058
-8.42997087 7.60186188
-8.48642737 7.55850536
-8.52229082 7.58555797
-8.56440711 7.62511628
-8.57885067 7.67705109
-8.60729855 7.68795482
-8.65975013 7.68836823
-8.70832597 7.65891267
-8.72946164 7.60527253
-8.73263974 7.54354503
-8.74023617 7.49571849
-8.76914914 7.46677969
-8.82795692 7.39195222
-8.85552629 7.32280915
-8.88963274 7.26270946
-8.93844113 7.26614594
-8.96097205 7.27459504
-8.97657833 7.2588854
-9.05233598 7.22547659
-9.11760332 7.21589061
-9.13481157 7.25059134
-9.17284542 7.27844493
-9.21516842 7.3333253
-9.26327918 7.37771536
-9.35531491 7.40869538
-9.39164344 7.39489777
-9.43510332 7.39841177
-9.46383542 7.4158784
-9.45975298 7.44254344
-9.41148719 7.50998119
-9.38399533 7.57188955
-9.36893165 7.639534
-9.36911251 7.70381948
-9.39495073 7.79461498
-9.43634355 7.8667036
-9.44636878 7.90850983
-9.44156287 7.96791189
-9.45112301 8.02323151
-9.46455889 8.0520928
-9.47114763 8.10699901
-9.48411841 8.15699596
-9.50848385 8.17624543
-9.52222978 8.26001293
-9.5182507 8.34610586
-9.55390744 8.37863618
-9.61018307 8.40232982
-9.64320431 8.43604869
-9.66356483 8.47353994
-9.6838995 8.48444367
-9.70118527 8.48216991
-9.7168949 8.45886384
-9.73560177 8.45395458
-9.76828712 8.53456981
-9.78198137 8.5376704
-9.80474484 8.51919607
-10.0643414 8.42987336
-10.07571021 8.46459992
-10.09764686 8.50583771
-10.14741126 8.51973867
-10.23306495 8.48881033
-10.28321693 8.4851413
-10.36003394 8.49552827
-10.39442461 8.48098135
-10.49643389 8.36212556
-10.55772213 8.31569428
-10.60399838 8.31946666
-10.65265174 8.33029287
-10.68696489 8.32166291
-10.71207964 8.33525381
-10.70215776 8.36419261
-10.67735307 8.40057282
-10.62846717 8.52999645
-10.50315182 8.66029857
-10.50054216 8.68755789
-10.55177934 8.76375479
-10.60562619 8.86759858
-10.60575538 8.9788321
-10.61596147 9.05918895
-10.7268591 9.08169404
-10.74701291 9.09528494
-10.74995846 9.12236339
-10.72122637 9.19447785
-10.68763668 9.26114045
-10.68270159 9.28935578
-10.69053056 9.31426382
-10.75858843 9.38534475
-10.86478349 9.51644786
-10.96307207 9.6616328
-11.04745968 9.78630219
-11.11567257 9.84314627
-11.18088823 9.92533763
-11.20564124 9.97773754
-11.27364743 9.99652192
-11.4719299 9.99546255
-11.71002906 9.99417064
-11.91107622 9.99303376
-11.92275509 9.92272797
-12.14232825 9.87539236
-12.27772051 9.92978181
-12.42799557 9.89812999
-12.50147946 9.86216319
-12.52437212 9.78720653
-12.55785845 9.70496349
-12.58984616 9.67114126
-12.60359209 9.63424429
-12.62214393 9.60065461
-12.65165117 9.56189728
-12.68441403 9.48417593
-12.75588253 9.37358837
-12.83109758 9.30222321
-12.95881588 9.26331086
-12.99860674 9.14693553
-13.02801063 9.10357901
-13.0772841 9.06962759
-13.12989071 9.04756175
-13.17836321 9.06086844
-13.23422543 9.07014435
-13.29269731 9.0492154
-13.30264503 9.07836091
-13.26946876 9.17055166
-13.29592709 9.21850739
-13.39607602 9.3143155
-13.40558448 9.36061758
-13.43628028 9.4203297
-13.56828773 9.54342296
-13.69135515 9.53577485
-13.65714535 9.63910187
-13.65866981 9.77635448
-13.70050188 9.85128531
-13.68980486 9.92779226
-13.71264584 9.92296052
-13.7537286 9.87025056
-13.82010698 9.88720043
-13.95462073 9.96869416
-14.02187761 10.04783662
-14.02993913 10.11514517
-14.04502865 10.14124177
-14.08626645 10.12723745
-14.17039568 10.12863272
-14.42691749 10.24836701
-14.609542 10.54984732
-14.61362444 10.61780183
-14.58742449 10.73490062
-14.5935223 10.76668163
-14.67731564 10.68896027
-14.69336117 10.74102428
-14.75738827 10.86207632
-14.77594011 10.9316328
-14.8374609 10.96256114
-14.88673438 10.96806468
-14.92479407 10.94491364
-14.97502357 10.80342357
-15.01241146 10.80435375
-15.05122047 10.83458446
-15.04302975 10.94015941
-14.99905311 10.99219758
-14.94443112 11.07214102
-14.77927324 11.40550568
-14.72025875 11.48190929
-14.68294837 11.50849681
-14.60481361 11.5115974
-14.45247148 11.55619416
-14.32782793 11.6297814
-14.26558367 11.65990876
-14.12231076 11.65195059
-13.95322547 11.66461131
-13.73277381 11.73602814
-13.72856218 11.83413585
-13.73065508 11.95983877
-13.73799313 12.00965485
-13.81628292 12.05451
-13.86188738 12.093319
-13.9011873 12.1428767
-13.94888465 12.1781717
-13.94730852 12.2152237
-13.88749305 12.24690135
-13.84945919 12.26299856
-13.75974891 12.26235261
-13.73008664 12.28080109
-13.70789161 12.31268545
-13.68238929 12.39340404
-13.67355262 12.47848928
-13.73261878 12.59282339
-13.72925981 12.67390371
-13.40573951 12.66227652
-13.37258908 12.65359488
-13.22807593 12.63959056
-13.13849484 12.63971975
-13.08291684 12.63354442
-13.05976579 12.61501842
-13.06439084 12.581067
-13.07984209 12.53628937
-13.06129025 12.48998729
-13.01193926 12.47763662
-12.98566179 12.49164094
-12.96052121 12.51435273
-12.9307039 12.53225861
-12.8881742 12.52003714
-12.79730119 12.45190176
-12.71304277 12.43314322
-12.6207745 12.39619457
-12.53421648 12.37580821
-12.45737362 12.3783662
-12.39905677 12.34007396
-12.29118222 12.32803335
-12.15194007 12.3766092
-12.0423602 12.39805492
-11.88854529 12.40332591
-11.80808509 12.38730622
-11.57368079 12.42632193
-11.45673703 12.41756277
-11.38940264 12.40441112
NaN  NaN
