# Guyana
# from http://www.rjruss.info/2010/12/free-countries-of-world-in-polygon-kml.html
-57.1947721 5.54844717
-57.24789547 5.48527273
-57.25750729 5.44514598
-57.29187212 5.3739617
-57.318563 5.33533356
-57.2796248 5.24676016
-57.23531226 5.24288443
-57.21843991 5.23154145
-57.20732947 5.21420401
-57.20980994 5.19539379
-57.22686317 5.17849559
-57.26928952 5.15702403
-57.30959713 5.10586437
-57.30577308 5.04956289
-57.33099118 5.02018484
-57.41217485 5.0046044
-57.57092485 5.00447521
-57.64885291 5.00067699
-57.71109717 4.99106517
-57.75199907 4.95447826
-57.80411475 4.92905345
-57.8449133 4.92305899
-57.8810868 4.88063264
-57.9170536 4.82040375
-57.90485796 4.77929515
-57.86788347 4.72431143
-57.84597266 4.66819082
-57.8747306 4.57708527
-57.90625322 4.50680532
-57.92470171 4.45311351
-57.94976478 4.34994151
-58.01074297 4.23646007
-58.05451291 4.17194204
-58.0543062 4.1016621
-58.03224036 4.00192658
-57.90770016 3.85668997
-57.86656572 3.78726268
-57.83266598 3.67595165
-57.72037309 3.58830842
-57.64947303 3.51740835
-57.65611345 3.42371898
-57.64673418 3.3945218
-57.60275753 3.37095734
-57.54963416 3.35281892
-57.49059384 3.35431753
-57.43790972 3.3622757
-57.42561072 3.37545319
-57.30365434 3.37710684
-57.28996009 3.35359406
-57.28288042 3.2188736
-57.27791948 3.16430329
-57.24898068 3.14226329
-57.2316174 3.10890615
-57.23055803 3.07857209
-57.22500281 3.00307282
-57.20691606 2.96338532
-57.20980994 2.88282176
-57.19738176 2.85326284
-57.16361121 2.83326406
-57.12113319 2.77554149
-57.10511349 2.76825511
-57.09689694 2.74784292
-57.06043922 2.6656774
-57.04193905 2.64113109
-57.02894243 2.6374879
-57.02349057 2.60898835
-56.99710975 2.53219717
-56.97930722 2.51323192
-56.94522661 2.45682709
-56.93148068 2.39535798
-56.88641883 2.32595653
-56.84053016 2.2771223
-56.81980791 2.22663443
-56.76115516 2.11490998
-56.70436276 2.03649099
-56.62718401 2.01600129
-56.56271766 2.00509756
-56.52235836 1.97481517
-56.48280006 1.94212983
-56.52551063 1.92727285
-56.56354448 1.90724824
-56.61646115 1.92267365
-56.68981584 1.91430207
-56.76624529 1.89218456
-56.83673194 1.88122915
-56.96954037 1.91639497
-57.01002886 1.92125255
-57.03759823 1.93647126
-57.09268531 2.00582103
-57.1189111 2.01396007
-57.18960446 1.98161062
-57.2755682 1.95923473
-57.31750363 1.96347219
-57.36677711 1.94014029
-57.41271745 1.90892772
-57.5004382 1.77381969
-57.54575843 1.72607066
-57.59441179 1.70410818
-57.69174435 1.70480581
-57.79566566 1.70002574
-57.87341285 1.66726288
-57.94635413 1.65059724
-57.98283769 1.64842683
-57.99513668 1.57432282
-58.0117765 1.53995799
-58.03466916 1.52024344
-58.09133236 1.51437816
-58.14223365 1.51698782
-58.17308448 1.54786449
-58.23041948 1.5632899
-58.2811399 1.57432282
-58.31421282 1.59194448
-58.34067115 1.58755199
-58.36271115 1.55667532
-58.38035865 1.53021699
-58.39578406 1.48171865
-58.47296282 1.4662674
-58.50606157 1.43864635
-58.48686378 1.34777334
-58.49567461 1.31227163
-58.51187517 1.28467642
-58.60507362 1.27914704
-58.68460364 1.28105907
-58.73033729 1.24752106
-58.78723304 1.20850536
-58.8217529 1.20121898
-58.8625256 1.2035961
-58.91663083 1.24886465
-58.96851396 1.30457184
-59.10039222 1.34366507
-59.23118527 1.37601451
-59.31696815 1.46461376
-59.33725115 1.50817699
-59.37768795 1.52734894
-59.47943885 1.63240713
-59.53568865 1.6999999
-59.59661516 1.71803498
-59.66661089 1.74630199
-59.66376868 1.79523957
-59.66852292 1.84234264
-59.69854692 1.86146292
-59.74074073 1.87417532
-59.75619198 1.90063365
-59.75177365 1.96238699
-59.74350542 2.12162792
-59.75521013 2.27412507
-59.84913205 2.32704173
-59.88964637 2.36295685
-59.96077898 2.58836945
-59.99431698 2.68999116
-59.99591895 2.76541291
-59.97230282 2.99046377
-59.94566362 3.08782217
-59.8730324 3.28308157
-59.83114865 3.3492274
-59.82882321 3.3985784
-59.83306068 3.46214041
-59.85440304 3.58748159
-59.73161984 3.66654654
-59.67901323 3.69980032
-59.6702024 3.75271699
-59.60444414 3.8196638
-59.57540198 3.88345836
-59.5511399 3.93353282
-59.55775448 3.95999116
-59.58640906 3.97541657
-59.62020545 4.02316559
-59.69120887 4.16039236
-59.71689206 4.18816844
-59.73854448 4.22677074
-59.72748572 4.28764558
-59.69970964 4.35353303
-59.70327532 4.3811024
-59.74580502 4.41665579
-59.8333449 4.47592866
-59.90610531 4.48032115
-59.96235511 4.50168936
-60.04501156 4.50458324
-60.1111574 4.51119782
-60.14864865 4.53323782
-60.14092302 4.56964387
-60.12456743 4.59765249
-60.06896359 4.66666637
-60.0317824 4.74051199
-60.02674394 4.81270397
-60.01547848 4.90750438
-59.99938127 4.98985078
-59.99067379 5.08284252
-60.07808448 5.14400157
-60.10596391 5.19423107
-60.14203406 5.23880199
-60.18172156 5.23880199
-60.24166623 5.25797394
-60.33520057 5.19929536
-60.40881365 5.21014741
-60.45953406 5.18808157
-60.57640032 5.1924999
-60.65135698 5.22115449
-60.74212663 5.20203421
-60.95397417 5.43739452
-61.16721697 5.67420177
-61.37679074 5.90697826
-61.39079505 5.93875926
-61.30312598 6.04950186
-61.22496538 6.12918692
-61.15949134 6.17440379
-61.12869219 6.214298
-61.15230832 6.38511445
-61.1510164 6.44653189
-61.18160885 6.51340119
-61.20359717 6.58838369
-61.17721636 6.65091218
-61.14561622 6.69455292
-61.104766 6.7113736
-61.00709754 6.72661815
-60.93800615 6.73276765
-60.9135632 6.75783072
-60.87335893 6.78692455
-60.82085568 6.78847484
-60.71791623 6.76832103
-60.6710457 6.80596731
-60.58608965 6.85710114
-60.39504188 6.94536449
-60.35209876 7.00288036
-60.32204892 7.0920222
-60.3254854 7.13398347
-60.34507077 7.15000316
-60.39240638 7.16452424
-60.46493425 7.16653962
-60.52319943 7.14369864
-60.58322161 7.15620433
-60.63332191 7.2110847
-60.63616411 7.25661164
-60.60655351 7.32084545
-60.62371009 7.36332347
-60.71920814 7.49866405
-60.7186397 7.53592276
-60.64944495 7.59664256
-60.61009335 7.648319
-60.5563757 7.77203238
-60.51363929 7.81316682
-60.38059831 7.82761038
-60.34680193 7.8539912
-60.27892493 7.91941356
-60.17815589 7.99406017
-60.03240251 8.05356558
-59.99072547 8.16200857
-59.96486142 8.19159333
-59.84908037 8.24869579
-59.82892656 8.27913321
-59.83163957 8.30595327
-60.0175197 8.54929759
-59.98062273 8.53260611
-59.836523 8.37380443
-59.75670875 8.33951712
-59.73996558 8.33874197
-59.73929379 8.3800056
-59.66611996 8.36259064
-59.4769067 8.25401846
-59.20025692 8.07459789
-58.81157264 7.73560049
-58.70106259 7.60664195
-58.62659685 7.54589631
-58.51107418 7.39805004
-58.47730364 7.32580638
-58.48058509 7.03812368
-58.58293026 6.84366527
-58.60788998 6.69731761
-58.61347104 6.50254914
-58.67295061 6.39077302
-58.59398902 6.45149282
-58.56949439 6.62724437
-58.50228919 6.73400788
-58.41498186 6.85118419
-58.2984515 6.87927033
-58.17287777 6.82940257
-58.07179867 6.82061758
-57.98257931 6.78589102
-57.79287513 6.59851227
-57.60756344 6.45040762
-57.54015154 6.33155183
-57.34367774 6.27212393
-57.22750912 6.17843456
-57.19025041 6.09730256
-57.1672544 5.88501577
-57.20528826 5.56459606
-57.1947721 5.54844717

