-85.78395728 16.00284781
-85.48369137 15.89949494
-85.16365923 15.91815013
-85.04823992 15.97396068
-84.9737225 15.98987702
-84.64609392 15.8835786
-84.55966509 15.80198151
-84.49230486 15.79391999
-84.44005998 15.81257518
-84.42600399 15.82947337
-84.49036699 15.84725007
-84.51961585 15.87277823
-84.26141456 15.82260041
-83.77547523 15.43686168
-83.76529497 15.40544241
-83.97280168 15.51962149
-84.08274329 15.51088817
-84.11132036 15.49243968
-84.10517086 15.43011791
-84.09506812 15.40094656
-84.04796505 15.39758759
-84.01318682 15.41440827
-83.92742978 15.39404776
-83.87063738 15.35275829
-83.80164934 15.28924795
-83.76046322 15.22036327
-83.71591814 15.21922639
-83.67217404 15.26072256
-83.58967261 15.26576101
-83.53592912 15.21938142
-83.49794695 15.22212027
-83.55107032 15.29400218
-83.67612729 15.36541901
-83.6463875 15.36841625
-83.36919512 15.24000031
-83.29087948 15.07892487
-83.22558631 15.04228628
-83.15752845 14.99306448
-83.41503211 15.00805065
-83.5365234 14.97701895
-83.58975013 14.90756582
-83.63548377 14.87643077
-83.67364682 14.88356212
-83.75092892 14.85625113
-83.86730425 14.79449779
-83.97225908 14.77108837
-84.06579342 14.78607453
-84.09294939 14.7709075
-84.10031328 14.7506245
-84.11442095 14.73101329
-84.15080115 14.72041962
-84.19240068 14.72602652
-84.23921953 14.74783397
-84.26397254 14.73853221
-84.26665972 14.69812124
-84.29192949 14.68737254
-84.33978187 14.7063378
-84.39365455 14.69176504
-84.45354753 14.64368012
-84.53765093 14.63342235
-84.64596473 14.66106924
-84.72980974 14.71336579
-84.78918596 14.79036367
-84.86044776 14.80974234
-84.98514299 14.75243317
-85.03733619 14.68556387
-85.04865333 14.64473949
-85.03650937 14.60766165
-85.05940203 14.58296031
-85.11730547 14.57058381
-85.16133379 14.52516022
-85.19151282 14.44661205
-85.19755897 14.38599559
-85.17947222 14.34331086
-85.2083335 14.31183991
-85.28419451 14.29163443
-85.3737756 14.22388662
-85.47707679 14.10869986
-85.57980954 14.02823965
-85.68192217 13.98255768
-85.73122148 13.9318631
-85.72770749 13.87605256
-85.7339345 13.85868928
-85.75344235 13.85204886
-85.78669613 13.84445242
-85.98376421 13.96568533
-86.04037574 14.05015046
-86.08923581 14.03723135
-86.15122169 13.99459829
-86.23821896 13.89946198
-86.3317533 13.7700642
-86.37694434 13.75564647
-86.6102376 13.7748701
-86.73364092 13.76344961
-86.75896237 13.74613801
-86.77058957 13.69875072
-86.76350989 13.63524038
-86.72958432 13.40724396
-86.71069658 13.31337372
-86.7293001 13.28435741
-86.79213864 13.27978404
-86.87355486 13.26647736
-86.91822913 13.22358592
-86.92879696 13.17940257
-86.93316362 13.11754588
-86.95889849 13.05372549
-87.00930884 13.00783682
-87.0591766 12.99145539
-87.33727332 12.97925975
-87.33254493 13.08473135
-87.41277259 13.12746776
-87.45845456 13.21542105
-87.4983746 13.27492646
-87.48514543 13.31060904
-87.48912452 13.3529062
-87.60227007 13.38559154
-87.70836178 13.36006338
-87.76936581 13.37665152
-87.81422095 13.3991566
-87.73701636 13.45137564
-87.73166785 13.48307913
-87.75647254 13.50599763
-87.78189735 13.52137136
-87.7742234 13.58030834
-87.7585396 13.64994233
-87.71531226 13.81267141
-87.73146115 13.84106761
-87.80225786 13.88997936
-87.89196815 13.89499197
-87.99103187 13.87961823
-88.03872921 13.90462962
-88.08045793 13.9605952
-88.1510221 13.98733775
-88.2762341 13.94266348
-88.40849993 13.87538076
-88.44914344 13.85098949
-88.48268144 13.8542451
-88.49764177 13.90452627
-88.50433387 13.96421255
-88.51255042 13.97896617
-88.58314043 14.00012767
-88.66561601 14.01552725
-88.70760312 14.03206371
-88.74736813 14.07226797
-88.84596676 14.12477123
-88.86831682 14.16365774
-89.00016924 14.25272207
-89.02686011 14.2969571
-89.05711667 14.32915152
-89.12052365 14.37023428
-89.17013302 14.3603124
-89.3372546 14.41136872
-89.36260189 14.41599376
-89.33942501 14.46074555
-89.28671505 14.52996613
-89.17178667 14.6068865
-89.16220069 14.66925996
-89.1922247 14.78871003
-89.2223779 14.86606965
-89.20609982 14.9005895
-89.17033973 15.03990917
-89.14258948 15.07231029
-88.97642392 15.14269359
-88.9609985 15.15246044
-88.82994707 15.25100739
-88.68447791 15.36048391
-88.53329851 15.48120006
-88.36454912 15.61602387
-88.27142819 15.69488211
-88.22833004 15.72901439
-88.13110084 15.70100576
-88.05459388 15.76482616
-88.01041053 15.78619436
-87.90700599 15.86262381
-87.87494076 15.87934113
-87.70185055 15.91065705
-87.61816057 15.9098819
-87.5449609 15.83236726
-87.48690243 15.79019929
-87.37747759 15.82647614
-87.28588111 15.83443431
-86.90724789 15.76234569
-86.7570245 15.79423005
-86.48081397 15.80105134
-86.35666134 15.78322297
-86.18119402 15.88518057
-86.06853939 15.90567027
-85.93627357 15.9534193
-85.95392107 16.00222769
-85.9856504 16.02416433
-85.78395728 16.00284781
NaN  NaN
-86.41993913 16.37838044
-86.5802911 16.30024567
-86.63041724 16.30174429
-86.55695919 16.3621282
-86.43825843 16.41385631
-86.33782528 16.43922944
-86.25550473 16.42819652
-86.41993913 16.37838044
NaN  NaN
-85.87095456 16.46152782
-85.94720313 16.40362438
-85.9609749 16.4296693
-85.92420712 16.48330943
-85.87824093 16.51395356
-85.8337992 16.51087881
-85.84441871 16.48772777
-85.87095456 16.46152782
NaN  NaN
