114.23202518 22.21053091
114.20722049 22.19518301
114.1388009 22.26838268
114.13446008 22.29223135
114.18737674 22.29662385
114.24690799 22.26355093
114.2436007 22.23352692
114.23202518 22.21053091
NaN  NaN
113.99772424 22.21047923
113.87731815 22.2104534
113.85158329 22.22045279
113.83887088 22.2416918
113.88155562 22.28029409
114.04392297 22.33341747
114.00330529 22.27755524
113.99772424 22.21047923
NaN  NaN
114.33527469 22.39623017
114.2905229 22.37377676
114.28783573 22.32530427
114.26799198 22.29553864
114.1390076 22.34845531
114.03286421 22.37589549
113.93726281 22.36499177
113.90253625 22.39610098
113.89643843 22.42816621
114.00671594 22.48405427
114.01539758 22.51190786
114.01829146 22.51444001
114.05033085 22.54299124
114.09787316 22.55125947
114.12288456 22.5650054
114.18820357 22.5650054
114.22820113 22.55394664
114.26602827 22.54097586
114.26964562 22.53676423
114.29114302 22.49945384
114.28452844 22.45759593
114.32524946 22.43741629
114.33527469 22.39623017
NaN  NaN
