# Hungary
# from http://www.rjruss.info/2010/12/free-countries-of-world-in-polygon-kml.html
22.13185876 48.40531444
22.22709842 48.41342764
22.23112918 48.41213573
22.25376346 48.4073815
22.2694731 48.36089855
22.27216027 48.35800467
22.29510461 48.32728303
22.31670536 48.28663951
22.35019168 48.25604706
22.4238306 48.24330882
22.52015547 48.20537832
22.58242557 48.13401317
22.67632165 48.10440257
22.68314294 48.10362743
22.70153975 48.10701223
22.7691842 48.10962189
22.78220666 48.09520417
22.83620853 48.06029674
22.85724084 48.02954926
22.84649214 47.99704479
22.85610396 47.96030284
22.8766195 47.94725454
22.85176314 47.92257905
22.67678674 47.79904654
22.60836714 47.76630952
22.56294356 47.75956574
22.4913717 47.77256236
22.4174744 47.76266633
22.35143192 47.73620799
22.29066043 47.72783641
22.24461673 47.69636546
22.18508548 47.62903107
22.11196333 47.57203197
22.03796268 47.53660777
21.99972212 47.50503347
21.99527795 47.39571198
21.95424686 47.36424103
21.89926314 47.33256338
21.86929081 47.30460643
21.78547163 47.13815664
21.72180627 47.08482657
21.6614482 47.04389883
21.65142297 47.00653677
21.6526632 46.96377452
21.58414025 46.87837922
21.49442997 46.7897283
21.47706668 46.75337393
21.49711714 46.70428132
21.4110242 46.64785065
21.36131148 46.6207722
21.32017704 46.60780142
21.29454553 46.57245474
21.25222253 46.4863618
21.26322961 46.44773367
21.2645732 46.41230948
21.19181278 46.39153555
21.17041874 46.35267487
21.15191857 46.30435741
21.12163618 46.2824466
21.03988407 46.24224234
20.83700239 46.25970897
20.76021122 46.24622142
20.73737023 46.21748933
20.73271935 46.19444164
20.7073979 46.17281505
20.66099247 46.14565908
20.61365685 46.13351512
20.5080819 46.16692394
20.28096398 46.13299836
20.24184492 46.10860708
20.21016727 46.12602204
20.16138472 46.14188671
19.93411177 46.16147207
19.84440148 46.14589163
19.72451216 46.15191193
19.61345951 46.16917186
19.53072554 46.15519339
19.45755171 46.08736807
19.42127486 46.06444957
19.39290449 46.0497993
19.33022098 46.02850861
19.27813114 46.0028771
19.20841963 45.98442862
19.14625288 45.98701244
19.08734175 46.01618378
19.06625777 46.00951752
19.04765425 45.98267162
19.01571821 45.95972728
18.92786828 45.93138276
18.90538903 45.93171865
18.90032474 45.93171865
18.83299035 45.91084138
18.72178267 45.89936921
18.66597212 45.90748241
18.56468631 45.81330211
18.5335771 45.7961197
18.43730391 45.76733592
18.35829064 45.75302155
18.29059452 45.76444204
18.26392948 45.76547557
17.96384444 45.77028148
17.80716149 45.79040945
17.70639245 45.82725475
17.63967818 45.86836335
17.60701867 45.91378693
17.52919396 45.94133047
17.40630741 45.95109732
17.31060265 45.99615917
17.24218306 46.07661937
17.14957889 46.14033641
17.0326868 46.18731029
16.93997928 46.25366283
16.87145633 46.33929068
16.74805301 46.41641775
16.56997603 46.48499238
16.51618086 46.49990103
16.50569055 46.52207022
16.41846073 46.60723298
16.3812537 46.63865225
16.38456099 46.68082022
16.36719771 46.70479808
16.33546838 46.72161876
16.31841515 46.78251944
16.30849328 46.8279947
16.28358524 46.8572694
16.09305423 46.8632897
16.25257938 46.97191356
16.33185103 47.00219595
16.42388675 46.99695079
16.453394 47.00676931
16.46124881 47.02247895
16.47695845 47.05785147
16.48481327 47.09126028
16.49266808 47.12267955
16.48284956 47.14037873
16.43835615 47.14590811
16.41685876 47.22342276
16.43975142 47.25274913
16.4625924 47.27313548
16.43432539 47.36744497
16.44290368 47.39953604
16.5147856 47.40454865
16.5744202 47.42465078
16.62299605 47.44756928
16.63663862 47.47661144
16.67653283 47.5360135
16.63973921 47.60887726
16.43210331 47.65631623
16.42130293 47.67445466
16.4696204 47.69507355
16.5211418 47.72447744
16.55101078 47.7473701
16.59095666 47.7505482
16.64749068 47.73899852
16.74758792 47.68626272
16.78598351 47.67864045
16.82308719 47.69398835
16.86267134 47.6972698
16.97341393 47.69533194
17.06663822 47.70755341
17.04560591 47.76375153
17.04586429 47.80452424
17.03010298 47.83713207
17.0399215 47.87294383
17.07774865 47.90090078
17.08906579 47.96363597
17.14735681 48.00595897
17.17459028 48.01205679
17.27727136 48.00433116
17.3015076 47.99334992
17.31732059 47.99089529
17.48061812 47.88761994
17.63528568 47.80989859
17.76189294 47.77015941
17.94797977 47.76690379
18.14559045 47.76341564
18.47626794 47.7769807
18.72421146 47.78716096
18.74059289 47.80651378
18.77800663 47.85289338
18.74834435 47.89268423
18.75010135 47.9394514
18.79185591 48.00027456
18.91412235 48.05081411
19.26510868 48.07303498
19.46695682 48.1107071
19.49749759 48.16212515
19.56421187 48.21281973
19.62539676 48.22310334
19.70921594 48.19979727
19.81008833 48.15501964
19.89861006 48.131326
19.95038985 48.14662222
20.12862186 48.22201813
20.3337773 48.2955537
20.47495731 48.49510224
20.48999515 48.52690908
20.64311242 48.54969839
20.86661299 48.54566763
20.98117964 48.51967438
21.06732425 48.50592845
21.1963603 48.51060517
21.38239546 48.55347077
21.45133182 48.55223054
21.5046619 48.52189647
21.56315962 48.49572236
21.60264042 48.46365713
21.63250939 48.41849193
21.64858076 48.40149038
21.67462569 48.37836518
21.72149621 48.34655834
21.76697147 48.33810924
22.11134321 48.39337718
22.13185876 48.40531444

