75.8975653997 28.3895854909
75.8975653463 28.3895854721
75.8975165019 28.3895712212
75.8918820255 28.3879243824
75.891488099 28.3826357331
75.8804509029 28.3867983214
75.8495127125 28.3932748527
75.8433732039 28.3937069007
75.8365356767 28.405081097
75.8264198818 28.4019247468
75.8249989634 28.4075330896
75.8108897065 28.4102838297
75.8023168514 28.4059456848
75.795834496 28.400514644
75.7908134715 28.4033150626
75.7785663552 28.4037253404
75.7737096839 28.4168889171
75.7851233274 28.4265682464
75.7934343579 28.4353018057
75.793483232 28.4468415114
75.7865618399 28.4537174808
75.7554581775 28.465541047
75.7433092835 28.468819851
75.7448833925 28.4833921304
75.7322755155 28.4874976719
75.7090023122 28.4915771261
75.6983855455 28.4953572262
75.6794285053 28.5132295285
75.672250896 28.517169812
75.6738243952 28.529598762
75.6716629231 28.5324266845
75.6619082516 28.5369068466
75.6518477042 28.5392624659
75.6449766478 28.5438798175
75.6374081593 28.5423605299
75.6335949461 28.5548990312
75.6274271758 28.5851453839
75.6284279393 28.5956444245
75.6264536141 28.5986326303
75.6177313987 28.6023167511
75.5933153121 28.6028513041
75.5853961627 28.6131680624
75.5640753672 28.6111224473
75.5573919462 28.6396702113
75.5479735397 28.645441762
75.5491197596 28.6518516395
75.54634974 28.6578723109
75.5482382705 28.6726029993
75.5450751764 28.6787639824
75.5439414323 28.6849860622
75.5399991278 28.7139139255
75.5394719579 28.7294566864
75.5345799435 28.739564677
75.5374775606 28.746926376
75.5305243031 28.7528061576
75.524672413 28.7689101579
75.5136186228 28.7794865161
75.5071201021 28.7843732088
75.5125329685 28.7934523257
75.5117508054 28.8060043037
75.5174401817 28.8120080809
75.5220489692 28.8333115212
75.5191895372 28.840144152
75.5113832548 28.8427188158
75.5078481185 28.8471102772
75.5064280624 28.8529417232
75.4967041932 28.8564204219
75.4971983141 28.8951101321
75.4934016197 28.8984708004
75.4758752287 28.9231014593
75.4777094423 28.9348394635
75.5064269929 28.9382942156
75.5124295958 28.9486211169
75.5118393735 28.9582906008
75.51783628 28.962544752
75.5254616468 28.9721869136
75.5249258623 28.9789628197
75.524222698 28.9878546694
75.520134884 29.0001405562
75.5200502768 29.0009636109
75.5200872132 29.0076552656
75.5141185285 29.0119915064
75.4926134747 29.0157261064
75.4824160478 29.017094412
75.4676231922 29.0170710635
75.4436817998 29.0135030877
75.4415842616 29.0190334124
75.4495432983 29.0384827338
75.4464789421 29.0474521301
75.4387507996 29.0531706629
75.4392681217 29.0617188576
75.3992309008 29.0653069956
75.3896141437 29.0674060386
75.3911705068 29.080693273
75.3903956779 29.086778614
75.3921830507 29.0924698087
75.3903246974 29.0996793627
75.3897517559 29.1078382008
75.4004100833 29.1164247788
75.4052955782 29.1255421913
75.3941936783 29.1312897141
75.3829063867 29.1342112995
75.3702236597 29.1397969967
75.3767349951 29.1475817982
75.3780902972 29.167142536
75.3876057383 29.1686725177
75.3977157546 29.1678487151
75.4035567295 29.1714087097
75.4098438534 29.1860344137
75.4090782144 29.1986287994
75.4056895706 29.2105794091
75.4015524597 29.2152423168
75.3953590525 29.2184204402
75.3965600734 29.2262296581
75.4029468353 29.231418449
75.4086706991 29.2374406369
75.4089899819 29.2439682219
75.4080080285 29.2521729072
75.4050442871 29.2591244178
75.3972974504 29.2615658467
75.3888566131 29.2611633405
75.38177194 29.2572789246
75.3672486403 29.251873383
75.3594182466 29.2446337963
75.3564236338 29.2273797935
75.3545239999 29.2234145331
75.3437530838 29.2261143676
75.3241311912 29.2332868737
75.3324095056 29.2490723197
75.3346469946 29.275636925
75.3335440791 29.2875272376
75.3285862028 29.2907980039
75.3178546847 29.2862869705
75.3089569658 29.2793580138
75.2989362144 29.2751047012
75.2886037651 29.274242761
75.2862008977 29.2712146334
75.2859299724 29.2708731155
75.2809113796 29.2517755948
75.2586385445 29.2539159101
75.2443652631 29.2494186412
75.2325534059 29.2324369883
75.2210383165 29.2320488469
75.2043955488 29.2417664223
75.1976164954 29.2562056932
75.1890920237 29.2662189034
75.1731197953 29.2620083102
75.1698786333 29.251376517
75.156507229 29.2434923926
75.1336760811 29.2426554565
75.1227434062 29.2406001118
75.117134147 29.224480538
75.1014601478 29.2268454957
75.0870052011 29.2302135237
75.0716396201 29.2367339422
75.0742526303 29.2444149883
75.0695674576 29.2511293548
75.0598998093 29.2615594677
75.0596406398 29.2667316245
75.0594630128 29.2702559625
75.048910049 29.2850357096
75.0328279797 29.2894487501
75.0148121995 29.281757905
74.9999338466 29.2697251193
74.9918206602 29.2762615738
74.9858191961 29.2791274256
74.976943539 29.280463746
74.9688368644 29.2781930242
74.9619837746 29.2799998755
74.9564163634 29.286233867
74.9514722735 29.2932618797
74.9490167542 29.302916628
74.9547853647 29.3091258059
74.9594984549 29.3166033741
74.9599241418 29.3241754996
74.9550682832 29.3309309329
74.9448818033 29.3360701457
74.9361565716 29.362820621
74.9309761395 29.3642249401
74.9192158209 29.3693677185
74.9080724754 29.3764633512
74.9043197132 29.3823670798
74.8974876261 29.3849555162
74.8795707802 29.3834326558
74.8755449027 29.3868015725
74.8729300783 29.3946841162
74.8661873483 29.3977323504
74.8585097251 29.4011628973
74.8501143733 29.4024663719
74.8440851617 29.3998807442
74.8184872539 29.3969405649
74.8076872829 29.3831214678
74.7946225573 29.3690216928
74.7847468808 29.3586449974
74.7654284817 29.3545013824
74.7404737638 29.352375904
74.7313229564 29.3594654104
74.7256681839 29.3649913651
74.7200086204 29.3675604658
74.6974169381 29.3638558121
74.6847530199 29.3668938247
74.6672256438 29.3687474457
74.6588814 29.3711611472
74.6523810442 29.3531871219
74.6527628364 29.3341165412
74.6504233864 29.3299725461
74.6145975445 29.3264289433
74.6043447351 29.3271852642
74.6086379851 29.3532112352
74.6053398405 29.3610858918
74.5991720116 29.3695882211
74.5884235572 29.3776794537
74.5815357721 29.3854278758
74.5777817564 29.3962885497
74.5787135894 29.4051572091
74.5730704858 29.4097933848
74.5664989962 29.4176661439
74.5608640842 29.4214404078
74.5498134537 29.4222305911
74.5399771064 29.4240879528
74.5382606626 29.4341133011
74.537819499 29.4486779463
74.5394806971 29.4566908596
74.5433789085 29.4641607894
74.5515786521 29.4656897974
74.5591381762 29.4635715064
74.5682333217 29.46344334
74.5804974291 29.4613406704
74.5876985981 29.457646124
74.5892281937 29.4625281777
74.5943405946 29.468002598
74.6003957989 29.4788659529
74.5991592231 29.4851489102
74.6015234839 29.4911447237
74.6096567755 29.5025672087
74.6134366452 29.5094578097
74.620632118 29.5190102909
74.6233635002 29.526117387
74.6204045543 29.5305185886
74.6084508662 29.5359248258
74.600137173 29.5424924517
74.5907643168 29.5467832598
74.5807227007 29.5547031428
74.5755116363 29.5626429807
74.5796035313 29.5676837128
74.5793089934 29.5850859975
74.5837608279 29.6135979309
74.5861117075 29.6199952054
74.5844721991 29.6265057643
74.5904273531 29.6297204679
74.595181476 29.6344340998
74.5911981669 29.6432620726
74.5877064956 29.6539572589
74.594357945 29.6742421976
74.6001014441 29.6819157792
74.6031369687 29.6906345368
74.6021567954 29.6999333946
74.6083288267 29.705412551
74.6096975281 29.7123160052
74.6128121563 29.7206381368
74.6109808455 29.7399031932
74.615380088 29.7458812211
74.614794612 29.752114194
74.6068895807 29.7572369774
74.6019816693 29.7660048738
74.5960511974 29.767803496
74.5875603886 29.766277718
74.580759576 29.752569
74.5733832736 29.753947271
74.5586716133 29.7541665308
74.5471177481 29.7532589762
74.541172887 29.7487567698
74.5351230035 29.7407831145
74.5208425172 29.7401339912
74.5060737636 29.7413084121
74.4924483935 29.7435512398
74.4812368913 29.7435804442
74.4783795903 29.7578113269
74.4745842115 29.7871619368
74.4799112548 29.8016028128
74.4899888296 29.8148494795
74.5010985518 29.8260921008
74.5153324954 29.8321224917
74.5420296841 29.8387837325
74.5570169778 29.8563949133
74.5631329706 29.8651098108
74.561393489 29.8730014196
74.5548115663 29.8802306257
74.5530635956 29.888236142
74.5433174514 29.9021767137
74.5351168147 29.9021423398
74.5205021783 29.9039051857
74.5146406149 29.907392734
74.5224449431 29.929674063
74.5287460742 29.9429879444
74.5343481863 29.9511904685
74.5399400057 29.9445842678
74.5587170492 29.9327120789
74.5616912793 29.9287734501
74.571546104 29.9288298895
74.5826442538 29.9253740534
74.5905553116 29.9177629433
74.5954930435 29.9142052779
74.6317495414 29.9071296665
74.636116538 29.9053468709
74.6423632111 29.9049907837
74.6493584563 29.9032580347
74.6566995201 29.9039587814
74.6486214123 29.9137701445
74.6496449986 29.9218173562
74.6587352395 29.9302409375
74.6755364564 29.9409738437
74.6908332746 29.9484456156
74.6930924129 29.9603326363
74.7007076406 29.9685215074
74.705425025 29.9707683493
74.7073005086 29.970385608
74.7160766621 29.9680857195
74.7339438747 29.9610268693
74.7472218833 29.9681935958
74.7607133028 29.9703388946
74.768686054 29.9727304716
74.7773821954 29.9717890355
74.7860201022 29.973450345
74.7942522343 29.979470397
74.8044710409 29.9886440509
74.8112548149 29.9915857709
74.8191152318 29.989470774
74.8267699736 29.9834985289
74.8297607841 29.9784253334
74.8314513458 29.9720056472
74.8390733678 29.9683940704
74.8466644206 29.963068838
74.8597041758 29.9580080269
74.8694576379 29.9600254376
74.8757450097 29.95772955
74.8820558992 29.9579522487
74.8875071797 29.9613890136
74.8916149235 29.9671684399
74.8955417388 29.9611345702
74.899878638 29.9578101575
74.9044619106 29.9517142775
74.9031916597 29.9460336415
74.8996809776 29.9437893809
74.8953103796 29.937891681
74.904455673 29.9381984572
74.9258540251 29.9478771359
74.9342196786 29.9402186739
74.9387078714 29.9278323642
74.9420019653 29.9214383826
74.9457488797 29.9140602763
74.9532227408 29.9011618764
74.9679293941 29.8963135274
74.979959302 29.8884639594
74.9795209271 29.8792054587
74.9999389605 29.8549191506
75.0041401623 29.8616705604
75.0157187604 29.8660210749
75.0241849183 29.8630537327
75.0335688545 29.8712824601
75.047617023 29.8801708812
75.0618789931 29.8732169344
75.0705274787 29.8744562836
75.0756305259 29.8773729223
75.0801849484 29.8916876671
75.0879495775 29.9106459309
75.0950272269 29.9134522874
75.1000177783 29.9100277688
75.1049769431 29.9033650834
75.1128869981 29.8952987644
75.1132789702 29.8750311929
75.1143940067 29.8714384178
75.1107483933 29.8661448004
75.0948272741 29.8568614431
75.0911041646 29.8524211629
75.0913397397 29.8476477352
75.0958462168 29.8430588823
75.1090618041 29.8396450364
75.1141827085 29.8362236286
75.1172133595 29.8247343253
75.1033884315 29.8175291684
75.0990750866 29.8110558429
75.1002121705 29.8048668032
75.1055636717 29.8025469839
75.1123282354 29.8007368646
75.1349925088 29.8037613606
75.1414516987 29.7829767986
75.1454934762 29.7784820474
75.1517356206 29.7750928561
75.1640890142 29.779081327
75.1692366805 29.7822855228
75.1649204198 29.7871709767
75.1595668957 29.7897216778
75.1590121164 29.7942067546
75.1613833619 29.7999243814
75.1655404779 29.8179085605
75.170080089 29.8217261508
75.1771425902 29.8230270557
75.1853301258 29.8275849425
75.1861891502 29.8331376319
75.1887460336 29.8349721998
75.1925259759 29.8367607036
75.1987992929 29.8326153852
75.2110879033 29.8280117648
75.212691168 29.8193541756
75.2079477987 29.8114424545
75.2065798414 29.8030994321
75.2080713781 29.7942091945
75.2154658505 29.7879667743
75.2224979468 29.7844747092
75.2262787614 29.7778362077
75.2268282699 29.769435058
75.2333511248 29.7614438468
75.2374134891 29.7540071067
75.2410502025 29.7499604511
75.2313953558 29.7309526605
75.2266288581 29.7278805128
75.2206760924 29.7288035415
75.2161819089 29.7331725585
75.2080998732 29.7287329252
75.2036714633 29.7231326809
75.1972028818 29.7098592364
75.1983389348 29.7016622848
75.2023622759 29.6974489256
75.2076028224 29.6943710148
75.2051986119 29.6856608869
75.1987776902 29.6787365791
75.1897221424 29.6762268553
75.1851890476 29.6759816514
75.1777070899 29.6712096228
75.1687591614 29.667318527
75.1676700743 29.6606622451
75.1725721232 29.6559672025
75.1783572768 29.6521504495
75.1831220869 29.6473914116
75.1822441363 29.6365314055
75.1831273968 29.6279685103
75.1945025155 29.6204011865
75.2091627274 29.6205306163
75.2310202607 29.6043295977
75.2329816522 29.5966637511
75.2291171181 29.5902685338
75.220904046 29.5801845051
75.2276146299 29.5762235068
75.231503836 29.5680325601
75.2378776479 29.5562908289
75.234015319 29.5477648149
75.2331569001 29.5438816788
75.2477733104 29.5492525618
75.2642530942 29.5518499795
75.2772290945 29.5569407566
75.2847869533 29.5587564842
75.3004193256 29.5593736342
75.3058646544 29.5656852196
75.3128729128 29.5766599686
75.3147019904 29.5812073887
75.3143432055 29.5860896672
75.3118665322 29.5896001657
75.3034561219 29.5953016544
75.290185723 29.6009248146
75.290429057 29.6077852066
75.2977404956 29.6174401071
75.3109843377 29.624729325
75.3174532675 29.6302036438
75.321664083 29.6463997352
75.3262140753 29.6584596077
75.3277344831 29.6683471969
75.3326187412 29.6700459813
75.3401822385 29.6699073913
75.3515031309 29.6597264704
75.356810349 29.656471496
75.3585107682 29.6566486659
75.360482592 29.656861132
75.3593534566 29.6632276128
75.3560693773 29.6690144238
75.3438940511 29.6856794946
75.3454183371 29.6914900378
75.3512946231 29.6928595267
75.3627864373 29.7021033498
75.3686701817 29.7033623636
75.3720669278 29.7104811559
75.3801619102 29.7106444024
75.3889093448 29.7088702872
75.3937609526 29.7178757589
75.3923662576 29.7246371362
75.3939159889 29.7315924109
75.4010838085 29.7361660114
75.407023469 29.7462320674
75.407482895 29.7585871613
75.4202770999 29.7728769509
75.4300658841 29.7719270625
75.4375250436 29.7754672265
75.4449636334 29.7778021462
75.4541373947 29.7836886914
75.4535002806 29.7916844636
75.4458420551 29.7963776321
75.4546607459 29.8053722785
75.5087639866 29.7751566455
75.5167131522 29.7714438519
75.5220749349 29.7574102524
75.5343742686 29.7645834455
75.540608513 29.7700495561
75.5545986611 29.7690752646
75.5668340983 29.7631151032
75.5734784908 29.7414945689
75.5791840364 29.7398603104
75.6031653286 29.7463497086
75.6109245799 29.7445870551
75.6236587137 29.7436322416
75.633076498 29.7507839854
75.6339956523 29.7640615636
75.6358624223 29.7703947922
75.6514046928 29.7682498327
75.6601958037 29.7716917951
75.6669356098 29.7731825378
75.6767211282 29.7697951604
75.6888290884 29.7541281622
75.697942218 29.7488210753
75.7079857498 29.7522390197
75.7165640579 29.8056897122
75.7205385077 29.8093115765
75.7366636346 29.8085429928
75.7434016485 29.8082719424
75.7590876082 29.8091103724
75.7713227613 29.8156308061
75.774139283 29.8189279352
75.7823630446 29.8223478775
75.7939279904 29.8122466532
75.8067708568 29.8040275242
75.8307219641 29.8122482236
75.8397862277 29.8091761496
75.840033025 29.7975478355
75.8441189051 29.7874971396
75.8519660419 29.7776527348
75.8543305692 29.7727589921
75.8652981277 29.7664418835
75.8744599497 29.7490786648
75.8827106923 29.7468531596
75.8899605779 29.7437912407
75.9014055018 29.7499344746
75.907970433 29.7522257313
75.9138386162 29.7429641724
75.9246594938 29.7354346919
75.9338577012 29.7315544464
75.9447167514 29.7291625375
75.9494044451 29.7301319673
75.953072714 29.7309109386
75.9608201891 29.7305051012
75.9682169686 29.7287118084
75.9755927386 29.7279525794
75.9832921401 29.7289274427
75.990760248 29.7327353442
76.0000582015 29.738859463
76.0146424355 29.7474580529
76.0220907942 29.7493451824
76.0284118977 29.7525871247
76.0350843586 29.7521054965
76.042546481 29.7473889942
76.0464793889 29.7431535735
76.0523207327 29.7452472301
76.069333253 29.7696148861
76.0741135974 29.7739207981
76.0808099211 29.7724717622
76.0852653349 29.7776851703
76.0863705069 29.7843511152
76.0865407673 29.7935079543
76.0886409737 29.8022352589
76.097046517 29.8063532144
76.1015509676 29.8072678332
76.1053604639 29.8079961107
76.1142125162 29.8048349654
76.1212644867 29.7997254144
76.1273836178 29.7927983733
76.132405236 29.7958673315
76.1382030826 29.8018070524
76.1431401325 29.8084264394
76.1503114192 29.8131301086
76.1641829261 29.8126223289
76.1777335136 29.8146604038
76.1969366083 29.8275527573
76.2005050214 29.8367885258
76.2053260164 29.8412830157
76.2133798927 29.8416001452
76.2192294987 29.8395726321
76.2208032727 29.839027102
76.2222637841 29.8395190997
76.2208213983 29.8464577017
76.2229404477 29.8494463212
76.227008012 29.850983402
76.2340919339 29.8518673821
76.2397021091 29.8508031896
76.2430623715 29.8526347065
76.2464311093 29.8560823142
76.249163237 29.8617216227
76.2532535231 29.8652910648
76.2499233578 29.872172081
76.2436978285 29.877612375
76.2365439159 29.8813598681
76.2281911126 29.8801718688
76.2193523877 29.8828264504
76.2086095068 29.8803592265
76.1958520862 29.8849393428
76.1939406764 29.8902502152
76.1948628995 29.9121022306
76.1932764318 29.9196268079
76.1827509753 29.9196258389
76.1775391029 29.9250779727
76.1809189754 29.9329850065
76.1902275021 29.9426793997
76.1961268532 29.9426900837
76.2021884365 29.9408551628
76.2152025441 29.9404873841
76.2164119135 29.9438753246
76.2148069741 29.9484515132
76.2060966484 29.9620792559
76.2103804584 29.969576009
76.2088895053 29.9762279053
76.2085445355 29.9815197672
76.2071840349 29.9869204962
76.2044522265 29.9930487441
76.200802264 30.0006290165
76.2010595047 30.0027631941
76.2012560034 30.0048227141
76.2014310332 30.0068954075
76.2016491172 30.0089371208
76.2019553276 30.0109350792
76.2023793995 30.0128626117
76.20303098 30.0146627193
76.2049326588 30.0158331221
76.2072679821 30.0165011285
76.2095099614 30.0169563671
76.2118085646 30.0172847557
76.2141090583 30.017636063
76.2163695083 30.0180916364
76.2186957148 30.0185487137
76.2209382754 30.0191594263
76.2228931443 30.0201477794
76.225037616 30.0217263462
76.2269404514 30.0235509154
76.2276265927 30.0250954008
76.2266345479 30.026056233
76.2248112669 30.0267688032
76.2224790512 30.0273550954
76.2198856045 30.0278849061
76.2172906817 30.0284604145
76.2149413125 30.029174337
76.2126140677 30.0301083917
76.2104005295 30.0312739088
76.2094282043 30.0326972576
76.2098864143 30.0343783155
76.2111150767 30.0362330515
76.2126173934 30.038084951
76.2140306625 30.0397563371
76.2155483006 30.0412836764
76.2171653685 30.0427446401
76.2187476206 30.0442277123
76.2201557043 30.045816501
76.2214028476 30.0475067448
76.2225611828 30.0492635766
76.2236876088 30.0510333338
76.2248385515 30.0527762438
76.2260185648 30.0545152049
76.2272014246 30.0562496439
76.2283708547 30.0579929378
76.2295510125 30.0597318557
76.2307234198 30.0614660048
76.2319145728 30.0631914271
76.2330974138 30.0649303992
76.2342994249 30.0666468963
76.2355141838 30.0683773933
76.2367054734 30.070102757
76.2378992384 30.0718327344
76.2390903146 30.0735672091
76.2402948413 30.0752928313
76.2415182138 30.0770051578
76.2427656877 30.0787043066
76.2440562612 30.0803723868
76.2454003021 30.082014252
76.2467764718 30.0836385134
76.2482155031 30.0852733984
76.2496998013 30.0868909799
76.2512460584 30.0884642459
76.2528288519 30.0899605177
76.2544707251 30.0913346227
76.2561826632 30.0925684481
76.258380128 30.0928114004
76.2608724898 30.0924433888
76.2625721119 30.0934801404
76.2640120261 30.0950965346
76.2652422582 30.0969459842
76.2662404465 30.0988130106
76.2666633279 30.1009962112
76.26543795 30.102436724
76.2634042246 30.1031173855
76.2611489527 30.1036418506
76.2587604091 30.1040488823
76.2563534824 30.1043684543
76.2540351279 30.1046305907
76.2517140574 30.1047233188
76.2493682748 30.1046782138
76.2470332885 30.1046241435
76.2447242665 30.1046667091
76.2424779646 30.1049806906
76.240345491 30.1057868537
76.2383361897 30.1068658029
76.2365294969 30.1081141725
76.2348113221 30.1094789737
76.2328821176 30.110600867
76.2308460678 30.1116013553
76.2287973543 30.1125877272
76.2268405857 30.1136632115
76.2250959515 30.1149403224
76.2235940818 30.116451865
76.2222512206 30.118095212
76.2209486296 30.1197989288
76.2195767844 30.1214415699
76.218070684 30.1229986741
76.2163729815 30.1243682985
76.2142927499 30.1251707452
76.2120594661 30.1258140364
76.2100242124 30.1267776017
76.2079950709 30.1277961961
76.2060270372 30.1288802862
76.2041616449 30.1300491029
76.2022689795 30.1315009193
76.2012812431 30.1332209653
76.2022209986 30.1351692393
76.2039701221 30.1369900187
76.2057762876 30.1373114359
76.2075828469 30.1365164277
76.2094547567 30.1352241989
76.2113698358 30.133727107
76.2133102903 30.1323449391
76.2153209374 30.1312434712
76.2174641762 30.1302777566
76.21962058 30.1296555043
76.2217566254 30.1301170916
76.2236174584 30.1315651266
76.2243444712 30.133339009
76.2232360761 30.1349694455
76.2217147809 30.1365902812
76.2202056977 30.1382388194
76.2191221109 30.1400024734
76.2187517778 30.1420206857
76.2180294218 30.1439346127
76.2168042726 30.1457590202
76.2154560957 30.147562215
76.214298098 30.1493423586
76.2136461171 30.1511023414
76.2140615861 30.1532440584
76.2155892828 30.1554301009
76.2173073394 30.1558865255
76.2189262306 30.1550367005
76.2205691018 30.1539220995
76.2222551006 30.1526025687
76.2239565158 30.1511232254
76.2256661043 30.1495480266
76.2273646215 30.147903884
76.2290444078 30.1462684275
76.2306886646 30.1446733162
76.2322852342 30.1431731357
76.2337290695 30.141587043
76.235072456 30.1399299348
76.236443974 30.1382964388
76.2379796063 30.1368039188
76.2397457725 30.1355180763
76.2416757384 30.13437784
76.2436236821 30.1332562862
76.2454717492 30.1320408637
76.2470969912 30.1306235568
76.2484989911 30.1290180388
76.2498629273 30.1273658582
76.2526529884 30.1251198395
76.2546896582 30.1239269487
76.2562589417 30.1183079857
76.2628388678 30.1154354595
76.2771928307 30.1140958172
76.2837207638 30.1107454348
76.2915578156 30.1100327609
76.2980749108 30.1132016116
76.3047940989 30.1150021852
76.3244643171 30.1048527141
76.3346173923 30.104542827
76.3401177386 30.105833896
76.3496624594 30.112162114
76.3606928865 30.1239630864
76.3600871645 30.1279620496
76.3474850897 30.135579991
76.3405003492 30.1411094077
76.3376684486 30.1455885968
76.3548875257 30.1497695487
76.3601654459 30.1468411235
76.3699634846 30.1295881684
76.3755479091 30.1238201971
76.3865089133 30.1199883484
76.3961933767 30.1200759451
76.4018267813 30.123778998
76.4002793376 30.1302232379
76.4001538566 30.1345806398
76.3963986779 30.1420736551
76.3980038565 30.1445021349
76.4043774448 30.1465240177
76.4113908432 30.1514191743
76.413508568 30.1539777462
76.40052774 30.1703840085
76.3949379546 30.1753195626
76.392912562 30.1795428215
76.3986502635 30.1832798704
76.4029401943 30.1885399314
76.4107997308 30.1952787123
76.4221687925 30.1985628719
76.4319701728 30.194131043
76.4405282478 30.1760203593
76.4409315888 30.1692127375
76.4383431268 30.1638032684
76.4343423318 30.1598038083
76.4341450557 30.1549180235
76.4367620367 30.1508351438
76.4379363057 30.1437696207
76.4432210163 30.1369040617
76.448191755 30.1332202384
76.4529051892 30.1321385041
76.4583408353 30.1332913764
76.4580585153 30.1251276252
76.4563316836 30.1190505017
76.4584718328 30.1073798014
76.4609209633 30.1009361836
76.4638859359 30.0968463754
76.4665149071 30.0963712974
76.4733969063 30.0951273894
76.4953274091 30.0956536409
76.5026477601 30.0932312811
76.5070091394 30.0884615811
76.5068371469 30.0831456149
76.5089597163 30.0776228586
76.5129384005 30.0726844455
76.5207586311 30.0755705801
76.5373866992 30.0768740807
76.545490115 30.0787949998
76.5667534799 30.0947626887
76.5921640344 30.1148906753
76.6012087801 30.1194225618
76.6076044714 30.1248912095
76.6194964229 30.1368198274
76.6273401192 30.141668016
76.635319184 30.1453473945
76.6396843529 30.1510559292
76.6348232292 30.1662623172
76.6513662901 30.1811613378
76.653843779 30.1852060418
76.6541148494 30.1896397476
76.6493013998 30.1929208938
76.6510697002 30.2019095484
76.6449591847 30.2059916335
76.6288924999 30.2070628224
76.6215452784 30.2087808562
76.6164040332 30.2111895317
76.6184243111 30.2160346605
76.6240266368 30.2216404474
76.6241712087 30.226995225
76.6215001336 30.2309191036
76.6116166848 30.2363757013
76.6081027623 30.2399889717
76.6025197783 30.2501819098
76.5962038115 30.2526017888
76.5880739385 30.2519462277
76.5812321589 30.2474340603
76.559803015 30.2305510515
76.5564849141 30.2269722561
76.5446349439 30.2232530325
76.5450349598 30.2282062814
76.5543406378 30.2325026527
76.5581217682 30.2396590703
76.5590990803 30.2456489387
76.5579972051 30.2547552444
76.5598276754 30.2610465368
76.5701160458 30.2603769702
76.5931576893 30.2659621615
76.6167334725 30.2683168554
76.6220671026 30.2666578822
76.6266280353 30.2713265504
76.6319910648 30.2839056775
76.6351166403 30.2874326844
76.638583958 30.2799764259
76.6636097295 30.2953612766
76.6747699404 30.2955628314
76.6854378003 30.3087693757
76.683257976 30.3151868902
76.6870251881 30.3219635153
76.6918753338 30.3173794787
76.7008735482 30.3219756834
76.7100794091 30.3208407843
76.7126786087 30.3258278537
76.7171760258 30.3276703354
76.7233853451 30.3258384538
76.7276110424 30.3288779024
76.7275926152 30.3358651301
76.7363886715 30.3403315853
76.7414684334 30.3443937465
76.7471165636 30.3498938286
76.7510193402 30.3556102114
76.7475409954 30.3608862135
76.7428965085 30.3634087606
76.723854684 30.361128181
76.7214344357 30.3641659477
76.7305978499 30.3731027591
76.7282455901 30.3762562433
76.717402481 30.3768377334
76.7142012893 30.3808517615
76.7126701841 30.3896275268
76.7254396618 30.3942612233
76.7391242467 30.4010063194
76.7377731416 30.4164335596
76.7504800096 30.4208807583
76.7614998152 30.4226277926
76.7670210764 30.4288048611
76.7699040912 30.4338053403
76.7705196083 30.4348728652
76.7759927346 30.4357176489
76.7794050769 30.4319767813
76.7769622306 30.4209828067
76.7834361421 30.4142573377
76.7932981972 30.4109681973
76.8099295811 30.4110439935
76.8211090224 30.4077698365
76.8358138846 30.4184539039
76.8406061728 30.4262282098
76.8451521707 30.4297729387
76.8524110058 30.4166226721
76.8599527721 30.4107653167
76.8774235784 30.4046230786
76.880231187 30.3973476118
76.8788857492 30.390655375
76.8870675109 30.3870949771
76.8928821602 30.382025705
76.8930803948 30.3787967589
76.8883260631 30.3653356932
76.8890402991 30.3591351427
76.8928322383 30.3554855979
76.8998287506 30.3541605234
76.9048817747 30.3554503786
76.9103841579 30.358367309
76.91611879 30.3632684013
76.9296672795 30.3785228675
76.9334668982 30.38052877
76.9399864375 30.3843873137
76.942967507 30.3883436495
76.9441212544 30.3928233781
76.9417665647 30.3956504709
76.9385089981 30.3973540256
76.9321798081 30.3988029507
76.9219643063 30.3990487394
76.9178851466 30.400475694
76.9165547899 30.4025034075
76.9166312547 30.4057419872
76.9179631003 30.4089860389
76.9164325522 30.4140274689
76.9164516686 30.4206848323
76.9144280335 30.4241440028
76.9026771499 30.4325204514
76.9015967189 30.436943751
76.9034916151 30.4469007252
76.9079813983 30.451411669
76.9108491074 30.4636222766
76.9094664677 30.4712259668
76.9026788177 30.4751837988
76.9017505122 30.4804598823
76.9067054907 30.4855096114
76.9139942638 30.4847109332
76.9206835164 30.4866434109
76.9252326793 30.4895088273
76.9287853625 30.4952718206
76.9301754262 30.4998093042
76.9311757459 30.5030743324
76.9332401912 30.5138783521
76.932994025 30.5205302239
76.9329930586 30.5205566055
76.9272229429 30.5224041461
76.9201837371 30.5257816087
76.9111410536 30.5305834216
76.9007028963 30.5340600221
76.8979677235 30.5363345136
76.905132215 30.540346993
76.9151916412 30.5469508347
76.9189115375 30.5542933507
76.9168280818 30.5576316464
76.9118680271 30.5599463661
76.9118736136 30.5626431335
76.9168995753 30.5710934368
76.9175424586 30.576480543
76.9116009488 30.584352495
76.9202500152 30.5873408315
76.926488918 30.595625858
76.923676436 30.6017654766
76.914591828 30.6043540158
76.9126907287 30.6159901608
76.9076237611 30.6192987353
76.8966919911 30.6230759423
76.8937333907 30.6290564863
76.8901943805 30.6330242316
76.8857548376 30.6360287085
76.8810543321 30.637657054
76.8750537144 30.6362899251
76.8716646385 30.6366499018
76.8720813973 30.6475889809
76.8749957242 30.655751649
76.876265574 30.6675519729
76.8753867008 30.6753307768
76.8685564908 30.6692546927
76.8629849795 30.6609222446
76.8529701794 30.6528463637
76.8478809025 30.6518888872
76.8481341452 30.6601787186
76.843170007 30.661010265
76.8400529484 30.6594144216
76.8371988476 30.6561419898
76.8319094071 30.6566790084
76.831478838 30.6690635512
76.8329517643 30.6819463355
76.8236479907 30.6810752896
76.8190570878 30.6763842493
76.8160337159 30.6716048397
76.8074639708 30.665455551
76.8023955327 30.6667179418
76.7837900946 30.6741064693
76.7581264506 30.686666908
76.7515702641 30.6853711971
76.7459972418 30.6933891048
76.7435503834 30.6937331732
76.7405722395 30.6919007257
76.7393862512 30.6921557689
76.7377130451 30.7000364589
76.7392086844 30.7011538976
76.7400264012 30.7037930691
76.7385857853 30.7062453829
76.7346636723 30.7083464044
76.7283268734 30.7095764475
76.7284538815 30.711246787
76.7307270242 30.7137414649
76.7310890389 30.7169014925
76.7292925585 30.7249071763
76.7243065458 30.7285811991
76.7230777543 30.7317868076
76.7144290634 30.7416005909
76.7086160535 30.7404096992
76.7058377416 30.7410389293
76.7038462658 30.7429862022
76.7064953952 30.7489884136
76.7061210542 30.7537278867
76.7038128556 30.7564225784
76.7210754356 30.7664425039
76.7315367962 30.7654097181
76.7359769788 30.7670428384
76.7424720957 30.7725545147
76.7444914267 30.7733166555
76.7437600861 30.7773132781
76.7484058645 30.7792927358
76.7524958621 30.7823756968
76.751498188 30.7861476571
76.753256478 30.7873842107
76.756267662 30.7877729847
76.7590302807 30.7909389741
76.7642213056 30.7931388701
76.7726598608 30.7953160567
76.7809084398 30.7913857304
76.7866504347 30.7841665974
76.7906203724 30.7817138025
76.789578484 30.780290804
76.7859578418 30.7793377875
76.7825659712 30.7732404261
76.788842523 30.7722905281
76.7942177414 30.7701027829
76.8020258139 30.7772002184
76.8094321579 30.7819959462
76.8110831747 30.7814891557
76.8154751893 30.7780480456
76.8171837498 30.7752398023
76.8167369943 30.7738102691
76.8046424719 30.7657158343
76.8064006646 30.7627304081
76.8147127886 30.7589730128
76.8252722576 30.7628383445
76.8414728728 30.7599593406
76.8441141478 30.7640902618
76.8601580088 30.7886903926
76.8547147595 30.7952644903
76.8468774243 30.8007687536
76.8467373029 30.8120904986
76.8454945928 30.8216366088
76.8411667182 30.8287931854
76.8323750311 30.8333323434
76.8199627204 30.8365124016
76.8146332005 30.8387837756
76.7983859633 30.8575775663
76.7867932139 30.8674808709
76.7824939305 30.8728635787
76.7760243055 30.8897725348
76.7833706262 30.9027559831
76.8123422547 30.9209847543
76.8237677714 30.926705826
76.8269734384 30.9236443206
76.8279378374 30.9176529125
76.8233333022 30.9031131452
76.8292722752 30.8923083197
76.8361680681 30.8843761023
76.850654055 30.8751193063
76.8659394989 30.866908681
76.8753018699 30.8697691947
76.8831717932 30.8743682994
76.8921328876 30.8821894788
76.9001105011 30.8844922433
76.9157477321 30.8934157673
76.9206408276 30.8871733359
76.9293768662 30.8654737274
76.9401252129 30.8505659846
76.941300483 30.8442571841
76.9409980075 30.8334533258
76.9471948478 30.8280513596
76.9563239554 30.8252755511
76.9611383079 30.8192351012
76.9672170233 30.8072565832
76.975282598 30.8050308744
76.9821117953 30.8039878258
76.9925396589 30.7948111012
76.9961028325 30.8003128129
76.9982525795 30.806482778
77.0000231762 30.8092607216
77.0019434779 30.8110135664
77.0061704348 30.8143116063
77.0093377791 30.8127114744
77.0114615063 30.8102882519
77.0120182052 30.8057258131
77.0132326538 30.8008830241
77.01381884 30.793607556
77.0131834378 30.7899596321
77.0134826145 30.7849948673
77.008309495 30.7810444315
77.0043940348 30.7766372575
77.0020432972 30.7730489921
77.0046378253 30.7694236124
77.0086732651 30.767007855
77.0122433952 30.7651134061
77.0158174144 30.7639179336
77.0178752274 30.76230631
77.0192183092 30.7576938069
77.0180644781 30.7532914274
77.0180934595 30.748440097
77.0198357066 30.7454474619
77.0227641732 30.7416404039
77.0264731742 30.7381353501
77.0314354677 30.7363662089
77.0374209789 30.7375349864
77.041685028 30.7393485192
77.043767492 30.7422462947
77.0437281956 30.7476731839
77.047122922 30.7513256042
77.0514183947 30.749032215
77.0604796795 30.7445540004
77.068392033 30.7426176606
77.0751167757 30.7419982808
77.0831367879 30.7428363169
77.0902622277 30.7406061633
77.0997078998 30.7357808022
77.1045465856 30.7320427305
77.1095509686 30.7304456241
77.1139914083 30.728203347
77.1157695397 30.7265945752
77.1136286966 30.7221980273
77.1133189345 30.7180896918
77.1165673242 30.7162510742
77.1229959786 30.7184617444
77.1308691098 30.7136980379
77.1356373063 30.7079335951
77.1384958139 30.7028573452
77.1472201219 30.6979157433
77.1537627912 30.6933101965
77.1608216415 30.6892205254
77.1651182755 30.6862339546
77.1668942363 30.6844371528
77.1635679484 30.6802715678
77.1640504431 30.6769215326
77.1672344754 30.6726543489
77.1685381619 30.6637621096
77.1659583287 30.6544595261
77.1660434937 30.6498914725
77.1695088687 30.6436045188
77.1737465147 30.6380711204
77.1756698681 30.6343252963
77.1731516275 30.6271528207
77.1718764391 30.6094680623
77.1717173922 30.603117581
77.1718654519 30.598787719
77.1707098416 30.5951984296
77.167306143 30.5919629693
77.1644312153 30.5884852922
77.1601157347 30.584607687
77.1530496743 30.5788628466
77.1458526307 30.57411625
77.1390446366 30.5693578414
77.1370035033 30.5683867269
77.1369499708 30.5683612237
77.1337342921 30.5668558289
77.128293785 30.5655167984
77.1260101056 30.563917972
77.1251537117 30.5633302725
77.1246223685 30.5629656339
77.1268257113 30.5581095386
77.1296240602 30.5530993369
77.1354548622 30.5438734004
77.1441755734 30.5371386101
77.1506836319 30.5342131265
77.158651921 30.5334154463
77.1651520317 30.5325140771
77.1767993267 30.529713556
77.1826496967 30.5284619821
77.1876542787 30.5261031537
77.1984561383 30.5214444144
77.2039419729 30.5148789771
77.2089827733 30.5073183498
77.2127571656 30.5021309577
77.2126763661 30.4960331624
77.212658356 30.4946738379
77.2133721328 30.4845701177
77.2120816689 30.4800636282
77.21564546 30.4758505225
77.2249631918 30.477376572
77.2319107649 30.4814856384
77.2398346501 30.4841070543
77.2465426935 30.4829636352
77.2549562933 30.4808430821
77.2648768972 30.4798811204
77.2696836994 30.4768808796
77.2739111784 30.4715713916
77.2749851477 30.4664923785
77.2766423273 30.4621133283
77.2876198414 30.459467072
77.2955059895 30.4573447283
77.3068054798 30.4545333599
77.3137739394 30.4520017728
77.3232188785 30.4491654896
77.3237600489 30.449002953
77.3298462656 30.4530024696
77.3354810862 30.4575108547
77.339347344 30.4585616065
77.3457811504 30.4596038948
77.3524782867 30.4589724756
77.3591725274 30.457252772
77.3628000737 30.4526305169
77.3665737789 30.4439098774
77.3698826929 30.4373941234
77.3827337309 30.4411581766
77.3892965927 30.4415653808
77.3934909776 30.4414544118
77.3949540586 30.4345839146
77.4071874074 30.4295678378
77.4098850433 30.4257569474
77.4085337215 30.4162262489
77.4136602826 30.4140265855
77.4207152841 30.4231632932
77.4303521661 30.4291173244
77.4393160667 30.4363904006
77.4487434616 30.4462758893
77.458880061 30.4609486855
77.4637313407 30.460489582
77.469463195 30.4534430239
77.4699413882 30.4467945313
77.467453853 30.4413111954
77.4664935141 30.4355955869
77.4551676903 30.4251371899
77.4528159362 30.4196463443
77.4387860552 30.4152564846
77.4340076662 30.4120768437
77.4289644791 30.4080837254
77.4295010356 30.4036437765
77.4434743472 30.402721219
77.4480187789 30.3989156572
77.4560879695 30.3998330921
77.4661899546 30.4000183488
77.474063335 30.4005935219
77.481064931 30.4069975832
77.4906301341 30.4085628017
77.4956823333 30.4104145598
77.4999556301 30.4078058548
77.5044661048 30.412552088
77.504323506 30.4201755323
77.5060839104 30.4282531553
77.5143270548 30.43888022
77.5185160686 30.4435613718
77.5230390021 30.444023475
77.5275326125 30.4346060682
77.5312112805 30.4260583177
77.5389245082 30.4123002585
77.5424026525 30.4086635136
77.5487690195 30.4042107235
77.5518689115 30.3970522256
77.5560080855 30.3923643297
77.5655918063 30.3884894407
77.5710388312 30.3854848538
77.5784544305 30.3799948366
77.588006713 30.3796248345
77.5975535424 30.3764515379
77.6032608006 30.3723432566
77.6051054416 30.3659375256
77.595869154 30.3535201504
77.5876865016 30.3420365151
77.5829182882 30.332166955
77.5831176226 30.3266188649
77.5880412313 30.3211272706
77.5868754205 30.3139675
77.5833378242 30.306287634
77.5765328622 30.3011515706
77.5687397995 30.2976374703
77.5582707565 30.2892080324
77.553357031 30.2860381596
77.5451056729 30.2819396775
77.5396830797 30.277380588
77.5375967836 30.2730502747
77.5353921412 30.2612684282
77.5327143348 30.2552047788
77.51833969 30.2373141381
77.5088019902 30.2287024584
77.5065207843 30.222529709
77.5013004556 30.2138097855
77.4966669166 30.2051443288
77.4927004454 30.1972344056
77.4894983888 30.1900725077
77.4859864581 30.1836603139
77.4729120857 30.1788693923
77.4686665556 30.1760404323
77.4642195697 30.1687118856
77.4595174559 30.1636844001
77.4529952324 30.1643094336
77.4478287892 30.1650423751
77.4432514004 30.1615167457
77.4361937836 30.1635780264
77.4279343933 30.1517874424
77.4240259799 30.1447861268
77.423440242 30.1409800436
77.4275015395 30.1385697861
77.430439332 30.1362651254
77.4281060116 30.1285841574
77.4251829818 30.1228057904
77.4212153811 30.1182916268
77.4158088492 30.1161468999
77.4105379908 30.1138166191
77.4131530449 30.1083458572
77.4185850467 30.1063921648
77.4226360941 30.1061684207
77.4267426276 30.1061833946
77.426963075 30.1022022503
77.4211033718 30.0976212084
77.409250759 30.0908351769
77.4049544713 30.0894945766
77.3928276616 30.0881333057
77.3859122451 30.0881225347
77.3809665034 30.0866609936
77.369448668 30.0792596094
77.3608579494 30.071808931
77.3495810266 30.0633575063
77.3441452021 30.0595762573
77.3372072521 30.0569230777
77.3253105928 30.0556747345
77.3152897537 30.0557239543
77.3099750009 30.0554756089
77.3042166383 30.0536367
77.2984765784 30.052644279
77.2927745519 30.0476717368
77.2885804446 30.0456387335
77.2827477699 30.0435094941
77.2822132061 30.0393917492
77.284104882 30.0350722832
77.2854445333 30.0291968506
77.2819960343 30.0226233733
77.2798879285 30.0172711033
77.2777203738 30.0131805868
77.2766161952 30.0082110828
77.2741885182 30.0024733612
77.2737900361 30.0007690276
77.2754077508 29.997291172
77.2673782097 29.9911156335
77.2670017431 29.9883133842
77.2626938031 29.9836005629
77.2476730261 29.9763307372
77.245293063 29.9687900252
77.2441276596 29.9614757731
77.2417436837 29.9570557154
77.2370566584 29.9537494604
77.235889991 29.9498991673
77.2232298756 29.935861691
77.2146701872 29.9262503382
77.2076506231 29.9224359646
77.2011996259 29.9172078294
77.1989497608 29.9126563069
77.1979558385 29.9082134214
77.1922018724 29.9013858017
77.19157773 29.8974388922
77.1968710822 29.8900384468
77.1969858403 29.8854726922
77.194291312 29.8767388481
77.1944497013 29.8684297108
77.1920260667 29.8642910798
77.1900826271 29.8573092147
77.1795221762 29.8415350893
77.1789562664 29.8388566551
77.1809399209 29.8247195635
77.1771482875 29.8196318394
77.1675245963 29.8119332815
77.1658250834 29.8089188584
77.1639454296 29.8027975941
77.1635643899 29.7986114221
77.1658499132 29.7928240768
77.1642065529 29.7884142865
77.1540359735 29.7827144921
77.1492406629 29.7773332937
77.1437809607 29.7741375373
77.1352797984 29.7730026941
77.1300671357 29.7707126933
77.128793124 29.7660570912
77.1306310926 29.7593691587
77.1296073164 29.7555740122
77.1259440756 29.7494382038
77.1246684248 29.743747617
77.1268706383 29.7401013482
77.1342944212 29.7379533205
77.1342585109 29.7311676183
77.1518980683 29.7123694688
77.1549972747 29.7010647578
77.1542557889 29.696729439
77.1515427907 29.6953262828
77.1438376973 29.6945811334
77.1371818556 29.6920181487
77.1327334322 29.686673626
77.1307902743 29.6809522602
77.1315866024 29.6753619463
77.1427433327 29.6614340239
77.1428973394 29.6580758074
77.1410047125 29.6536738622
77.1333579686 29.6486248269
77.1212430536 29.6423325691
77.1193689797 29.6350548614
77.1164287924 29.6306703461
77.1125952832 29.6281793286
77.1130986727 29.6200142632
77.1119657572 29.617370016
77.1060417468 29.6128630237
77.1053633192 29.6080607451
77.1036667786 29.6037668053
77.0970815819 29.595895222
77.0982710489 29.591561454
77.1013322822 29.5855073095
77.1052120321 29.5822888204
77.113408062 29.5720673562
77.1181708812 29.5614175391
77.1211107658 29.5480418273
77.1158109795 29.5439624686
77.1066608974 29.542703742
77.1007722535 29.539749169
77.0975734923 29.5345710445
77.0962361386 29.5286477389
77.097823161 29.523308403
77.1089250726 29.507051202
77.1147430387 29.5045768337
77.1258414138 29.4981795807
77.1311951061 29.4923388062
77.1346248339 29.4810677785
77.1316677088 29.4750695851
77.1267089982 29.4704005821
77.1252759801 29.4652904928
77.1255380953 29.4568575119
77.1290712091 29.4514649144
77.1346448942 29.4483303671
77.1353556834 29.4479305713
77.1432243425 29.4454685184
77.1489804603 29.4415531798
77.1506226535 29.4370746973
77.14967642 29.4318219433
77.1469813582 29.4271840941
77.1360473169 29.4171406939
77.1370372323 29.4056001525
77.1402478454 29.397447761
77.1446055364 29.3933929036
77.1512205622 29.3896710771
77.1571186648 29.3874160629
77.1579445704 29.3847185095
77.1497939667 29.378847611
77.1421837525 29.3756476318
77.1315758972 29.3737224732
77.1280364163 29.3716251246
77.1277993203 29.3675388317
77.1299163988 29.3569154063
77.1285875484 29.3520993641
77.1310963892 29.3447402033
77.1347512455 29.3399212928
77.1386461518 29.3392850635
77.1575157186 29.3399817267
77.1629302457 29.3341990295
77.1650151997 29.3303917196
77.1610736009 29.3265971466
77.1620888099 29.3204204479
77.1646445463 29.3171620496
77.1652404427 29.3118162936
77.1533147609 29.2964116669
77.1553634375 29.291100701
77.1485944579 29.28237088
77.1404407757 29.2676865607
77.1459277973 29.2613780512
77.1533914377 29.2464847586
77.1549301662 29.2382085553
77.153704712 29.2326602818
77.1380786585 29.2230203002
77.136085559 29.219749425
77.1385676135 29.2132953686
77.1434780614 29.2079888745
77.1470043195 29.2023184792
77.1489801091 29.1959238611
77.1507915685 29.1769321515
77.1432006466 29.1666549248
77.13811623 29.1577784402
77.137369427 29.148873682
77.1493133642 29.1296071333
77.146923042 29.1226757324
77.1350905538 29.1082972112
77.1327216736 29.1006048439
77.1350521219 29.0963194821
77.1424201974 29.0894791003
77.152250196 29.0816323652
77.159948699 29.0780514216
77.1678470514 29.0723283445
77.1729569601 29.0601566341
77.1722504861 29.0472311093
77.1732468435 29.0433522218
77.187119521 29.0312420254
77.2021859375 29.0160385854
77.2143835922 29.011474237
77.2217379325 29.0061007312
77.2246306318 29.0014060044
77.2247851092 29.0006797706
77.2184732146 28.9857855234
77.2142642293 28.9770201436
77.20146087 28.9563861397
77.2006293127 28.9503884941
77.2012609285 28.9415829442
77.2148771497 28.9346862694
77.2158265991 28.9311678245
77.2072093466 28.9156351563
77.212484263 28.9102616753
77.2264802455 28.9061213961
77.2319344013 28.9028136014
77.2316198917 28.8988145155
77.2272807851 28.8950254321
77.2157012962 28.889303881
77.2094900046 28.8873662128
77.1921499593 28.884513546
77.1884062373 28.8802752014
77.1886513708 28.8747496105
77.193548142 28.8664763027
77.1972103314 28.8615194565
77.2038358234 28.8600396314
77.2099995795 28.8596290479
77.2151527883 28.8575911325
77.2181873626 28.854901791
77.2218089506 28.8496042453
77.220938997 28.8399640433
77.2276391654 28.8299505663
77.2239266564 28.8081634224
77.2048823931 28.8100238181
77.2046897221 28.796959833
77.2071696125 28.7899499433
77.2105222637 28.7865197804
77.2129164922 28.784070027
77.2143440039 28.7835189925
77.2186797594 28.7818452326
77.2233009667 28.7810954945
77.2242642151 28.7813138119
77.2264201045 28.7818023458
77.2285167765 28.7822774269
77.2304651904 28.7822763947
77.2338181976 28.7822744694
77.2349303237 28.7822737923
77.2323205733 28.7783809866
77.2273273413 28.776331649
77.2311389414 28.7725453399
77.2370071711 28.7685925744
77.2392638483 28.7670724137
77.2453830611 28.7580229865
77.2482053112 28.7538486827
77.2486964291 28.7537314242
77.2560876217 28.7519661791
77.2586831265 28.7521528732
77.2634146522 28.7474000247
77.2620791061 28.7401125031
77.2663728017 28.7345401024
77.2701281863 28.7327239393
77.2765710034 28.7338795379
77.2813304005 28.7327818665
77.2870645769 28.7289854446
77.2908932593 28.7246199105
77.2910469159 28.7243682271
77.2946244735 28.7185097785
77.293853082 28.7135570602
77.2950903831 28.7070330411
77.3031243119 28.7043434842
77.3058107234 28.7076085858
77.3116670784 28.7112938414
77.3164307337 28.7122316165
77.327377007 28.7117637743
77.3337038534 28.7104155506
77.3318683848 28.7063716918
77.3300333095 28.6981953296
77.3311175975 28.6942184773
77.3377516921 28.6863804819
77.3372941729 28.6796946308
77.3357836252 28.6773913759
77.3355514988 28.6770373841
77.3280748839 28.6738851851
77.3280736194 28.6738585769
77.3280038949 28.672391672
77.3277253339 28.6665319028
77.3277078532 28.666164049
77.3255578358 28.6578029654
77.3255439754 28.656384469
77.3255376315 28.6557330961
77.3254420544 28.6459070305
77.323185016 28.641208839
77.3213046867 28.6391865225
77.3236704212 28.6377446005
77.3239970688 28.6374269113
77.3260345355 28.6354449155
77.3310547497 28.6305609926
77.3363251908 28.6279935456
77.3405594472 28.6259306172
77.3443141729 28.6215069236
77.3471679009 28.6164121454
77.3476231173 28.6120113937
77.3462527946 28.603392151
77.3432009492 28.6012266283
77.3378937967 28.5993996118
77.3269718935 28.5944829905
77.3233719528 28.5939729508
77.319958061 28.5934891776
77.3171642539 28.5914421371
77.3155641311 28.5895519118
77.3151595602 28.5890740421
77.3049100091 28.5769641986
77.3048238761 28.5767821065
77.3036303748 28.5742589002
77.3037562075 28.5612644383
77.3051413674 28.5557322279
77.3130098426 28.5449691863
77.3143897906 28.5437453918
77.3206347997 28.5382066595
77.3248333988 28.5360015811
77.3314485652 28.5303638735
77.3364968044 28.5237591661
77.340443565 28.5185948525
77.3429226012 28.5161567859
77.3438978096 28.51519772
77.3441504553 28.5147528341
77.3467555737 28.5101664435
77.3476517858 28.5034553939
77.3531001297 28.4980907936
77.3703873747 28.4923251502
77.3738756137 28.4873678657
77.3740206842 28.4801210399
77.3792561492 28.4751464268
77.38309412 28.472535346
77.3859071008 28.4706215454
77.3980706747 28.4672738834
77.407804851 28.4656108852
77.4099333636 28.4611352486
77.4047368093 28.4572333194
77.4076946192 28.453073996
77.4181752217 28.4500276529
77.4280459865 28.4502193177
77.4281017183 28.450210219
77.4356959381 28.4489615235
77.4381884323 28.4384667157
77.4458724127 28.4260177596
77.4538813259 28.4233698272
77.4613539414 28.4192584761
77.4659692812 28.4153812352
77.4785893892 28.4119197688
77.4844343524 28.4078915861
77.4837274092 28.3981846717
77.4766830659 28.3940627889
77.4793996728 28.3886774104
77.4957305806 28.3740581787
77.5018701949 28.3638847838
77.5040412802 28.3526255576
77.4949690755 28.344576273
77.4761891136 28.3355788839
77.4735049142 28.3323790363
77.4756747911 28.3283199874
77.483315447 28.3222455547
77.4916139148 28.3179800597
77.5055259162 28.3013883231
77.5039036873 28.2946119852
77.5044895875 28.2869706692
77.5024328761 28.2749783508
77.497768687 28.2734685761
77.4819243552 28.2755730639
77.4744911588 28.2717974456
77.4769490894 28.2640801117
77.4967459471 28.256103998
77.5117271072 28.2521807868
77.5202865792 28.2492301976
77.5212730198 28.2488875957
77.521933247 28.2486592062
77.5347123703 28.2477516264
77.5484780697 28.2487262227
77.5508948973 28.2420533737
77.5452939941 28.2348438527
77.5252222917 28.2240865224
77.5266733394 28.2157188667
77.5312219495 28.2117137853
77.5329061672 28.2014860552
77.5287329324 28.196106055
77.5224242872 28.1960078919
77.520173954 28.2006591889
77.5071932036 28.2073549475
77.4987185289 28.2063314276
77.5001883774 28.1874024515
77.5016793114 28.1794345233
77.5110868634 28.1815190987
77.5152451159 28.1898003518
77.5304108824 28.1860616323
77.5397771193 28.1872671529
77.5475525536 28.1851977992
77.5519765547 28.175966459
77.5413353691 28.1645747534
77.5212452024 28.1592392947
77.521142247 28.1592119451
77.5084430642 28.1573379606
77.5058927197 28.1541995553
77.5047831109 28.1401357624
77.4993529446 28.1387237772
77.4967348184 28.1357631
77.49744309 28.1331118466
77.5079551432 28.1300131984
77.5091361944 28.1216862533
77.5088713492 28.11692175
77.5008363059 28.1070406695
77.5027003002 28.1025023291
77.5031806488 28.0966017153
77.5017387518 28.0923372723
77.4995698008 28.08961305
77.4954535212 28.0917195587
77.4922279435 28.1021858655
77.4876566606 28.1023064541
77.4842153986 28.098625419
77.4824950595 28.0980610708
77.4782788822 28.0803382956
77.4794168092 28.0780701874
77.4811192917 28.0730885811
77.4862158848 28.0676465739
77.49227346 28.0550439233
77.4922185137 28.0519763103
77.4869875168 28.0434324712
77.488458296 28.0384836733
77.499059547 28.0336421602
77.5045205086 28.0286182297
77.5067951229 28.0249581144
77.5111130027 28.0217018892
77.5158490043 28.0166569559
77.5186957943 28.0120322378
77.5212107941 28.0045603148
77.5294474395 28.0008458507
77.5445433733 27.987618456
77.5414527781 27.9831491753
77.5359747728 27.9783213167
77.5227067592 27.9717464419
77.5188604084 27.9676320985
77.5198695801 27.9625100332
77.5242933045 27.9597874726
77.5382848645 27.9605469491
77.5452101923 27.9598415628
77.5465960584 27.9520619793
77.5453867944 27.9435947921
77.5405934142 27.9361096494
77.5284221774 27.9261769278
77.5229881959 27.9306379705
77.5203842447 27.9317222445
77.5150818267 27.9304408505
77.5069865069 27.9257174927
77.5045901124 27.9250737506
77.5014700627 27.9261128518
77.4997882461 27.9282628186
77.4971617106 27.9357655799
77.4939584562 27.9382312257
77.4868510408 27.934528094
77.4779189988 27.927237046
77.4776347086 27.9262085535
77.4797753596 27.9222155932
77.4800280386 27.9149324517
77.4815994184 27.9135247601
77.4837798004 27.9063823083
77.4816282459 27.8955250298
77.4789468923 27.8890491089
77.4675834842 27.87962888
77.4549376173 27.8727495266
77.4512748306 27.8728192281
77.4394224102 27.8831854622
77.4312855182 27.8888305618
77.4233100005 27.8908685793
77.42136881 27.8905110276
77.4201181079 27.8893794563
77.4161771294 27.8834971484
77.4131569663 27.8809635993
77.4105900894 27.8762607492
77.4135735251 27.8701835587
77.4141771845 27.8661017914
77.415338877 27.8640221212
77.4227317685 27.8569511248
77.4234504964 27.8550432778
77.4214222475 27.8534213607
77.4127896472 27.8526010583
77.4018364145 27.8533128093
77.3910877645 27.8574667328
77.3828877623 27.8580708987
77.3790111602 27.8575109112
77.3738120342 27.8549679962
77.3616326587 27.8508255873
77.3530298522 27.8533869973
77.3482919938 27.8539828596
77.3416255079 27.8492834698
77.3401557785 27.8470821068
77.3381967215 27.846392519
77.3329981041 27.8352742717
77.336258013 27.8321190126
77.3310266245 27.8291193823
77.326098584 27.8276493997
77.321835025 27.824463704
77.3152092619 27.8264182104
77.313709742 27.8256396549
77.3080497993 27.825791572
77.2977658991 27.8235683091
77.2995062869 27.8141282458
77.2985524287 27.8122519454
77.2923304951 27.8103500682
77.2881802329 27.8064121397
77.2859178253 27.8011699536
77.2846125215 27.8009868251
77.2763160111 27.8064061112
77.2713446891 27.8105503264
77.2668781549 27.8037359929
77.2658120714 27.7996898773
77.2616475388 27.7920859299
77.2567307915 27.7881981034
77.2496575363 27.7848146047
77.2433203932 27.7802632392
77.2405010861 27.7802509079
77.2360096101 27.7831211588
77.2374739509 27.7875557329
77.2356233916 27.7905592311
77.2309150581 27.7921166377
77.2255915181 27.7899659322
77.2155312381 27.7955349254
77.2144851623 27.7999576758
77.2108771888 27.8070450002
77.205527534 27.8139223541
77.2026306031 27.8164247194
77.1962400456 27.8095330572
77.1953609058 27.8049661289
77.1976939795 27.7929148705
77.1842672669 27.781709227
77.177412258 27.7793964666
77.172706264 27.7814068668
77.170880008 27.7850990308
77.1753046627 27.7904183507
77.1779785692 27.7950633367
77.1868828245 27.7970082954
77.1891769567 27.798922817
77.1894152775 27.803147783
77.1846158629 27.8089411467
77.18113353 27.8108173399
77.169822018 27.8076993435
77.1654042242 27.8081071739
77.1608353091 27.8102803836
77.159355037 27.8100701382
77.1584420587 27.8069399628
77.1622508005 27.7969363889
77.1620032106 27.7923621649
77.1601284941 27.7863212058
77.1559563797 27.7811713137
77.1501151375 27.7807402363
77.1440240758 27.7784718911
77.1351915653 27.7709867367
77.1338511449 27.7714584988
77.1333372234 27.7793627344
77.1307841227 27.7828346396
77.1286323328 27.7839989949
77.1260826738 27.7847197332
77.1234479988 27.7844192997
77.1161243072 27.7811951206
77.1112754205 27.7797243556
77.1098043666 27.7800282062
77.1022729091 27.784249246
77.0888550854 27.7949525083
77.0852998509 27.7960307615
77.0829240262 27.7989126463
77.0810551572 27.8040863904
77.0771307378 27.8061404966
77.0739382637 27.8071516624
77.0648682771 27.8060332188
77.0604628694 27.8097497341
77.055458436 27.812678811
77.0537672023 27.8115588476
77.0469073629 27.814627713
77.043680922 27.8112562215
77.0439997768 27.8086902143
77.0431952245 27.8071044829
77.0390006723 27.8060249748
77.0325920212 27.7927696045
77.0316231063 27.7817836432
77.0283076602 27.7749239301
77.0292121564 27.7727133498
77.0313281331 27.7725463091
77.032656652 27.7716158523
77.0353053087 27.7725059712
77.0369684659 27.7748932801
77.0480100161 27.7694868486
77.0554846484 27.7625619676
77.0586632617 27.7556120752
77.0627917191 27.7564741119
77.0645847187 27.758950838
77.0703914278 27.7602525368
77.0759303751 27.7583202009
77.0792746302 27.7534031053
77.0797534479 27.7464809523
77.081094439 27.7436579383
77.0869774718 27.7374323543
77.0880031041 27.7347275079
77.0877732957 27.7329549158
77.0865229611 27.7318892602
77.0796865233 27.7302980629
77.0742819302 27.7269738667
77.0679700569 27.7259246847
77.0617258981 27.7224328772
77.0591648879 27.722683864
77.052775621 27.7268092054
77.051256713 27.7304830709
77.0488037318 27.7329360598
77.0478500104 27.7361702649
77.0450242695 27.7392041549
77.0404949567 27.7429962085
77.0374803869 27.7439594912
77.0333643788 27.7417236514
77.0253137637 27.7423534514
77.0199196904 27.7411175261
77.0135000316 27.7337485103
77.0118597289 27.7331525815
77.0094753485 27.7331259256
77.0028683028 27.7366571948
77.0020248116 27.7363105175
76.9998380053 27.7310465954
76.9975784968 27.728394831
76.9959002827 27.7238937192
76.9912188741 27.7131207706
76.9875177607 27.7007814186
76.98447798 27.6874759559
76.9815055858 27.675039659
76.9806423649 27.6674942758
76.9786771635 27.660079354
76.9788361787 27.6517632151
76.9685605139 27.6570561451
76.9598672636 27.6608858503
76.9531091268 27.6652117096
76.9467671558 27.6683188221
76.942529848 27.6697437173
76.938598012 27.6663648396
76.9351345258 27.6600871282
76.9321358756 27.655384764
76.9272857759 27.6561404829
76.9221157806 27.6542668111
76.917750268 27.6514668944
76.9136434403 27.6506380626
76.9108979559 27.6531891509
76.9087979539 27.6581185679
76.9083750694 27.662713198
76.9054497342 27.6671027091
76.9015214512 27.6715598132
76.8999321565 27.6745880659
76.9023115279 27.6780109566
76.9050460914 27.6806369099
76.9030347741 27.6843505131
76.8969288841 27.6875245258
76.891407956 27.6901952667
76.8892168435 27.6940613307
76.8911406321 27.6980633184
76.8963307902 27.6963645424
76.901818852 27.6929396476
76.9086379522 27.6893108629
76.9143390407 27.6905199842
76.9186854613 27.6913120776
76.92290519 27.6954824234
76.9205534899 27.7007742968
76.9166541571 27.7067617611
76.9111376191 27.7111236409
76.9037313833 27.7131929427
76.8968946337 27.714244203
76.8916972388 27.7191214753
76.8924347062 27.7256033796
76.896238087 27.7319019774
76.898994451 27.7367146463
76.8998057885 27.7558842982
76.9007484858 27.7667241427
76.9020776333 27.7739520805
76.9040480888 27.7808342363
76.9071125256 27.7857764646
76.9123848579 27.7895766342
76.9112768815 27.7959713562
76.9150891637 27.8023471075
76.9137337754 27.8072534222
76.90887797 27.815848378
76.9095836779 27.8201150943
76.9123059593 27.8273512216
76.9164130094 27.8306093253
76.9235153436 27.8293006717
76.9304809144 27.8265101846
76.9351909934 27.8288931076
76.9366571234 27.8386533194
76.9384771479 27.8499036342
76.9368889501 27.8618089518
76.9333862739 27.8714726713
76.9347385034 27.883048722
76.9347091827 27.8891008456
76.9468280194 27.8906664625
76.9454115868 27.9022163028
76.9475118253 27.9137050985
76.9386141748 27.9160455291
76.9299593227 27.9157450577
76.9277772463 27.9195510341
76.9277807027 27.9355178025
76.9282459522 27.9475257418
76.9315068442 27.9604737866
76.9336784805 27.9730469247
76.9310873194 27.9805227595
76.9274225655 27.9923122928
76.9304364452 28.0004014293
76.9353887436 28.0072054432
76.9395891012 28.0251980676
76.9407170368 28.0367259355
76.9425185152 28.0428350276
76.946921719 28.0543107947
76.9514352059 28.0615093623
76.9554787429 28.0660312233
76.956995322 28.0733648539
76.9600189473 28.0907862726
76.9644841267 28.1064488797
76.9648406985 28.1184103758
76.9708006011 28.1387051891
76.9655803641 28.140717321
76.9507668105 28.1434085988
76.9495679219 28.145630429
76.9506090289 28.1498692495
76.9468385014 28.1500722983
76.9365681088 28.1536298603
76.9300782568 28.1569843424
76.9210947692 28.1666023836
76.908176444 28.1740775136
76.8991318456 28.1825957783
76.8930859011 28.1864347507
76.8929189853 28.1894979108
76.8947758047 28.191503473
76.9089215246 28.1995322665
76.9057468408 28.2023900003
76.8957469298 28.2052660474
76.8883290049 28.2051623637
76.8752288961 28.2063055722
76.8748704388 28.2127570731
76.872697628 28.2194299825
76.8667950731 28.2179734004
76.86341319 28.2200458521
76.8595576832 28.2214753732
76.842472225 28.2196636119
76.8362632813 28.2123151114
76.8328541601 28.2095251734
76.8279701191 28.209519624
76.822220125 28.2111629407
76.8148051245 28.2107254276
76.8103773408 28.2064502693
76.8114572537 28.1994761091
76.8145763693 28.1952236065
76.8115853221 28.1909128835
76.8068538672 28.1892250481
76.8028145664 28.1943999706
76.7991880947 28.1886164541
76.8011731956 28.1777767905
76.8012170427 28.1705061638
76.8050719258 28.1653227875
76.8003889756 28.1520808189
76.7919545596 28.1505335832
76.7818108941 28.1462794463
76.7710267785 28.1448854721
76.7639256662 28.1414861337
76.7479384647 28.1239254859
76.7417722817 28.1234640347
76.7404005811 28.1233394722
76.7288410066 28.1264349804
76.7187437094 28.1272689568
76.7177802666 28.1262895706
76.7142044498 28.1226438636
76.7075016495 28.1106234675
76.6989919761 28.1097169164
76.6982390818 28.1084249262
76.6943753235 28.1018067676
76.6908782274 28.0926985478
76.6865980321 28.0927378849
76.672619983 28.0927946367
76.6666849818 28.0940200845
76.6598941753 28.0917149368
76.6565238513 28.0871629417
76.6556058091 28.0800684223
76.6566808998 28.074039644
76.656538771 28.0626177826
76.6575495748 28.0566610353
76.6602499597 28.0504229209
76.6595818867 28.0394028956
76.6620009242 28.0348621427
76.6682121757 28.0286056794
76.6700362672 28.0242359336
76.6709899269 28.0178643243
76.6686408647 28.0139763106
76.6631142683 28.0105082579
76.6552382784 28.0075506765
76.6454026498 28.0056211972
76.633838974 28.0054314885
76.6244750042 28.0062657938
76.6124149633 28.0057746615
76.6074453547 28.0048236166
76.6037116078 28.001139161
76.6002066003 27.9986579661
76.5922761332 27.995310273
76.5857224204 27.9898703198
76.5822478591 27.9840280101
76.5759123068 27.978592244
76.5681841937 27.9767997063
76.5618236216 27.970049424
76.5549750241 27.9663970728
76.5465461095 27.9655755186
76.5418623131 27.9687660893
76.5394130188 27.9743793281
76.5403255845 27.9807500974
76.5439375517 27.9880979749
76.5448255339 27.9997717106
76.5468696708 28.0004085913
76.5461534119 28.0025512069
76.547052122 28.0071029495
76.5469862857 28.0117347144
76.54397086 28.0207700791
76.5469903019 28.0341610545
76.5397117001 28.0381718577
76.5343394183 28.0405158395
76.5270410514 28.034033577
76.5198366098 28.0304319981
76.513658656 28.0301174001
76.5079262578 28.0314515813
76.50690855 28.0352770804
76.5044778924 28.0387316742
76.5006493315 28.0422013053
76.4914971009 28.0414391262
76.4841311593 28.0391823643
76.4700859239 28.0397018382
76.4641420718 28.0416174813
76.462134167 28.0448099337
76.4624239087 28.0502070555
76.466395203 28.0571140673
76.4797331926 28.0562302621
76.4922561729 28.0533942488
76.4980239294 28.054348059
76.5029962945 28.0561703015
76.5061185627 28.0598342802
76.5038476663 28.0627412259
76.4943614478 28.0702320933
76.4783597909 28.0814533156
76.4720889724 28.079206642
76.4672607616 28.0801415939
76.4618854217 28.0829375459
76.4570367208 28.088330019
76.4596848329 28.0928105727
76.4623874089 28.1010434622
76.4653695652 28.1055404835
76.4694357524 28.1070496223
76.4747443781 28.1081178829
76.4810564647 28.1078491999
76.4858001441 28.1011177297
76.4972607975 28.0998511158
76.50632668 28.1017265917
76.5058317103 28.1110910767
76.5066319657 28.1176557543
76.4954383645 28.1179326155
76.49430262 28.1232471312
76.4982976333 28.1288079258
76.4936511978 28.1300322954
76.491850372 28.1299787837
76.4857850402 28.1298126456
76.4817386771 28.1308754622
76.4785062748 28.1336503816
76.480907438 28.1447497186
76.4795711267 28.1498896221
76.4737605855 28.1507570921
76.4696532773 28.1475348291
76.4646061243 28.1465962371
76.4456576538 28.1473397395
76.4398909741 28.1427573283
76.4358169982 28.1411279773
76.4207616094 28.1426857459
76.4055315031 28.143012305
76.4015015895 28.1362731544
76.3969796131 28.1347565979
76.3924868703 28.1351000228
76.3852304707 28.1333098405
76.3682836843 28.1386440577
76.3658537915 28.1431154291
76.3644416431 28.155056752
76.3617165551 28.1614631975
76.3510819696 28.1692215948
76.3443865333 28.1726395292
76.3344205019 28.1727360001
76.3171680376 28.1786866068
76.3163490965 28.1787957671
76.31341235 28.1791872022
76.3064696103 28.17821343
76.2973017093 28.1780231454
76.2874785876 28.1740799231
76.2851998409 28.1681271778
76.286583676 28.1639311613
76.30141574 28.1606225023
76.3069413838 28.1578906813
76.3068752456 28.1547855307
76.303480434 28.1523926947
76.3043048031 28.1500060946
76.3099665317 28.1463315777
76.3166164569 28.1461965716
76.3195325846 28.1499829735
76.3257416426 28.1483773622
76.3311514425 28.1445264225
76.3394189219 28.1342675281
76.3460012147 28.1301353718
76.3516402066 28.1280519485
76.357772392 28.1274304621
76.3640231843 28.1237123613
76.3518932437 28.1084895003
76.3479386031 28.1049780582
76.3402608814 28.102005185
76.3225237737 28.1074359192
76.3163657007 28.1065907571
76.3096464782 28.1015173786
76.3057157433 28.096370761
76.3154982926 28.0917585442
76.3217745956 28.0899709136
76.3288685909 28.0895978234
76.3332035142 28.0874389368
76.3371224764 28.0830388432
76.3395848906 28.0769244594
76.3404570704 28.0720682802
76.3456707828 28.0683313499
76.3526799375 28.069135277
76.3588185791 28.0710347367
76.3629387772 28.0694532269
76.3616112076 28.0608226177
76.3541958307 28.0410457281
76.3495218789 28.0313137691
76.3450355344 28.0249242231
76.3381816849 28.0201421647
76.3319011827 28.0191155207
76.3248127954 28.0162652508
76.3053482198 28.021264091
76.2983126079 28.0252100149
76.2963198871 28.0373597316
76.2983154615 28.0444226394
76.2902545808 28.0542584832
76.280021385 28.0617286781
76.273149049 28.0640883938
76.2593236461 28.0662888113
76.251770693 28.0643061492
76.2415528601 28.0517999456
76.2341127378 28.05057672
76.2164867514 28.0509612726
76.2117853311 28.0549359222
76.208062357 28.0561695815
76.2009912885 28.0552382675
76.1854680149 28.0547100082
76.1835658677 28.0497050462
76.1849856614 28.0443987386
76.1912769295 28.0384562571
76.2015215371 28.0306427119
76.2062653459 28.0303658233
76.2122857386 28.0376593297
76.2216828608 28.035578049
76.2219291435 28.027088711
76.2115646488 28.0257625959
76.2084773671 28.0210830315
76.2039574994 28.0171498146
76.1987636262 28.0168418289
76.191966496 28.0189657822
76.1876192927 28.0187236745
76.182318188 28.0173518057
76.177429749 28.0123022135
76.1667178699 27.9999984884
76.1629378656 27.9944469192
76.161863371 27.9879871308
76.1704674396 27.983754211
76.1689445993 27.97553844
76.1750134348 27.9745826731
76.1822055743 27.9706319111
76.1874507383 27.9682597274
76.1861482376 27.9628828061
76.1842516023 27.9564720298
76.1848818704 27.9504755732
76.1843173421 27.9437201158
76.182699116 27.9366682392
76.1782777994 27.9287037376
76.1755689773 27.9237701942
76.1739557842 27.9164104154
76.1743361606 27.9104811548
76.1776164635 27.9051590952
76.1830354436 27.9025109473
76.1904959556 27.9004674273
76.1988403544 27.8980819341
76.2065345391 27.8943668521
76.2080010601 27.8876825228
76.2076270968 27.8834756512
76.2022867492 27.8793197752
76.1981664145 27.8769566997
76.1968461997 27.8717532746
76.1991738082 27.8648047209
76.2009407994 27.8592894592
76.2067833863 27.8550292123
76.2128910308 27.8508760972
76.2137647595 27.8433458036
76.2184519764 27.8401736007
76.2311005443 27.8362675703
76.2216220468 27.8279347801
76.2155249693 27.8238344375
76.2083302381 27.8242595533
76.2019073033 27.8265815534
76.1981752084 27.8221237683
76.1939841692 27.8144165741
76.1881521963 27.8077675019
76.1806487901 27.8028417427
76.1750492715 27.8045210649
76.1705557575 27.8102369827
76.1609085288 27.8167007097
76.1503895795 27.8232528567
76.1354667513 27.8286450597
76.1359309245 27.8332772762
76.1361983565 27.8423601308
76.1298689931 27.8498534267
76.1203154092 27.8540431184
76.1110753169 27.8578540497
76.1034954304 27.860281406
76.0957939743 27.86394556
76.0933597077 27.8607117205
76.0924542788 27.8518842069
76.087772744 27.8465691278
76.067699406 27.852705028
76.0624412127 27.8473519187
76.0572712554 27.8433971384
76.0513203438 27.8443881361
76.0460291746 27.8480502836
76.041459195 27.8497322006
76.037243373 27.8494476933
76.028404094 27.8530939757
76.0169390793 27.8581941589
76.0128525679 27.8530296229
76.0042115925 27.8557746311
76.0020765673 27.8565200887
75.9918653288 27.8584945174
75.9830224968 27.8602549336
75.970647895 27.8603726083
75.9718303168 27.8671547662
75.9810600453 27.8730846504
75.9804201487 27.8810192422
75.9828115504 27.888732019
75.9748982063 27.8949570399
75.9850637157 27.9049015748
75.9751906166 27.9110217068
75.9635426763 27.9152221667
75.9493998439 27.9147651058
75.9364431632 27.9124953567
75.9363974477 27.9221807651
75.9312436121 27.928804846
75.9362270823 27.9374569831
75.9461955532 27.9467920669
75.9493750739 27.942041668
75.9522747975 27.9357821794
75.961630948 27.9351204713
75.9708471039 27.9326221508
75.9809487411 27.9536561615
75.9760538852 27.9579732158
75.9815865582 27.965599466
75.9895974711 27.9739632191
75.994246608 27.9767581261
75.9946975701 27.9802828121
75.9898651355 27.9826361322
75.9809414401 27.9796364468
75.9734232789 27.9822427069
75.9632179907 27.9843393799
75.9630548146 27.9898738108
75.9641846032 27.9967085898
75.9683045115 27.9977915003
75.9723043755 27.9983477175
75.9746571782 27.9979114518
75.9800723214 27.9970154074
75.9876981884 27.9971211475
75.9969201083 27.9999808827
75.9983681927 28.0058221791
75.9936545023 28.0104150137
75.9869821317 28.0111281616
75.9805044502 28.0138298751
75.9786708807 28.0194319976
75.9778282805 28.0266388642
75.982211231 28.0326141403
75.988380779 28.0343820364
75.9989296298 28.0355712698
76.0179728112 28.0323487647
76.0188030834 28.0426789572
76.0178676386 28.0455577276
76.0132867724 28.0501817784
76.024596407 28.0517465417
76.0302437958 28.0579400948
76.0411083135 28.0642681551
76.0436108131 28.0695974819
76.0421971586 28.0755730505
76.0392114984 28.0795210732
76.0236397043 28.0844952931
76.0228203552 28.0767282898
76.0203952891 28.0719975544
76.0098507016 28.0563911926
76.0055418281 28.0531326464
75.9989719302 28.0521131493
75.9924304884 28.0464146977
75.985286778 28.0478828203
75.9824829859 28.0527392025
75.9955472031 28.0662621002
75.9899958067 28.0759120697
75.9849989753 28.0798772355
75.9668832477 28.079776391
75.9439926084 28.0892773196
75.9504301901 28.1013757307
75.955342695 28.105431479
75.9654645892 28.1112769861
75.9756006177 28.1151064206
75.9850809061 28.1229179106
75.999140854 28.123869472
76.002315148 28.1268007614
76.0037524683 28.1310106182
76.0027373419 28.1462977747
76.0078477622 28.1521287766
76.0141230179 28.1522403913
76.0192939805 28.1533525103
76.0243043224 28.1567470192
76.0358790244 28.1683812439
76.0688852323 28.1656013962
76.0745271081 28.1633855082
76.0735589249 28.1512588928
76.0718207865 28.1454996582
76.0731880489 28.1400742425
76.0830499642 28.1375398687
76.0913390072 28.137831191
76.0960978477 28.1391189479
76.0999627112 28.14200084
76.1010541389 28.1471929159
76.1010814302 28.150797786
76.0886223757 28.1637008641
76.0830047716 28.1680389804
76.0797680771 28.1748368616
76.0775209151 28.1898725353
76.0738334992 28.194579188
76.0648792162 28.1968599844
76.0532762073 28.1985694882
76.0520339908 28.2011417836
76.0579684377 28.2054760333
76.0605076218 28.2100840622
76.0612531132 28.2198766321
76.044592579 28.2227823756
76.0340176229 28.231608975
76.019419866 28.2374603571
76.0156466885 28.2488750171
76.0268626719 28.27631969
76.027011917 28.2766848817
76.016623404 28.2820769775
76.0067012791 28.2872258276
75.9995447357 28.2909389226
75.9966756198 28.2913757988
75.9948619174 28.2916519898
75.9948360736 28.2916893955
75.9947358285 28.2918341355
75.9876224064 28.3021057801
75.9830307663 28.3116435812
75.9763200796 28.3194527083
75.9759460856 28.3198878832
75.9697330918 28.3172385303
75.9629696787 28.3143538463
75.9629690011 28.3143918099
75.9629563384 28.3151960698
75.9628087247 28.3245265455
75.9597431514 28.3293145319
75.9629445622 28.3306007887
75.964925989 28.3313968474
75.9646463208 28.3341851866
75.946154414 28.3385152257
75.9357140698 28.3409588053
75.9366041029 28.3504195185
75.9367409328 28.3518729614
75.9367367671 28.351883383
75.9366446401 28.3521171008
75.9333181305 28.3605572743
75.9307225536 28.3647964585
75.9306279466 28.3648347261
75.912998964 28.3719620412
75.9055799773 28.3759274915
75.9054607077 28.375991242
75.9052226317 28.3859178485
75.9050519482 28.385999642
NaN  NaN
