# India Subdivision Uttarakhand
78.81278474 31.1773735119
78.81278474 31.1773735119
78.8156897397 31.1731233326
78.8156897397 31.1731233326
78.8268999053 31.1642553166
78.8253776271 31.1586953124
78.8310296831 31.148760015
78.8338802259 31.1420353831
78.8338802259 31.1420353831
78.8398686668 31.1383722502
78.8441104282 31.131168791
78.8529076947 31.1254940266
78.8529076947 31.1254940266
78.8594501066 31.1228516245
78.8594501066 31.1228516245
78.8671387045 31.1210018909
78.8773542594 31.1071888724
78.8773542594 31.1071888724
78.8864930209 31.1020894146
78.8951468385 31.0986108868
78.8992831333 31.0989993215
78.9058568714 31.1008461853
78.9119076805 31.1003981363
78.9145421611 31.1023644579
78.9157115822 31.1068312316
78.9189143117 31.110234284
78.9189143117 31.110234284
78.9229355724 31.1110868612
78.9277985195 31.1109499682
78.9355922966 31.1023474843
78.9477046407 31.1017320316
78.9526596691 31.1000933596
78.9572505068 31.0997758069
78.9675859358 31.1031638905
78.9709729057 31.1056360733
78.9808040516 31.1101245668
78.9808040516 31.1101245668
79.0000242344 31.1112106108
79.0000242344 31.1112106108
79.0059736441 31.11183101
79.0059736441 31.11183101
79.0117567049 31.1100815094
79.0117567049 31.1100815094
79.0118851219 31.1109174823
79.0118709391 31.1123322098
79.0059718467 31.125631975
79.0059718467 31.125631975
79.004401272 31.1321120172
79.0022815086 31.1353621162
79.0000237608 31.1357042938
78.9933046174 31.1404276354
78.9910234903 31.1454790638
78.9929180154 31.1495978594
78.9927401043 31.1649388748
78.9899300835 31.1728936063
78.987158473 31.1771567812
78.987158473 31.1771567812
78.9837232046 31.1782626397
78.9837232046 31.1782626397
78.981451569 31.180785645
78.981451569 31.180785645
78.9761958602 31.1812274497
78.968125865 31.1846128644
78.961490675 31.1883674165
78.961490675 31.1883674165
78.9601637933 31.1917493707
78.9601637933 31.1917493707
78.9569881146 31.1956123117
78.9569881146 31.1956123117
78.9511623048 31.2005077261
78.9485610331 31.2093794741
78.9503975079 31.2140225117
78.9504762654 31.2171895786
78.9349507183 31.2179244412
78.9309901277 31.2200111862
78.9252553869 31.2287476987
78.9212313599 31.2450460283
78.9212313599 31.2450460283
78.9222662453 31.254063634
78.9243032932 31.2537301703
78.9284851379 31.2555870702
78.9295021248 31.256492456
78.9300058739 31.2571847033
78.9320629749 31.2615048136
78.9322741216 31.2628566583
78.9321590098 31.2698817274
78.9316194553 31.2714339093
78.9314353916 31.2820532223
78.9390338749 31.2963495097
78.940281744 31.3015762987
78.9406846023 31.3092654548
78.9386192254 31.3202959178
78.9409122414 31.32666043
78.9418097224 31.3273367501
78.945776961 31.332795019
78.9525261853 31.3373996436
78.9678096012 31.3431479848
78.9692397811 31.3437134686
78.9768153342 31.3469446486
78.9838661221 31.3481515703
78.9844021674 31.3479268048
78.9961713029 31.3518898993
79.0053000231 31.3567484399
79.0072114551 31.3589448162
79.0089981564 31.3624266474
79.0087459423 31.3692028572
79.0102387284 31.3741924488
79.0225164802 31.3955515157
79.0275279796 31.4014828042
79.0294681938 31.4035419905
79.0304988551 31.4039904645
79.0311517916 31.4051253734
79.0315327463 31.4060260674
79.0372455042 31.4094846194
79.0429565074 31.415218663
79.0439873174 31.4156670403
79.0447265009 31.4176870719
79.0453894015 31.4179235248
79.0462907236 31.418945793
79.0479714735 31.4219517819
79.0488993857 31.4223036232
79.0499366729 31.4229526839
79.0497769576 31.4395422157
79.0513236892 31.4481470289
79.0527962626 31.4523326368
79.0540594344 31.4537216018
79.0563602549 31.4571183365
79.0610456808 31.4630960024
79.0637042695 31.4653500794
79.0679428688 31.4665871172
79.069211253 31.4669910116
79.0726303353 31.4672338668
79.0761347729 31.4636192651
79.0779703193 31.4625579645
79.0779904345 31.4616643535
79.0793068892 31.4609968344
79.0803592068 31.4600861741
79.0814246258 31.4591984025
79.0819573304 31.4587544578
79.0920402772 31.4532107593
79.1050000207 31.4501855386
79.10550853 31.4497550864
79.1065835575 31.4493277493
79.1071063068 31.4484140132
79.1097714852 31.4473157699
79.1100529581 31.4466515258
79.1159106382 31.4428617294
79.1383768022 31.4364371887
79.1423011888 31.4346928703
79.1424725148 31.4341647798
79.1446966862 31.4336565007
79.1454805512 31.4329947887
79.1487088035 31.4296323659
79.1492564818 31.4285178943
79.1516653624 31.4251648058
79.1522013726 31.4249486887
79.1576933397 31.4149257509
79.1584524611 31.4143550148
79.1594943742 31.4121211608
79.1605310998 31.4110045471
79.1617211508 31.4096424665
79.1627087577 31.4083158421
79.1644021395 31.4060487422
79.1736419901 31.3989536267
79.1739977613 31.3982484342
79.1792175484 31.3937959992
79.185804164 31.3813367657
79.1866608054 31.3796717225
79.1873348563 31.3790365674
79.1880317076 31.3769967145
79.189918965 31.3722352807
79.190706162 31.3717922214
79.1908447212 31.3713322129
79.1913807254 31.3706735191
79.1919062079 31.3699919789
79.1924418543 31.3697894499
79.1932813017 31.3670660233
79.1946001877 31.3661876452
79.1956530577 31.3657367047
79.1975386343 31.3623570398
79.2017840894 31.358592041
79.2039003784 31.3548484605
79.2053823281 31.3537792654
79.2067760325 31.3528099157
79.2076279888 31.3513727039
79.2088158525 31.3505528455
79.2099183204 31.3498055409
79.2104692177 31.3484626221
79.2138577438 31.3467957856
79.2230675948 31.3411426296
79.2262435661 31.3398256722
79.226959549 31.3396466224
79.2278168344 31.3393952208
79.2307305813 31.3375022411
79.2373173306 31.3321186802
79.2383186373 31.3296556041
79.2383816793 31.3263989922
79.2371036435 31.3247099074
79.2366401275 31.3240599826
79.2365415932 31.323256715
79.2362020353 31.3227488009
79.2367916694 31.3206714929
79.2362689369 31.3193097201
79.2364786058 31.3176640633
79.236707345 31.3150923089
79.237119512 31.3141955841
79.2387183428 31.3121685415
79.2392392011 31.3117239135
79.2416387468 31.3099286037
79.2416497056 31.3090345611
79.2541100088 31.2990057341
79.2557007613 31.2977812765
79.2562576586 31.2966433385
79.2636874649 31.2914079464
79.2640638839 31.2897810538
79.2646271257 31.289327356
79.2651218908 31.2843981915
79.2633152809 31.2801155312
79.2620235859 31.2785130902
79.261365507 31.2779854272
79.2526735561 31.270519066
79.2493495537 31.2639481146
79.2484304497 31.2567037495
79.249427463 31.2487971941
79.2528602604 31.2454367694
79.2588522468 31.2416817499
79.2611532739 31.2414047181
79.262962542 31.2416500804
79.2669978598 31.2412986379
79.2683361295 31.2408483739
79.2701667347 31.2410983497
79.2707042173 31.2413334022
79.278316271 31.2400439921
79.2799837413 31.2386871563
79.2807033338 31.2373398237
79.281805226 31.2341965305
79.2823402014 31.2339798875
79.2828818673 31.2321709045
79.2833850033 31.2319449982
79.2841424904 31.2313552598
79.2866291923 31.2265571045
79.287673916 31.2263381345
79.2877865728 31.2256723856
79.2883213499 31.2254739948
79.2921400417 31.2175652878
79.2926776328 31.2173394557
79.2942683643 31.2122178373
79.3017442133 31.1946054809
79.3038867379 31.1903344761
79.3035873057 31.1842324712
79.3032090774 31.1831037679
79.3003612111 31.1803720839
79.2984450937 31.1762890357
79.2975281966 31.1755960614
79.2975427098 31.1740081679
79.2981247548 31.1701867234
79.2985771793 31.169043285
79.3003053503 31.1647886088
79.3010906119 31.1643539153
79.3021624953 31.1634503955
79.3048311385 31.1589486305
79.3072266931 31.1571654151
79.3091165418 31.1537782369
79.3114866079 31.1517849603
79.3126652967 31.1488555734
79.3131785073 31.1486523781
79.3149934721 31.143918555
79.3229738554 31.1367641875
79.3240384943 31.1351850434
79.3240383882 31.1347286873
79.3269215409 31.1338506505
79.328102218 31.1338189728
79.3296764524 31.1336063474
79.3332453092 31.1334520833
79.3342812065 31.1336890545
79.3366719535 31.1321288849
79.337192566 31.1305519959
79.3379776157 31.1300988103
79.3385146698 31.1298682945
79.3404460261 31.1244680895
79.3414854757 31.1240478314
79.3459479734 31.1233903017
79.3532900646 31.1239214356
79.3561757243 31.1234809979
79.3572087427 31.1232614509
79.3601296767 31.1221594263
79.3617137594 31.1210519932
79.3657407183 31.1184252257
79.3692312062 31.1164078458
79.3709391399 31.1159397574
79.3759631014 31.1148362993
79.3772577449 31.1153021657
79.3853062735 31.115049632
79.3924286411 31.1154276804
79.3945394699 31.1149881693
79.3972017807 31.112985359
79.3994119072 31.1069464064
79.4004497008 31.1046363464
79.4012209153 31.1042101476
79.4017365731 31.1039792589
79.4024217613 31.1021744466
79.4050082336 31.0933799999
79.4065361256 31.0770506121
79.4069638664 31.0757970207
79.4076307785 31.0744210527
79.4149489759 31.0749402469
79.4215326225 31.0715998006
79.4237336835 31.0659479041
79.4241224114 31.0510830963
79.4265967019 31.0418988308
79.428288923 31.0321273579
79.4369562279 31.0304091
79.4484535008 31.0322878122
79.4725312754 31.0340790459
79.4811350189 31.0359369288
79.4872334725 31.0348332279
79.4950618994 31.0326345986
79.5026036591 31.0356338503
79.5089154954 31.0354474755
79.5165138304 31.0337081964
79.5179776169 31.022200299
79.5206280684 31.0181317582
79.5262012621 31.0141354979
79.5315277157 31.010772871
79.5355535522 31.0051329067
79.5378502947 30.9990679663
79.5346796785 30.9897736725
79.5465257715 30.9863237376
79.5528837051 30.9858345785
79.5503787365 30.9797422304
79.5464664261 30.9724179033
79.5481289458 30.9677476145
79.5557779533 30.9616874729
79.562522886 30.9571219082
79.568734579 30.9533810908
79.5747125533 30.9512235482
79.5908647069 30.9488952747
79.5957149092 30.9447937403
79.5986359951 30.9400573417
79.6046966316 30.9373874445
79.608973468 30.9408128149
79.6140822102 30.9450709931
79.6210622425 30.9490182514
79.630901257 30.9563090436
79.6394042748 30.959847968
79.6455097001 30.9608794191
79.6578000848 30.9621200514
79.6646104537 30.9650970349
79.6650246208 30.9743700888
79.6668163545 30.9788796673
79.6777779278 30.9814489709
79.6864669122 30.9787678076
79.7084549125 30.9761926196
79.720007259 30.9779065059
79.7293464135 30.9801638051
79.7400493241 30.9854037096
79.7422153944 30.9897257235
79.7475013341 30.9960931059
79.7533666485 31.0006214253
79.7608708261 31.0006690665
79.7658594717 30.9957141377
79.7755988664 30.9876384985
79.7997998819 30.9811873917
79.8076115711 30.9787543722
79.8202347847 30.9722769547
79.825981267 30.9720685765
79.8313143456 30.9737952541
79.8387617078 30.9775462798
79.8455799464 30.9784933522
79.8563187904 30.9753758893
79.8620857506 30.9758602283
79.8673113231 30.9747415493
79.8715380557 30.97115203
79.8749505093 30.9657538713
79.8790564343 30.9605569992
79.8812201014 30.9557009978
79.8839829666 30.9472431195
79.8888089878 30.9355173742
79.889912413 30.9249165511
79.8928131235 30.9208640613
79.9077346663 30.9179874957
79.9127222116 30.9162232911
79.9172226652 30.9101347049
79.9212063574 30.9040410969
79.9233152072 30.8977181161
79.9264763201 30.8936694962
79.9301867844 30.8866802975
79.9362261317 30.8853266026
79.9495227522 30.887445414
79.9548151806 30.8863648034
79.9615770079 30.8847591841
79.9749680647 30.8800357642
79.9827963609 30.8767079346
79.995799326 30.8684025805
80.0027050989 30.8644481425
80.0098408848 30.8618313122
80.014287112 30.8587531637
80.0184525644 30.8551588859
80.023472335 30.8506374249
80.032923622 30.8423107944
80.0400066935 30.8382677136
80.0533383794 30.837396281
80.0591976608 30.8384400325
80.0628048343 30.8338353901
80.0654183972 30.8272628156
80.07928897 30.8189678111
80.0845479581 30.8137680108
80.085431981 30.8067070095
80.0890789775 30.7941364022
80.098090715 30.7897102058
80.1016245312 30.786278052
80.102967305 30.7851262533
80.1029722058 30.784669526
80.1160916024 30.7759143969
80.1163660962 30.7752929876
80.118174046 30.7740813616
80.1228707033 30.7734247605
80.1280910168 30.7752568171
80.1337413198 30.780746757
80.1353850684 30.7818369921
80.1374681784 30.7854388456
80.1403172364 30.7879301181
80.1410848873 30.7883679183
80.1525650438 30.7904539295
80.1533594481 30.7911291519
80.1537526417 30.792476074
80.1527911888 30.799939685
80.1537069802 30.8044602452
80.1545998872 30.805587449
80.1597985253 30.807619325
80.1629259927 30.8078537309
80.171819366 30.8069768914
80.1723460902 30.807181846
80.1744511015 30.8065219631
80.1786201316 30.8044028963
80.1825683516 30.8015897898
80.1833966112 30.7999812354
80.1836366769 30.7995425525
80.1846788811 30.7977282288
80.1859843852 30.7968407098
80.1859784 30.7963840044
80.1872838158 30.7954827786
80.1880846694 30.795025144
80.1891234138 30.7927814861
80.1896547966 30.7925479277
80.1912403698 30.7898468498
80.1920647193 30.7892338921
80.1933958401 30.7879489224
80.1962194541 30.783752838
80.1990989412 30.7815113625
80.1998890838 30.7810536683
80.200297232 30.7799250572
80.2004473366 30.7747363729
80.1999408041 30.7690688685
80.200986336 30.7647741896
80.2014990946 30.7645542951
80.2036329352 30.7611762708
80.204433508 30.7607230855
80.2051186923 30.7593200194
80.2054739049 30.7582187957
80.210443652 30.7555267176
80.2122795947 30.7544007279
80.2222077724 30.7519347029
80.2229750358 30.7521711847
80.225813668 30.7584887811
80.2277788908 30.7600710034
80.2297876491 30.7608629245
80.2322772669 30.7614074842
80.2328697719 30.7614614927
80.2359961519 30.7603333667
80.2368036304 30.7594187328
80.2378354386 30.7596501165
80.2380985863 30.7589691888
80.2388672485 30.7585113133
80.2404478104 30.7553665305
80.2411870534 30.7547716232
80.2420189047 30.7528611556
80.242550039 30.7526411371
80.2430811553 30.752434811
80.2433560218 30.7510503902
80.244529508 30.7481207896
80.2450289308 30.7479145024
80.2472564005 30.7431881604
80.2479718329 30.7426115392
80.2492489114 30.7399923037
80.2499959895 30.7393973609
80.2522583209 30.735063633
80.252270683 30.7321037047
80.2518743675 30.7309577826
80.2476060013 30.7239526568
80.245804675 30.716971038
80.240325089 30.7119863865
80.2385058496 30.7090426909
80.2361784206 30.6989140362
80.2357939061 30.695520416
80.2349759924 30.6949414347
80.2346656452 30.6916299304
80.2320821075 30.6895962095
80.224780132 30.6857417059
80.2239849142 30.6859255013
80.2138571705 30.6845046617
80.2120350318 30.6838674742
80.2082235834 30.6821135892
80.2082273353 30.6812182218
80.2077270282 30.6807574246
80.2075967806 30.6803007581
80.2004286342 30.6766824837
80.1976995269 30.673967619
80.1969703558 30.6724791967
80.1960559724 30.6691864449
80.1953582983 30.6642259287
80.1979934705 30.6597135908
80.2032307948 30.6565731169
80.2032319113 30.6556594007
80.2121577005 30.6511068183
80.2152521259 30.6498281312
80.2157665424 30.6493660213
80.215761911 30.6482421101
80.2179730466 30.6465761913
80.2179695895 30.6461193285
80.2212670825 30.6432777067
80.2232420441 30.6396702224
80.2237753076 30.6394456764
80.224186031 30.6358129306
80.2226080673 30.6310909236
80.2204722333 30.6289008064
80.2177098528 30.6249706932
80.214003493 30.6218961662
80.2134761996 30.6209739024
80.2132851992 30.6174834917
80.2138278954 30.6136767865
80.2143316571 30.6132192235
80.2206216171 30.6107435453
80.224011895 30.6100581477
80.2254406187 30.6099282042
80.2260769891 30.6098359563
80.2260840612 30.6093790791
80.2268729861 30.6089210393
80.2272802644 30.6077919234
80.2270288918 30.603291718
80.2266332835 30.602172803
80.221174644 30.5967247222
80.2206734198 30.5955922574
80.2206875964 30.591735827
80.2256615786 30.5766456924
80.2294885525 30.5742230977
80.2304428394 30.5733718398
80.2359325839 30.5706725925
80.236140111 30.5701148021
80.2390562395 30.5692972011
80.2444987636 30.5669450152
80.2468349931 30.5653603805
80.2471010896 30.5637835404
80.2486649851 30.5628854854
80.2489302667 30.5621951025
80.2517731173 30.5605685393
80.2533323431 30.5599994848
80.2549212023 30.5597274063
80.2587472055 30.561101369
80.2607421842 30.5618247385
80.2624818188 30.5629049368
80.2644626933 30.5668544075
80.2658279018 30.5681224446
80.2669103523 30.5692584927
80.2678799336 30.5694990928
80.2693902882 30.5695057344
80.2700767994 30.5695045971
80.2711691403 30.5691509105
80.2717065137 30.5685605544
80.2713166086 30.5653945716
80.2715878011 30.5626935133
80.2725242532 30.5622989704
80.2727315666 30.5617456895
80.2752484584 30.5608732524
80.2757522104 30.5617954792
80.2767802892 30.5622506515
80.2770411079 30.5631504124
80.2771709423 30.5645073452
80.278255624 30.5654514022
80.282327972 30.5680992383
80.2869283083 30.5684018922
80.2927012694 30.5688166342
80.2952954546 30.568240757
80.2959655931 30.5680202189
80.2966987514 30.5676715785
80.298272932 30.5667913784
80.2988395821 30.566360792
80.3014317053 30.5660681509
80.3040306813 30.5653367736
80.3071278991 30.564316513
80.3083702807 30.5638252076
80.3092702741 30.5636818515
80.3099522189 30.5639730238
80.3114602651 30.5641346285
80.3124977024 30.5640458326
80.3135539513 30.5640895082
80.3135542869 30.5631938718
80.316148562 30.5627364686
80.3169134108 30.5624151107
80.3203126139 30.5618418247
80.3218738421 30.5611625042
80.3223285107 30.5603527343
80.322058844 30.5592245979
80.3236546852 30.5576677335
80.3236614309 30.5572107992
80.326068999 30.5541580598
80.3265991525 30.5539513699
80.3273798007 30.5516832546
80.3281679284 30.5512247034
80.3289456006 30.5507890042
80.3302667929 30.5483050023
80.3346654217 30.5455359371
80.3430162402 30.5410859157
80.3524221628 30.5374693449
80.3552546742 30.5356810159
80.3560830873 30.534619019
80.3602440447 30.532192387
80.3798149554 30.5230218216
80.382944941 30.521204741
80.3959753818 30.5178420893
80.4022085216 30.5223373563
80.4060919551 30.5241602545
80.4152185921 30.5255082396
80.4168949481 30.524804746
80.4173951517 30.523674666
80.4209696485 30.5207863974
80.4241101201 30.5130732268
80.427208972 30.5101585493
80.4280008976 30.5094618043
80.4302334043 30.5056536085
80.4308670211 30.5049663958
80.431401109 30.5045034016
80.4381725631 30.4999928457
80.4626850179 30.4907068276
80.4715179705 30.4882317815
80.486262259 30.4866893589
80.488166086 30.4863682624
80.4897723419 30.4861989234
80.4999124199 30.4848198228
80.5043318894 30.4834807969
80.5087725721 30.4802951255
80.508773159 30.4791708556
80.5095690433 30.4789397889
80.510068263 30.4778139164
80.5116394295 30.4762276302
80.5124264189 30.4757681113
80.5129291347 30.4742080059
80.513461078 30.4739777871
80.5189147882 30.4647006739
80.519709665 30.464259354
80.5202403358 30.4631150036
80.5241540612 30.4597384856
80.5262397025 30.4576475587
80.5267498087 30.4572574041
80.5281727655 30.4556713657
80.528834571 30.4549836026
80.5342867301 30.4518348897
80.5345491299 30.4509198945
80.5385747913 30.4497685305
80.5410573931 30.4486587497
80.5426177439 30.4495585524
80.5437833754 30.45363628
80.5443961985 30.4544112422
80.545176313 30.4554324244
80.5496509775 30.4579038118
80.5496477636 30.4583608826
80.5540906361 30.4590222423
80.5587407615 30.4576900076
80.5663128593 30.4590121204
80.5701972713 30.4615123875
80.57580685 30.4700897978
80.5810180952 30.4829644816
80.5833750851 30.4836507159
80.5842384472 30.4837664537
80.5913061735 30.4840745498
80.5988405041 30.4815927293
80.6082062717 30.4765990621
80.6433487315 30.4541870286
80.6456740404 30.4519290261
80.6482825186 30.4498572542
80.648280542 30.4489888404
80.6514285748 30.446713744
80.6514234994 30.4462566914
80.6520361611 30.445399512
80.6528004534 30.4447748071
80.6580894012 30.4418784439
80.6593267815 30.4414392702
80.6612346319 30.440613373
80.6618189573 30.4403824001
80.6636404841 30.4396939441
80.6651965461 30.440144628
80.6680506204 30.4396804537
80.6753488956 30.4401256593
80.6805320614 30.4377729268
80.681827803 30.4369493413
80.6823502346 30.4355667629
80.6839185597 30.4349019754
80.6847059457 30.4342130149
80.6914679345 30.4294398137
80.6914683303 30.4285713506
80.714368738 30.4127114582
80.7341712565 30.402269649
80.7458232189 30.3965894146
80.7520235143 30.3925152432
80.7598319145 30.3859282479
80.7600914122 30.3852641955
80.7637087587 30.3823169864
80.7637111138 30.3818507372
80.766052783 30.3798328256
80.7668482045 30.3784485128
80.7702732488 30.3743317262
80.7712182839 30.3736917996
80.7718758678 30.3713709199
80.7729814689 30.3702822421
80.7738526042 30.3696426469
80.7785171328 30.3598920583
80.7790139316 30.3596702533
80.7808277513 30.355592774
80.7813245285 30.3553709599
80.7815887788 30.354235933
80.7826426404 30.353339372
80.7831710156 30.3531173623
80.7869033428 30.3424746327
80.7883210279 30.3399898481
80.7888494671 30.3397815573
80.7904530595 30.3375244099
80.7966576116 30.332762216
80.7969169157 30.3321163428
80.8082048615 30.3246448676
80.8257069713 30.3143566947
80.8324624288 30.3111674505
80.8351507402 30.3101111713
80.841295661 30.3078574453
80.860209353 30.3015996366
80.8679439936 30.3003560068
80.8793968799 30.2985066265
80.8802205066 30.2983650006
80.8848887379 30.2972240066
80.8978907563 30.2940114943
80.9108604223 30.2883198632
80.9198332753 30.2855121625
80.9311134502 30.2823660511
80.944335915 30.2800857701
80.948639568 30.2796537428
80.9507697565 30.2795315684
80.9549899268 30.2788712209
80.9566276607 30.2784363244
80.9616343147 30.2769664282
80.981720945 30.2701795196
80.9869173946 30.268803672
80.9926912571 30.2675155588
81.0084418755 30.2648761603
81.0253507557 30.2572070787
81.0264317132 30.2564000413
81.0294512744 30.2540397032
81.030215603 30.2534861458
81.0315032285 30.2518912155
81.0334316707 30.2475988217
81.0339616498 30.2473622952
81.034348117 30.2451054443
81.0342882086 30.2445571083
81.0329743864 30.2283775368
81.0355180379 30.2209119255
81.0363120481 30.2204678362
81.0371807817 30.2198266648
81.0402341562 30.2132218868
81.0410756597 30.2118628831
81.0418283458 30.2099739287
81.0423347415 30.2057542341
81.0428618904 30.2055175996
81.0429460763 30.2002578876
81.0429604052 30.1985382809
81.0409822568 30.1984092239
81.0336450517 30.1980537084
81.0326225881 30.1982431199
81.0278978635 30.1976923268
81.0107549033 30.1925774119
80.9973330099 30.1881375286
80.9932919165 30.1867765844
80.9914986969 30.187016242
80.9857880616 30.1888254882
80.9847725023 30.1908530524
80.9842426367 30.1910849514
80.9834521993 30.1913183913
80.9803371449 30.1908707805
80.9776124483 30.1895243833
80.9764455318 30.1890969363
80.9733246164 30.1845881274
80.9707062551 30.1830168819
80.9631916938 30.1850602109
80.9582591311 30.1844171616
80.9517710502 30.1824293772
80.9418841889 30.178604289
80.9382381064 30.1768052089
80.9366808791 30.1765855223
80.9360267516 30.1767447804
80.9276178455 30.1788922777
80.9258085754 30.1797990459
80.924992462 30.1815187411
80.9247874191 30.1822516392
80.9238332729 30.1827830092
80.9211642274 30.1859217791
80.920372809 30.186036006
80.9197157847 30.1889757906
80.9202510075 30.189091667
80.9199336782 30.1906529579
80.920921128 30.1931443797
80.920960509 30.1959246953
80.9211965382 30.2049004754
80.9217338881 30.2073852335
80.9194059963 30.2132657081
80.9186433196 30.2137273336
80.9178627208 30.2153140134
80.9127050427 30.2184984792
80.9062134555 30.2176065579
80.9028264918 30.2160386167
80.8998094097 30.2117704267
80.8988292718 30.2109527313
80.8968001254 30.2056591451
80.8949739655 30.2039817415
80.8888849217 30.1960395809
80.8879575854 30.1948510614
80.8829900367 30.1842452866
80.8759607399 30.1781780059
80.8724403875 30.176152653
80.8708590871 30.1754888744
80.8679018607 30.1719374495
80.8674895267 30.169831309
80.868784352 30.1698243767
80.8763723733 30.1503824848
80.8776648627 30.1438351491
80.877641326 30.1361422409
80.8747778059 30.1305044848
80.8674152612 30.1255493893
80.8601756422 30.1219013961
80.856851805 30.1206245785
80.8513914392 30.117012494
80.8460844747 30.106241048
80.8456623754 30.1053055831
80.841994275 30.1016837097
80.8414809171 30.1012335387
80.838377174 30.1001106912
80.832915667 30.0992148537
80.8244888032 30.1001133045
80.8218224192 30.0994544672
80.8185522518 30.098176538
80.811986943 30.0950076766
80.8111181245 30.0944814307
80.8099503055 30.0932934275
80.8086361381 30.0922387556
80.8082600345 30.0918426824
80.8056459894 30.0871030978
80.803236356 30.0850200291
80.8027900989 30.0843544466
80.7991398436 30.0767288298
80.7958635375 30.0739775021
80.7922390688 30.0702259829
80.7913498267 30.0697591393
80.7892584359 30.0663705657
80.787176466 30.0652553984
80.78277003 30.0620929334
80.7809455844 30.0605143759
80.7734347817 30.0582906448
80.7722760982 30.05760541
80.7692695601 30.0553416095
80.7686077744 30.0542102848
80.7679775472 30.0530879114
80.7625394118 30.0479168922
80.762006365 30.0463366019
80.7619519612 30.0456232178
80.7618455313 30.0424581012
80.7614576914 30.0320799344
80.7546866126 30.0185748004
80.7497518595 30.0115661164
80.7474266448 30.0056934556
80.7443084804 30.002070732
80.7352245027 29.9971345862
80.7282222245 30.0000896951
80.7248517087 30.0007865208
80.7210905384 29.9994170585
80.7193951977 29.9976037339
80.7151838752 29.995179332
80.7150510471 29.9940361337
80.7138868554 29.9935974824
80.711889423 29.9917671003
80.7113103171 29.9906944781
80.7101499932 29.9900087529
80.7070921577 29.9870300021
80.7061908967 29.9856751124
80.7033510852 29.9840038121
80.7030844537 29.9833370039
80.6924410871 29.9748684032
80.6912812603 29.9732857601
80.6879133092 29.9696627533
80.6864855299 29.968543264
80.6849050761 29.9631281966
80.681557076 29.9606487653
80.6732880234 29.9595669932
80.670238036 29.9596437115
80.667551214 29.9593299648
80.6618726523 29.9586669649
80.6595275092 29.9588778923
80.6588690588 29.9585785478
80.646641179 29.9590167852
80.6418453294 29.9593424417
80.6406667845 29.959552999
80.6393176459 29.9598054137
80.6353778114 29.9615595863
80.6345910852 29.9633745227
80.6338273293 29.9640409342
80.6314029189 29.9636752251
80.6302743901 29.9639129827
80.6289837009 29.9637990399
80.6178457791 29.9580220515
80.6170607118 29.9575949825
80.6140360287 29.957460085
80.6124855972 29.9579235008
80.6091662718 29.9577209609
80.6080123568 29.9576109444
80.6046453527 29.9562555149
80.6003444337 29.9535537174
80.5831330927 29.9368840144
80.5792407046 29.9336767538
80.5725139426 29.9230714399
80.5719853069 29.9178615467
80.5730049103 29.9151536384
80.5743227161 29.8948091961
80.5726862453 29.8902023942
80.5709525956 29.8866895602
80.566511182 29.8818728264
80.5648276576 29.8794854452
80.5624081228 29.8763271884
80.5608525707 29.8708823709
80.5613853114 29.8668168669
80.5619083529 29.8652362589
80.5608605888 29.8622973368
80.5564448849 29.8582397263
80.5551853436 29.8537180567
80.5546556059 29.8532530945
80.5502689075 29.8520278987
80.5439069095 29.8493127271
80.5422277257 29.8483115821
80.5419398854 29.8479235906
80.5363113183 29.8399564853
80.5282707455 29.8336490755
80.5254346376 29.8302350953
80.5113230466 29.8234703974
80.5080428904 29.8203915397
80.5011161015 29.812408568
80.4964764037 29.7961387112
80.4946554218 29.7948124115
80.4907957371 29.7954695244
80.4897690004 29.7952666504
80.4897705972 29.7943513126
80.4897783558 29.7936555548
80.4872832369 29.7943496859
80.4830214582 29.7968339899
80.4703541645 29.8011278009
80.4675952739 29.8008337267
80.4663130393 29.8010617172
80.4619233604 29.8004152727
80.4540732404 29.797760091
80.4510214959 29.7984276995
80.4488952035 29.7988821172
80.4479969273 29.7993651998
80.4452684241 29.8009059919
80.4437081369 29.8040774004
80.4417899295 29.8055243339
80.4381390394 29.8052871604
80.4354870213 29.8033217151
80.4333886821 29.7990892434
80.4326017689 29.7984231464
80.4245906737 29.796036983
80.4186642299 29.791649492
80.411546497 29.7902352161
80.4108370196 29.7899074877
80.4100519072 29.7897263994
80.4097644483 29.7884867894
80.4042536864 29.7674327357
80.403974741 29.7647741258
80.4021694159 29.7597849917
80.4013829067 29.7591003562
80.3985475534 29.7575327971
80.3975174343 29.7577596392
80.3946885007 29.7573500321
80.3934044032 29.7568954473
80.3920655503 29.7557223663
80.3913590853 29.7521446934
80.3909140409 29.7515873698
80.3892143529 29.7499161932
80.3871876284 29.7484838088
80.3856413508 29.7480297833
80.3781312909 29.7502812371
80.3746375361 29.7493739319
80.3740040902 29.7489405867
80.3736202958 29.7477925674
80.3715523374 29.7439341195
80.3703923674 29.7428153143
80.370082729 29.7401474418
80.3701652414 29.7274770419
80.3704303954 29.7249725414
80.3725099958 29.7206786394
80.374323103 29.7193241053
80.3755650786 29.7190236647
80.3794775037 29.718204308
80.3798697651 29.7161663513
80.3802688939 29.7154925237
80.3802732742 29.7143664432
80.3800047517 29.7123300265
80.379690392 29.7115709113
80.3792249459 29.7102811159
80.3796221279 29.7064487069
80.3801484207 29.7062186428
80.3815962536 29.7021593563
80.3821042536 29.7019521648
80.3828929904 29.700137526
80.3844388893 29.6989894473
80.3847054374 29.6978672439
80.38470329 29.697180612
80.3852112631 29.6969734087
80.3857269806 29.6967432723
80.3865999372 29.6942142662
80.3871261789 29.6939887118
80.3906547633 29.685676086
80.3948077866 29.6687140357
80.3953910485 29.6683234782
80.3959066699 29.668093334
80.3961772286 29.6674563226
80.3969864669 29.6672437543
80.4078101145 29.6596950543
80.4099614195 29.6579774184
80.410902623 29.6572791447
80.4116198994 29.6562518172
80.4124289759 29.6560208656
80.4206807219 29.6495032049
80.4237795562 29.6407049843
80.4245818949 29.6355202884
80.4236667457 29.6307704329
80.4230167381 29.6291880549
80.4152907758 29.6194699797
80.4132256523 29.6154096246
80.4131304809 29.6081300916
80.4136625977 29.6058806973
80.4137768337 29.5977763376
80.4117251219 29.5960371732
80.4113941009 29.5957587342
80.4100653897 29.5932255238
80.4093297771 29.5925680743
80.4084369168 29.5903176666
80.4080679019 29.5896272099
80.4078647533 29.5891927384
80.4039895826 29.5864827525
80.4021914498 29.5796878675
80.3995997431 29.5776659294
80.3992851932 29.5767921431
80.3989733649 29.5727040852
80.3984495551 29.572705381
80.3980908201 29.5710990911
80.3975629954 29.5706653932
80.3932885201 29.5697876119
80.3922664137 29.5695611427
80.3875039866 29.5708867798
80.3857688608 29.5704742833
80.3817088478 29.568611198
80.3807932662 29.5672580179
80.3763499491 29.5633260674
80.3752481917 29.5627288098
80.373833922 29.5618392011
80.3668872876 29.5595885976
80.3581259822 29.5527856653
80.3514209901 29.5505292831
80.3493774175 29.5473650398
80.3498936537 29.5410494479
80.3484851555 29.5374212336
80.3488772515 29.536271015
80.356878168 29.5324390952
80.3577729772 29.5313243411
80.3576763206 29.5268873737
80.3573938777 29.525193696
80.3553576958 29.5199778783
80.3547091071 29.5183948569
80.3534786537 29.5165521256
80.3517511762 29.5148294941
80.3474672427 29.5125766399
80.3455851053 29.5116602128
80.3406808635 29.5103014392
80.3373598104 29.5096535854
80.3370730312 29.5091275645
80.3344831082 29.5078003889
80.3319984666 29.5056852644
80.3280448642 29.5023778828
80.3274235314 29.5010236719
80.3249919275 29.4980748402
80.3241340652 29.4973438673
80.3210760014 29.4950053109
80.319606938 29.4937351218
80.3188971811 29.4935716878
80.3185394869 29.4928900328
80.3180160348 29.4928819137
80.3154594346 29.4870022843
80.3159954722 29.4806722853
80.3146097676 29.4801895414
80.3124154168 29.4807342317
80.3093967805 29.4823886974
80.3077059778 29.4865364485
80.3066864168 29.4869917691
80.3038618379 29.4867635511
80.3027106113 29.4858726989
80.3012770711 29.4829261633
80.2979389417 29.4759209957
80.2932175073 29.4713729127
80.2922984983 29.4711685046
80.29204037 29.4693691838
80.2928299822 29.4668717918
80.3008653989 29.461164389
80.3012510381 29.4604996107
80.301726357 29.4601140171
80.3035459117 29.4541385426
80.3038442729 29.4531075139
80.3034519989 29.4510610863
80.3029296437 29.4503796536
80.3000779952 29.4483515479
80.2941566183 29.4503867684
80.2900466152 29.4494736821
80.2895321966 29.4487968049
80.2879885193 29.4476729008
80.2848996546 29.4492996712
80.2841009761 29.4501529322
80.2838701733 29.4510464194
80.2825458942 29.4543462356
80.2816371261 29.4551080509
80.2816250543 29.4566927064
80.2804752397 29.4573587753
80.2757052679 29.4562449747
80.2757168076 29.4555579311
80.2730241652 29.4519307561
80.2704408828 29.4503642371
80.2694173245 29.4501324036
80.2629739082 29.4505826942
80.2601550343 29.4501247141
80.2555267844 29.4464910973
80.25343011 29.446027309
80.25060105 29.4469431332
80.2470169044 29.4457945337
80.2465863462 29.4425979062
80.2463742314 29.4410232354
80.2463265551 29.4407394042
80.2462564624 29.4397044441
80.2462571551 29.4374327874
80.2470852589 29.432906527
80.2476133346 29.4326995843
80.2481976395 29.4305735888
80.2488606087 29.425937583
80.2488823104 29.4198277249
80.2476397359 29.4146174653
80.2482083849 29.4099081936
80.2487591851 29.4093531222
80.2489135281 29.4080704183
80.2564105771 29.4046830618
80.2602888759 29.4019744756
80.2608174415 29.4008560435
80.2684940155 29.3973990479
80.2715031556 29.3968764235
80.2734466535 29.3970151141
80.2762708723 29.3956911742
80.2768028784 29.394998619
80.2775591997 29.3940812932
80.2794566884 29.387770833
80.2801577685 29.3832716745
80.280472971 29.3815717944
80.2811167794 29.3737609941
80.2786193783 29.3713559972
80.2756886977 29.3692357119
80.275068566 29.3678809297
80.275339187 29.3649443393
80.2805006807 29.361550376
80.2804970265 29.361092324
80.2810267971 29.3606608095
80.2830677174 29.3590677766
80.2835974283 29.3586179396
80.2842286619 29.356830399
80.2849375648 29.3456660201
80.2854140754 29.3437229767
80.2913565582 29.3405607418
80.2921151904 29.3407884211
80.2947047696 29.3403301998
80.2951030623 29.3396377587
80.2970463928 29.3335554763
80.296805302 29.3267808461
80.3017251141 29.3248660507
80.3029888332 29.3243093671
80.3054189109 29.3239978388
80.311222509 29.3254205295
80.3122622865 29.3252123793
80.3139230572 29.3245815868
80.3152220041 29.3235208288
80.3166361245 29.3225102681
80.3167299673 29.3173244491
80.3167556168 29.3161058899
80.3172908542 29.3128431409
80.3186114609 29.3080716644
80.319502209 29.3048723668
80.319386488 29.2995310559
80.3190006855 29.2978780558
80.3112724168 29.2913009113
80.3079459883 29.2829466334
80.3072353371 29.2745642894
80.3046832028 29.2641831689
80.3031663333 29.2528836472
80.303121666 29.2506571698
80.3030511874 29.2474685663
80.3035678234 29.2472339167
80.304099429 29.2456568705
80.3042345637 29.2411300115
80.299467631 29.2368368492
80.2977964028 29.235937409
80.2975695719 29.2350214695
80.2980926959 29.2212433881
80.2999061237 29.2162688118
80.3004121949 29.2160341797
80.3014572233 29.2151387627
80.3030225152 29.2070168472
80.3032867018 29.2029522412
80.3029560376 29.2012071545
80.3022519699 29.1984226678
80.2984258446 29.1948192691
80.2968847516 29.1945884307
80.2917383972 29.1957066949
80.2893313362 29.196966492
80.2883599972 29.1992179838
80.2878330727 29.1994434264
80.2863088468 29.2053659624
80.2850210683 29.2063304533
80.2839990729 29.2070470355
80.2834829573 29.2074328259
80.2824546037 29.2076591318
80.275174101 29.2076122043
80.2724354037 29.2078826177
80.2647194413 29.2105758906
80.2644550329 29.2114973049
80.2639306261 29.2117043435
80.2616077633 29.2184983471
80.2605692824 29.2189353141
80.2577141009 29.2198471107
80.254139977 29.2191517884
80.2534888261 29.2187129592
80.2528431671 29.2171286985
80.2504473828 29.2024568555
80.2511865841 29.2012827364
80.2556616055 29.1972252279
80.2572107662 29.1963384619
80.2593301023 29.1934255006
80.2601202504 29.1929660273
80.2616630795 29.1915935116
80.2619275148 29.1906950038
80.262686365 29.1902355667
80.2640220883 29.1873008949
80.2647593086 29.1852835888
80.2657992857 29.179632226
80.2658119672 29.1758015691
80.2637868295 29.171268591
80.2634100286 29.1647304676
80.2658767545 29.1622291118
80.2666357495 29.1595243204
80.267423385 29.1592022501
80.2674915103 29.1580932343
80.2678785516 29.1572448722
80.2682634798 29.1566072872
80.2690347001 29.1559645112
80.2698568122 29.1546984025
80.2704421679 29.1538084414
80.2715103226 29.1529131194
80.2742687487 29.1491279897
80.274147495 29.1450682579
80.2736239979 29.1443726966
80.2720925513 29.1434771115
80.2671305068 29.1420328461
80.2630630295 29.1402569924
80.2607681592 29.1386615009
80.2556914349 29.1359018711
80.2545149344 29.1348727257
80.2527248775 29.133743669
80.2501681237 29.1315618657
80.242868117 29.1206208996
80.2408139488 29.1190338267
80.2403151284 29.1188055031
80.2328824612 29.1197145773
80.2308192518 29.120171232
80.2302139021 29.1201721017
80.2260663623 29.1196143692
80.2250516741 29.1198403239
80.2194950206 29.1192385547
80.2182123756 29.1199185072
80.2139256321 29.121798548
80.2128587436 29.1220244943
80.2102618059 29.1232881388
80.2102629741 29.1239754951
80.2094775402 29.1255528988
80.2063583632 29.128256052
80.2012430138 29.1296006116
80.1999639481 29.129396006
80.1981624316 29.1305209749
80.1916990559 29.1327558928
80.1901573915 29.1331884534
80.1859357382 29.1320798686
80.1852803451 29.1318515239
80.1843701418 29.1304915772
80.18401906 29.129570909
80.1786261281 29.1250494824
80.1696453434 29.1203438211
80.1668347623 29.1182937655
80.1662005561 29.1182256872
80.1631059261 29.1143749203
80.1618644594 29.1128410281
80.158384583 29.1095267194
80.154897798 29.1067942476
80.1532392847 29.1054347872
80.1522468151 29.1046567143
80.1513679487 29.1028381825
80.1489193829 29.0996646554
80.1446010393 29.0926524608
80.1381277643 29.0781030972
80.1361676767 29.0724495017
80.1355558848 29.0687744801
80.1358390592 29.0653141046
80.1364948244 29.0639569771
80.1370164873 29.0639611121
80.1437166315 29.0589872725
80.1435932785 29.0560542368
80.1383464532 29.0497250415
80.1341861463 29.0420013978
80.1301987453 29.0345570063
80.1320025778 29.0338909718
80.1325265226 29.0336705581
80.1338133555 29.03006249
80.1335709268 29.0252914715
80.1306649642 29.0167138626
80.1305475951 29.0142206144
80.1372256245 29.0126475199
80.14082627 29.0104077078
80.1408450923 29.0063375872
80.138040182 29.0042866603
80.1336596068 29.0035936754
80.1326407777 29.0040482864
80.1300889863 29.0045041413
80.1254567905 29.0024727847
80.1247072187 29.0011166533
80.1238284464 28.9930824434
80.1216426931 28.9864837848
80.1211722944 28.9852877972
80.1178762083 28.9839105939
80.1109187266 28.9834342954
80.1061815492 28.9822961637
80.1041189755 28.9813899551
80.1026071666 28.981363444
80.1021001403 28.9797824209
80.0991703545 28.9763831537
80.0980279339 28.9754121128
80.0971481867 28.9736617116
80.0942945839 28.9707390063
80.0920259701 28.9657715621
80.0888281511 28.9621659148
80.0815373237 28.9441644212
80.0809686516 28.9432479269
80.0802535972 28.9415430679
80.0737069304 28.9309205381
80.0698690751 28.9263932052
80.0666003839 28.9187162773
80.0633414096 28.9037869393
80.0641361284 28.8890847889
80.0641337668 28.8845187661
80.0636109437 28.845257073
80.0646548028 28.8398421273
80.0703480308 28.8292259992
80.0459633396 28.803784124
80.0454697924 28.799423919
80.0438449838 28.7974482363
80.0375427623 28.7938047202
80.0392154836 28.7913375419
80.0445443921 28.7881403356
80.0480850608 28.78468213
80.0522977888 28.777074012
80.049986325 28.7690827715
80.0463567243 28.7629945616
80.0457937448 28.7603398595
80.0465731092 28.7571757408
80.0452585348 28.7553328197
80.0430441064 28.7545172197
80.0408655589 28.7520233609
80.0347592589 28.7426201339
80.0253965686 28.7313324289
80.0174042436 28.7234509179
80.0146155464 28.7209016085
80.0113172275 28.7195949782
79.9999896031 28.7109697467
79.9865508158 28.7106986319
79.979546915 28.7095560721
79.9646070695 28.7114656799
79.9525868183 28.7154016719
79.9412441892 28.7204512498
79.9341165523 28.7266481828
79.9340771546 28.7322242447
79.9332463313 28.7389369979
79.9298265395 28.7461392908
79.9234950173 28.7532208343
79.9219080148 28.7572643486
79.9238271846 28.7588930684
79.917494626 28.7660383852
79.9110533342 28.7677865087
79.9062824646 28.772937631
79.9038788784 28.7751966896
79.9007213967 28.7797065791
79.9052005223 28.7857983596
79.90993739 28.7888227118
79.9123701572 28.7933403631
79.9131073983 28.7960551349
79.9066220872 28.7953820353
79.8978480961 28.7927448964
79.8919263235 28.7907510245
79.8848633388 28.7903930215
79.879083097 28.7903796288
79.8714815754 28.7923773938
79.865162598 28.7947243295
79.8582920314 28.7988861993
79.8523351693 28.802585473
79.8551387567 28.8089611274
79.8580417026 28.8152267798
79.8615423655 28.8156700075
79.866057048 28.8147569099
79.8722397009 28.8118321626
79.883074809 28.8103411744
79.8874564454 28.8122699689
79.8873027917 28.815222574
79.8871722946 28.8241721425
79.8828635443 28.8245633403
79.8724521151 28.8280673591
79.8674614384 28.8329873488
79.8665346921 28.8353523429
79.8659145452 28.8382127098
79.8613545256 28.8393091251
79.855990676 28.8374659182
79.8535575084 28.8365330173
79.8456847856 28.8383182334
79.8415006228 28.8406019557
79.836314184 28.83871241
79.8341910787 28.8356751079
79.8256188589 28.8256298847
79.8246551996 28.8241020965
79.8275316546 28.8185942395
79.8280224907 28.8156558158
79.8264538981 28.8130407241
79.8268142604 28.8084974259
79.8277076802 28.8061784198
79.8258619467 28.8045304217
79.823080995 28.8052976169
79.8208408597 28.8046624226
79.8168172348 28.8026542123
79.8159920404 28.800975142
79.8148203689 28.7995111847
79.813046841 28.7984591537
79.8065125836 28.7977177492
79.8037965934 28.7969579316
79.7972430393 28.8001226155
79.7951335198 28.7993404718
79.7939441912 28.8071013461
79.7979712524 28.8148504184
79.8012010358 28.8136211187
79.8036863323 28.8090805401
79.8065788781 28.8086438981
79.8088484923 28.8104072103
79.8096253621 28.8147362947
79.8116941228 28.8186084586
79.8130220755 28.8235570886
79.8132794937 28.8272022974
79.8110205438 28.8301522877
79.8055096491 28.8331853725
79.8061519996 28.8369456672
79.8100032116 28.839953285
79.8100209668 28.841952254
79.8085476202 28.843463442
79.80647775 28.8467711019
79.8117846284 28.8481849014
79.8199678892 28.8502115651
79.8208910827 28.8528304212
79.8205000616 28.856740656
79.8188023998 28.8602276275
79.817618742 28.8629724289
79.8146745995 28.86573809
79.8088330433 28.8643650649
79.8067194411 28.8637848696
79.803489502 28.8643219013
79.8031377361 28.8677277997
79.8025226047 28.8713487744
79.7863462627 28.8857414477
79.773858714 28.8836062905
79.7716530401 28.8834381407
79.7618632211 28.8872656287
79.7605825991 28.8854482637
79.7567495416 28.8836912451
79.7531823699 28.8792664061
79.7523168787 28.8770874781
79.7491485305 28.8765048984
79.7447018684 28.8770021683
79.7402260061 28.8789754299
79.7299956894 28.8766754521
79.7274091274 28.8756854156
79.7240441738 28.8745885391
79.7214665822 28.8731216453
79.7185900497 28.8691464414
79.7174872311 28.8662608457
79.7170155578 28.8641281924
79.7137507649 28.8638060482
79.7088880144 28.8641869646
79.7041740391 28.8622298832
79.6999688023 28.8620936861
79.6982712594 28.860898519
79.6961596285 28.8512485102
79.6846656236 28.8515105105
79.6788863768 28.8480055337
79.679087014 28.8439301333
79.6779952781 28.8422270551
79.6712560631 28.8416356353
79.6658429825 28.8426376628
79.6557318692 28.8468066321
79.655059207 28.8471306961
79.6528942233 28.8503628021
79.646347827 28.8523381869
79.642537189 28.8527606917
79.6357767294 28.856591947
79.6308485319 28.8614724112
79.6253687255 28.8626287458
79.6204688586 28.8606045715
79.6154024666 28.858593585
79.609837015 28.8588139448
79.6040535616 28.8604410175
79.5937402784 28.8497284136
79.590546344 28.8462817571
79.5883063856 28.8441716442
79.5860339732 28.84319382
79.5836447632 28.8429125472
79.5775506882 28.8433596278
79.5752228193 28.8426474135
79.5740931332 28.8418054394
79.5711474163 28.8405871868
79.5689065948 28.8395862881
79.5653575609 28.8389393994
79.5626650989 28.839784823
79.5599686381 28.8439357858
79.5594379854 28.848193494
79.5616956021 28.8540497614
79.562971248 28.8570882115
79.5630286813 28.8600041834
79.5634534054 28.8621371839
79.5655345295 28.8686987275
79.5657636876 28.8724173842
79.564349427 28.8754209565
79.5622878423 28.8780697838
79.5551259488 28.8845507324
79.5504861259 28.8862981419
79.5482535001 28.886438586
79.544891379 28.8842102169
79.5416978892 28.880781147
79.5377104818 28.8758872373
79.5343747173 28.8702202591
79.5317350666 28.8671822065
79.5291021437 28.864474199
79.52581676 28.8614798989
79.5218853948 28.858584542
79.5189873126 28.8571912778
79.5142372493 28.8566497406
79.5086818816 28.856279746
79.5031137433 28.8564963873
79.4982909606 28.8584939925
79.4943732139 28.8601091983
79.4883852212 28.8610621066
79.4795019317 28.8587915736
79.4764330854 28.8566359606
79.4751118716 28.8544126721
79.4714617944 28.853052799
79.4668308816 28.8539360008
79.4595060992 28.8539481252
79.4514765145 28.8549294104
79.4451723584 28.8555266255
79.4420220912 28.853677277
79.4392396284 28.8511367746
79.4355955213 28.8491341969
79.4313329196 28.849178711
79.4288333913 28.8497154112
79.4229147209 28.8497583642
79.4204727042 28.8519089175
79.4179062875 28.8561404033
79.4166423883 28.8613301826
79.4165235077 28.8650065691
79.4160291691 28.868787022
79.4136038357 28.8711667092
79.4096274593 28.8749205278
79.4073796684 28.8793316658
79.4121263971 28.8894669758
79.4129140331 28.8936508023
79.4129952467 28.895750759
79.4118474291 28.9048967942
79.4107745114 28.9108569299
79.4132050529 28.9152620875
79.4144089274 28.9229266361
79.4132368563 28.9261541614
79.4101122068 28.9290490121
79.4073688684 28.930643288
79.4012488015 28.9321974359
79.396777366 28.9311950895
79.3911387925 28.9301790208
79.3888291725 28.9309311916
79.3867044974 28.9332792708
79.385173177 28.9357487826
79.3843315454 28.9415213789
79.3840689666 28.9450729675
79.3825693384 28.9484684763
79.3808052722 28.9515695785
79.3792668947 28.9538280443
79.3768876855 28.9558861507
79.3752249446 28.960555184
79.3715152682 28.9643727996
79.3689504288 28.9618736711
79.3669236288 28.9591703888
79.3646744599 28.9551185133
79.36456958 28.9527069693
79.3657160045 28.9507083328
79.3665803322 28.9473013193
79.3637032848 28.9463181171
79.3614275531 28.9459790191
79.3557023299 28.9470195588
79.3494486942 28.9484198955
79.3454983685 28.9488759401
79.3406205044 28.9492914229
79.3327433529 28.9506477241
79.3283938243 28.950684561
79.3239464365 28.9519493639
79.3189746023 28.952359207
79.3164665213 28.9478333261
79.3132881485 28.9467471041
79.3106991336 28.9469972694
79.3072631425 28.9481925897
79.2977764747 28.9543900167
79.2906762181 28.9587363408
79.2854646427 28.9667624211
79.2823222528 28.9693198696
79.2802544071 28.9712953922
79.2761477587 28.9760302488
79.2698455583 28.9808466347
79.2617939744 28.9860718213
79.2557231611 28.9903706875
79.2512057923 28.9938011089
79.2496022918 29.0007331265
79.2333898121 29.0111847444
79.223014514 29.0175974425
79.2158803862 29.0230169649
79.2109714444 29.0191840542
79.209416974 29.0159909098
79.1948047322 29.0181136524
79.1967822407 29.0119038509
79.1894426545 29.0135261021
79.1804021046 29.0097629331
79.1774489834 29.011205341
79.1759330955 29.0144976658
79.1701035353 29.0167868299
79.1663497112 29.0213232768
79.166044099 29.026821732
79.170533587 29.0281008529
79.1720136274 29.0372247204
79.1772703369 29.0451624495
79.1653257165 29.0486756209
79.1555719058 29.0540006302
79.1488601679 29.0632550995
79.1466190688 29.075819023
79.1489362196 29.0848184902
79.1551293041 29.0928666781
79.1559118625 29.1005332757
79.1541810784 29.113649084
79.145810902 29.1180774343
79.1427765219 29.1232808203
79.1297672557 29.12779799
79.1255831555 29.1245811852
79.1204932592 29.124370057
79.1127077547 29.1256057548
79.1041949216 29.1306680124
79.0848428943 29.1459285545
79.0714471725 29.1502048837
79.0663473039 29.1491121923
79.0581078525 29.1486653491
79.0502095338 29.1602259914
79.0457609321 29.1650293573
79.0389436064 29.1662075507
79.038126297 29.1659002489
79.0350420213 29.1647224116
79.0337353012 29.161236593
79.0358672292 29.1573223203
79.0394795682 29.154677038
79.0393763797 29.1498145236
79.0406302071 29.1463301983
79.0383530592 29.1437916676
79.0334309629 29.144738128
79.0289167337 29.1479094581
79.0253193926 29.1516268908
79.0229191426 29.1511540587
79.0224145402 29.1469626616
79.0247421863 29.1430634077
79.0239771456 29.1388061796
79.020528732 29.133295312
79.0206788484 29.1301480193
79.0238041458 29.1286456207
79.0309388089 29.1290188446
79.0354427919 29.1270662784
79.0396013625 29.1268941708
79.0428846978 29.1241504909
79.0416195978 29.1193586446
79.0379860134 29.1154782989
79.0337479098 29.1128544379
79.0288975619 29.1117894565
79.018478142 29.114448194
79.0124559015 29.1104838626
79.010286033 29.1168725265
79.0065637135 29.1192966881
79.0073151826 29.1232057587
79.0045243606 29.1275648623
79.000010572 29.1290536267
78.995456745 29.1312889897
78.9945539577 29.1408974706
78.9909512463 29.1486880032
78.9851434483 29.1547551325
78.9785733957 29.1594928558
78.9742715488 29.1607484941
78.972527769 29.159807136
78.9722981508 29.1585454938
78.9732104618 29.1571262123
78.9727484367 29.155551468
78.9680367401 29.1543161334
78.9634063842 29.1536584948
78.960796943 29.1467267786
78.9562927118 29.14353105
78.9456408533 29.148158378
78.9355432241 29.1510749426
78.9326748527 29.1468125538
78.9263477188 29.1429256541
78.912304276 29.1445724512
78.9102438899 29.148838513
78.9077902546 29.1497291253
78.9069380803 29.15076354
78.9115227879 29.1553725589
78.9166889283 29.1571213113
78.9176316698 29.1591576575
78.9152293199 29.1616296549
78.9164334864 29.1645247226
78.9143183681 29.1684603214
78.9176598508 29.1714476389
78.9176401618 29.1742930629
78.9132566688 29.1766920266
78.9110644615 29.1845952259
78.9063051954 29.1898552456
78.9091709796 29.1926515137
78.9111210366 29.1965503703
78.9055158406 29.1987987084
78.8997379115 29.2042943192
78.9042410344 29.2068131254
78.9041159546 29.2088420832
78.9030102801 29.2104336196
78.8988694167 29.21179364
78.8964362067 29.2134722567
78.8948485537 29.2192895143
78.8821346888 29.2225051133
78.8815745041 29.2235137478
78.8850392336 29.2262365635
78.8856000027 29.2292186502
78.8829959959 29.2347032744
78.8760859177 29.2434703179
78.86988344 29.2461712332
78.8663952971 29.2493950643
78.8658588533 29.2531940593
78.8646457543 29.2552884404
78.862636121 29.2562134403
78.8587124563 29.2522317116
78.8572112642 29.2521293855
78.8543525636 29.2482696044
78.8460565244 29.2501711778
78.8452008179 29.2534042946
78.8432761897 29.2547236844
78.8395850561 29.2519205885
78.8349056797 29.2497745996
78.8281295854 29.2478193172
78.8257880123 29.2462765361
78.8118790808 29.2518509596
78.8048685818 29.2566051006
78.8019416473 29.2569773191
78.7993847257 29.2593269054
78.7980140606 29.2670182465
78.7935560164 29.2652255291
78.7706671318 29.2806749203
78.7788609663 29.2799219152
78.7775645542 29.2839207719
78.7731066809 29.2873411628
78.7587971505 29.2967146646
78.7509441422 29.3003326203
78.7434404037 29.3050248573
78.7396064659 29.306809012
78.7328451891 29.3063068947
78.7258931578 29.3113783211
78.7261838209 29.313355099
78.731794187 29.3124511366
78.7331556957 29.3134880616
78.7393990792 29.3115076875
78.7406778017 29.3129790867
78.7379854324 29.3191470927
78.7377737587 29.3240014079
78.7398060377 29.3254099795
78.7404233655 29.3281863694
78.7436815833 29.3283263575
78.7468755823 29.3257813333
78.753589925 29.3266398112
78.7537321534 29.3298980291
78.7581801388 29.3349440201
78.7591440167 29.3373564718
78.769518443 29.3437762216
78.7756463282 29.3414088573
78.7774352287 29.3397458389
78.7759649934 29.3372151233
78.7780383791 29.3350686856
78.7817204021 29.3346659985
78.7911650479 29.3362856523
78.7930141331 29.3375318214
78.7945906451 29.3404571313
78.796585544 29.3369493362
78.7934512522 29.3259726922
78.800934834 29.3232892091
78.8034436488 29.3290066922
78.8095099464 29.3309849174
78.8100302706 29.332326398
78.8048362453 29.3374460353
78.8037998066 29.3418864348
78.8022616504 29.3444128041
78.8022789031 29.3461353266
78.8093429804 29.3496509036
78.8190161223 29.3671612128
78.8199625895 29.3742819207
78.8211718354 29.376897161
78.8238139592 29.3787166912
78.8272074532 29.3793552875
78.8231735983 29.374296288
78.8239451523 29.3663224304
78.826367162 29.3640497362
78.836106402 29.3624485672
78.8409826169 29.3621875911
78.8410088046 29.3621862033
78.8465772114 29.3636783088
78.8484462119 29.3654186453
78.8469284713 29.3683439904
78.8440468366 29.3705861667
78.8447395032 29.3753641578
78.8485148417 29.3754370432
78.8525924692 29.3739316553
78.8690198026 29.3796042462
78.8719898486 29.3816772118
78.8722625519 29.3833143767
78.8711207484 29.3854913007
78.8724508518 29.3878916316
78.8748293509 29.3886136869
78.8782348205 29.387130487
78.8824286297 29.386371829
78.8850139128 29.3925780078
78.895079376 29.3988127254
78.8994752585 29.4029926584
78.9029086965 29.410431719
78.9087778377 29.4175847512
78.9127515899 29.4407001994
78.9194906909 29.4458431382
78.9353036428 29.4501849859
78.9321686674 29.4541579257
78.9126914958 29.450184975
78.9083585274 29.4501831518
78.9024721054 29.4515628891
78.8950304803 29.4518600848
78.8877763915 29.4539993265
78.8780800146 29.4536206382
78.8584517772 29.4576824791
78.8423944701 29.4625461649
78.8361133474 29.4637328354
78.8290219249 29.4626097397
78.8237134505 29.4638717324
78.8092852624 29.469989718
78.797827215 29.4700831626
78.7870833199 29.4749900241
78.7780993699 29.4778440094
78.7546226064 29.4952914205
78.751404327 29.4990401094
78.7438761912 29.4998013368
78.7389585902 29.5027808431
78.7206221191 29.5034971896
78.7056911992 29.5029565959
78.6977521527 29.5076233064
78.6889020098 29.5154374307
78.6627557765 29.5347948618
78.6519428968 29.5418805407
78.6338548323 29.5470034516
78.6275277186 29.5519822609
78.6176212999 29.5559226456
78.5888634742 29.5746995164
78.5736056792 29.5878762073
78.5429715573 29.6181014291
78.5397934089 29.6185351201
78.5379002728 29.6239390749
78.5301920082 29.6333237095
78.5239635018 29.6448686486
78.5216963511 29.6538306618
78.5220882849 29.6626612282
78.5201372062 29.6670979551
78.5197291697 29.6711642529
78.5199556644 29.6850242838
78.5185475914 29.6880924159
78.5144023706 29.70592207
78.51281948 29.7095423249
78.5027700753 29.7191360716
78.5001593101 29.7356006904
78.4861690281 29.7427027113
78.4773326021 29.7452471215
78.4647495734 29.7463822384
78.4447212197 29.7523702114
78.436904098 29.7559109171
78.4251718842 29.7666820252
78.420974405 29.7677075887
78.4110119014 29.766406002
78.3985755774 29.7681370515
78.3638522528 29.7805505481
78.3511216835 29.7868475176
78.3445165433 29.7904280268
78.344334613 29.7904948179
78.3154472838 29.7518926279
78.294422413 29.7366481375
78.2772119029 29.7211115955
78.2437829335 29.6984063384
78.233653814 29.7119519553
78.2059052693 29.7044035375
78.2046686265 29.7009242269
78.194569096 29.6858868757
78.1782329194 29.6738776919
78.1514250603 29.6704549208
78.146240124 29.6528738443
78.1270296946 29.6395160359
78.1213382288 29.6310525878
78.1191854146 29.6275385408
78.1096890576 29.6251381043
78.1090236417 29.6249563358
78.1064085699 29.6223935901
78.1028008874 29.6191276989
78.1008475344 29.6076576004
78.0941897899 29.5961636759
78.0906331657 29.5938961576
78.0852961288 29.5942724901
78.0803868098 29.5957755542
78.0713637161 29.5959746645
78.0628082966 29.5924240683
78.0560179346 29.5874472987
78.0518548375 29.5823462514
78.0485909119 29.5752365047
78.0493601381 29.5721502838
78.0528251314 29.5696873172
78.0547073074 29.5662710466
78.0492704077 29.5596248587
78.0502945498 29.5558134786
78.0489100929 29.5469905208
78.0445933235 29.5460634952
78.0312838233 29.5484201398
78.0286350029 29.5489876549
78.0155404793 29.5504755087
78.0061626833 29.5494850872
78.0000091599 29.5402498325
77.9908528886 29.5485255647
77.98905681 29.5525101936
77.9887565014 29.5582307072
77.9908359365 29.562570395
77.9927774902 29.563167015
77.9960934557 29.5742626522
77.9966013443 29.5789489325
77.9958160885 29.5824559834
77.9943596483 29.5834178082
77.9930590455 29.5822110469
77.9908512407 29.5797748533
77.9890745289 29.577733306
77.985037829 29.5777424256
77.9847317274 29.5775599996
77.9815839269 29.5795904223
77.9793851486 29.5801307044
77.9783545698 29.5789225852
77.9754109838 29.5782445806
77.9737766622 29.5804586843
77.971927195 29.5806231763
77.968021424 29.5788842569
77.9652353323 29.5791375836
77.963603399 29.5813562274
77.9618756673 29.582552428
77.9602514048 29.5847757354
77.9593254152 29.5848509692
77.9603653395 29.5858028433
77.9605801327 29.5878616143
77.9608054386 29.5899158956
77.962983482 29.5928603326
77.9652755815 29.5968364572
77.9644634489 29.5979434885
77.9630642443 29.6022301017
77.9624667182 29.6054049599
77.961768555 29.6075390999
77.9639470088 29.6104788499
77.9677603466 29.6112092037
77.9703082946 29.6089151855
77.9719324666 29.6067056788
77.9744828607 29.604411608
77.9784074499 29.6061780074
77.9823347275 29.6079443001
77.9867344476 29.6055083533
77.9889211671 29.6084569882
77.9875151396 29.6127253657
77.98703257 29.6169181683
77.9856341613 29.621191097
77.9852656083 29.6264200641
77.9868585527 29.6325251576
77.9891523121 29.6364914557
77.9875174637 29.6387054925
77.9865912012 29.6387763378
77.9838251592 29.6390073434
77.9796419049 29.6435107681
77.9775238111 29.6499171892
77.9788910199 29.6539634752
77.9800431583 29.6559512115
77.9810811819 29.6569028275
77.9812990649 29.6589613254
77.9815248468 29.6610153008
77.9826664983 29.6630075094
77.983805707 29.664985907
77.984958029 29.6669735654
77.9842493852 29.6691074584
77.9843635221 29.6701390347
77.9834474671 29.6702145644
77.9813607188 29.6683021573
77.9753759491 29.6646468141
77.9744494525 29.6647221995
77.9737405647 29.6668605932
77.9704905209 29.6712836844
77.9688549169 29.6734973477
77.9663030616 29.6757864522
77.9639582639 29.6801337742
77.9594440262 29.6815418301
77.9575931723 29.6816969759
77.9568918725 29.6838307133
77.9559676769 29.6839105961
77.9571092036 29.6858982863
77.9552556614 29.6860533717
77.9554731656 29.6881117519
77.9584762927 29.6899353171
77.9558020486 29.6911971078
77.9533531209 29.6945127715
77.9545051078 29.6965051466
77.9584327284 29.698248811
77.9642036045 29.6998416533
77.9616432556 29.7021304698
77.9546760907 29.7068768078
77.9530502855 29.7090857549
77.9511990086 29.7092407815
77.9488662002 29.7083962328
77.9427155644 29.7075442448
77.9394435523 29.7090773972
77.9371473632 29.7071481235
77.9323652842 29.708345932
77.9284295458 29.7061529029
77.9229248694 29.6999840426
77.9218166119 29.7008625286
77.9202354671 29.6997800346
77.921741362 29.698334397
77.9205673935 29.697362419
77.9185329077 29.6985906433
77.9170329304 29.6970513031
77.9223983914 29.6934304509
77.912113125 29.6923179575
77.8990171231 29.6952108593
77.8943620592 29.6945091886
77.8893867011 29.6949020126
77.8860401383 29.6964834815
77.8821802655 29.693301357
77.882044895 29.6885244124
77.8783741699 29.6879268098
77.8706432143 29.6825827647
77.8661977589 29.6834305523
77.8607558539 29.6787114578
77.8591871468 29.6751515513
77.8550622043 29.6758247275
77.8527680397 29.6738895925
77.8505361092 29.6700459989
77.8463478604 29.6664051838
77.8410527069 29.6638665789
77.8333886543 29.663530306
77.8231481228 29.6670323424
77.816576571 29.6714488461
77.8046062668 29.6764783493
77.8012505454 29.6804433683
77.8095503785 29.6923913114
77.8070361663 29.6950262675
77.7947866875 29.7028987623
77.7819194443 29.7045125239
77.7741449725 29.7063786774
77.7710235739 29.7080203748
77.7698139104 29.7105262456
77.7758866227 29.7207047813
77.7800676657 29.7251709699
77.7813972267 29.7292453893
77.7795040256 29.732419358
77.7740290856 29.7384234432
77.7730417483 29.7473183727
77.7738388754 29.7503781993
77.7779211135 29.7583264957
77.7757281837 29.7649843389
77.777601348 29.7703522438
77.7729310592 29.7734098776
77.7727704281 29.7759023993
77.7769320254 29.7800886782
77.7652006806 29.792080066
77.7615819501 29.7990013487
77.7544097825 29.804179459
77.7535458178 29.8060762177
77.7562440951 29.8109381812
77.7546217358 29.8192919968
77.7512350876 29.8249297365
77.7443318466 29.8292229322
77.7414966685 29.8322362991
77.7432388179 29.8365676541
77.7423873122 29.8477602513
77.7256614762 29.8511735274
77.7219014054 29.8541779904
77.7183592396 29.8584440538
77.71558447 29.8623729895
77.7143368849 29.8664881972
77.7155018758 29.8731638451
77.7148600676 29.8804180135
77.7153910641 29.8844804177
77.7234022444 29.8828314222
77.7254049885 29.8862829409
77.7298993294 29.8893483478
77.7324851234 29.8975034241
77.73724451 29.900613431
77.7396239435 29.9037541329
77.7435408893 29.9059918114
77.7454626704 29.9081832476
77.7419947197 29.9175118184
77.7412475832 29.9232812467
77.7366045534 29.9247768434
77.7313777623 29.9275774911
77.7301252409 29.9296786878
77.7331049664 29.9337658588
77.737890093 29.9382625197
77.7414562048 29.9403487471
77.7419320056 29.9466154569
77.7451778563 29.9497038006
77.7526336064 29.9536285094
77.7559865093 29.9585026374
77.7574931053 29.962330667
77.7566531278 29.9665929428
77.7435498151 29.9790765992
77.7426304571 29.9821936153
77.749311486 29.9854713208
77.7533677503 29.988863333
77.7557975527 30.0007158654
77.7572123387 30.0035539515
77.7590190593 30.0060954756
77.7616998732 30.0088549809
77.7658676545 30.0121016415
77.7701710346 30.0142656916
77.7723575032 30.0151742515
77.7755036192 30.0163659489
77.7804351384 30.0176827066
77.7820749961 30.0185882425
77.7848938135 30.0210288975
77.7861700259 30.0243131267
77.7865266455 30.0268389636
77.7859153052 30.0277868499
77.7852095472 30.0284360327
77.7827408761 30.0316278176
77.7783444227 30.0344087865
77.7765424916 30.0369232934
77.7746756863 30.0379361821
77.7724800331 30.0396811905
77.7708781185 30.0413061949
77.7702295868 30.0429900721
77.7710138472 30.0452655666
77.7741585001 30.0501995917
77.7771282456 30.0556572277
77.7780199779 30.0578197175
77.7806450595 30.0617078741
77.7817523615 30.0628621892
77.7824783254 30.0631466184
77.7846106243 30.0672474994
77.7861085176 30.0686221575
77.7879497767 30.0710857076
77.7885886156 30.0724119824
77.7900255704 30.0771711292
77.7914147505 30.0802094649
77.7928023181 30.0839247571
77.7944919466 30.085626705
77.7955246023 30.0880242033
77.7978996771 30.0915470056
77.7987231192 30.0938820976
77.7991997251 30.0947348826
77.8023256471 30.0963006881
77.8046191833 30.0966153935
77.8067083808 30.0958477117
77.8078190894 30.0953732395
77.8104888458 30.0936206733
77.8115219729 30.0926281879
77.8137906751 30.0909387581
77.815542486 30.0893200867
77.8168980049 30.0883868072
77.8182404548 30.0867076426
77.8208467978 30.0849540242
77.8234705221 30.0842893898
77.8258441191 30.0843761642
77.8279519657 30.0849167749
77.8306837628 30.0863166435
77.8327485843 30.0883983334
77.8346474106 30.0916900296
77.8346760968 30.0936392144
77.8367439063 30.0960090443
77.8381084729 30.0994765028
77.8393679269 30.1002572659
77.841219756 30.1008629208
77.8434020821 30.1019715553
77.8456403859 30.1027424298
77.848899761 30.1046933017
77.8502918794 30.1061664594
77.8513583341 30.1070085993
77.8555755354 30.1115154533
77.8564484354 30.1130502791
77.8575248893 30.1142309985
77.8600865801 30.1181942493
77.860954471 30.1192715625
77.8633844742 30.1234022454
77.8651921397 30.1256629002
77.8681342306 30.1283593028
77.8708244599 30.1328362724
77.8719882458 30.1352164606
77.8727931719 30.1362928055
77.874215523 30.1387906794
77.8773421178 30.1446865804
77.8779021023 30.1468437488
77.878403256 30.1498143411
77.8816258172 30.1535385453
77.8849791874 30.1577767679
77.8862560535 30.1586670378
77.8895855511 30.1617109382
77.8909207778 30.1633429274
77.8923183662 30.1644130639
77.9009010199 30.1734892776
77.9030920734 30.1751184849
77.9057800009 30.1781673544
77.9089820479 30.1810306874
77.9100652115 30.1829610778
77.9113308413 30.1870022755
77.9119599869 30.1896265263
77.9129177449 30.1987632695
77.913406345 30.2005258166
77.9153184058 30.2045065438
77.9161653704 30.2078012038
77.9174529982 30.2099581443
77.920648092 30.211741637
77.9244358253 30.2135189303
77.927588845 30.2165548426
77.9311247528 30.2195360983
77.9348915084 30.2244501631
77.9362439587 30.2265436326
77.9402110326 30.2311628032
77.942410462 30.2347303991
77.9428670975 30.2365517666
77.9433657683 30.2377471521
77.9445922654 30.2417093357
77.9413421908 30.242500461
77.9385079421 30.2434614174
77.9369854539 30.2445670919
77.9350013255 30.2464945873
77.9330710614 30.2488160608
77.9299535993 30.2509347864
77.9267450901 30.2523618058
77.9234209149 30.2540799359
77.9210658373 30.2554948643
77.9167416359 30.2574606985
77.9134171026 30.2591831758
77.9094859399 30.26079261
77.9047716127 30.2621357098
77.9033288012 30.2630179634
77.8953271614 30.2652649091
77.8929811269 30.2667344011
77.8870868912 30.2689534281
77.884590231 30.2692226988
77.8820540258 30.266907724
77.8802538751 30.2659010407
77.8786628489 30.2652903428
77.8741326764 30.2661639459
77.8709881071 30.2671836836
77.8689744887 30.2687577722
77.8649953155 30.2714035736
77.8606842377 30.2735874884
77.8555724479 30.2751525606
77.8534125136 30.2760385883
77.8494128047 30.2771243147
77.8458721221 30.2786184007
77.8418146984 30.2795293888
77.8371615304 30.2812051541
77.8317422691 30.2840274858
77.825512321 30.2856086407
77.8221725614 30.2870317585
77.8204789009 30.2884860153
77.8149168367 30.290857699
77.8124345177 30.2924979104
77.8020528337 30.2985400194
77.7974138185 30.3003793838
77.7963061727 30.3013109531
77.7916009108 30.30418263
77.7903676105 30.3047694303
77.786135531 30.3079812039
77.7780888095 30.3122747185
77.7758047573 30.3133957492
77.7738323029 30.3140454453
77.7718069707 30.3149916235
77.7701728216 30.31587456
77.7644236163 30.3195632835
77.7614033334 30.3202898663
77.7557064328 30.3225386476
77.7532763943 30.3232640554
77.7508439611 30.323116103
77.7489427216 30.3241734142
77.7455225125 30.3248529886
77.742842082 30.3264298443
77.7386593841 30.3278577115
77.7357768132 30.3290978459
77.7340134909 30.3303855341
77.7307960979 30.3310538756
77.7284912139 30.3318355646
77.7262074889 30.3328918523
77.7239095051 30.3337238759
77.7230683784 30.334873442
77.7208571634 30.3362781527
77.7180575624 30.3388405561
77.7142183042 30.3424444317
77.7108384428 30.3452910845
77.7102652218 30.3466226997
77.707401665 30.3503224011
77.7065567604 30.3506762688
77.7059212746 30.3522309974
77.7044210957 30.3532248532
77.7037761501 30.3547199907
77.7002207048 30.3595801999
77.6991359181 30.3618875009
77.6975090976 30.3631583703
77.6970680092 30.3646014684
77.6959085213 30.3663910181
77.6934403644 30.3693461376
77.6929313165 30.370614492
77.6906763794 30.3741394768
77.6901754816 30.3758103297
77.6870553864 30.3796200842
77.6864791663 30.3806680323
77.6850111509 30.378964675
77.6819658272 30.3785463505
77.680062225 30.3786791857
77.6790036683 30.3784675125
77.6772956155 30.3789962975
77.676381963 30.3797604724
77.6766584355 30.3806102394
77.6768851974 30.3825519967
77.6761970205 30.3856007758
77.6756197228 30.3866989215
77.6747097298 30.3876825647
77.6744561594 30.3882595689
77.6735416795 30.3887859148
77.6728815984 30.3889685218
77.6712425973 30.3890456427
77.6684828122 30.3898198472
77.6651226762 30.3905442577
77.660812015 30.393120249
77.6588882232 30.3970471506
77.6577061754 30.3976290557
77.6562233822 30.3995918197
77.6545777365 30.4004184295
77.6530754939 30.4014665601
77.6526270712 30.4021595364
77.6498202393 30.4042585605
77.6489109631 30.4051872083
77.6474061686 30.4059517694
77.6460871528 30.4062435588
77.6437142987 30.4059348817
77.6387106909 30.402149972
77.6367092395 30.4002327382
77.6352478123 30.3998457615
77.6313761501 30.4004065585
77.630121642 30.4003654247
77.627685045 30.4009013605
77.6244149333 30.4026640294
77.6223396818 30.4054956062
77.6214076064 30.4052807787
77.6202765972 30.4047201983
77.6191535675 30.4045620342
77.6173005554 30.4038353923
77.6159092633 30.4035041021
77.6121572185 30.4040067956
77.6109765465 30.4039666004
77.6056342537 30.4045965796
77.6042477279 30.4041555636
77.6009442509 30.4035673797
77.6001451534 30.4031669801
77.5995580206 30.4031171501
77.5978525083 30.4038828649
77.5975333883 30.4050896814
77.5928824547 30.4070324093
77.590711784 30.4075763317
77.5881202933 30.4068566879
77.5859961389 30.405444492
77.58426524 30.4037546335
77.5827289952 30.4030231994
77.5817349766 30.4019477291
77.5802552947 30.3999598354
77.5762035915 30.3996114538
77.5754023368 30.4051679365
77.5760431911 30.4122088279
77.5810679993 30.4168462118
77.5878069528 30.4216505824
77.5942767184 30.4254174186
77.603640833 30.4289021077
77.6169881525 30.4325452058
77.6252497452 30.4335072391
77.6299610453 30.4313313708
77.6437929065 30.4312444278
77.6465986534 30.4348508119
77.6489452588 30.4394287566
77.6510962741 30.4445843213
77.6535160282 30.4474352229
77.6599431658 30.4475461147
77.6664971276 30.4446094967
77.6748930394 30.4438429515
77.6923754183 30.4467890519
77.6955131354 30.4527442049
77.7034243184 30.457989593
77.7125348291 30.4637542323
77.7180275887 30.4684436319
77.7245861311 30.4723203385
77.7348098896 30.4728104257
77.7426652984 30.4773763693
77.7500003472 30.4822866282
77.7609460128 30.4890745684
77.7684761571 30.4933511479
77.7768680082 30.4952669756
77.7810659775 30.4993830967
77.8016529474 30.501102332
77.8073537956 30.5036017517
77.8126643361 30.5063881732
77.8140499186 30.5081619176
77.8154538949 30.5103838144
77.8176162214 30.5153673288
77.8185324017 30.5197810454
77.8241687103 30.5281838839
77.8257345289 30.5330494491
77.8235027872 30.539020469
77.8203606398 30.5443622296
77.8204258543 30.5492806906
77.8194411761 30.5557662996
77.8168122789 30.5588067538
77.8118231172 30.5591647726
77.8087448478 30.556193916
77.8041481475 30.5552910685
77.7999474781 30.5564454581
77.7918139562 30.5524050044
77.7881473716 30.553954771
77.7844636265 30.557460278
77.7800733924 30.5585658613
77.7754115174 30.558058915
77.7708198519 30.5606467938
77.7670773355 30.5653026952
77.7654341953 30.569658328
77.7630616229 30.5750457275
77.7597758639 30.5795248296
77.7572136831 30.584859222
77.7522227413 30.5879664355
77.7455211077 30.591301189
77.7431008036 30.5934885905
77.7448598167 30.5966341219
77.7451903633 30.5998969294
77.745709518 30.6022483833
77.7484007732 30.6032726601
77.7519442582 30.603207393
77.7560794437 30.6022819334
77.7633102075 30.5964727208
77.7680340072 30.5958383433
77.7708520554 30.5998983208
77.7692618265 30.6113007666
77.7702510441 30.615422327
77.7749744342 30.614559263
77.7807462178 30.6132808292
77.7858750687 30.6129211066
77.7923015253 30.6129671915
77.7956535521 30.6144428635
77.7932870424 30.6177740206
77.7901335652 30.6212223936
77.7849467943 30.6235829049
77.7859962735 30.6274766518
77.7891403655 30.6325685589
77.7886749252 30.6362314264
77.7858543664 30.6400816266
77.7820021192 30.6465998525
77.7839701488 30.6502637706
77.7886350798 30.6535620979
77.7927747973 30.6588818707
77.7907989782 30.6607238731
77.7879727192 30.6607860366
77.7859429084 30.6605071678
77.783245267 30.6593099005
77.7796311301 30.6604075978
77.7766770381 30.6635656798
77.7725318594 30.66753442
77.7679318805 30.6712089652
77.7616191268 30.6732926509
77.7564998833 30.6757123472
77.7503174242 30.6780167053
77.7471669805 30.6810069727
77.7471546206 30.6886733696
77.7473537339 30.6926281503
77.7495165352 30.6967516386
77.7506876183 30.7001851874
77.7541779648 30.7022937974
77.7548897934 30.7058397358
77.7510782989 30.7086563463
77.7481210715 30.7118820782
77.7460771257 30.7158924517
77.7444947049 30.7196715733
77.7390287785 30.7225562874
77.7360064216 30.7258310663
77.7363335572 30.7285720993
77.7355402022 30.7315579594
77.7341616873 30.7334529884
77.7314631894 30.7340870155
77.7291662337 30.7334657329
77.7267320028 30.7346743792
77.7254768814 30.7373111382
77.7231084245 30.7393795125
77.7210701403 30.740758101
77.7181737039 30.7409368719
77.7145618029 30.7402056413
77.7115337456 30.7402088789
77.7077875371 30.7414171157
77.7054175801 30.7435445892
77.7042309968 30.7465840662
77.7056021863 30.7503036337
77.7068452461 30.7531077209
77.7053319743 30.755516734
77.70216567 30.7639414524
77.7065259268 30.7666796815
77.7123075386 30.7686794442
77.7184186331 30.7742739844
77.7184186331 30.7742739844
77.7225560949 30.7797676378
77.7293161373 30.7894863006
77.7293161373 30.7894863006
77.7310273516 30.7947584785
77.7320048193 30.8003675086
77.7333737792 30.8035747551
77.7380432199 30.8063070287
77.7380432199 30.8063070287
77.7405391602 30.8096805366
77.7448763295 30.8146551794
77.748025694 30.8193438265
77.7514404983 30.8215695587
77.7514404983 30.8215695587
77.7544002848 30.8229348805
77.7544002848 30.8229348805
77.7584223418 30.8251048525
77.7580817139 30.8315219524
77.7580817139 30.8315219524
77.7549185087 30.8354246271
77.7474169371 30.8427751008
77.7455034544 30.8460507961
77.7474063952 30.8494841576
77.7497728195 30.8523392627
77.7497728195 30.8523392627
77.7536453372 30.8554845291
77.7536453372 30.8554845291
77.7557605445 30.859486958
77.7557605445 30.859486958
77.7550856144 30.8652138883
77.754951191 30.8696236986
77.7558735964 30.8735776428
77.7558735964 30.8735776428
77.758631394 30.8764926375
77.758631394 30.8764926375
77.7618572639 30.8775689861
77.76514513 30.8780204816
77.76514513 30.8780204816
77.7686424848 30.8777303171
77.7723214093 30.8757665455
77.7743738763 30.8731274659
77.7758882632 30.8703760028
77.7768807466 30.8634431608
77.7792516897 30.8604520365
77.7792516897 30.8604520365
77.7830699765 30.8582112696
77.7876788744 30.8563008142
77.7926185968 30.8552578251
77.8034739194 30.8537920445
77.803019043 30.8602117743
77.803019043 30.8602117743
77.8011617929 30.8633745455
77.7976144388 30.867327391
77.7977464982 30.8739192485
77.7977464982 30.8739192485
77.798260257 30.8774152291
77.7985840819 30.8836532886
77.7985840819 30.8836532886
77.7995793171 30.888639904
77.7995793171 30.888639904
77.8005553557 30.8913245672
77.8050365372 30.8959514908
77.8050365372 30.8959514908
77.8087856367 30.8987555149
77.8131253437 30.9040652327
77.8150350544 30.9080133799
77.8116127112 30.9120363741
77.8091735943 30.915711645
77.8098223965 30.9190903589
77.8075743576 30.9212703434
77.8075743576 30.9212703434
77.8052250869 30.9214214713
77.8029526402 30.921573561
77.7960569211 30.9215309472
77.7886893693 30.9206368768
77.7857940196 30.9195062965
77.7814416908 30.9157941364
77.7773614686 30.9154601475
77.7724260487 30.9156943052
77.7663663654 30.9162874453
77.7597711778 30.9176264607
77.7615492089 30.9240392077
77.7606866887 30.9293060696
77.7577816328 30.9305721991
77.7534375045 30.9320240145
77.7508669645 30.9349521471
77.7490793913 30.9393659432
77.7474886964 30.9448691082
77.7487984444 30.9549508345
77.7505760548 30.9589523005
77.7562235256 30.9630068639
77.7681991617 30.9721975621
77.7781613528 30.9723469276
77.7852150773 30.9710043884
77.7926575196 30.9676578036
77.8018965746 30.9610475364
77.810861087 30.9537389731
77.8165318984 30.950403963
77.821804641 30.9490131833
77.8268702875 30.9480851753
77.8314232172 30.9488671108
77.8336007626 30.9521287554
77.8332035328 30.9553881809
77.8306900018 30.95728627
77.8275343394 30.9577557222
77.8189029656 30.9562938573
77.815868131 30.9588833269
77.8116941126 30.9630784283
77.8107110972 30.96514276
77.8115789633 30.9682911315
77.8130270744 30.9714426743
77.8175063656 30.97503645
77.8195488936 30.9769722207
77.8205360327 30.9788071186
77.8207890612 30.9803582844
77.8205252702 30.9833909822
77.821884247 30.9891709405
77.8252459161 30.9907086419
77.8279542714 30.9942510181
77.8246423851 30.9974714087
77.824409573 31.0005545942
77.8390761385 31.0005161697
77.8396969529 31.0034554514
77.8370872449 31.0071326764
77.8332392265 31.0111267015
77.8354532136 31.0164244468
77.8360110576 31.0252702332
77.8332223302 31.0276574874
77.829529856 31.0292885476
77.8251125804 31.0389582067
77.8194785918 31.0494650146
77.8193598031 31.054156247
77.8150657 31.0574815803
77.8213585687 31.0577161037
77.8240855847 31.0567526836
77.8239320112 31.055111843
77.8291739537 31.0562861715
77.8340234942 31.0602853412
77.839212371 31.0698122425
77.8455327691 31.0724107437
77.8519653431 31.0728832892
77.8573558308 31.0766650364
77.8649340548 31.0905537046
77.8647114759 31.0995793368
77.8661145752 31.1063574889
77.872462166 31.111629724
77.8873915493 31.1185872216
77.8933189471 31.1200419972
77.89368935 31.1269659974
77.8950521121 31.1328164226
77.9004010537 31.1384577497
77.9043634834 31.1443640379
77.9021736617 31.1500865264
77.9074705483 31.1526552378
77.9168769041 31.1542081512
77.9241035621 31.150881605
77.9293866426 31.1519616138
77.9491486701 31.1626612039
77.9539465673 31.1626572984
77.9559829619 31.1665253602
77.9607657422 31.1715273558
77.9695115257 31.1741367865
77.9841095517 31.1604893014
77.9937182903 31.1617663564
77.9999840115 31.1633444073
78.0073217744 31.1623522489
78.0224721516 31.1523860684
78.0289868182 31.1502329004
78.0312903789 31.1537975095
78.0300514718 31.1614542561
78.0309912033 31.1668186907
78.0416861344 31.1754944302
78.0447483423 31.1806147088
78.0535752958 31.182453909
78.0544983848 31.1828162391
78.0686592333 31.1882225261
78.0739870736 31.1876645921
78.0903365419 31.1881844765
78.0949202699 31.1859926709
78.1025946322 31.1860817019
78.1072236784 31.1881020271
78.11565662 31.1950578656
78.1217621624 31.1977563606
78.1247389397 31.200934523
78.1286931775 31.2015090397
78.1340729191 31.2093140156
78.1498338934 31.2113726546
78.1520657265 31.2176811384
78.1585554702 31.2193375053
78.1607934479 31.2221369205
78.1627902207 31.2268408624
78.1703845305 31.2255477972
78.1753991491 31.2271733106
78.1807911865 31.2263116061
78.1863979763 31.2270534623
78.1914479067 31.2252704489
78.199881651 31.2185599203
78.2025291541 31.2174436859
78.2078073232 31.218131137
78.2152497977 31.220940974
78.218984152 31.2293134493
78.2218294604 31.2324470619
78.2271202649 31.2337727919
78.2334557025 31.233937009
78.2476057003 31.2302195741
78.2526742343 31.23500073
78.2525346661 31.2391513427
78.2576729676 31.238571792
78.2632549269 31.2418568531
78.2647815589 31.2457558508
78.2682906746 31.2480788138
78.2700138687 31.2518063867
78.2732132715 31.2555676947
78.2841179108 31.266568201
78.2932514617 31.2618546965
78.303550686 31.2593746226
78.3085201887 31.2612235716
78.3106264542 31.2680524106
78.3119516616 31.2796726624
78.3135062442 31.2834295794
78.3214733288 31.2814354791
78.3320715983 31.2802708101
78.3320715983 31.2802708101
78.3417976287 31.2834260125
78.3512560828 31.2826682155
78.3626448224 31.2852960108
78.3714747946 31.2860363231
78.378534866 31.2852622529
78.3844346075 31.2830576137
78.3886383433 31.27435771
78.3965418847 31.276615932
78.3984321861 31.2694533397
78.4013466882 31.2647551632
78.4013466882 31.2647551632
78.4082262692 31.2574035864
78.4082262692 31.2574035864
78.4064738622 31.2481019311
78.4126522512 31.242896512
78.4202004622 31.2437724466
78.4295154607 31.2460108964
78.4295154607 31.2460108964
78.4346065944 31.2549838588
78.442211947 31.2510777863
78.442211947 31.2510777863
78.4468401472 31.2446884886
78.4592801524 31.2392805172
78.4723358995 31.2228673253
78.4816820523 31.216004919
78.4816820523 31.216004919
78.4823192866 31.2068894771
78.4823192866 31.2068894771
78.485176011 31.1987891386
78.492073734 31.2001349737
78.5016569408 31.1991961587
78.5016569408 31.1991961587
78.5292466008 31.1989258511
78.5522341441 31.2017131944
78.5522341441 31.2017131944
78.5653955984 31.2134964041
78.5653955984 31.2134964041
78.5714972537 31.2223879034
78.5770727696 31.2246128131
78.5770727696 31.2246128131
78.5817579521 31.2287462226
78.5817579521 31.2287462226
78.5945854585 31.2299973314
78.5991096997 31.2292969046
78.6105552663 31.2313790436
78.6105552663 31.2313790436
78.6158077619 31.2308394457
78.6252583261 31.2260323051
78.6284825719 31.2224136731
78.6323036898 31.2202188918
78.6323036898 31.2202188918
78.6435043624 31.216885344
78.6496449843 31.2168584394
78.6511973011 31.2145350433
78.6531747329 31.2033402455
78.6606640639 31.1974651183
78.6606640639 31.1974651183
78.6628450046 31.189607058
78.6658356505 31.1927891132
78.6658356505 31.1927891132
78.6750131218 31.1981794883
78.6809273433 31.1974013093
78.6912712253 31.1981138974
78.6912712253 31.1981138974
78.7107448123 31.1912046498
78.7158821639 31.191299706
78.7226519401 31.1898741925
78.7282129768 31.1915738221
78.735563923 31.1919182301
78.764645943 31.1892378406
78.764645943 31.1892378406
78.7727825599 31.1895727454
78.7798115343 31.1907888158
78.7861037199 31.1921770932
78.7861037199 31.1921770932
78.8040625191 31.1993315919
78.8102678659 31.1999151318
78.8154139641 31.1972511412
78.8184068906 31.1940969212
78.8184068906 31.1940969212
78.8163594964 31.1887707393
78.8132524281 31.183810979

