# India Subdivision Arunachal Pradesh
95.2372964019 26.6798433682
95.2372964019 26.6798433682
95.2356467873 26.6817847709
95.2356629556 26.6850712794
95.2333850589 26.6906764087
95.2358156041 26.705802298
95.2293846311 26.710494148
95.2279472635 26.7174784041
95.2159276554 26.7289938622
95.2166466234 26.7349910198
95.2207644625 26.7411104289
95.2211664311 26.7452054024
95.2190689826 26.7492478038
95.2199149245 26.7535215136
95.22388912 26.7554189709
95.2290219488 26.7621699347
95.2330091435 26.7656196865
95.2331329971 26.7674110664
95.2314927202 26.7713997253
95.2345079286 26.7740516271
95.242381403 26.7781906687
95.2447584562 26.7810155516
95.241568067 26.7806236896
95.2401086751 26.7828699456
95.2348639589 26.7830018351
95.2273316707 26.7860752704
95.2214602635 26.7872895927
95.2150251935 26.7921561486
95.2067693161 26.8055040089
95.2034922241 26.8151537217
95.2025516275 26.8226017846
95.2005282485 26.8267610553
95.199023264 26.8338060576
95.2005030188 26.8367556334
95.2063968829 26.840145555
95.2085934839 26.8445882097
95.2042347829 26.8428155261
95.1977245921 26.8454223968
95.1973271584 26.843283169
95.1956127938 26.8435144076
95.1930588447 26.8450755687
95.1858049369 26.8535706788
95.1845459294 26.8587742979
95.2064715139 26.8717878636
95.211407942 26.8756451639
95.212891956 26.8795188897
95.2178858113 26.8807765622
95.2299678592 26.8795458713
95.2338899034 26.8847264959
95.2313758301 26.8922442375
95.2338376417 26.8998001376
95.2341678857 26.9035501493
95.2321623413 26.9087526605
95.2320426517 26.9118112349
95.2340351169 26.912676204
95.2340468887 26.9145198629
95.2319597011 26.9200723724
95.2294364411 26.9245807168
95.2256889432 26.9283943479
95.2171878993 26.9281803776
95.2145824984 26.9309487299
95.212339854 26.9373573425
95.2094236156 26.9506969025
95.2136013815 26.9528201039
95.2087065207 26.9547934603
95.2069540269 26.9566418553
95.209037566 26.9594076807
95.2138708147 26.9621699446
95.2152519883 26.9644167953
95.2089881884 26.9691536022
95.2067742118 26.9729053453
95.2054456599 26.9762566664
95.210180569 26.9767077693
95.2080015803 26.978787071
95.2006711005 26.9796603682
95.1954505304 26.9841149734
95.1965365409 26.9919474737
95.2000923098 26.9934841083
95.2003673626 27.0003688811
95.1979318374 27.0098511546
95.1981597956 27.013998948
95.196132057 27.0266867279
95.195870233 27.0371597867
95.1988154052 27.0386309127
95.2012767912 27.0365292178
95.2041603816 27.0371926504
95.2080153526 27.0289457668
95.2141393208 27.0276348369
95.220030891 27.0309276329
95.2229598985 27.0350349402
95.226295023 27.0363983637
95.2297891181 27.0343021432
95.2324702258 27.0370419174
95.2312299642 27.0398437335
95.2350337489 27.0377034495
95.2381896915 27.0373319302
95.2439803008 27.0282486171
95.2485012804 27.0243230022
95.2524811782 27.0259791099
95.2610009063 27.0313076539
95.2602233744 27.0330246005
95.2629023559 27.0350613693
95.2669671987 27.0344805723
95.2712433722 27.0391216512
95.277899783 27.0438033884
95.2797419654 27.0479556567
95.278117649 27.0508184776
95.288221928 27.0603600433
95.2969240649 27.0668987722
95.3099987601 27.0751505842
95.3135028192 27.0807629152
95.3235867151 27.0835732114
95.3354030221 27.0899073788
95.3489249322 27.0987320075
95.3667727253 27.1067942702
95.3694791004 27.1059642596
95.3715577669 27.1053267296
95.3709707115 27.1040759244
95.3687507247 27.1037404156
95.368075843 27.1036384384
95.3685989411 27.101284858
95.3739409799 27.1019216423
95.3729476535 27.0955789593
95.3772605646 27.096080629
95.3857369534 27.0989847567
95.3864032719 27.1056045256
95.3964263059 27.1083471344
95.4065847953 27.1121899553
95.4205442017 27.1246367231
95.4294746294 27.127887064
95.4412606268 27.1266208027
95.4458340355 27.1280937965
95.4474119773 27.1321409516
95.4510178689 27.1326364694
95.4536701534 27.129665939
95.4580527952 27.1294189709
95.4613192388 27.1339977411
95.4639648883 27.1441485534
95.4661303703 27.1485953106
95.4653497638 27.1514046535
95.4636045345 27.1533473483
95.460184254 27.1542392123
95.4590119238 27.1571009141
95.4641392478 27.1608350409
95.4683093698 27.1661105133
95.4640077016 27.175961072
95.4674600367 27.1793931955
95.4689861963 27.1843512697
95.466176577 27.1912947278
95.4624208024 27.1968979507
95.459297045 27.203479123
95.460114339 27.2073419393
95.4698180891 27.2121505694
95.4710813436 27.2171112972
95.4742998696 27.2175476001
95.4749252073 27.2207728409
95.4809572875 27.2262386953
95.4876649134 27.2399357697
95.4914398138 27.2426097515
95.5066920492 27.2485006833
95.5110531849 27.252854633
95.5113470989 27.2601666879
95.5166190849 27.2625119274
95.520894642 27.2576006026
95.5263641315 27.260120361
95.5301466423 27.2629267668
95.535241074 27.2644615081
95.5545541069 27.2531234213
95.556516584 27.2481348637
95.5636060162 27.2462395195
95.5748204161 27.2447806796
95.5786400372 27.2408418883
95.5782102297 27.2358406727
95.5903721854 27.2231630054
95.5994579228 27.2232358233
95.607628904 27.2249757208
95.6194066891 27.2301335378
95.6344057701 27.2333656353
95.6372602021 27.2304551713
95.6794546748 27.247398938
95.679647637 27.2496451647
95.6846710052 27.2508864014
95.695665928 27.2516000798
95.7021153139 27.2490640987
95.715706397 27.2524942951
95.7213071744 27.2509903481
95.7256821662 27.2526279582
95.7320962712 27.2599151724
95.736603004 27.2601244543
95.7401421683 27.2632561566
95.7571993066 27.2676855817
95.7848676807 27.2724155138
95.7909776749 27.278732232
95.8009422362 27.2819560055
95.8064743956 27.2849919148
95.8066699258 27.2812498448
95.8086744699 27.278676313
95.8103639871 27.2741413299
95.8380900426 27.2802343158
95.8503772186 27.286300408
95.8606107256 27.2873340964
95.8620363196 27.2831394863
95.8607585059 27.2765174611
95.8609566375 27.272890471
95.8655384153 27.2697550822
95.8724483659 27.2599564347
95.8776591771 27.2604468724
95.8824918725 27.2599534314
95.887706596 27.2563090531
95.894015185 27.2559896046
95.8981368875 27.2572783507
95.901204126 27.2693840322
95.9043504278 27.2728524113
95.9046023079 27.2792408489
95.9024760406 27.2808387473
95.9065194763 27.2848869348
95.9123865163 27.2861329359
95.9188262281 27.2922130286
95.9406691404 27.3025474596
95.9632861502 27.3099885976
95.9656523477 27.3145806428
95.96269077 27.3172628742
95.9679290786 27.3174980641
95.969122499 27.3213352664
95.9688093012 27.3247703188
95.9781164046 27.3256041641
95.9842956764 27.3272459678
95.9723809165 27.3275655367
95.970138265 27.3299160235
95.9743149966 27.3322981466
95.9774563165 27.3352479286
95.9937866063 27.3443607688
95.9949938834 27.35316707
95.9970863444 27.3564128903
96.0022333843 27.3570540287
96.0032743694 27.3573780687
96.0133110771 27.3569288725
96.018497011 27.3607886066
96.0210449929 27.3641493561
96.0150958932 27.3683766621
96.0107195582 27.3742142775
96.0085336477 27.3801708299
96.0022323942 27.3864768793
96.000258051 27.3905666098
96.0012419227 27.3964821396
95.9948274053 27.4053978289
95.9911843413 27.4076226077
95.9914760102 27.4124617798
95.989731545 27.414789091
95.9797839176 27.4149545821
95.9783421106 27.4184348256
95.9812040032 27.4192210536
95.9805222497 27.423336243
95.9781128275 27.4254075507
95.9780846677 27.4286376341
95.973597086 27.4298979149
95.9720666878 27.4235065502
95.9682937177 27.4172456253
95.9677462917 27.4244580504
95.9673384414 27.4298262355
95.9638973179 27.428645219
95.9613497476 27.4218716056
95.9576027141 27.426052514
95.9532919115 27.4264622433
95.9508305935 27.4304477798
95.9538500169 27.4339741425
95.95342592 27.4366619948
95.9502374262 27.4382381874
95.9433561297 27.439625173
95.9336352637 27.4399585508
95.9172127325 27.4364527903
95.9115526159 27.4332622317
95.9083261132 27.4259370356
95.9064797232 27.4165441313
95.9004245703 27.4046039931
95.8933816533 27.3993195736
95.8922139 27.4030578045
95.894597826 27.4076760317
95.8947200656 27.4115795035
95.8903873573 27.4197294964
95.8898028665 27.4249620567
95.8907584927 27.4330209851
95.8890699355 27.4374357893
95.8830102708 27.437460802
95.8761881593 27.4287368313
95.8653071768 27.4224009355
95.8636354423 27.4182466738
95.864604741 27.4146908353
95.8670509118 27.4125715611
95.8677006958 27.410504103
95.8583515044 27.4140780795
95.8580256648 27.4182161501
95.8561552807 27.421077254
95.8497675262 27.4237416099
95.8498947117 27.4283473627
95.8533608364 27.4382058256
95.8556180356 27.4408075996
95.860003488 27.4424966158
95.864244638 27.4454575968
95.8599261827 27.4560777841
95.8616476911 27.4597643873
95.8665440836 27.4624928578
95.8767210289 27.4645586718
95.8789033431 27.4690538981
95.8817694022 27.4808954319
95.8796796998 27.4861592072
95.8795752642 27.4926880659
95.8809773552 27.4945852469
95.8865757832 27.4970712365
95.8901656733 27.4996624594
95.8876481078 27.5047801929
95.8823592274 27.5086148235
95.879043612 27.5133734917
95.8813793593 27.5160498967
95.8805140319 27.523362823
95.8820665339 27.5394271681
95.8819863134 27.5468407654
95.8742634661 27.5447953389
95.8676697138 27.5447391213
95.863012115 27.546248606
95.8527869267 27.5593572127
95.8467209903 27.5617105413
95.8406155916 27.5603558346
95.8369983053 27.5649260958
95.8326821987 27.5726633856
95.8284770741 27.5755452397
95.8219911205 27.5755315192
95.8205866193 27.584108129
95.8210454587 27.589414505
95.824987516 27.596866813
95.8200336077 27.5988793159
95.8104227988 27.5991523562
95.7988675705 27.6017309071
95.7969243347 27.6121356549
95.7880025551 27.6173747181
95.7859252842 27.6213866795
95.7882466107 27.6262888729
95.7983196831 27.629863866
95.7982505582 27.6335451395
95.8005034873 27.636956579
95.8023737601 27.643003739
95.7957772371 27.6468218418
95.7871824436 27.6496983387
95.7801874239 27.6546000903
95.7788255632 27.6603377809
95.7794561861 27.6664397938
95.7814490202 27.67329733
95.7864896816 27.6773631914
95.7955243312 27.6782788027
95.7941610632 27.6863829104
95.7798073388 27.6885322102
95.775593978 27.6908533835
95.7737168444 27.6941190314
95.7744158822 27.6995299327
95.7736969577 27.705512516
95.7716112879 27.7102131113
95.7641668617 27.7168912628
95.7598230066 27.7209438379
95.7593644839 27.7253751631
95.763815156 27.7271853707
95.7730018193 27.7287435566
95.7859350159 27.7340114647
95.7817067012 27.7524938638
95.7900036641 27.759320469
95.7965788004 27.7669014023
95.8021382163 27.7711318881
95.8075597586 27.7778390112
95.8087859041 27.7842363435
95.8125307001 27.7879968282
95.8243595024 27.8035431731
95.8301823902 27.80794504
95.8362088509 27.8100573721
95.8446124181 27.8157431351
95.8472593728 27.824386384
95.8533507033 27.8283908207
95.8675898481 27.832735976
95.8749819073 27.8340442871
95.8933617808 27.8512880289
95.8963355357 27.8614824917
95.9018392592 27.8609328193
95.9082921774 27.8647076458
95.9074710388 27.8714923158
95.9126615759 27.867263343
95.9142044873 27.8723848095
95.9152996296 27.8750977568
95.9199653738 27.8770209215
95.9239105298 27.8804259935
95.9226037458 27.8847303439
95.9250702566 27.8845785815
95.9271457852 27.8827865903
95.9298693331 27.8847738086
95.9252560414 27.8902665001
95.926339932 27.8952075872
95.929970093 27.8971194858
95.9396634276 27.8975136867
95.9406627697 27.9040666681
95.944853703 27.9069011244
95.9538342649 27.9170792705
95.9566628788 27.9210906903
95.9551870157 27.924515811
95.9589217069 27.9271511762
95.9537418453 27.9314725466
95.9529364524 27.9334714479
95.9536949036 27.9361440468
95.9666125897 27.946935605
95.9717902164 27.9536397342
95.9788672157 27.9628017912
95.9583422519 27.9634898771
95.8274712724 27.9720318387
95.6085120981 27.9528346637
95.5987398252 27.9462057634
95.5904031555 27.9367000113
95.5823142191 27.9386481313
95.572993448 27.9374838041
95.5680087109 27.9266858223
95.5667900725 27.9175952165
95.5455477883 27.9085593025
95.546079634 27.9008574859
95.5452470479 27.8973917541
95.5347555972 27.8955231497
95.5279626955 27.8929992381
95.5230281169 27.8852802357
95.5176582376 27.8768790961
95.3860953846 27.8372890448
95.318436262 27.8665830152
95.3103604646 27.8632879022
95.2944401557 27.8604798633
95.2384676293 27.8439161701
95.1967922134 27.8300686877
95.0538041108 27.7860267832
95.0407283734 27.7735296459
95.0331923695 27.7705808463
95.0211340435 27.7683209508
94.9998771841 27.772421035
94.9890439033 27.7667357217
94.9320614663 27.7526915898
94.8859774183 27.7380757455
94.8679656311 27.7416389887
94.8627688982 27.7294164734
94.8556320494 27.7276643071
94.8508149979 27.7067046735
94.8414057163 27.6995689333
94.8232922199 27.6922626803
94.8022639729 27.6931756747
94.7960892404 27.6893126484
94.7930191899 27.6849412396
94.7784856721 27.6794786711
94.7689941819 27.6762441778
94.7663441597 27.6706738519
94.761585129 27.664548148
94.7447086944 27.6595467461
94.7390967824 27.6617893001
94.7297439601 27.6640210141
94.7227832271 27.6661765205
94.7187129963 27.657819677
94.7001687171 27.6633039119
94.6915103097 27.663418269
94.6859800767 27.6595651934
94.6885898589 27.6533513452
94.6845756634 27.6458012665
94.6778247548 27.6468685631
94.6711810922 27.6465080404
94.6667247667 27.6441058438
94.6505208297 27.6383165992
94.647301286 27.6327883151
94.6418778182 27.6272106716
94.6365105294 27.6250309017
94.6270518262 27.6263891074
94.6161716362 27.6220186796
94.6114709677 27.6189266377
94.6061656145 27.6193998669
94.5978735299 27.6177807587
94.5884109934 27.6164358224
94.5839729755 27.6130092848
94.5756343813 27.6032894746
94.5660106009 27.6033065299
94.5582219166 27.5995840736
94.5485344693 27.5998968259
94.5386982053 27.5933564762
94.5283897603 27.5921554004
94.5177641737 27.5811198713
94.5115208083 27.5804620498
94.5023275207 27.5737126621
94.4930799364 27.5718991958
94.4852222213 27.5736285096
94.4714263688 27.5604433953
94.461848329 27.5541426905
94.4583521487 27.5593535234
94.4556189771 27.5674032287
94.4517673431 27.5715151296
94.4445491733 27.575958659
94.4382206254 27.5809297479
94.4327989463 27.593001847
94.4332678976 27.5996261056
94.4231701557 27.5979049151
94.4054025113 27.5837624527
94.3970988594 27.5853661759
94.3898522686 27.585889627
94.3826704271 27.5817019238
94.3745608693 27.5758856048
94.369726262 27.5733577379
94.3644600329 27.5768620947
94.3579516207 27.5740155665
94.351117657 27.5760971413
94.3473617902 27.5812546845
94.3404205721 27.5777035098
94.3313685127 27.5850784675
94.3260429222 27.5838683569
94.3220325656 27.5867674487
94.3147374226 27.5863683527
94.3107074773 27.592316168
94.3039985627 27.5966371115
94.3003873666 27.6010413419
94.2952611368 27.5971343538
94.2908449821 27.5912745693
94.2784072458 27.5901304524
94.2748387572 27.6002733804
94.2643112368 27.606932532
94.2565299804 27.6105495108
94.2595422253 27.6159692228
94.2646784635 27.6213766661
94.269625203 27.6247099429
94.2691712629 27.6294090828
94.2652607171 27.6328882623
94.2584690919 27.6334241397
94.2547244433 27.637815922
94.249760767 27.6326972676
94.2375850109 27.6294209356
94.2284364395 27.614888208
94.219904191 27.6058943938
94.2135861648 27.6077568272
94.2159736769 27.6013139335
94.2253688512 27.597622591
94.227501993 27.5953755688
94.2277313593 27.5921049653
94.2238657117 27.5847673868
94.2278621914 27.5779018196
94.228865618 27.5724652162
94.2365387459 27.5682772689
94.2429602943 27.5671614196
94.2588233084 27.5541985953
94.2580354451 27.547510801
94.2591654568 27.5372419872
94.2647584631 27.5241450609
94.2619834875 27.5201994597
94.2239426978 27.5037726615
94.2176659374 27.4998886599
94.2145857832 27.4946955581
94.1974983097 27.4942286968
94.1935278292 27.493095145
94.1891761551 27.4875870492
94.1769727085 27.480860537
94.1702049544 27.480984921
94.1664886366 27.4777873847
94.1594741995 27.4748586912
94.1610005559 27.4667939775
94.1624538571 27.4632603326
94.1566928342 27.457259439
94.1430393211 27.4452542374
94.1380883423 27.4426563832
94.1255696455 27.4317806275
94.1193014462 27.4277721565
94.1087247546 27.414860202
94.102133716 27.4107276094
94.0955127965 27.4077518112
94.0885508615 27.4013711508
94.0746237896 27.3798087961
94.0708128135 27.3712015391
94.0653049759 27.3657193719
94.0630751488 27.3603641958
94.0569849439 27.3596435261
94.0504670807 27.3555670562
94.0438001289 27.3501092787
94.0322397828 27.3448155191
94.0119634081 27.3357313486
94.0021664055 27.3315712376
94.0028332714 27.3269869787
93.9981774167 27.3247373135
93.9923385126 27.3215216106
93.9878352857 27.3174389013
93.9830859289 27.310635361
93.9748151343 27.3052066715
93.9586474476 27.2916507133
93.941017544 27.2701563799
93.9360140479 27.26521166
93.9210080675 27.2540284908
93.9031346869 27.2384342269
93.8950535427 27.2278733825
93.8876910456 27.2212749685
93.8695082703 27.1957352458
93.8595136073 27.1879966077
93.8492036242 27.1766834885
93.8419192389 27.1703670709
93.8310212288 27.1675640031
93.8190580301 27.1551663984
93.810611643 27.1486784278
93.8088274082 27.1441393008
93.8076115458 27.1347200948
93.8154998574 27.1289143565
93.8133300301 27.1231668827
93.8169207235 27.1194937205
93.8239063267 27.118911012
93.8291729824 27.1088050163
93.8285469447 27.0962210749
93.8332302449 27.0892646329
93.8349017278 27.084434732
93.8362445683 27.0796659144
93.8386216105 27.075013755
93.8339534258 27.0696760268
93.8301132694 27.0657659347
93.82474138 27.0651403359
93.8206499199 27.0617555565
93.8147512895 27.0675073301
93.8104046449 27.0594021581
93.7995312312 27.060729218
93.7958758666 27.0545800911
93.7892972762 27.0510808171
93.7830741244 27.0576911203
93.7810326093 27.0502185267
93.7755839968 27.0592402986
93.7736794613 27.052402149
93.7703592231 27.0401696649
93.748309667 27.0293029505
93.7357760847 27.024134547
93.720816972 27.016148142
93.7074570344 27.0052636297
93.7075573537 27.0005998915
93.7001464251 26.9917253249
93.6776282579 26.9680106166
93.6569753956 26.9634476754
93.6420483097 26.9617689402
93.6264042073 26.9612223864
93.5977209591 26.952223993
93.5861332192 26.9497100199
93.5727259216 26.9511994598
93.547455661 26.9488556866
93.5278155097 26.9457634288
93.4913761989 26.935716382
93.4888311019 26.9402853007
93.4823010176 26.9373793577
93.4701304376 26.9361169962
93.4658618888 26.9407642853
93.4499292719 26.9514041004
93.4387466421 26.9533698387
93.3928662735 26.9573749229
93.3763823608 26.9577572788
93.3501065976 26.9606481228
93.2691184653 26.9535070538
93.2246983308 26.9466975263
93.1866005406 26.9363523791
93.1113488895 26.9249699155
93.0942559293 26.9132418444
93.078762076 26.9176747894
93.0712702812 26.9219559115
93.0649976808 26.9197646793
93.0406291963 26.9156589922
93.0218346319 26.9146318417
92.9999263415 26.9281848293
92.9969129686 26.9291680293
92.9962651944 26.9296378957
92.9892090696 26.9316814017
92.9852613215 26.9338041542
92.9832247551 26.9334835202
92.9755116504 26.9387012299
92.9641730453 26.9437797628
92.9539524502 26.9468172678
92.9353926209 26.9548717687
92.9290494199 26.9586122405
92.9204179759 26.962194658
92.9176015978 26.9677302775
92.919357308 26.982628062
92.9024887204 26.9942816752
92.8930174909 26.9978437383
92.8861147148 27.0003770862
92.8752051607 27.0057543693
92.8394173853 27.0116507532
92.8272550692 27.0165917563
92.7881775776 27.0288503568
92.772014836 27.0312236466
92.7304614437 27.026635193
92.7166401514 27.0243364284
92.7052898641 27.0258373981
92.6853928165 27.0300222252
92.6619663389 27.036833548
92.6600638782 27.0359026329
92.6535240512 27.0230892458
92.6421282524 27.0168552069
92.6476372874 27.0083539384
92.647183495 27.0008131393
92.6483072019 26.9938973212
92.6484406735 26.9857415318
92.5882229402 26.9601933558
92.5566367304 26.9574463613
92.5348229477 26.9616972297
92.5185178778 26.9628335364
92.5081080356 26.9652006277
92.493743703 26.9631663064
92.4868497827 26.9631846896
92.4694078885 26.961526932
92.4627025138 26.9617830687
92.4493026792 26.9591235633
92.4453071072 26.953501948
92.4289054522 26.9419609643
92.4150343512 26.942690723
92.4028910067 26.9247836095
92.3704596445 26.9300911547
92.3676132235 26.9312479263
92.3562403971 26.934128674
92.3499898382 26.9320233025
92.3232652357 26.9269648464
92.3060927196 26.922808959
92.3069597783 26.9081324644
92.3037400996 26.9067333195
92.2932888145 26.904064902
92.2847209498 26.9027617073
92.2796008537 26.9010819527
92.2711011684 26.9036992446
92.2683471833 26.906231101
92.2644881091 26.9074051094
92.2578146922 26.9108661675
92.2126398399 26.8955715258
92.1981435772 26.8896777661
92.1804787852 26.89118063
92.1721397429 26.8906195765
92.1657236458 26.8913760528
92.1512793221 26.8896173875
92.1328983025 26.8894540592
92.1275695564 26.8885146115
92.1237263618 26.8890563705
92.1112736944 26.8925889146
92.1111828816 26.8983906834
92.1122820819 26.9061858979
92.117002922 26.9182963604
92.1204980735 26.9311933167
92.1182287662 26.9409925209
92.115422626 26.948157227
92.1208788638 26.9590109048
92.1167466499 26.9745496781
92.1076275206 26.9765316351
92.1056743038 26.9818169783
92.1068706883 27.0065760517
92.1008508175 27.0083550574
92.091788945 27.015839374
92.0834217628 27.0194639619
92.082390696 27.0316339658
92.0802945322 27.0387239513
92.0742960384 27.0442873462
92.0676644136 27.0510984326
92.0573821003 27.0510582417
92.0486059004 27.050874055
92.0455634253 27.059295184
92.0374760186 27.0637298589
92.0399540127 27.0691122133
92.0366970407 27.0737392881
92.0315537937 27.0775053037
92.0322029422 27.0834841946
92.0313597278 27.0961133254
92.0263241393 27.1071076889
92.0260386336 27.1138776102
92.0320605168 27.1224058564
92.0348105624 27.1293258556
92.0382747825 27.1314817198
92.0403412587 27.1373933738
92.0344586099 27.1461184936
92.0323398693 27.1496798303
92.028202081 27.1532070708
92.0272865519 27.1613159841
92.0291478152 27.1707437587
92.0393174323 27.1757530607
92.044940636 27.1802940566
92.0549621039 27.1833122726
92.0601746505 27.1885622178
92.0612214963 27.2020506296
92.0667122357 27.2085749674
92.0707006677 27.2139000459
92.0736076117 27.2226240548
92.0723194473 27.2331643254
92.0700511708 27.2384484222
92.0698003279 27.2439466466
92.0654940174 27.2466567157
92.0564845547 27.2507973428
92.053732053 27.2556154515
92.0439985042 27.2608251723
92.0436663765 27.265702147
92.0529248072 27.2705960684
92.0740881796 27.2763701716
92.082213613 27.2748285464
92.0871711845 27.2710488234
92.0990637188 27.2720252912
92.1056368851 27.2680929895
92.1138949491 27.2729637091
92.1191691644 27.2722623706
92.1230387952 27.2748693534
92.123817747 27.2796749604
92.1246520141 27.2865513985
92.1213813369 27.2918117815
92.1111127377 27.2980074921
92.1067015579 27.300445294
92.0821046274 27.3093178975
92.0712879304 27.3173097238
92.0629573238 27.3262536536
92.0643965086 27.3443442856
92.0610619737 27.3480674713
92.0526131575 27.3573697017
92.0506265432 27.3674451582
92.050331863 27.3783591067
92.0541921337 27.3891853164
92.058772805 27.3992187005
92.0572485607 27.4032499333
92.0516218392 27.4056632659
92.0463982121 27.4119558461
92.0482873374 27.4244680529
92.0471158344 27.4301321292
92.043128951 27.4356470661
92.0373345499 27.4366017236
92.0283213255 27.4407436055
92.0235976167 27.4467798468
92.0211911275 27.457203558
92.0242567284 27.4672880245
92.0232328122 27.4789246061
92.0156839456 27.4810125408
92.001220679 27.4765452042
91.9936134487 27.4734868017
91.9867130793 27.4668426483
91.9835457076 27.4641513265
91.9775700776 27.4641999401
91.9699283177 27.4660161831
91.9591551528 27.4606378298
91.9539063034 27.4600679218
91.9438948415 27.4598496988
91.9363796689 27.4641903812
91.9272968619 27.4705854938
91.9135301982 27.470455901
91.9030843617 27.46752022
91.8955553682 27.4724960287
91.8768372916 27.4720960007
91.8676701504 27.4813473477
91.8537862635 27.4818435783
91.8442574038 27.4750365181
91.8331270427 27.4682800532
91.8225617353 27.4692020441
91.8140870722 27.4719074255
91.7933281184 27.4685342699
91.7784889304 27.4638494828
91.7674949597 27.4657632899
91.7613195058 27.4726548928
91.7545168643 27.4735819009
91.7466316698 27.4732154906
91.7380272412 27.4695834604
91.7247682441 27.4697222717
91.7185888144 27.4730029169
91.71740674 27.4823652818
91.7154344566 27.4906292859
91.7047754923 27.4948874283
91.6949337393 27.5021494135
91.6884659522 27.5018085112
91.6846953059 27.4992902369
91.6792858233 27.4938279351
91.672319108 27.4902323455
91.6652595015 27.4856338937
91.6580730865 27.4823904828
91.6522514619 27.4841484372
91.6511188876 27.4914273665
91.6489776065 27.4984212077
91.6437711436 27.5030832951
91.6331051174 27.5075211004
91.6254481846 27.5127503361
91.6209099828 27.5218468027
91.6142456797 27.5410918436
91.6104304716 27.5431656182
91.6061648698 27.5402672294
91.5994206062 27.5390210973
91.5964487818 27.5432817019
91.5865533697 27.5618082113
91.5718632634 27.5745418868
91.5671201498 27.583724389
91.5819424225 27.5990850527
91.5812558407 27.6078271022
91.568320516 27.6195134438
91.5629291938 27.6330145889
91.5720644885 27.65201778
91.5949825479 27.6713681221
91.5954718076 27.6786038224
91.5970663744 27.6827953102
91.6037522154 27.6861196794
91.601637535 27.6921226653
91.6077524355 27.6945303986
91.6153256639 27.6924575229
91.6197956561 27.6955479007
91.6213312537 27.7015451936
91.6290121136 27.7055279974
91.6286251097 27.7149014726
91.6344043391 27.7313871763
91.6349570593 27.746570816
91.6417576173 27.752691342
91.6453717016 27.7575719568
91.6449454457 27.7647868262
91.6365257082 27.7711666894
91.6355316345 27.77701782
91.6357696114 27.7825248179
91.6350125422 27.7937078115
91.633587612 27.8004428714
91.6247215481 27.8079048457
91.6205670406 27.8108733051
91.6043285373 27.8204927405
91.5896620052 27.8184169795
91.583527245 27.8135636439
91.5784822693 27.8123574832
91.5709931284 27.8149743573
91.5660232172 27.8210739502
91.5616448027 27.8309954251
91.5514045501 27.8465322784
91.5494990501 27.8552449682
91.5581389361 27.8582579753
91.5643545238 27.8513723664
91.5700077335 27.8524146653
91.5753402124 27.8604000896
91.5827210335 27.8616749298
91.5900129049 27.8558980503
91.5996783786 27.8617361299
91.6048495904 27.8589750096
91.6129348802 27.8536593574
91.6204715384 27.8565519299
91.6271501575 27.8573511389
91.6327951123 27.8552314446
91.6373864737 27.854714014
91.6473708481 27.8537717772
91.6595774608 27.8567010375
91.667458748 27.8578844438
91.6748262936 27.85634101
91.6850603766 27.8437675136
91.6949650365 27.828747744
91.6995426288 27.821728231
91.7076318235 27.8164067232
91.7149509295 27.8128835167
91.7265039153 27.8100825658
91.7516016689 27.8029154529
91.7634349643 27.8008511504
91.7764360617 27.8007909157
91.7840015389 27.8026001896
91.7938977894 27.8041753411
91.8043575448 27.8077629661
91.8094058222 27.8084272939
91.81577617 27.8025185611
91.8205388555 27.8029043759
91.8294752101 27.8098805654
91.8332106391 27.8070758212
91.8341428201 27.7961771993
91.8365993541 27.788463654
91.8386940342 27.7793946285
91.8503840965 27.7751406922
91.8540442933 27.7677326402
91.8563733595 27.7645394815
91.8580619101 27.758799823
91.8627226531 27.7417444977
91.865612506 27.7363890387
91.8755242247 27.7339114488
91.8783766477 27.7299133591
91.8808372163 27.7254469485
91.8837035107 27.7212725447
91.8934762279 27.7236663009
91.9072950343 27.7265011247
91.9134007385 27.7257319679
91.9200192696 27.717572932
91.9237610358 27.7145022148
91.9390041055 27.7209736334
91.950062998 27.7280876161
91.9548292371 27.7389354969
91.9606089569 27.7500797404
91.9660772092 27.7503800394
91.9708361046 27.7508444822
91.9779055092 27.7593141264
91.9839635958 27.7641409421
91.9888976532 27.7693984133
92.0000013584 27.7678320376
92.0053072135 27.7668621746
92.0157371008 27.7641106999
92.0427411516 27.7565704266
92.0536002037 27.7563506642
92.0603442818 27.7584815641
92.0725876254 27.7672298635
92.0895229985 27.7791442
92.1041825573 27.7927288608
92.124937066 27.8099605695
92.1438710553 27.8238129363
92.1611113164 27.8363600348
92.1758873985 27.8422604114
92.19433025 27.8513931805
92.2052791563 27.8564060859
92.2153816396 27.8583222198
92.239163284 27.8619678919
92.2512333067 27.8628353563
92.2601032288 27.8614795693
92.2689431939 27.8572314022
92.2722950727 27.853238001
92.2759844612 27.8439227061
92.2822624201 27.8244457625
92.2895014584 27.806801388
92.3121393899 27.7784385759
92.3206952688 27.7774305147
92.3336478378 27.7827442537
92.3549986029 27.7898391736
92.3689354375 27.792810035
92.3743234857 27.792466584
92.3793932083 27.7928346985
92.3845295428 27.7941886095
92.3876976067 27.814747797
92.4027049003 27.8196370554
92.4115032441 27.8212512962
92.4185818479 27.8222026212
92.4185828738 27.8222018225
92.4185820575 27.8222030196
92.4320471605 27.8111550551
92.448455487 27.7999065707
92.459566969 27.8023684299
92.4637628093 27.8063431735
92.4644844221 27.8070497994
92.471668617 27.8143305157
92.4813682309 27.8206500533
92.4892237664 27.8277554897
92.497161213 27.8359327169
92.5059894346 27.8406140977
92.5197322492 27.8393189731
92.5310014057 27.8302206497
92.5390761969 27.8234077279
92.5484720796 27.8165402904
92.5588200686 27.8173501404
92.5652555913 27.8200888681
92.5698782385 27.8264010291
92.5808295546 27.8408624795
92.5903455874 27.8559306672
92.609693279 27.8765852327
92.6249893794 27.8835333431
92.6362053583 27.8863439045
92.656195537 27.892019633
92.6738212992 27.8991733336
92.6787704449 27.9050367615
92.6909870947 27.9185224818
92.7059190195 27.9328541764
92.7185106757 27.9483313643
92.7344966922 27.9709880715
92.7378369965 27.9770021587
92.7441978082 27.9884887059
92.7382683649 27.9948015364
92.732553357 28.0005758612
92.726038335 28.0154622692
92.7143825688 28.0324199512
92.7003285984 28.0475406883
92.6861688603 28.0577733517
92.6678663262 28.0619803199
92.6661291105 28.0669215007
92.6722131555 28.077495911
92.678121614 28.0959370586
92.6851940281 28.1172661903
92.6920494016 28.125063301
92.7008025692 28.1299982776
92.709642147 28.1358245163
92.7259630828 28.1442342686
92.7416148651 28.1508067875
92.7633890352 28.1661571766
92.7880991235 28.1829961011
92.8047370779 28.2014969654
92.8126467706 28.2033420749
92.8212558024 28.2008629556
92.8243913564 28.1966601203
92.8227231098 28.1835458873
92.8262944533 28.1731276132
92.8329618235 28.1707033231
92.8446266597 28.1785611537
92.8522968564 28.1820228286
92.9002639062 28.2038024705
92.910351317 28.2144338552
92.9180102701 28.2342349671
92.9279537119 28.2417892576
92.9467943351 28.2478569048
92.9605798374 28.2575380216
92.9695875152 28.2610140947
92.9795122337 28.2588063344
92.9909850944 28.2504938863
92.9918686752 28.2416608719
92.9949687162 28.2335722886
92.9996431669 28.2294010068
93.0053337157 28.2299254132
93.0149534867 28.2390083166
93.0253264456 28.2514436973
93.0387826064 28.2622839678
93.0307036542 28.2858331953
93.0269957302 28.2991422225
93.0373246384 28.3029025281
93.0513157376 28.3016606673
93.0667441456 28.3061196587
93.0771004128 28.3084374291
93.0921513547 28.3053858414
93.1003950724 28.3062310958
93.117178883 28.3146750083
93.1298281247 28.3259615663
93.1414944798 28.3240377734
93.1599642553 28.3176044815
93.1847686385 28.3163114665
93.1987293193 28.3171239128
93.211904291 28.3223511335
93.2239648484 28.3328087077
93.2248790876 28.3345945894
93.2277221106 28.3401646145
93.224324782 28.3606191126
93.2273179907 28.3770891182
93.2366343189 28.3998753296
93.2310029554 28.4074825002
93.2212086078 28.4128597392
93.2097886938 28.4184958964
93.1955786632 28.4252567495
93.1862858335 28.4319952279
93.1878954211 28.4392481024
93.1955791009 28.4434116265
93.2061187307 28.4482453992
93.2128040203 28.4514912698
93.2188384627 28.4574358458
93.2277269113 28.4695567081
93.2343381359 28.4772266702
93.2405947668 28.4820045594
93.2592471916 28.4908175471
93.2681490213 28.4961710064
93.2749242561 28.5004113698
93.2812083496 28.5041027347
93.2846364908 28.5130775726
93.2869721652 28.5205172428
93.2942774745 28.5427322395
93.3028434004 28.5569210733
93.3106786302 28.5655956733
93.3087712219 28.576222788
93.3030100351 28.5914104021
93.3053476488 28.5989410357
93.311870108 28.6003721121
93.3168345368 28.6031403077
93.3250679224 28.6063995323
93.3331304996 28.6076778276
93.3353663382 28.6150184683
93.336468313 28.6228823496
93.3378446718 28.6331003692
93.3424528051 28.639573971
93.3474620906 28.6395365379
93.35638364 28.6382955063
93.3672979384 28.6402313483
93.3752181892 28.6439382171
93.3951988731 28.6488604416
93.4173481934 28.6522800476
93.4353278656 28.6616919351
93.4429969665 28.6688259719
93.4468451598 28.6719378945
93.4511931086 28.6754175283
93.4622474247 28.6677758651
93.4680389314 28.656372103
93.4722046 28.6514495357
93.4796465045 28.6529758973
93.4809622473 28.6616595528
93.4846723681 28.6743420178
93.4890991463 28.6794449551
93.4966211199 28.6833180235
93.5010154044 28.683369468
93.506368803 28.6814368029
93.5146854683 28.6791787986
93.523879639 28.6731416952
93.5256331405 28.6649439732
93.5298830855 28.6605701039
93.5392339008 28.6581351628
93.5666397095 28.6588713487
93.6123255707 28.6550970685
93.6254051032 28.6569410991
93.6441682024 28.6611033134
93.6589477404 28.6660336855
93.6747414738 28.6711473684
93.6908183966 28.678525416
93.7049435437 28.6791076154
93.7191097225 28.6830302103
93.7303244583 28.6873765123
93.7368537447 28.6884355108
93.7525907838 28.6823407129
93.7664979262 28.6737112962
93.7803865938 28.667607237
93.7904879507 28.6704836992
93.8025635501 28.6793494632
93.8240011366 28.6939776508
93.8407869477 28.7036021205
93.8492458081 28.7064704062
93.8548873741 28.7060673446
93.8630796921 28.7048708311
93.8704802438 28.7027658016
93.9092359982 28.6756306565
93.9246541347 28.6693291399
93.9311878352 28.6707393842
93.9396283834 28.6760424656
93.9486130784 28.6881179471
93.9620723886 28.7036577692
93.9654215842 28.7120324903
93.9676803286 28.7176914526
93.9707073846 28.7222323786
93.9703080691 28.7419949553
93.9737116501 28.7504196217
93.9828575009 28.7583357548
93.9955954801 28.7646596191
94.0033210217 28.7706763769
94.0066713316 28.7745845401
94.0068883978 28.7833390394
94.0036850745 28.7871085103
93.9905739359 28.7973969674
93.9909065143 28.8058874277
94.005333233 28.8188999282
94.0033870227 28.8302673268
94.0003266291 28.8405342994
94.0082619345 28.8461865868
94.0202193161 28.8503331164
94.0354711751 28.852604148
94.0396117548 28.8601231036
94.0494352405 28.873011355
94.0635713655 28.8867444498
94.0720096748 28.8952887306
94.0843287257 28.9050243347
94.0996389372 28.9143382359
94.1259772299 28.9294845764
94.142004111 28.9396018757
94.1606705209 28.9539846616
94.1624719991 28.9585932536
94.1638991053 28.9733195763
94.1723626318 28.9804143342
94.1785462263 28.9910971314
94.1774363425 29.0024685346
94.1776090907 29.0070737587
94.180891805 29.0198193744
94.1851420288 29.0278859815
94.191074859 29.0382491643
94.1941428901 29.0424482343
94.2007254304 29.0530093006
94.2047362526 29.0594964994
94.2115479696 29.0687440959
94.2204850182 29.0835002445
94.2305084976 29.0894255801
94.2388954285 29.0957033136
94.2438938321 29.0998827881
94.2516508005 29.1074135827
94.2635174723 29.1162265704
94.2747513731 29.1265828531
94.2834356578 29.1348400399
94.2936266413 29.1476189428
94.3034861627 29.1500170737
94.313345604 29.1503326162
94.3243496934 29.1495686753
94.337202334 29.1497207073
94.3560132924 29.1496226278
94.3627814372 29.1519997988
94.3695459285 29.1566386479
94.3735026526 29.1657719809
94.3759869885 29.1812185662
94.3782010187 29.1897111623
94.3828039051 29.1939772394
94.40547232 29.2044478487
94.4198323154 29.2121730346
94.4317077153 29.223054945
94.437147368 29.2263228044
94.4474370566 29.2249153594
94.460610799 29.2234309803
94.4728687124 29.2211255179
94.4846109441 29.2181886586
94.5003563688 29.2160765349
94.5198928451 29.2165946245
94.5389156442 29.2180966052
94.5516566557 29.2226458954
94.5637711657 29.2282829672
94.5732976898 29.2402212545
94.5779933758 29.2499825682
94.5793884548 29.2643369926
94.5798617904 29.2746297882
94.5837470089 29.2802406306
94.5898210573 29.2821514656
94.5949524359 29.285769394
94.5998803647 29.2893088908
94.6113801828 29.2964631842
94.6167208128 29.3006371251
94.6250329932 29.3123002172
94.6271533025 29.3220457521
94.6297913159 29.3363172266
94.6296601174 29.3451581787
94.6342850261 29.3481531572
94.6475789686 29.3464687326
94.6720241112 29.3312671145
94.6832581006 29.3273133295
94.6875934978 29.3232542436
94.7006025885 29.3133602427
94.7103921141 29.3071461407
94.7169885795 29.3037257844
94.7424584142 29.2812860188
94.7540184584 29.2655079591
94.7722618426 29.2519956646
94.7830792282 29.2402768735
94.7884446733 29.2323363694
94.7964772508 29.2253099336
94.8010191884 29.2178272023
94.8034958524 29.2090701122
94.8020798114 29.1945362508
94.7983985121 29.1793682517
94.7984166156 29.168723261
94.8034579894 29.1635800282
94.8149695954 29.165665753
94.8257606859 29.1699185513
94.8380971036 29.1757045097
94.8520753022 29.1819453777
94.8579279107 29.1826689287
94.8772604884 29.1832266272
94.8866227798 29.1807060929
94.8980372229 29.1749249863
94.9123385611 29.165371704
94.9241578747 29.1611311445
94.9321767025 29.1615807173
94.9435814451 29.159773593
94.9621903645 29.159144159
94.972986123 29.1585070087
94.9868626624 29.1486679263
94.9917962527 29.1454219928
95.0003266796 29.1396402039
95.0101979821 29.1344001781
95.0163528197 29.1320524685
95.0279684829 29.1292466012
95.0234556343 29.1416162227
95.0156517349 29.15055243
95.0094891799 29.1564213455
94.9976864397 29.1642651935
94.9920181729 29.172313619
95.0028162816 29.171771067
95.0102107061 29.1692385626
95.0161722956 29.1658080198
95.0255264549 29.1598463691
95.0344715605 29.1559594695
95.0449429653 29.1510757739
95.0595387302 29.1487155079
95.0707390179 29.1465403587
95.0832816284 29.1441824085
95.1035333653 29.1423581193
95.1076365235 29.1386567861
95.1139952643 29.1275382081
95.1186017198 29.1196865841
95.1268153319 29.114715213
95.1509571725 29.1140464737
95.1599003411 29.1117742054
95.1825014941 29.1069507522
95.2016020397 29.1059279058
95.221644517 29.1067951307
95.2453862558 29.109003447
95.2556544883 29.1081618858
95.2527324245 29.0920164219
95.2562092205 29.0839769848
95.2545293268 29.074770103
95.2549261695 29.0667385916
95.2622946548 29.0601340421
95.2713212266 29.0557814724
95.2722960773 29.0477221503
95.2771444464 29.0567461541
95.2826295918 29.0576506012
95.2909545057 29.0603392002
95.3022499854 29.0612951894
95.3074945126 29.06101862
95.3134407279 29.0573921269
95.3229696797 29.0531265777
95.3358018677 29.0494792025
95.3501509481 29.0441126339
95.3784799336 29.0392387753
95.3892413756 29.0359612864
95.4045321232 29.0332882074
95.4146958134 29.0319938303
95.4210721065 29.0360351781
95.4261179258 29.0390843174
95.4339226733 29.0391462962
95.4432524344 29.0350444039
95.4519741712 29.0338410079
95.4588641829 29.034810986
95.4638132973 29.0409300951
95.4694205656 29.0524583259
95.4747918571 29.0587527989
95.4786151163 29.063790788
95.4875768374 29.0689944871
95.4904888697 29.0741251369
95.4937361968 29.0876423639
95.4966109237 29.1071245408
95.4965848759 29.1216545292
95.5010872615 29.1383269069
95.508304011 29.1410062416
95.5185588803 29.1369081974
95.5325055425 29.1326904301
95.5429734131 29.128500803
95.5514876386 29.1265613768
95.5512832749 29.1437046147
95.5518274023 29.1493040077
95.5515587117 29.1567020589
95.5510996698 29.166087172
95.5501517023 29.1786314595
95.5464387963 29.1950768775
95.5420797327 29.2063707411
95.5426300015 29.2121440864
95.5499405277 29.2137339119
95.5652698634 29.2146538968
95.5846173118 29.2154714916
95.590684478 29.2160742254
95.5905407774 29.2262668986
95.5925829872 29.2405197464
95.5980105249 29.2524047051
95.6037162772 29.2600491192
95.6101007469 29.260647959
95.6255890904 29.2530791326
95.6361597964 29.2471554886
95.6429511091 29.2479391719
95.64782852 29.2541326971
95.6572233005 29.2585981054
95.6651758136 29.2633331884
95.6781862548 29.2692181357
95.6881108833 29.2753862509
95.6972358285 29.2846331311
95.7023331695 29.2927211212
95.7069124561 29.298559529
95.7113408108 29.2988072549
95.720170185 29.2964145592
95.7320413848 29.300577257
95.7485183938 29.3143722116
95.7504705535 29.3272717026
95.7701692851 29.3427572539
95.778051139 29.3500153639
95.7827260081 29.3545837989
95.7881896686 29.3545568893
95.792025887 29.3455080292
95.7960563797 29.3360110264
95.8015044406 29.3344363035
95.8076127905 29.3374659322
95.8243049985 29.3501628366
95.8318473422 29.3538151208
95.8453308791 29.351831668
95.8532993158 29.3567407366
95.8639889454 29.365602555
95.8803216138 29.3837044246
95.8859451732 29.3896234561
95.8944002009 29.389471659
95.9146594114 29.3861696516
95.9403837349 29.3822751631
95.9621040227 29.3806700891
95.9709124377 29.3853840524
95.9829941584 29.3984607276
95.9922324361 29.4048824248
95.9982531739 29.4084625428
96.0075461347 29.410079029
96.0195932703 29.4193671506
96.0306439878 29.4314554478
96.0398259169 29.4410331941
96.0491795359 29.4485281037
96.0607100734 29.4564681379
96.0745719414 29.4603153419
96.0857216883 29.4613865551
96.092301807 29.459624428
96.0979152363 29.4544278708
96.1062378566 29.4432655413
96.1181905251 29.4253845822
96.1289040959 29.4154549178
96.144140503 29.4055755743
96.1548651215 29.3969978041
96.1626094668 29.3807847448
96.1686032094 29.3743241701
96.1800003225 29.3621300142
96.1850436713 29.3530623624
96.1904611405 29.3420059728
96.1897865246 29.3366053196
96.187670177 29.3066706042
96.192966492 29.3020213515
96.2077612614 29.2909638636
96.2145279236 29.2721403814
96.2306059597 29.257015537
96.238533065 29.2406082696
96.2478857288 29.232223539
96.2551625881 29.2303448047
96.2700261081 29.2336255252
96.2870927546 29.2323680499
96.2972753381 29.2328158817
96.3169314012 29.2561570095
96.3244848106 29.2586933722
96.349663298 29.2643780746
96.3550762449 29.2689260754
96.3627275373 29.278590639
96.3675123677 29.2826812595
96.3733881496 29.2833438677
96.3793256721 29.2807574322
96.3864277331 29.2733697352
96.3918033355 29.2607711362
96.3970556113 29.2534107218
96.3959853564 29.2430541827
96.3918959687 29.2305622146
96.38439246 29.2234248099
96.3755276757 29.2148626226
96.3704537676 29.204274328
96.3671376108 29.1951941096
96.3625828909 29.1783751471
96.350408206 29.1677699012
96.3366135633 29.1662881532
96.3117117691 29.1651919596
96.2946667608 29.1589593921
96.2765547173 29.1575207632
96.2708027726 29.1579404172
96.2643100854 29.1570098789
96.2596084936 29.1510163617
96.252990329 29.147021271
96.2421704287 29.1452291086
96.2318576287 29.1432555666
96.2215856986 29.1349667455
96.2191603094 29.1301156967
96.2127355798 29.1175514627
96.2090657394 29.1112625591
96.2043352731 29.1027376531
96.1896163637 29.091424159
96.1735050186 29.0844437253
96.1595099495 29.0824928906
96.1282227533 29.077541266
96.1185251765 29.0744654942
96.1406706522 29.0612768495
96.1543102393 29.0498818784
96.1646910766 29.0331914194
96.1690167109 29.0167393158
96.1726313194 29.0094801651
96.1793553097 29.0000414999
96.1839661005 28.9959427497
96.188557353 28.9846202634
96.1882252919 28.9742538581
96.1841093539 28.9650002311
96.1658492577 28.9561470454
96.1588189021 28.9520606765
96.1576945559 28.9429554203
96.1539613111 28.9395638278
96.1488743794 28.933923522
96.1589260308 28.9247194589
96.1665409038 28.918424103
96.1691156656 28.910373682
96.1700489733 28.902245073
96.1782284532 28.9005522999
96.189496713 28.9082961099
96.2081559636 28.9154357083
96.2189689647 28.9195691272
96.2316671857 28.925586567
96.2518278218 28.9391029063
96.2592150062 28.9555484275
96.2642166245 28.9614480515
96.271776523 28.9676033819
96.2854834281 28.9800064485
96.2902114744 28.9883464716
96.2973393459 28.9950615394
96.3047160769 28.9985715919
96.31276941 29.0019151569
96.3251737507 29.0090954521
96.3409419348 29.0208493589
96.3503856294 29.0285985308
96.3610886194 29.0305563425
96.3724013732 29.0312511946
96.3926083302 29.0303998584
96.4080360376 29.0315923977
96.4244876337 29.0332133968
96.4393808442 29.0337750423
96.4534153806 29.0384847259
96.4625018848 29.0419962686
96.4702161646 29.0502081081
96.4807896846 29.0563063204
96.4952557007 29.0620063308
96.5039518946 29.0670511104
96.5118019856 29.0699310525
96.5222555885 29.0745947455
96.528832672 29.0754183686
96.5152857015 29.0486984509
96.508961382 29.0379496522
96.5023418 29.0273785693
96.4963200384 29.0163623256
96.4920633546 29.0064832884
96.4877109141 29.0013396854
96.4808426445 28.9900178402
96.4849647983 28.9770709864
96.4877196173 28.9687418622
96.4908914729 28.9612186439
96.4965930888 28.958173515
96.5040968337 28.9595386654
96.516717376 28.9661522843
96.522170766 28.9668196813
96.5245424152 28.9610169586
96.5259377345 28.9512582147
96.5269527941 28.9437541364
96.53355963 28.9326746245
96.53868658 28.9256715265
96.5419276905 28.9166203921
96.5400184856 28.9052740139
96.5392104049 28.8927468614
96.5405507096 28.8796549199
96.5499384926 28.8699877635
96.5562288981 28.858545732
96.562783072 28.8513460725
96.5658397617 28.8433693554
96.5699511325 28.837277164
96.5787923619 28.8258033958
96.5871538558 28.8167794687
96.598022129 28.8104253029
96.6066669661 28.7995881235
96.6111778719 28.7932169878
96.614024632 28.7851538096
96.6187560168 28.7736478723
96.6182377812 28.7598591253
96.6163135747 28.7548238744
96.6121208318 28.7483862339
96.6008123795 28.7330080307
96.5885824106 28.7165567648
96.5749691543 28.7096870759
96.5626365181 28.706852607
96.5348988528 28.706547453
96.5250216604 28.7040460281
96.5106851637 28.6961889344
96.5010435043 28.6876313029
96.4932069547 28.6835680597
96.4869603425 28.6833752685
96.4753908382 28.6833182147
96.4731949431 28.6796485326
96.4776157278 28.6745500568
96.4810059724 28.6679281435
96.4865268865 28.6602863203
96.4893956021 28.6537642887
96.4936846651 28.6456863342
96.497677934 28.6386916255
96.4965729098 28.6331124765
96.4867516643 28.6264610921
96.4753799217 28.6173930453
96.4607397426 28.6088012974
96.4469140839 28.6009275176
96.4418354522 28.5957453045
96.437480837 28.5919149219
96.4349928168 28.5884013115
96.43050695 28.5820656713
96.4249534329 28.5799567266
96.4175385725 28.5833782979
96.409847289 28.5894140356
96.403401731 28.5892991425
96.4024284987 28.5854282001
96.4086007551 28.5728259555
96.4091272292 28.5664172594
96.409018873 28.558928648
96.4031777024 28.5572828751
96.3966364034 28.5576164475
96.3887795937 28.5586026057
96.3732452986 28.5591237494
96.3570548319 28.5555871154
96.3456859156 28.546053041
96.3372480388 28.533510596
96.3280932451 28.5290027312
96.3267137513 28.5253208622
96.3296745943 28.5236819876
96.3335169919 28.5215550087
96.3444759715 28.5161188392
96.3553362035 28.5097821505
96.3632379135 28.5045668717
96.3688904073 28.4995461323
96.3739979628 28.4915515615
96.3751968403 28.4817938475
96.3691815562 28.4742856472
96.3436144767 28.4648011738
96.3373024728 28.4575578953
96.3260767294 28.4498224193
96.3118619303 28.4404859742
96.29932668 28.433931672
96.2869682976 28.4255709707
96.2766772779 28.418816919
96.2681260317 28.4118563227
96.2659405217 28.4081776845
96.2695660229 28.4049931524
96.2791453189 28.4036318135
96.2899704868 28.4034443562
96.301370423 28.4013495994
96.3067616625 28.3994052212
96.3123883444 28.3922217897
96.3173809744 28.3830431676
96.3219327454 28.3807595487
96.3325694656 28.3823667334
96.3638790077 28.3882806778
96.3729615727 28.3888260976
96.3768589638 28.3817490947
96.3819589094 28.3585093097
96.394083433 28.3570344595
96.401285095 28.3388233483
96.4145841756 28.3410317306
96.4247408507 28.3452554256
96.4288805773 28.3577475122
96.4306384786 28.3668414217
96.4318711831 28.3753983064
96.4324563585 28.3804467015
96.4339642282 28.3861109621
96.4411265816 28.3954157768
96.4489673684 28.401554998
96.4558263802 28.4100545325
96.4602586342 28.4136089144
96.4717477535 28.4171835413
96.4819810951 28.4189708759
96.4987032239 28.417879441
96.5082450869 28.4143506826
96.512205768 28.412584989
96.522077319 28.417613315
96.5358171633 28.428913205
96.5530895185 28.436471218
96.5615177201 28.4472928831
96.5815783222 28.4573333813
96.6006204789 28.4604471038
96.6233739506 28.4585596679
96.6411324172 28.4582506873
96.6620068916 28.4604305995
96.6664900937 28.4598304731
96.6772732037 28.4507653813
96.6833076884 28.4451876971
96.6891882089 28.4422362542
96.7080027745 28.4313531595
96.7186521833 28.4267984565
96.7357643913 28.4245921365
96.7417239865 28.4210016299
96.7527643259 28.4154466863
96.7591921281 28.4091399335
96.7648246663 28.3978850799
96.7689672416 28.3833078768
96.7722889618 28.3743342924
96.7759576219 28.3676202822
96.784153055 28.36390178
96.7986512396 28.3639835224
96.813099378 28.3615369565
96.8279831125 28.3606093304
96.8537109983 28.3617071311
96.8639934067 28.3716629116
96.871076202 28.374181168
96.8815174465 28.3761104593
96.8954518076 28.379436949
96.90014667 28.3791860687
96.90565319 28.3731597917
96.9117228779 28.3646006819
96.9213685846 28.3565236936
96.921194823 28.3523782439
96.9222908859 28.3453242742
96.9272542188 28.3381299602
96.943630565 28.3351043943
96.9541003379 28.3329724954
96.9632327613 28.3249977637
96.9753219374 28.3166130884
96.9810020759 28.3151817532
96.9882476964 28.3150753274
96.997724676 28.3090669925
97.0055137287 28.3112124634
97.0239204153 28.3190578847
97.0283761706 28.3228638273
97.0376137217 28.3314756722
97.0426175043 28.3420398805
97.0465827494 28.3469427052
97.0530924403 28.3508921811
97.0623821303 28.3511172922
97.067399656 28.3523057152
97.0805756948 28.3578703494
97.0938308991 28.3624455787
97.0994939424 28.3601984734
97.1054242783 28.3556852135
97.1140130799 28.3515824793
97.1221607185 28.3506470343
97.127127786 28.3488530266
97.1310054995 28.344014958
97.1401478539 28.3369339485
97.1530985533 28.3265324724
97.1598902827 28.3193946492
97.166432572 28.3054000915
97.1704032237 28.2946099719
97.174905074 28.2913989762
97.1789944544 28.2896240977
97.1840423108 28.288623508
97.1935852896 28.2866678827
97.2037154714 28.2878563402
97.2149969861 28.2912813029
97.2252185451 28.2921071324
97.2289764463 28.2866314433
97.2351099816 28.2729171787
97.2421261581 28.267220325
97.2553112363 28.2685258119
97.269008808 28.270282937
97.2829306625 28.2682462417
97.2934107122 28.2625754941
97.307127145 28.2558520086
97.3084376621 28.2499707259
97.3138022342 28.2436552095
97.3227721784 28.2436865098
97.3281507138 28.2426031384
97.334508562 28.2395211799
97.3424366695 28.2338901221
97.3520492407 28.225969927
97.3656455789 28.2232117197
97.3752952882 28.2171769279
97.3818777801 28.2110159192
97.390281658 28.2038497611
97.4011250086 28.1919335693
97.4009608849 28.1849130085
97.3927581421 28.1826194192
97.3877388341 28.1859504606
97.3827983413 28.1880194458
97.3725941382 28.1919009733
97.3641487093 28.187981638
97.3597997263 28.1799452887
97.3524112088 28.1730469406
97.3418245874 28.1637564996
97.3313340392 28.1544688169
97.3275776522 28.1457932075
97.3252101377 28.1397030041
97.3271985682 28.1330847669
97.3321654412 28.1271388824
97.3354279311 28.1226652187
97.3404792591 28.1159095559
97.3394495487 28.1108843323
97.3276280723 28.1008080082
97.3173550755 28.0918745175
97.310583925 28.0845966388
97.3084917477 28.0770605955
97.3081059627 28.0684079264
97.3121271784 28.0612243023
97.3191767489 28.0583058526
97.3319684823 28.056561152
97.3456298695 28.0577633678
97.3570447449 28.0587440119
97.3663192502 28.0592190098
97.3737953612 28.0613389124
97.3742305385 28.0536685608
97.3682055219 28.0434937545
97.3772760845 28.0300909928
97.3823846609 28.0311710203
97.3899543733 28.0283397555
97.3987338563 28.0250278991
97.4057676045 28.0209411143
97.4117026672 28.0181314979
97.4152926679 28.0149186272
97.4140661888 28.0100672702
97.411740191 28.0059616733
97.4023311616 28.0038668941
97.391326496 28.002807752
97.3889607294 27.9970686611
97.3828616904 27.9832938362
97.3781446541 27.9769806662
97.3782823185 27.9693097277
97.3785639852 27.9539760776
97.3756109718 27.9350984564
97.3826426257 27.926774403
97.3876018955 27.9213706111
97.3876223389 27.9172279101
97.3809981937 27.9117491096
97.3784912837 27.9086388326
97.3796961747 27.9032043541
97.3874276682 27.8942380163
97.3888833346 27.886911301
97.3783549361 27.883666943
97.3712076317 27.8774820541
97.3646694106 27.8756989619
97.3434277674 27.8847159767
97.3354820285 27.8838543882
97.3210847315 27.8802172557
97.3227956522 27.8941670471
97.3238988949 27.9026227211
97.3221567745 27.9069820731
97.3147331789 27.9160263539
97.308728201 27.9208205859
97.301762895 27.9179575628
97.2881350849 27.9126786936
97.280776478 27.910463996
97.2564811371 27.900489362
97.2472261181 27.8948723291
97.2412537226 27.886407521
97.2367731993 27.8808926642
97.2264573286 27.8731192184
97.2204726837 27.8683509877
97.2124367231 27.8629738247
97.2025443988 27.8553793588
97.1955677558 27.8473693348
97.1894604614 27.8414292457
97.1869315257 27.8368661064
97.1817749884 27.8327187308
97.1743965372 27.829400721
97.1677576743 27.8272554702
97.1688353667 27.8203842556
97.1602752227 27.8135768004
97.1521864381 27.8101871382
97.1442277285 27.8079671198
97.1372886833 27.8060846652
97.1338685546 27.7974774185
97.1277790329 27.7920790666
97.1241755633 27.7895145452
97.1147890268 27.7869578967
97.1023810404 27.7844788021
97.0983141158 27.7796279149
97.1000209827 27.7738315373
97.1046519971 27.7661864722
97.101052481 27.7582178129
97.0979128161 27.7482514665
97.0962583606 27.7408857161
97.0912544219 27.7394300286
97.0821936603 27.7429013219
97.0674228995 27.7507791815
97.0618980616 27.7485185604
97.0564254988 27.7431016979
97.0479539767 27.7404287044
97.0372547164 27.7432927771
97.0284699596 27.7402638812
97.0156367333 27.7317923282
97.0131019109 27.7265103386
97.0101899265 27.7166292111
97.0053408767 27.7066054532
96.9990025836 27.6926249784
96.9924276743 27.6766666633
96.992658522 27.6668342734
96.9906509872 27.6620869501
96.9773844897 27.6629949544
96.9584678888 27.6654170598
96.9485852913 27.6625858469
96.9421236186 27.6586180526
96.9382506736 27.6510964131
96.9337527934 27.6434059212
96.9307098414 27.6376683455
96.9253281135 27.6313447635
96.9192013849 27.6225845361
96.9128462631 27.6186134621
96.900336952 27.6154464609
96.8973373917 27.6119704451
96.8988104194 27.591572716
96.8989063277 27.5847201629
96.9026877421 27.580969237
96.9097798272 27.5809660712
96.9137047407 27.5794663846
96.9137314148 27.5754061228
96.9128889571 27.5673032579
96.9138417327 27.5582717718
96.9154164385 27.5492334068
96.9199275485 27.5465506523
96.9241039319 27.5421641927
96.9282032796 27.5331868862
96.9331774677 27.528066382
96.9372028178 27.5208871412
96.9358772609 27.5140527121
96.9330080619 27.5065097931
96.9303141088 27.5026726997
96.9251975065 27.4938170146
96.9198463063 27.4887434575
96.9150032161 27.4835872867
96.9131001916 27.4786468616
96.9106624723 27.4722833021
96.9102419698 27.4653371156
96.9103372774 27.4587518468
96.9112560357 27.4534244345
96.9169576072 27.4495581327
96.9253135356 27.4471037471
96.9327007064 27.4411348318
96.9363564282 27.4301722333
96.940691295 27.4174887288
96.9481688864 27.4114394528
96.964769457 27.4057931739
96.9681659417 27.3922191666
96.9747430175 27.3863533682
96.9682076883 27.3766193323
96.9709132169 27.3692742435
96.9761309337 27.3670398053
96.9811298214 27.3639957271
96.9841747719 27.35285566
96.9886495783 27.348743303
96.9965669578 27.3452902272
96.9975087207 27.3410416041
96.99933521 27.3301020213
97.002395584 27.3200469056
97.0085813651 27.315725143
97.0158673372 27.3101221381
97.0392952331 27.2977962571
97.0425068471 27.2796277903
97.0505312436 27.2763538397
97.0555645691 27.2754643331
97.0577295072 27.2665965572
97.0621940326 27.2620285307
97.0673619322 27.2572635998
97.0725044986 27.2515938936
97.0806476215 27.2435466202
97.0881662042 27.2404595759
97.0928593538 27.237504157
97.0947521641 27.2308034171
97.0938866492 27.2109788389
97.0992155423 27.2044956887
97.106762567 27.2025847071
97.1153663436 27.1986692401
97.1189196685 27.1940177103
97.122569253 27.1892769207
97.1243393709 27.1817691848
97.1259274565 27.1745219358
97.1322073631 27.1702849856
97.1389046884 27.166756639
97.1485035735 27.1676050419
97.1514470991 27.1576394359
97.1545654919 27.1513768718
97.1657364039 27.1446212069
97.1706723272 27.1334597311
97.1702315263 27.1258920294
97.1643984094 27.1213825949
97.1543971789 27.1154868003
97.1508412274 27.1087785039
97.1485766093 27.1006139151
97.1448795485 27.0919207474
97.1383953747 27.0903894134
97.1294589461 27.0928715853
97.1208334421 27.1011990723
97.1132171128 27.1091564314
97.1070899251 27.1105107435
97.0977616384 27.1078530237
97.0877847665 27.1031266484
97.0776367174 27.0993026019
97.070053493 27.0985086677
97.0612136137 27.1005317663
97.0511582206 27.1083439115
97.0465026983 27.1131836254
97.0441352808 27.1162836609
97.0405935023 27.1207566212
97.0336300021 27.1266291114
97.0288662496 27.1312900562
97.0196514669 27.1350315902
97.0118088926 27.1364942004
97.0054999446 27.1394610294
96.9977023825 27.1436259757
96.9912719349 27.1509334334
96.9833934528 27.1564579001
96.9722711137 27.1608472092
96.9625064268 27.1624225389
96.9540454986 27.1635368474
96.9434597811 27.1639407146
96.926818942 27.1650717791
96.9172362667 27.1654674057
96.9015881857 27.1708163573
96.8957648453 27.1734204043
96.8818567896 27.1806346925
96.8745375482 27.1837043305
96.8651500582 27.1898702829
96.862951414 27.19711399
96.8625289727 27.2024402507
96.8623372611 27.209481822
96.8652355087 27.213863266
96.8730607669 27.2169232183
96.8792873649 27.2209879484
96.8841676081 27.2228184822
96.8889879206 27.2270851519
96.8903653522 27.2311207295
96.8916827518 27.2378609423
96.8860451255 27.2449797272
96.8869283723 27.2496515954
96.887804342 27.2538845828
96.8841477841 27.2582628374
96.8741269312 27.2574942393
96.8652756964 27.259413117
96.8607880365 27.2628943893
96.8547418841 27.2707309412
96.8528925474 27.2811246502
96.8509275588 27.290891958
96.8489013594 27.2967784167
96.8354279101 27.3010978863
96.8304437832 27.3052186772
96.8240715886 27.3110799569
96.8208011296 27.3150814847
96.8163329759 27.3201968781
96.812001192 27.3271021397
96.8078867756 27.3356311983
96.8051431233 27.3411721425
96.8016657569 27.3451859912
96.7941197858 27.3472656197
96.7846534599 27.3496334258
96.7789466815 27.3529500265
96.7723154335 27.3558285199
96.7591563412 27.3541932443
96.7535474196 27.3536765479
96.7471289751 27.3549718749
96.7400633235 27.3554197307
96.727849161 27.3634115575
96.721951548 27.3679908312
96.7119980613 27.3718122878
96.7081796511 27.3662684509
96.70579105 27.3622334984
96.6985256056 27.3566396232
96.693174114 27.3566117056
96.6826081803 27.3600753981
96.6756580954 27.3620533265
96.6696185979 27.3634762901
96.6603023679 27.362590889
96.655512973 27.3601285368
96.645593276 27.3590657331
96.6386273458 27.3604977374
96.6298713251 27.3631229162
96.6199839273 27.3641369963
96.6120510735 27.3607059391
96.6084483436 27.3565159883
96.6020235246 27.351985859
96.597810028 27.3477955101
96.5974367163 27.3428291463
96.6002747456 27.3359410775
96.5958001823 27.3339203087
96.5911291046 27.3321746475
96.5854086071 27.3281755582
96.5793977421 27.3249934428
96.5748963061 27.3205321882
96.565462255 27.3180162132
96.5612993656 27.3166186274
96.5556841597 27.3119921489
96.5499382086 27.3060977198
96.5447153744 27.3011010457
96.5370655411 27.2956843527
96.5302139283 27.2894431612
96.521780955 27.2853805662
96.5165098864 27.2920236583
96.5112980914 27.2955050049
96.5048877301 27.2990890591
96.4995482498 27.3008577437
96.4935426226 27.2977645832
96.4855494869 27.2967628385
96.4787135402 27.2996362927
96.4702885643 27.3040547496
96.466224203 27.3026444935
96.4611550021 27.300719567
96.452062125 27.3014366857
96.4457033742 27.3019548309
96.4393375435 27.30202472
96.4330657445 27.3016265288
96.4245369677 27.2978374081
96.4156729692 27.2916033519
96.4081955959 27.2916818434
96.4013047119 27.2903062971
96.3911499718 27.2863430475
96.3824047604 27.2893143938
96.3733241174 27.2907520442
96.3637391673 27.2920150238
96.3611447021 27.28590638
96.3548266264 27.2817306676
96.3473393819 27.280257729
96.3408111551 27.2834769667
96.3353974907 27.287861237
96.3200689644 27.2899873262
96.3105164315 27.2940467603
96.3030043776 27.2912282602
96.2901195814 27.2861083508
96.2818408875 27.2780582433
96.2783375718 27.2714137814
96.2671139938 27.2698943806
96.2539120024 27.2730750682
96.2411208898 27.2764341098
96.2340604875 27.2770394779
96.2268345785 27.2727679696
96.2178293865 27.261741839
96.2055708944 27.2583269664
96.1960687898 27.2574112755
96.1818223853 27.2464846579
96.1634391599 27.246759996
96.1501588703 27.2418135516
96.1142615247 27.2256750708
96.0987886104 27.2238035568
96.0918852924 27.2190769654
96.0861348566 27.209458766
96.0687424561 27.2056258775
96.0570303257 27.1952388884
96.0361806851 27.188532762
96.0295446541 27.1802751794
96.0227014415 27.1588473879
96.0166493937 27.1472456676
96.0040075808 27.1328936134
95.9892553886 27.1176550063
95.9788492271 27.1031933123
95.9715864107 27.0912414302
95.9626777867 27.0744197515
95.956722011 27.0606502996
95.945568425 27.0521553925
95.9358366094 27.0454485402
95.9227980898 27.041376235
95.9154086868 27.0378114457
95.9088233309 27.0328002167
95.9002864306 27.0242818028
95.8887709632 27.0203806623
95.8767299498 27.0130490555
95.8670649399 27.0149118006
95.8573879286 27.0149619819
95.8375863533 27.0079458082
95.8276270622 27.0107100374
95.8149633058 27.0149260629
95.8075947655 27.0131675538
95.8045054929 27.0047006385
95.779278237 26.9827212882
95.7725860223 26.9752643085
95.7713460219 26.9713883573
95.7666744486 26.9656285633
95.7604787167 26.9567242827
95.7632775769 26.9376729109
95.7601393329 26.9347048537
95.7563084865 26.9329212464
95.7521144297 26.9229223121
95.7540942243 26.9176766767
95.7567876134 26.9130622561
95.7576557664 26.907553798
95.7545012825 26.9005352934
95.7445871795 26.8935447786
95.7354756037 26.8853721159
95.7303107107 26.8801650148
95.7206331693 26.8763224162
95.7110732257 26.8770930064
95.7030298948 26.8799309531
95.6981483745 26.8879786571
95.6918306273 26.8927057152
95.6808852518 26.8978083213
95.6729620817 26.9030745767
95.6678124162 26.9012035887
95.6625590171 26.8977933671
95.6573850273 26.8909570133
95.6549456879 26.8858219558
95.6505691823 26.8767224863
95.6460332638 26.8757515885
95.6418125956 26.8759468644
95.636357 26.8721814123
95.6337041381 26.8661469243
95.6344873825 26.8594591784
95.6331110465 26.8480057183
95.6317769237 26.8423295885
95.627219912 26.8361105427
95.6215537231 26.8300900224
95.6174925407 26.8227064298
95.6110235643 26.8140691487
95.5986453944 26.8151053164
95.5918047379 26.8159400722
95.5842635105 26.8156972745
95.5743149151 26.8186215981
95.568094549 26.8228902474
95.5651988746 26.8267814726
95.5622935196 26.8302203055
95.5543535271 26.8325965141
95.5452874024 26.8309077014
95.5323843367 26.8242759966
95.5298491885 26.819856406
95.5245978771 26.8130146039
95.5198537515 26.8086106159
95.5144021906 26.8062839902
95.5060919463 26.7896993452
95.5017169815 26.7758043301
95.4954352816 26.7649982279
95.4886689671 26.7547255186
95.4830073001 26.7480664078
95.475362225 26.7454702037
95.4652043696 26.7435108147
95.460959242 26.7391020942
95.4580139462 26.730799757
95.453679863 26.72557634
95.4458208124 26.7205440095
95.4414828007 26.7159543476
95.4392588242 26.7110863028
95.4368349445 26.7075700719
95.4350013154 26.7013452294
95.4318686251 26.6966639793
95.4283485996 26.6931494843
95.4228122591 26.689820106
95.4059321544 26.6897741474
95.3941501622 26.6842058011
95.3830951554 26.6812524882
95.377647653 26.6765669508
95.371012492 26.6725253421
95.3653829794 26.6708174405
95.3553316686 26.6703812663
95.34618734 26.6712197316
95.323961906 26.6624078126
95.3174349673 26.6601665783
95.3079691544 26.651058205
95.3021368633 26.6493588416
95.2988291506 26.651708637
95.2927007659 26.6546120265
95.2824600114 26.6562479215
95.2716161654 26.6562631933
95.2655892902 26.6613292984
95.2616822024 26.6671128627
95.2612944002 26.674966615
95.2596911992 26.6798404815
95.2561761557 26.6828291
95.2504579877 26.6859078407
95.2436262535 26.6874439462
95.2401104656 26.6851924659

