# India Subdivision West Rajasthan
71.2889036459 24.6128055309
71.2889036459 24.6128055309
71.2782789236 24.6179188517
71.2520188408 24.6258384374
71.2440166153 24.6289721185
71.2325716632 24.6320039207
71.2288834721 24.6339156352
71.198244264 24.6450663621
71.1879860471 24.6484903195
71.1624665752 24.6545187356
71.1375018305 24.6637739548
71.1099736458 24.6745264238
71.1040263616 24.6795269617
71.0978205635 24.6865765699
71.0910680353 24.6893020632
71.0771704455 24.7038491074
71.0634961989 24.7180804513
71.0534484344 24.7450705608
71.0530119825 24.7458616717
71.0516428339 24.7483307562
71.044508175 24.761694765
71.0409893659 24.7668387763
71.0260576525 24.8050589858
71.0143554781 24.827524275
71.0032146001 24.8422812659
71.0018927656 24.8449487384
71.0003619044 24.8480721903
70.994804197 24.8593395768
70.9803661478 24.8789926711
70.976116568 24.8837304962
70.9694548468 24.896295512
70.9527079687 24.9148954173
70.9470505817 24.9210928886
70.9363088255 24.9412841915
70.9234721755 24.980305087
70.9165070245 25.0015795374
70.9056649082 25.0484973142
70.9047446401 25.0524745268
70.9030549016 25.0648657881
70.8964927475 25.1020619544
70.8912944366 25.1267597295
70.8855188532 25.1511740842
70.8757810489 25.1607422727
70.8659871739 25.1704357628
70.8519827032 25.1830275767
70.8471583739 25.1894945856
70.8454154235 25.1910772481
70.8005145244 25.2312943346
70.7873405834 25.2473778094
70.786752282 25.2478708908
70.7846771225 25.2496775583
70.7575761899 25.2726958094
70.7501782846 25.2827514972
70.7447224844 25.3041287271
70.73546516 25.3288480658
70.7234741831 25.3427117618
70.7143710187 25.3531571621
70.697099659 25.3681850521
70.6931361639 25.3722086424
70.6782247588 25.3864838427
70.6698843532 25.3935850095
70.6678540497 25.3953468181
70.6668700484 25.3953313211
70.6653378067 25.3975728102
70.6648518737 25.4032166189
70.6674646088 25.4093353307
70.6702450714 25.4200117554
70.6710151748 25.4247671404
70.670937941 25.4557330262
70.6743633125 25.4818081857
70.6764895016 25.4978197836
70.6767584706 25.5117087267
70.6775316763 25.5189728726
70.677090667 25.5195135976
70.6794526824 25.525660304
70.6793370194 25.5265480333
70.6770923283 25.5275292073
70.6677729221 25.532249228
70.6681188817 25.5394415145
70.6682157718 25.5409323803
70.6674471537 25.5414672299
70.6684533088 25.5417168654
70.6685452194 25.5435533084
70.6690465757 25.5971216675
70.6691134304 25.5989196279
70.6711830733 25.6224667138
70.6716911579 25.6282479573
70.6728311143 25.6548837248
70.6730764385 25.6606075272
70.6731145759 25.6692333059
70.668157904 25.6888063101
70.6649341386 25.694533611
70.6579823682 25.7058055031
70.6528159982 25.7097233206
70.6512343877 25.7103613287
70.6474468385 25.7124113359
70.6408621493 25.714560142
70.6388589458 25.7152187488
70.6359461995 25.7152645306
70.6344644776 25.7145756684
70.6303953277 25.7154646758
70.6227975132 25.7154626603
70.6089454987 25.715428117
70.5935635645 25.7121176759
70.566440457 25.6995613975
70.5574843244 25.6954015216
70.5286284936 25.6861499997
70.5277740541 25.6858673075
70.5243163509 25.6853427561
70.4817061536 25.6853144229
70.4616855696 25.6838090671
70.4510685031 25.6829535256
70.416514057 25.6792148186
70.3998969344 25.6759882336
70.3907328124 25.6735579636
70.3854860295 25.6739203316
70.3833487425 25.6743875194
70.3662263357 25.6783346491
70.3566603511 25.6816242079
70.276059056 25.7092609162
70.2704101405 25.7116283272
70.2667394033 25.7137920351
70.2631261923 25.71913252
70.2516491572 25.7528104349
70.2353911125 25.7768703108
70.2350034986 25.7772748582
70.2333666916 25.7789891687
70.2146696766 25.7986273468
70.1940887712 25.8160829409
70.1687840462 25.8304838358
70.1562337057 25.8553005653
70.1523698457 25.859976944
70.1456179684 25.8698847381
70.1432548512 25.8742962753
70.14194882 25.8759199325
70.140951951 25.8773694732
70.1337976954 25.8849129718
70.1244189746 25.9016588048
70.1144553597 25.9150693214
70.0992714855 25.9354616105
70.0972279194 25.9476222739
70.0918314008 25.9930833922
70.090764998 26.0087276245
70.0900045873 26.0201162042
70.0858129499 26.0616442162
70.0864148721 26.0878572513
70.0929487268 26.0980121629
70.0951473661 26.1006006215
70.0966288432 26.1022995337
70.1059205654 26.11411841
70.1076496207 26.1161511225
70.1082610972 26.1171214112
70.1095080804 26.1191465328
70.1100471913 26.1200292247
70.1181715665 26.1286972833
70.1257424248 26.1402255183
70.1353075952 26.1525065479
70.1360521534 26.1533467703
70.1370408069 26.1544653011
70.1474616803 26.1703637312
70.1629455111 26.2062966349
70.1644371641 26.209770424
70.1649207166 26.2108522186
70.1664124771 26.2143259759
70.172113582 26.2311364513
70.1740147316 26.2420037189
70.1741711034 26.2566845966
70.171987558 26.2638778687
70.168768354 26.2771379121
70.1682595214 26.2823157284
70.1657769295 26.2872216257
70.1657385086 26.2940150777
70.1657016241 26.3008869582
70.174489636 26.3299970717
70.1762848768 26.339049435
70.1809460431 26.3548053463
70.183537577 26.3614179598
70.1841912927 26.3754415995
70.1832220902 26.3860023358
70.1817720221 26.3923284011
70.1779225532 26.4240521085
70.1776986281 26.4258819982
70.1784940655 26.4403517476
70.1825342092 26.4776405401
70.1833166209 26.4842631157
70.1821359513 26.4962155251
70.1787572884 26.5060845421
70.1763705463 26.5380860871
70.1732995232 26.5510991904
70.1640156061 26.5604166756
70.1541648394 26.5667571494
70.1530000621 26.5674628266
70.1525585881 26.5677346258
70.1391108166 26.5730180592
70.1247337472 26.5828649337
70.1189199085 26.5868352969
70.1178597421 26.5883954213
70.1117433198 26.5900647648
70.1069594055 26.5926893735
70.0986058874 26.594995753
70.0643320384 26.6001751964
70.0498682104 26.600970921
70.0484662596 26.6009647275
70.0417517781 26.5990394619
70.0185362188 26.5948452216
70.003142065 26.5921337861
69.9739850823 26.5879171545
69.9129585015 26.5828234904
69.8948820978 26.5813111929
69.8843233991 26.5811681656
69.8828706863 26.581092729
69.879365045 26.580561667
69.8748009716 26.5822670812
69.8592653682 26.5858708013
69.8511470502 26.5870039553
69.8479203856 26.5874354058
69.8386007872 26.5885821879
69.8044370666 26.5976357707
69.8007755497 26.5990014166
69.799059631 26.6000881601
69.7760842031 26.614041592
69.7657885897 26.6225195865
69.7369859995 26.646315995
69.7367044564 26.6472241811
69.722377627 26.65457294
69.710903467 26.6619973567
69.6987903381 26.665912187
69.6776286234 26.6745174574
69.6702832251 26.6768313315
69.6383893758 26.6923388416
69.6340943575 26.6933592153
69.603587852 26.704871967
69.5974789669 26.7076195791
69.5914919414 26.7105041837
69.5708352725 26.7204154104
69.5529761991 26.7280581404
69.5377881382 26.7335538381
69.5146883179 26.7419579004
69.5138353222 26.7431086388
69.5109164435 26.7457622958
69.5068792001 26.7507796983
69.5055584964 26.7530147452
69.5004570169 26.7677663209
69.4900678001 26.7897464786
69.4864184679 26.7994223108
69.4843652854 26.8080019269
69.4858280998 26.8186244264
69.4878070163 26.8315355646
69.4988876178 26.8719811901
69.5015447872 26.8944921784
69.5085662481 26.9538226861
69.510185824 26.9702057067
69.5141666439 27.0095603139
69.5151871056 27.0138686176
69.5154261558 27.014428412
69.5283348667 27.0426518948
69.5385377624 27.0650013561
69.5515259807 27.1026546648
69.5517616812 27.1033201486
69.5530021474 27.1054670782
69.563021413 27.123155586
69.5671228714 27.1340358257
69.5780117314 27.1569780387
69.578546949 27.1579488843
69.5841305883 27.1732946099
69.5896852079 27.1829380168
69.6030895658 27.1950952827
69.608079002 27.1972634823
69.6104648309 27.1980753837
69.611076213 27.1982539929
69.6196935595 27.2059186731
69.6358361597 27.218589517
69.6424952857 27.2232485483
69.6538150223 27.2334431261
69.6719032503 27.2541986619
69.6813027264 27.262629036
69.6853364806 27.2659341541
69.7050958341 27.2852275675
69.713510892 27.2915317622
69.7639496779 27.3246570267
69.7866615979 27.3466214769
69.7903851522 27.3502209685
69.792275945 27.3514582672
69.8105277547 27.3626265683
69.8348615447 27.3822641617
69.853135904 27.3938564325
69.8716669101 27.4091842019
69.8896681855 27.4298595272
69.8971656696 27.4384232187
69.9132346508 27.4604353332
69.9221342475 27.4769117189
69.9249546253 27.4808545329
69.9262243913 27.4842054791
69.9407872765 27.5024923353
69.9593589331 27.5183107367
69.9647918642 27.5228746486
69.9778086466 27.5322857805
69.9850885452 27.5369937815
69.993294626 27.5417554789
69.9995085195 27.5451057536
70.0246474086 27.5613169022
70.0323133503 27.5718025716
70.0346305826 27.5756095623
70.0356069143 27.5775636926
70.0396783378 27.5859937182
70.0498677562 27.6128677846
70.0560380862 27.6237312929
70.057689088 27.6293419457
70.0580385242 27.6307037995
70.0593959106 27.634771868
70.0604999932 27.6368856518
70.0750626469 27.6642104311
70.0821445821 27.6844520699
70.088396885 27.6972976988
70.0954910041 27.7143941337
70.0962447624 27.7160480211
70.0994947003 27.7255831739
70.1011644803 27.7325010228
70.1100353491 27.7499141278
70.1132109007 27.7564516063
70.1186301427 27.7717051088
70.1214260442 27.7810310227
70.1346889514 27.8070239725
70.1462112888 27.8190009105
70.1542224073 27.827296904
70.1973200457 27.8665405724
70.1984726664 27.8678914235
70.2000351939 27.869299915
70.2053430653 27.876614933
70.2248869799 27.8983860818
70.2368900037 27.9064763692
70.2415437003 27.9082496908
70.2501597812 27.9135896425
70.2532929765 27.9162630382
70.2731333619 27.9249886948
70.2935504947 27.9365955544
70.3036428171 27.94399668
70.3102599977 27.9488791509
70.3489610737 27.9891903374
70.3553563089 27.9958558937
70.3708165361 28.0092515951
70.3709248965 28.0100311913
70.3717833831 28.0108333206
70.3743144435 28.0120315127
70.3924851078 28.0129313976
70.41047334 28.0160726754
70.4423870986 28.0215749637
70.4749777844 28.0324390882
70.476183874 28.0328060116
70.4967233206 28.0365826141
70.5365042085 28.0321252273
70.5399349401 28.0312947882
70.5475016478 28.0293905091
70.5632683661 28.0225453138
70.5692892696 28.0191631954
70.5924530091 28.0096449087
70.5937554957 28.0080797372
70.5940590554 28.0060458268
70.5966930316 28.002700895
70.5971949032 28.0022659911
70.5972288741 28.0007129708
70.5992687942 28.0007465617
70.6016408068 27.998743245
70.6027097712 27.9949051313
70.6037387396 27.9939401395
70.6146822037 27.984061823
70.6191515743 27.977139906
70.6429292177 27.9567051256
70.6683563787 27.9348868925
70.6719652093 27.9292606991
70.677013686 27.9239491745
70.6810321629 27.8910432887
70.6803674558 27.8727644083
70.6803162672 27.8703594836
70.6838424488 27.8420791013
70.6874448062 27.8281503093
70.699498766 27.8109815853
70.7090241629 27.7998021
70.714550368 27.790853864
70.7164519557 27.7887980001
70.7177394266 27.7876264477
70.72142887 27.7826381643
70.7375560584 27.7515170338
70.7389647677 27.7494319828
70.7404991424 27.7487947119
70.7418786778 27.7469288086
70.7445888889 27.7430514807
70.7463582533 27.7435370027
70.7624367117 27.7289358634
70.7626634294 27.7280010935
70.7654815823 27.7261867731
70.7678548255 27.7248987379
70.7870204732 27.7203146264
70.7995601142 27.7183664419
70.8172412233 27.7144241213
70.839683416 27.7133835646
70.8562524511 27.7121751674
70.8679316533 27.7106136516
70.8697430067 27.7100969826
70.8825380116 27.7082260721
70.8963938846 27.710000155
70.9052998393 27.710370075
70.94853414 27.7283959034
70.9503499193 27.7291394765
70.9601886985 27.7322239714
70.9683494819 27.73602646
70.9830723837 27.7436217156
71.0328924546 27.7664794244
71.0548946792 27.7730441358
71.0694873946 27.7774068861
71.0860734341 27.7857915019
71.1391860449 27.8070863957
71.1730511095 27.8206371419
71.1831732539 27.8230231974
71.2081346295 27.8328537279
71.229653992 27.8372033996
71.242254008 27.8413375529
71.2548286953 27.8453633396
71.2726311349 27.8501777353
71.3255794486 27.8597762224
71.341742835 27.8626803366
71.3810077602 27.8697306345
71.4097520249 27.8734682827
71.4126524143 27.8728803823
71.4188105421 27.8716272473
71.4479947725 27.8735647771
71.4999276393 27.8728740943
71.5239062324 27.8725401989
71.5310804983 27.8724640912
71.5493671727 27.8733213461
71.5869883249 27.8772377273
71.6049156212 27.8750153531
71.621263411 27.8751865767
71.644958976 27.8754311057
71.6588504716 27.8755654177
71.6645119294 27.8792716086
71.6816206368 27.8838045562
71.698718902 27.8890570574
71.7206791441 27.8979881743
71.7442788445 27.906950899
71.7605052685 27.9135718908
71.766509656 27.9161880906
71.8273616865 27.9365240295
71.8596775182 27.9473200295
71.8943732626 27.9609070379
71.8975736262 27.9626295179
71.8986570371 27.9632137032
71.9028538814 27.9747768092
71.9049613282 27.9892172116
71.9068859988 28.0032478764
71.9101394567 28.0197277632
71.913435905 28.0319563322
71.9140412715 28.0404932851
71.9146803874 28.0441489511
71.9139010332 28.0539025662
71.9192030875 28.0710003156
71.9218383777 28.0813825968
71.9237333039 28.097243968
71.9270113355 28.1112903533
71.9296640416 28.1204636494
71.93233285 28.1277894182
71.9350392088 28.1326942631
71.9444978748 28.1455592649
71.9553593846 28.1584575314
71.9679802494 28.1710162679
71.9768385608 28.1839536305
71.9990829605 28.2141127159
72.0213051852 28.2322554393
72.0275775878 28.2367161357
72.0465630763 28.2490063828
72.068625512 28.2663102081
72.0932590865 28.28389439
72.0950150485 28.2849422189
72.0962464378 28.2856652397
72.1006266151 28.288236
72.1111072841 28.2952456654
72.1287130383 28.3087977216
72.1648897404 28.3487633119
72.1662760059 28.3508397483
72.1670647241 28.3521744319
72.1692738365 28.354631379
72.1910432616 28.3742153256
72.1968353003 28.382563798
72.1973997268 28.3832991155
72.1992078329 28.3849178437
72.2052063906 28.390358193
72.2065162358 28.3935469279
72.2100332975 28.4021140204
72.2132846339 28.4146011081
72.2203917606 28.4343061491
72.2295130538 28.462167202
72.2318359237 28.4702196449
72.2331025651 28.474499063
72.235614361 28.4821561957
72.2361223524 28.483890025
72.2435980502 28.5003063657
72.2440603115 28.5013166057
72.2454079415 28.5076439968
72.2567864916 28.5411130624
72.257939946 28.5433925051
72.2587779103 28.5457255125
72.2639491497 28.5554672609
72.2701787668 28.5799089781
72.2725077467 28.5846337315
72.2814750172 28.6092981951
72.2870774007 28.6247820259
72.2907103367 28.6362842982
72.2902049506 28.6380925209
72.2937506057 28.6549961754
72.2989422974 28.6661595875
72.3007298006 28.6679864992
72.3021158871 28.6734315871
72.3085670136 28.6800117295
72.3116170843 28.6863496293
72.324842188 28.6988442343
72.3483297444 28.7210142965
72.3503834753 28.725434095
72.3698770023 28.746779148
72.382489331 28.7606200655
72.3888639225 28.7687992099
72.4069633303 28.7826921519
72.4138404284 28.7856407216
72.4352450743 28.7932905136
72.4509329005 28.7978250845
72.4636066929 28.8038505177
72.4725381582 28.8071319758
72.4892593128 28.8149665386
72.5083470736 28.8247833254
72.5244132135 28.8330468201
72.5562453932 28.8525017305
72.5926745338 28.8702524301
72.5948819604 28.8715850042
72.5962901908 28.8722837478
72.6484543473 28.9031885256
72.6555912322 28.9074090148
72.6633875065 28.9109432691
72.6715833585 28.9159322231
72.6733748051 28.9168267411
72.6767827064 28.9177815037
72.6795376902 28.9202945149
72.7163979731 28.9389097852
72.746622247 28.9520925403
72.7911253759 28.9690290788
72.7950162645 28.9705123128
72.8494545257 28.9912102815
72.8508820398 28.9918018084
72.8514296325 28.9920373624
72.8542678762 28.9933756787
72.8674806134 28.999669361
72.893289808 29.0070536927
72.9045686367 29.0127120918
72.9184182251 29.0176710189
72.9338458665 29.0231754597
72.9411938611 29.0261703175
72.9451131961 29.028449377
72.9463543009 29.0294860805
72.94740661 29.0303997258
72.949455419 29.0331148077
72.9593775959 29.0563624775
72.963856853 29.0642912425
72.9664301602 29.0713010051
72.9816257231 29.1023522283
72.9846890902 29.11024062
72.989305364 29.1170588738
72.9910288887 29.1195155062
72.9916244248 29.1208078725
72.9939492872 29.1308199293
72.9988058382 29.1426903605
73.0218099004 29.1674444944
73.0264603223 29.1712756736
73.0303051842 29.1771132023
73.0417330292 29.1910831183
73.046332606 29.1946360499
73.0614381038 29.2101716467
73.0626371336 29.2115400557
73.0848221231 29.2363740923
73.0858292859 29.2378164972
73.0956762318 29.2520611424
73.0987102244 29.2567372858
73.1049049015 29.2687045723
73.1079977133 29.2754790875
73.1159567177 29.2856773037
73.1164455953 29.2876063046
73.1187494632 29.2922687427
73.1204533584 29.2950707739
73.1212417412 29.2956182442
73.1217841837 29.2964945767
73.1217898199 29.2976139371
73.1436757474 29.3322183669
73.1462439163 29.3383267164
73.1535780881 29.3527875764
73.1577457109 29.36013762
73.1641443103 29.3706961807
73.1758282179 29.3888525939
73.1766502932 29.3904145173
73.1778788628 29.3922963503
73.1982381119 29.4314112196
73.2093562995 29.444719731
73.2287449941 29.482230951
73.2302852871 29.4831439555
73.2309225381 29.4848029657
73.2346442362 29.4894113508
73.2353068439 29.4911355728
73.2395819678 29.495789909
73.2452885841 29.5088940678
73.250176296 29.515251626
73.2548282721 29.5236253571
73.2694378812 29.5439541547
73.2707283845 29.5459059711
73.278670856 29.5596968277
73.2822650429 29.5694045954
73.2913714699 29.6004228091
73.2934522333 29.6073803714
73.3051708458 29.636294852
73.319723236 29.6889770997
73.3202773853 29.6903703483
73.3224861832 29.6942060736
73.3229432053 29.6957464974
73.323783392 29.6972386177
73.3250550352 29.7017091098
73.3332682787 29.7304934655
73.3345042216 29.7338439677
73.3355383156 29.7349635586
73.341537365 29.7524548495
73.3436064997 29.7603530349
73.3482379744 29.7716191939
73.3536580051 29.7948260072
73.3575816219 29.8079496168
73.36235205 29.8203928282
73.3667886574 29.8389335942
73.3739563514 29.8556385222
73.379655181 29.8768039577
73.3937201421 29.9288368073
73.3997112914 29.9406888443
73.4076196582 29.9462057878
73.4303397387 29.9558196493
73.4333710651 29.9568725867
73.4507209685 29.963388634
73.4836568111 29.9769940145
73.5090871638 29.9841217721
73.515104023 29.9867951075
73.5272712336 29.9922195741
73.5485185977 29.9977947902
73.5704805045 30.0079888823
73.5883162133 30.0140319683
73.6082656432 30.0207975938
73.6199807392 30.0246303983
73.6622818054 30.0333036996
73.6807936957 30.0389869398
73.6873558968 30.0410014505
73.718129699 30.0490812956
73.7630374118 30.0583732271
73.7963372973 30.0681465339
73.8032116445 30.0713905899
73.8096103561 30.0781142537
73.815483233 30.0842130602
73.8469680361 30.1103558242
73.8577022575 30.1177176095
73.8636132447 30.1218789214
73.881925003 30.1338932141
73.8928692739 30.1403994776
73.9049067464 30.1509424562
73.9133424546 30.1565148515
73.9329678157 30.169381732
73.9674925401 30.1871677836
73.9759122317 30.1964342317
73.9776833929 30.1856654189
73.9759892101 30.1783930165
73.9729233865 30.1731933929
73.9702905553 30.14456741
73.9706398483 30.1355529126
73.9719144926 30.1288158349
73.9733746101 30.1256884696
73.9760710705 30.1224789083
73.9673651085 30.1208867781
73.9593733938 30.1111214611
73.9534783839 30.1055724911
73.9522896729 30.100427976
73.9408475577 30.0851618736
73.927476506 30.0695198388
73.9177860409 30.0614960468
73.907612763 30.0550558614
73.9039954612 30.0482575309
73.9017963977 30.0399374004
73.8946295195 30.0188418746
73.8909629317 30.0126453008
73.890207104 29.9976747227
73.8920854808 29.9926580366
73.8975392618 29.9831327085
73.8984889429 29.97895544
73.9002087187 29.9714046132
73.9420094277 29.9719545306
73.9660461712 29.9706503573
73.9855722283 29.9701962102
74.0000584205 29.9722820293
74.0051538711 29.9719351966
74.0118943448 29.9710766885
74.0784211282 29.9697069665
74.0925626044 29.9681634167
74.1637631396 29.9638749593
74.195321271 29.9608848565
74.222135494 29.9608193097
74.2331890807 29.9601148319
74.2500913563 29.9566457949
74.2613238837 29.9555886128
74.2697409983 29.9559740725
74.2884732891 29.9553454127
74.2908738991 29.955594505
74.2994401788 29.9564833596
74.3005743681 29.9563976486
74.3309953571 29.9540987225
74.3517264548 29.9518580229
74.3653683271 29.9503820698
74.3819962878 29.9500218961
74.4133515981 29.9472617662
74.4376629255 29.9494094244
74.4515813818 29.9469157868
74.4536356075 29.9465466996
74.4762426067 29.9444540557
74.5287460742 29.9429879444
74.5224449431 29.929674063
74.5146406149 29.907392734
74.5205021783 29.9039051857
74.5351168147 29.9021423398
74.5433174514 29.9021767137
74.5530635956 29.888236142
74.5548115663 29.8802306257
74.561393489 29.8730014196
74.5631329706 29.8651098108
74.5570169778 29.8563949133
74.5420296841 29.8387837325
74.5153324954 29.8321224917
74.5010985518 29.8260921008
74.4899888296 29.8148494795
74.4799112548 29.8016028128
74.4745842115 29.7871619368
74.4783795903 29.7578113269
74.4812368913 29.7435804442
74.4924483935 29.7435512398
74.5060737636 29.7413084121
74.5208425172 29.7401339912
74.5351230035 29.7407831145
74.541172887 29.7487567698
74.5471177481 29.7532589762
74.5586716133 29.7541665308
74.5733832736 29.753947271
74.580759576 29.752569
74.5875603886 29.766277718
74.5960511974 29.767803496
74.6019816693 29.7660048738
74.6068895807 29.7572369774
74.614794612 29.752114194
74.615380088 29.7458812211
74.6109808455 29.7399031932
74.6128121563 29.7206381368
74.6096975281 29.7123160052
74.6083288267 29.705412551
74.6021567954 29.6999333946
74.6031369687 29.6906345368
74.6001014441 29.6819157792
74.594357945 29.6742421976
74.5877064956 29.6539572589
74.5911981669 29.6432620726
74.595181476 29.6344340998
74.5904273531 29.6297204679
74.5844721991 29.6265057643
74.5861117075 29.6199952054
74.5837608279 29.6135979309
74.5793089934 29.5850859975
74.5796035313 29.5676837128
74.5755116363 29.5626429807
74.5807227007 29.5547031428
74.5907643168 29.5467832598
74.600137173 29.5424924517
74.6084508662 29.5359248258
74.6204045543 29.5305185886
74.6233635002 29.526117387
74.620632118 29.5190102909
74.6134366452 29.5094578097
74.6096567755 29.5025672087
74.6015234839 29.4911447237
74.5991592231 29.4851489102
74.6003957989 29.4788659529
74.5943405946 29.468002598
74.5892281937 29.4625281777
74.5876985981 29.457646124
74.5804974291 29.4613406704
74.5682333217 29.46344334
74.5591381762 29.4635715064
74.5515786521 29.4656897974
74.5433789085 29.4641607894
74.5394806971 29.4566908596
74.537819499 29.4486779463
74.5382606626 29.4341133011
74.5399771064 29.4240879528
74.5498134537 29.4222305911
74.5608640842 29.4214404078
74.5664989962 29.4176661439
74.5730704858 29.4097933848
74.5787135894 29.4051572091
74.5777817564 29.3962885497
74.5815357721 29.3854278758
74.5884235572 29.3776794537
74.5991720116 29.3695882211
74.6053398405 29.3610858918
74.6086379851 29.3532112352
74.6043447351 29.3271852642
74.6145975445 29.3264289433
74.6504233864 29.3299725461
74.6527628364 29.3341165412
74.6523810442 29.3531871219
74.6588814 29.3711611472
74.6672256438 29.3687474457
74.6847530199 29.3668938247
74.6974169381 29.3638558121
74.7200086204 29.3675604658
74.7256681839 29.3649913651
74.7313229564 29.3594654104
74.7404737638 29.352375904
74.7654284817 29.3545013824
74.7847468808 29.3586449974
74.7946225573 29.3690216928
74.8076872829 29.3831214678
74.8184872539 29.3969405649
74.8440851617 29.3998807442
74.8501143733 29.4024663719
74.8585097251 29.4011628973
74.8661873483 29.3977323504
74.8729300783 29.3946841162
74.8755449027 29.3868015725
74.8795707802 29.3834326558
74.8974876261 29.3849555162
74.9043197132 29.3823670798
74.9080724754 29.3764633512
74.9192158209 29.3693677185
74.9309761395 29.3642249401
74.9361565716 29.362820621
74.9448818033 29.3360701457
74.9550682832 29.3309309329
74.9599241418 29.3241754996
74.9594984549 29.3166033741
74.9547853647 29.3091258059
74.9490167542 29.302916628
74.9514722735 29.2932618797
74.9564163634 29.286233867
74.9619837746 29.2799998755
74.9688368644 29.2781930242
74.976943539 29.280463746
74.9858191961 29.2791274256
74.9918206602 29.2762615738
74.9999338466 29.2697251193
75.0148121995 29.281757905
75.0328279797 29.2894487501
75.048910049 29.2850357096
75.0594630128 29.2702559625
75.0596406398 29.2667316245
75.0598998093 29.2615594677
75.0695674576 29.2511293548
75.0742526303 29.2444149883
75.0716396201 29.2367339422
75.0870052011 29.2302135237
75.1014601478 29.2268454957
75.117134147 29.224480538
75.1227434062 29.2406001118
75.1336760811 29.2426554565
75.156507229 29.2434923926
75.1698786333 29.251376517
75.1731197953 29.2620083102
75.1890920237 29.2662189034
75.1976164954 29.2562056932
75.2043955488 29.2417664223
75.2210383165 29.2320488469
75.2325534059 29.2324369883
75.2443652631 29.2494186412
75.2586385445 29.2539159101
75.2809113796 29.2517755948
75.2859299724 29.2708731155
75.2862008977 29.2712146334
75.2886037651 29.274242761
75.2989362144 29.2751047012
75.3089569658 29.2793580138
75.3178546847 29.2862869705
75.3285862028 29.2907980039
75.3335440791 29.2875272376
75.3346469946 29.275636925
75.3324095056 29.2490723197
75.3241311912 29.2332868737
75.3437530838 29.2261143676
75.3545239999 29.2234145331
75.3564236338 29.2273797935
75.3594182466 29.2446337963
75.3672486403 29.251873383
75.38177194 29.2572789246
75.3888566131 29.2611633405
75.3972974504 29.2615658467
75.4050442871 29.2591244178
75.4080080285 29.2521729072
75.4089899819 29.2439682219
75.4086706991 29.2374406369
75.4029468353 29.231418449
75.3965600734 29.2262296581
75.3953590525 29.2184204402
75.4015524597 29.2152423168
75.4056895706 29.2105794091
75.4090782144 29.1986287994
75.4098438534 29.1860344137
75.4035567295 29.1714087097
75.3977157546 29.1678487151
75.3876057383 29.1686725177
75.3780902972 29.167142536
75.3767349951 29.1475817982
75.3702236597 29.1397969967
75.3829063867 29.1342112995
75.3941936783 29.1312897141
75.4052955782 29.1255421913
75.4004100833 29.1164247788
75.3897517559 29.1078382008
75.3903246974 29.0996793627
75.3921830507 29.0924698087
75.3903956779 29.086778614
75.3911705068 29.080693273
75.3896141437 29.0674060386
75.3992309008 29.0653069956
75.4392681217 29.0617188576
75.4387507996 29.0531706629
75.4464789421 29.0474521301
75.4495432983 29.0384827338
75.4415842616 29.0190334124
75.4436817998 29.0135030877
75.4676231922 29.0170710635
75.4824160478 29.017094412
75.4926134747 29.0157261064
75.5141185285 29.0119915064
75.5200872132 29.0076552656
75.5200502768 29.0009636109
75.520134884 29.0001405562
75.524222698 28.9878546694
75.5249258623 28.9789628197
75.5254616468 28.9721869136
75.51783628 28.962544752
75.5118393735 28.9582906008
75.5124295958 28.9486211169
75.5064269929 28.9382942156
75.4777094423 28.9348394635
75.4758752287 28.9231014593
75.4934016197 28.8984708004
75.4971983141 28.8951101321
75.4967041932 28.8564204219
75.5064280624 28.8529417232
75.5078481185 28.8471102772
75.5113832548 28.8427188158
75.5191895372 28.840144152
75.5220489692 28.8333115212
75.5174401817 28.8120080809
75.5117508054 28.8060043037
75.5125329685 28.7934523257
75.5071201021 28.7843732088
75.5136186228 28.7794865161
75.524672413 28.7689101579
75.5305243031 28.7528061576
75.5374775606 28.746926376
75.5345799435 28.739564677
75.5394719579 28.7294566864
75.5399991278 28.7139139255
75.5439414323 28.6849860622
75.5450751764 28.6787639824
75.5482382705 28.6726029993
75.54634974 28.6578723109
75.5491197596 28.6518516395
75.5479735397 28.645441762
75.5573919462 28.6396702113
75.5640753672 28.6111224473
75.5853961627 28.6131680624
75.5933153121 28.6028513041
75.6177313987 28.6023167511
75.6264536141 28.5986326303
75.6284279393 28.5956444245
75.6274271758 28.5851453839
75.6335949461 28.5548990312
75.6374081593 28.5423605299
75.6449766478 28.5438798175
75.6518477042 28.5392624659
75.6619082516 28.5369068466
75.6716629231 28.5324266845
75.6738243952 28.529598762
75.672250896 28.517169812
75.6712484 28.5127552779
75.668164691 28.5087981893
75.6646411255 28.5075550877
75.6538723481 28.50690396
75.6491816559 28.5059086695
75.6415982303 28.5062155878
75.6391576261 28.5095862929
75.616027879 28.5054687278
75.6139924188 28.5021910097
75.6131800928 28.4979693515
75.61317797 28.4826312018
75.6058937711 28.4562558265
75.6036468093 28.450837611
75.6047774251 28.4460265296
75.6009477024 28.445136003
75.5949781254 28.4456504255
75.5906198482 28.4440703065
75.5907796603 28.4395583163
75.5924277336 28.4342245344
75.5951375264 28.4326333464
75.5974411549 28.4290893378
75.6058335609 28.4244924111
75.6100083536 28.4194804709
75.6137109228 28.4126836458
75.6153419377 28.4062473926
75.601849668 28.4049803848
75.5970737613 28.4071021764
75.5885873593 28.4079277445
75.5737485116 28.4081771192
75.5717256446 28.4071019197
75.5700326026 28.3984345114
75.5717538488 28.3777665873
75.5645035329 28.3776015289
75.5601705901 28.3784447745
75.5453059536 28.375445343
75.5448156906 28.379503256
75.5427534718 28.3814331516
75.5356274189 28.3806184733
75.531914863 28.3783385864
75.5308388762 28.3730294192
75.5244172324 28.3716922847
75.5187624984 28.3696006797
75.5158141717 28.3649961028
75.5152663992 28.3603167626
75.5107461623 28.3440397751
75.508704361 28.3400067356
75.5018149871 28.3368742426
75.4985149973 28.3376623189
75.4940658371 28.3399511451
75.4864978672 28.3408798619
75.4782067426 28.3409980545
75.4619966717 28.3380670557
75.4569640198 28.3417521388
75.4540088447 28.345592807
75.4482972745 28.3631585348
75.438004336 28.3643972483
75.418539866 28.3608499406
75.4195309589 28.341515064
75.4142702425 28.3393023606
75.406867676 28.3369221243
75.3884761166 28.3380981922
75.3831015487 28.3378552021
75.3743286254 28.3434721484
75.3727802427 28.3452726275
75.3693564252 28.3465686921
75.3653355765 28.3471724025
75.3636047017 28.3492704781
75.3596669027 28.3512628937
75.3581890535 28.3542267327
75.355341821 28.3542447137
75.3531461239 28.3553007739
75.3468347437 28.3620575632
75.3415978378 28.365393364
75.3367454103 28.3656598929
75.335065262 28.3669373663
75.3313034128 28.3770871722
75.3313048356 28.3913821227
75.3304228105 28.3956620883
75.3260174495 28.3971946424
75.3222911514 28.4025524692
75.3175806517 28.4053565232
75.3157814852 28.4103989886
75.3033905194 28.4196233641
75.3039195172 28.4234948077
75.3019949134 28.4256460003
75.2985564561 28.4267701872
75.2922606217 28.4255927554
75.2794728603 28.4495746694
75.2695485488 28.4493446535
75.2650874407 28.4503597216
75.2606186926 28.4528707877
75.253905672 28.4597443997
75.2494928677 28.4590712727
75.241506405 28.4554822473
75.2346922688 28.4554025836
75.2356232889 28.4468881088
75.2354415046 28.4354897207
75.231154592 28.4321666293
75.2238081887 28.4283294221
75.2200921849 28.4204280962
75.2198676225 28.4153902628
75.2213330331 28.4075799589
75.223847678 28.4041528118
75.2299170967 28.3995421932
75.2261361459 28.3951091415
75.2184747976 28.3904081498
75.2003046952 28.3841508327
75.1925186341 28.3804362567
75.1842318387 28.3841797927
75.1795031838 28.3840321494
75.1690555515 28.378890758
75.1671826378 28.3791323092
75.1638717659 28.3970226827
75.1608540854 28.4060066788
75.1583890063 28.4075797775
75.1523064705 28.4078446693
75.1441970175 28.406959579
75.1364109632 28.4045782311
75.131543732 28.4016476169
75.1296539035 28.397664848
75.1295788318 28.3941415047
75.1386236514 28.3872655415
75.1452895995 28.3839294314
75.151561331 28.3794425066
75.1503856143 28.376441085
75.1518605558 28.3708209392
75.1581584775 28.3565558783
75.1634442125 28.3486089889
75.1647912172 28.344724629
75.1645770908 28.3380060663
75.1594512732 28.3358394023
75.1536060068 28.332227456
75.1519261208 28.3303261432
75.153189918 28.3237809234
75.1569785877 28.3120739729
75.1493181608 28.3071438381
75.1461342958 28.3040394818
75.1486444326 28.2967286216
75.1488814154 28.2916394551
75.1416153847 28.2886078068
75.1326230476 28.2871529951
75.1247721602 28.2847684724
75.1089515876 28.2724047244
75.1049261781 28.2682586998
75.1009734633 28.2659652153
75.09068573 28.2643348671
75.0840112937 28.2622875117
75.0777422742 28.2641644528
75.0723635606 28.2623403625
75.0634848062 28.2577534986
75.050213085 28.2530661565
75.0497610938 28.2489057603
75.0453490026 28.2446403768
75.0443648744 28.2397837167
75.0481083614 28.2340457041
75.0478471015 28.2305707066
75.0494491311 28.2260011245
75.0460167307 28.2230013263
75.0421310322 28.2216266281
75.0389584655 28.2167290458
75.0307413274 28.2128218006
75.031397813 28.2087049035
75.0277950142 28.2055798827
75.0274755657 28.2009135218
75.029581003 28.1981597718
75.0243983244 28.1967715792
75.0146697241 28.1924669897
75.01226479 28.1948621477
75.0093676396 28.1964060319
75.0077077983 28.2006429929
74.9999904248 28.2010020267
74.9925488559 28.1986829691
74.9658613851 28.1947449871
74.9480677249 28.187282913
74.9444257266 28.1883886839
74.9389206328 28.194596774
74.9341828736 28.1956168954
74.9214025544 28.1958106966
74.9178268005 28.1968674526
74.9120452791 28.1958283579
74.9042697381 28.1931637582
74.8983292905 28.193101809
74.8926003857 28.1918616207
74.8874106724 28.1875846413
74.8858930061 28.1834485917
74.8837503052 28.1711729503
74.8813192254 28.1681508917
74.8680625526 28.1451416089
74.8609830096 28.1403935994
74.8589937201 28.1403843255
74.8570340953 28.1412900108
74.8579110526 28.1386178578
74.8566249304 28.1335518119
74.8380552761 28.1227213513
74.8298922452 28.1146709662
74.8229981332 28.1128343008
74.8164810261 28.1127779442
74.8110410556 28.1137898919
74.8067375852 28.1159962431
74.8024517592 28.116967555
74.7981898361 28.1166167437
74.7939288215 28.1130140681
74.7895012504 28.1047806638
74.7869672659 28.0847634873
74.7880019466 28.0777790988
74.7921712714 28.0736120587
74.7960557925 28.0722328443
74.8057951886 28.0638062205
74.8083005598 28.058284357
74.8033564543 28.0408332247
74.8034376059 28.0307899697
74.7963779419 28.0280139151
74.7943908814 28.0229602027
74.7926775277 28.0061235888
74.7855940941 28.0005439388
74.772281831 27.9926916018
74.7664850349 27.9894226732
74.761294784 27.987680304
74.7643927668 27.9815487724
74.7684537139 27.976698426
74.7811787227 27.9556180456
74.8015834644 27.9443161624
74.8114506984 27.9399763651
74.8210592719 27.9379934318
74.8243329559 27.9285767969
74.8308709943 27.9196339917
74.8290667148 27.9104786988
74.8213131978 27.9072485503
74.8008697416 27.8963387425
74.7931748368 27.8962102295
74.7840642759 27.8989659624
74.7650041169 27.8953283664
74.7510589808 27.890222274
74.7383004224 27.8891422662
74.7349489616 27.8817808978
74.7371426439 27.8778794995
74.7434244642 27.8755563809
74.7367272293 27.870606335
74.7312174451 27.86853488
74.7295318796 27.8671234196
74.7295974919 27.8624345377
74.7352426923 27.8580229414
74.7406645325 27.8551659434
74.7503870543 27.85755131
74.7671925822 27.8540684868
74.7684552859 27.8463682153
74.779992523 27.8320089114
74.7967790467 27.836898555
74.8086675743 27.8179538862
74.8106037215 27.8150077324
74.8173182307 27.7996831818
74.7966716219 27.7914796846
74.7996475744 27.7848917398
74.787626415 27.7821116717
74.7874982694 27.7778662165
74.7756282008 27.771051085
74.7682545331 27.7686111233
74.7610716475 27.7649502329
74.753896844 27.7670883524
74.741314728 27.7644422856
74.7307614917 27.7419421448
74.7281339922 27.7338035656
74.7276339454 27.7272751851
74.7286400994 27.7227546322
74.7273288734 27.7175869668
74.7369083514 27.7199232227
74.7437748208 27.7192921181
74.7525146621 27.7168386598
74.7489420665 27.6978968568
74.7487091863 27.6894056182
74.7446655938 27.6851812442
74.7402052646 27.6826524338
74.7370307866 27.6791322626
74.7310144522 27.6759861361
74.7133565359 27.6763483164
74.6982249386 27.6743437221
74.690650857 27.6725960529
74.6810452988 27.6672041403
74.6861401798 27.655881082
74.6906187189 27.6533015415
74.7012967067 27.6517431163
74.7073056779 27.6460937615
74.7105166527 27.6390406299
74.7097129705 27.632767805
74.7106007849 27.6283577378
74.7029775009 27.6246600844
74.7005081059 27.6170305647
74.7017021965 27.6080621352
74.7059446694 27.5926276807
74.7135079663 27.5996648388
74.7208530936 27.6041801763
74.7279445041 27.6074410805
74.7302060237 27.602612387
74.7356700769 27.598671673
74.736907421 27.5903294059
74.7410303368 27.5850751836
74.7555995662 27.5906013373
74.7610975792 27.5805019056
74.7584722441 27.5767883876
74.7614268766 27.5710076856
74.7615506429 27.5676104749
74.743741781 27.5540895791
74.7163848814 27.5374754969
74.718444775 27.5302496318
74.7229176496 27.5266390677
74.7201642449 27.5216103109
74.7227280347 27.5145895375
74.7210872082 27.5079982054
74.7231032624 27.5011842737
74.7267081365 27.4978984815
74.7303946867 27.492661688
74.7513705645 27.5010321448
74.7510588796 27.4946139368
74.7549050565 27.4910827363
74.7549893867 27.4858543595
74.7634953265 27.4897267279
74.7697112925 27.4914128848
74.7710214401 27.4917642249
74.7767794446 27.4886635089
74.7827094409 27.4883630645
74.7876133157 27.485587708
74.7946231753 27.4854695469
74.7986807308 27.4822108311
74.8024804834 27.4704164649
74.7986595792 27.4634919011
74.7982698783 27.4567860052
74.8005772545 27.4518375735
74.8031805545 27.4497581386
74.8457260477 27.4527158856
74.8572188002 27.4502911873
74.8604105913 27.4443824028
74.8633370507 27.4348103162
74.8646147249 27.4275656697
74.873236934 27.4118989294
74.8516110983 27.3913443973
74.8463474299 27.3824194183
74.844993644 27.3786973832
74.8537713103 27.3753153241
74.8604543101 27.3717634309
74.8692318846 27.3705687722
74.8738084212 27.3719956142
74.8780066591 27.3554069082
74.8789728101 27.3448964597
74.8733688054 27.3387009385
74.8668151066 27.3347224071
74.8696088138 27.3275722689
74.8772028817 27.319019442
74.8792943068 27.3106370236
74.8860049291 27.3092778517
74.8921436643 27.3104009561
74.8974737123 27.3124907179
74.8990930813 27.3192049779
74.8979041376 27.3267524175
74.898543961 27.3298258625
74.919368569 27.3352794887
74.9297188858 27.3360493597
74.9394339433 27.3357177577
74.9461066853 27.3412738619
74.9469477187 27.3462889617
74.9601930556 27.3478804778
75.0000332898 27.3486519018
75.0094817049 27.346818032
75.0187229924 27.3505305338
75.028466065 27.3519182541
75.0379251614 27.3569190334
75.0476156945 27.3682199034
75.0448951792 27.3723132366
75.0470812468 27.3772777246
75.0575182075 27.3814435977
75.0737340542 27.3852835584
75.0843506658 27.384892951
75.0944961268 27.383112493
75.1045399733 27.3824774532
75.1181720164 27.3765008606
75.1179072887 27.3653495431
75.11648765 27.3577526165
75.1187239932 27.355321031
75.1152460617 27.3506806328
75.1159610612 27.3444000796
75.1069228823 27.3427546199
75.1083633731 27.3382802401
75.1163710819 27.3378848282
75.1258651607 27.3389186582
75.1281167711 27.335213935
75.1371721036 27.3246256206
75.1533216684 27.3229712905
75.1679018494 27.3162654663
75.1661303131 27.3045019059
75.1605272728 27.2924182656
75.1596270138 27.2809063177
75.149661774 27.2812574387
75.1372778331 27.2838090858
75.1296403515 27.2743323304
75.1182711388 27.2628683356
75.1080717658 27.2511407972
75.0896639 27.2438418615
75.0821050444 27.2363876928
75.0778212409 27.2282031678
75.0719055666 27.2193467399
75.0805758739 27.2198383985
75.0956518531 27.2191498062
75.1093579507 27.2197597636
75.1253269578 27.2110084688
75.1202790468 27.206038206
75.1220649348 27.2030819062
75.1237671661 27.1958423463
75.1213952847 27.1880443854
75.1181633356 27.1839393313
75.1207780889 27.1812799475
75.1262077082 27.1782892506
75.1288093401 27.1734360796
75.1345121582 27.1694143738
75.1465471877 27.1675556776
75.1551135076 27.1670516243
75.1577407451 27.1637712022
75.1614440003 27.1633885089
75.1642652608 27.1599346759
75.1727389041 27.1607602151
75.1791843232 27.1604518825
75.1802741242 27.1544066052
75.1718013382 27.1482706775
75.1722293135 27.1436074855
75.178538373 27.14086261
75.1966641615 27.1404602848
75.1981625452 27.1331075431
75.201070451 27.1285474651
75.2062225311 27.1293619813
75.2088771239 27.1333466494
75.2255447731 27.1351083185
75.2354004577 27.1339401295
75.235693692 27.1263896493
75.2382603457 27.1255155129
75.2501761117 27.1288412962
75.2535553673 27.1319779651
75.2728619522 27.1332715959
75.2756405321 27.128660385
75.2822602518 27.1230928523
75.3011450389 27.129051247
75.3001961429 27.1345130431
75.3001275127 27.1435185311
75.3062876635 27.1446908641
75.3162280496 27.15914393
75.3184049646 27.1468356413
75.3260112522 27.1459581135
75.3303205807 27.1474975691
75.3329743527 27.1428771381
75.3331993117 27.1386076636
75.3373190851 27.1371388395
75.3414011846 27.139885127
75.3444696593 27.1396034852
75.3443084961 27.1352719856
75.3414512188 27.1288008446
75.3411232426 27.120643377
75.3410007573 27.1177015759
75.3474575052 27.1171476804
75.3478902576 27.1122451149
75.3496114331 27.1090496951
75.3546511366 27.1092169011
75.3598706818 27.1100835756
75.3632758183 27.1115955565
75.3663777083 27.1101051667
75.3680518056 27.1068483891
75.3690059921 27.1008069325
75.3685696532 27.0948532679
75.3684084377 27.0875650027
75.3586021705 27.0865541541
75.3507621646 27.0858628931
75.344871418 27.0897765504
75.3400694647 27.0934831422
75.3376837994 27.0946402128
75.3352501272 27.0945957049
75.3317343403 27.0918612402
75.3241122111 27.0907612966
75.3106087857 27.0894904229
75.2904733572 27.0913032054
75.2773473814 27.090316619
75.2658151525 27.0896482563
75.2505295941 27.0884427025
75.2361945727 27.0850664403
75.2211338351 27.0827612264
75.2231371008 27.0724664681
75.2230906093 27.0553218312
75.2296689117 27.0549512573
75.2349679151 27.0515985699
75.2414374893 27.0503596626
75.2460202303 27.0409930321
75.2574358344 27.0391119325
75.2592640926 27.034127004
75.2534002576 27.0296688248
75.2486198026 27.0248844498
75.2431041362 27.0163895234
75.2354755574 27.0174324058
75.2243819309 27.0162083783
75.2222753811 27.0137346521
75.2175187603 27.0116171709
75.2135472116 27.0090452122
75.20775537 27.009724177
75.2044088114 27.0069916587
75.2028811397 27.0022037146
75.2015076274 26.9950519999
75.2039624662 26.9735580561
75.1898073287 26.9733739013
75.1777865471 26.971133805
75.1597603609 26.9697703304
75.1658333554 26.9615778195
75.1647577483 26.9491961897
75.1656020097 26.9328491954
75.1431898232 26.9308610944
75.1204816936 26.9316983449
75.1029954419 26.9363469194
75.0417063491 26.9408134511
75.0136290933 26.9452372488
75.013225686 26.9362235524
75.015101676 26.9134746773
75.0143508896 26.8949378702
75.0000412762 26.8932319266
74.9982515259 26.8899782738
74.9938539033 26.8905924905
74.9929127966 26.8883225
74.977473421 26.8895727988
74.9768203867 26.8902556652
74.9743925014 26.8927400161
74.9770675629 26.9099635254
74.9834648201 26.9411680721
74.9795628203 26.9439180606
74.9705490877 26.9471805317
74.9661660914 26.9451222808
74.9662024195 26.9481360178
74.9638036473 26.9539739304
74.9644123303 26.9581419951
74.9610166335 26.9602730112
74.9576490594 26.958228727
74.9549365422 26.9628467649
74.9465962486 26.9619303303
74.9202514705 26.9627598223
74.9101429575 26.9675058762
74.9114105488 26.975853246
74.9062498515 26.9753825348
74.9046540937 26.9752342503
74.8925258852 26.977016106
74.8776896959 26.9751857394
74.8521181149 26.9750264969
74.8443977876 26.96119145
74.8272751974 26.9212153775
74.8312190585 26.8995242515
74.8254354113 26.8907369653
74.8158217507 26.8684233678
74.804814196 26.852649815
74.774142536 26.8487340102
74.7731131586 26.8224238806
74.7774068785 26.8191488759
74.7810929481 26.7986164692
74.7790107636 26.7901976725
74.7749774014 26.792717751
74.7651726168 26.7923036774
74.7590906862 26.789078196
74.7536867004 26.7815094755
74.7493964883 26.770463028
74.7450135672 26.7698010391
74.7157703054 26.7721357886
74.7119742069 26.7765623698
74.7034871801 26.7725589617
74.6978246369 26.7711255388
74.6846852431 26.7422402088
74.6870827255 26.7376839339
74.6847666411 26.7337823229
74.6653945021 26.71133082
74.6860273149 26.7095147417
74.6873267694 26.7065084307
74.7128505112 26.7053697745
74.723580966 26.7018527695
74.7231771328 26.7006659792
74.7219656983 26.6969813666
74.7219153797 26.6755995224
74.7144779508 26.6626871897
74.705708045 26.6548548108
74.6936593838 26.638661109
74.6826340674 26.6161558538
74.6792604017 26.6036133844
74.6739491574 26.5939542486
74.6675665862 26.5966267363
74.6551549815 26.5858185516
74.6454529576 26.5904336543
74.6369944534 26.5784245379
74.6186883853 26.5658328275
74.6130862439 26.5732005024
74.6016225668 26.5820271504
74.6177630605 26.5999436366
74.6063612494 26.6088922489
74.5988814639 26.6183893634
74.5932982651 26.629065031
74.5759614714 26.6100283734
74.5647874066 26.5912860831
74.5409576734 26.562341937
74.5382263977 26.5595225679
74.5248111865 26.5456263908
74.5074458894 26.5248486965
74.4962669755 26.5139178138
74.4812160654 26.4973916211
74.4728510722 26.4905294185
74.4651447627 26.4867549159
74.4608737982 26.4879936489
74.4559786477 26.4938535589
74.4497531493 26.4992473646
74.4432455313 26.502256286
74.4378124229 26.4996564114
74.4332669383 26.4948468038
74.4310493254 26.4920618858
74.4314141855 26.4881815087
74.4289574552 26.4859540995
74.4053105412 26.4884010473
74.3992580363 26.4845120771
74.3949991738 26.484539054
74.3910267618 26.488147485
74.3819877983 26.489337396
74.3753904426 26.4887506389
74.3715233919 26.4785144775
74.3647288757 26.4737505454
74.3525929015 26.4684254672
74.3531404044 26.4557935488
74.3453437783 26.4496946474
74.3422285306 26.4455457443
74.337119448 26.4427145395
74.3308414834 26.4423030136
74.3249256422 26.4433403954
74.3179564281 26.4516202144
74.3165494238 26.4574555192
74.3029517914 26.4535000239
74.2907641428 26.4489641453
74.2889985416 26.4431559413
74.2883721979 26.4327728752
74.2888369627 26.4165567864
74.2935086239 26.3945888971
74.2975132445 26.3894695959
74.3047038677 26.3825285326
74.3039982332 26.3739464748
74.3061034126 26.3343932369
74.3055056858 26.3314347938
74.3040218527 26.3289274463
74.2763984382 26.3121254538
74.2535401438 26.2862228554
74.2562177401 26.2828551459
74.2585226869 26.2789168438
74.2621839789 26.2753549625
74.2666242153 26.275117534
74.2715447476 26.2674635796
74.2727130394 26.2606936625
74.2841317906 26.2552429859
74.2968792561 26.2544569077
74.3044617019 26.2519257148
74.3108609615 26.251698683
74.3184822215 26.2550785945
74.3396303103 26.2718605836
74.3448625854 26.2742365654
74.3494525371 26.2818135105
74.3646110504 26.2914611271
74.3896776325 26.2790791999
74.3934218796 26.2737269673
74.4001287256 26.2692080266
74.4019430677 26.2669071342
74.3902183851 26.2613541383
74.3803528464 26.2541317343
74.3739120773 26.2475797958
74.3701567312 26.2388458875
74.36909209 26.2329246736
74.3696441588 26.2291653723
74.373096382 26.2263023433
74.3760794408 26.2208307278
74.3767055307 26.2063440232
74.3748010561 26.2021600174
74.369305631 26.19011765
74.3632793206 26.1911568086
74.3579094534 26.1894206688
74.3524200953 26.1929002867
74.3475385925 26.1932621776
74.3422455029 26.1963341873
74.3360890767 26.192096783
74.3246661772 26.1886252627
74.3200707852 26.1815621845
74.3162127555 26.1810074421
74.3062102663 26.1860058612
74.3026131129 26.1848664266
74.2885135464 26.1685013543
74.2851306786 26.170380014
74.2731791684 26.1738410939
74.272621377 26.1682181277
74.2756385106 26.155038423
74.2869140186 26.1506317091
74.2896603409 26.144232031
74.2940293197 26.1388306824
74.2996585236 26.1350635653
74.3043305416 26.1354597955
74.2974742548 26.1227565067
74.292717497 26.123461797
74.2875640273 26.1207365721
74.2823441832 26.112746631
74.2713504525 26.1020309151
74.268190953 26.1018181379
74.257997091 26.0975990396
74.2583996976 26.0908278238
74.2560252884 26.0882543166
74.2518264485 26.0858298596
74.2450252488 26.0782220371
74.2400585181 26.0709854548
74.2371139481 26.064753435
74.2395096438 26.0602563894
74.243158442 26.0574630662
74.2466920852 26.0533808846
74.242686831 26.0499779966
74.2310549078 26.0541980753
74.2210441185 26.04157136
74.2063422109 26.0477844358
74.195987233 26.0370123938
74.1896042789 26.032479017
74.1829395437 26.0292147264
74.1781737462 26.0350774195
74.1763186732 26.041030321
74.1757051337 26.0536501977
74.1740387567 26.0636570136
74.1700691145 26.0666255818
74.1624877973 26.066309715
74.1614626232 26.0627676652
74.1602582766 26.0493614743
74.1562168286 26.0487357796
74.1532216469 26.0458656089
74.153274948 26.0382201192
74.1542291731 26.0285457589
74.1564746534 26.0223774413
74.1697437108 26.0142874941
74.1732191921 26.0103335436
74.1655783428 26.0004432262
74.1590266136 25.9958743596
74.1314126988 25.9632506662
74.1256336303 25.960606262
74.1305899844 25.9551342203
74.1388877979 25.956781942
74.145336383 25.956002244
74.1553996375 25.957641792
74.1526988979 25.9518447756
74.1444614695 25.9408068731
74.1529653012 25.9357897164
74.1603245309 25.9286755484
74.1576680164 25.9172073513
74.1423775914 25.9034130875
74.1380161653 25.8890480894
74.1302814403 25.8832862844
74.123321522 25.8833092548
74.1146410953 25.8796935454
74.1137887306 25.8707649108
74.1170180061 25.8661440128
74.1076359217 25.8525272484
74.0990197623 25.8467532785
74.0940637744 25.8491485574
74.0909338195 25.851180265
74.0795645626 25.846787976
74.0601639425 25.8323350441
74.0562639181 25.8288890367
74.0540770202 25.8270647405
74.0453851318 25.8318715879
74.0088678602 25.8634369609
74.0058357504 25.8647017346
73.9992473033 25.862527567
73.9966659019 25.8621103079
73.9926685998 25.8615554442
73.984666443 25.855964392
73.9760664918 25.8488762231
73.9710316448 25.8342258877
73.9590336654 25.8390748687
73.9510087822 25.8408308284
73.9436845237 25.8309995063
73.943051178 25.820235621
73.9450496397 25.8108911889
73.9425922828 25.8038232433
73.9242994436 25.7937887957
73.9307956201 25.7815619935
73.9322076234 25.7697445872
73.9216617603 25.7603936915
73.9139842944 25.7520846252
73.9124494608 25.7496665591
73.90659369 25.7404012647
73.9101440462 25.7312787127
73.9114485687 25.707841601
73.9134936975 25.697743337
73.9061798629 25.685210411
73.9056603484 25.6842735138
73.9021987466 25.674544054
73.8959517672 25.6715261638
73.8933898056 25.6682936089
73.8872071121 25.6674448548
73.8791472835 25.6638252587
73.8702751833 25.6567049828
73.8646638514 25.6509081758
73.8637388344 25.6371716077
73.859142721 25.6261915077
73.8518606639 25.6155125136
73.8493212005 25.6111745255
73.8308712986 25.5866503626
73.829065475 25.5826103994
73.8331847338 25.5754527575
73.8287943874 25.5636778625
73.8166465983 25.5422871659
73.8093795074 25.5214099207
73.8073201166 25.5110580561
73.7895766867 25.4896341951
73.7793408985 25.482305287
73.7744739279 25.4724043115
73.7693309128 25.4573051514
73.7606180582 25.4455123254
73.7557292382 25.4408448771
73.7526454145 25.4303927281
73.751654721 25.418380204
73.7487530419 25.4040633355
73.7419043409 25.3934657696
73.7336013345 25.3821432992
73.7231898729 25.379614409
73.7083823702 25.3817712407
73.7051850176 25.3723909528
73.6983856422 25.3597153691
73.6768830729 25.3512773109
73.6690679688 25.3459896864
73.6593539966 25.3306405782
73.6488574183 25.3257487308
73.6499255605 25.3115798905
73.6426840801 25.3158830344
73.6236963629 25.3026565658
73.6120689959 25.2862690659
73.6149681727 25.2802656841
73.6154503607 25.2749159398
73.6184138513 25.2704101654
73.6223138188 25.2579332599
73.6174557592 25.2540542573
73.6118227869 25.2529189225
73.6059972526 25.2243966896
73.6033271786 25.2218259726
73.6030400492 25.2096738197
73.6013545073 25.2033680501
73.5978460281 25.2019789631
73.5947628244 25.2034248077
73.594990427 25.1974725349
73.5950757428 25.1952435218
73.5939094534 25.1927924749
73.5884595645 25.1899774638
73.5800434748 25.1880067108
73.572768971 25.1847328715
73.5667751555 25.1694219749
73.55756278 25.1665021662
73.5523536145 25.1632673129
73.5491230747 25.1557329601
73.5421359244 25.1550451981
73.5204243133 25.1418395224
73.5022415636 25.1275013421
73.5003120306 25.1259792668
73.5033838295 25.1186615946
73.5036420049 25.1180465297
73.5032574805 25.1177514312
73.4994500897 25.1148293086
73.4966172696 25.1179932435
73.4927545464 25.116969008
73.4917843852 25.107913242
73.4838518611 25.1042151908
73.4838473737 25.1042129634
73.4762345091 25.1041431448
73.470449143 25.0994432613
73.4618880273 25.0894442127
73.4527024324 25.090364142
73.4234730819 25.0898977653
73.4159689865 25.0882190157
73.4099776699 25.0849709458
73.408299256 25.0805948969
73.407960869 25.0797125627
73.4037696418 25.0780223533
73.3970978405 25.0742009702
73.3966299116 25.0695822365
73.3964093417 25.0694355235
73.3918212625 25.0663815523
73.3887206538 25.0603807077
73.3874119478 25.053186869
73.3834629476 25.0492761921
73.3845739974 25.044800959
73.3769841258 25.0405314092
73.3774642992 25.0380406007
73.3741305929 25.0356972996
73.3734820831 25.0325337234
73.3713813011 25.0289944562
73.3660242293 25.0290088171
73.3583385411 25.0278399637
73.3539261668 25.0237748646
73.3538615126 25.0161894088
73.3507451059 25.0101592264
73.3444998696 25.0101506647
73.3425431411 25.0002993034
73.3424373439 24.9996126701
73.3436670991 24.9950598055
73.3438801187 24.9894907423
73.3407378388 24.9849061829
73.3296459852 24.9771442053
73.3294824085 24.9748951874
73.3326820603 24.9706739254
73.3330913096 24.9674680296
73.3367038444 24.9667299755
73.3419396101 24.9624765331
73.3460972902 24.9605335752
73.3416570474 24.955109536
73.341817022 24.9527569868
73.3432898331 24.9511614637
73.3385245731 24.9403706671
73.3352103587 24.9374718791
73.3318013001 24.9287578059
73.3301084884 24.9122166615
73.3276517925 24.9085827295
73.3192269774 24.9088936117
73.3157201883 24.9073407567
73.3113347557 24.9013096231
73.3062522393 24.8972228637
73.3079695813 24.8900597105
73.3072716309 24.8884257198
73.2904964815 24.8749986342
73.288312141 24.8744059978
73.2867637299 24.8746957975
73.2848954682 24.87661
73.2829041935 24.8816457611
73.2770487402 24.878409076
73.2732003334 24.8789188382
73.2714103043 24.8773061421
73.271305686 24.871395721
73.2698549326 24.8665441609
73.2697653478 24.8625170192
73.2671061891 24.857930626
73.2460493789 24.8362209697
73.2392847118 24.8301637625
73.2371883642 24.8232648337
73.2382426638 24.816232038
73.238132785 24.8055603243
73.2354401596 24.7976234643
73.2324203102 24.7948041224
73.2310105343 24.7935325107
73.2247520779 24.7922460247
73.2183238224 24.79226539
73.2007107512 24.7870655018
73.1814848499 24.7762707414
73.1730676976 24.7730223844
73.1640685901 24.7682889995
73.1581088217 24.7625147409
73.152539961 24.7590296897
73.1489871656 24.7577841762
73.1447738654 24.7576614686
73.1437813263 24.7571057331
73.1484183556 24.764430401
73.1580835285 24.7712406119
73.1627713766 24.781240136
73.1636045401 24.7932440487
73.162681317 24.8086980913
73.1604247152 24.8181268484
73.1450670177 24.8363598154
73.1429624899 24.8429998316
73.124677876 24.8451219377
73.1178469705 24.8390747481
73.1091562301 24.8432772731
73.1018606243 24.8450990504
73.0958423317 24.8579720182
73.0846776589 24.8565250044
73.0711863324 24.8574314696
73.0556935194 24.8750300968
73.0448940897 24.8860360675
73.0281992237 24.8877141169
73.0208328322 24.8964377211
73.011879871 24.9156757622
73.0079642175 24.9215914613
73.0000342771 24.9270531178
73.002005861 24.9285320659
73.0068565711 24.9306046835
73.0120479892 24.9411382096
73.0203731258 24.9486791467
73.0315994243 24.9633743078
73.0311848354 24.9655631362
73.0324652335 24.972151526
73.038051263 24.9873633312
73.0457428104 24.9993974091
73.0460983465 25.0003950988
73.0477949253 25.0046445767
73.0539286858 25.0094737982
73.0775546991 25.0235972443
73.1079351737 25.0369466453
73.1155867444 25.0444331449
73.1313388527 25.0645331856
73.1349298558 25.0755685022
73.1340971023 25.0911192511
73.1380466899 25.0967048296
73.1402668348 25.1013701586
73.1362512315 25.1028739612
73.1321485458 25.1088830701
73.1186056856 25.1076726764
73.1128086326 25.1119422619
73.1086588408 25.1190362279
73.1013394805 25.1208665776
73.0953533957 25.12547502
73.0895722116 25.1341615402
73.082521242 25.1371873658
73.0566979689 25.1591617856
73.0449298943 25.1621976881
73.0428279487 25.1542804903
73.0411050161 25.14083412
73.0460619195 25.1307987885
73.0468242033 25.1207614213
73.0498457065 25.104203245
73.0238133417 25.0893919776
73.0188044469 25.0933618962
73.0012444387 25.1010661678
72.9974213646 25.1066099403
72.9967925819 25.1127914535
72.997649849 25.1291581677
72.9991793479 25.1367922322
72.9988414034 25.1439038736
72.9942318988 25.1482022196
72.9898932159 25.1499504191
72.9847290904 25.1475825564
72.9821964595 25.1392346191
72.976577738 25.1380118119
72.9701518546 25.1424619953
72.9551977977 25.1419567128
72.9528670769 25.1435533814
72.9516889767 25.153050844
72.947494779 25.165360173
72.950316408 25.1703115617
72.9484747104 25.178009013
72.9450205363 25.184586751
72.9460473329 25.187967774
72.9570036072 25.1816902287
72.9592935099 25.1840272675
72.9569900332 25.1945102227
72.9638107224 25.1946868914
72.9729593488 25.1929159813
72.9758828235 25.1950233652
72.9739788849 25.1977365146
72.9730426712 25.2026618173
72.9760358955 25.2098277207
72.9769609481 25.2169757168
72.9755804047 25.2233509319
72.9714059686 25.2274540258
72.9675416398 25.226322252
72.9662764085 25.2215458468
72.9526169813 25.2182470407
72.9451695359 25.2178846227
72.9419418167 25.2219402731
72.9386640459 25.2301134791
72.940115728 25.2437120662
72.9238114821 25.242073527
72.9182149475 25.2546218614
72.9142040419 25.2548023642
72.9098684249 25.2504609677
72.9060491353 25.2496546338
72.9008019995 25.2535800564
72.8988766752 25.252111513
72.8963607527 25.2481366107
72.8911829965 25.2463366707
72.8860344092 25.2474342573
72.8743921908 25.2515279335
72.8649205837 25.2580342258
72.8578429068 25.2682149936
72.8532683552 25.2734417935
72.8469686446 25.2721646832
72.836018154 25.2812669141
72.8275414033 25.2871303662
72.8186117181 25.2768406705
72.8154225139 25.2658421078
72.8109305318 25.2549488192
72.8038418939 25.2559190284
72.7947827349 25.2389968296
72.7892470356 25.2313445318
72.7821769133 25.2261621163
72.7791126693 25.2160345967
72.7785715879 25.2048310404
72.7789095709 25.1977586771
72.7814202009 25.1920412309
72.7760427053 25.1863036088
72.7664262314 25.1803422086
72.758932169 25.1698223845
72.7509339605 25.163937966
72.7462790385 25.1565277068
72.7454965746 25.1489716741
72.7415345504 25.1360491444
72.738015063 25.1278391077
72.7163440474 25.1112530834
72.7090165724 25.1070661476
72.7049007722 25.0868365217
72.7052692391 25.0823186034
72.7036200978 25.0796366352
72.6932021273 25.0773216206
72.6880372215 25.0550065997
72.688508531 25.0479399818
72.687390113 25.0464789785
72.683491403 25.0486981356
72.6752381881 25.048263363
72.663942869 25.0452385851
72.6616859702 25.0410430612
72.6582497021 25.0406585683
72.6558477268 25.0340085467
72.656163719 25.0305228155
72.6552290344 25.0279386749
72.6514719332 25.0269350294
72.6490028234 25.0231877054
72.6476386148 25.0188338629
72.6484769673 25.0166520727
72.6426892926 25.0160423857
72.6388613482 25.0149151465
72.6337650857 25.0006828612
72.6057521224 24.9679242424
72.5926570368 24.9561462892
72.5811155883 24.9412795624
72.5775640783 24.9387833165
72.5700722278 24.9348389888
72.5590780901 24.9321452798
72.5477132118 24.9304908121
72.5405480466 24.9313432639
72.5304795081 24.9300889131
72.5234137212 24.9346561901
72.5206028851 24.9348703629
72.506024097 24.9229295429
72.5041713242 24.9200737148
72.5043590997 24.9101488097
72.4987399767 24.9058353905
72.5017351296 24.9005091043
72.5051727968 24.8869919178
72.5052161404 24.8806647811
72.5015399596 24.8760723006
72.4918180857 24.8723818992
72.4851407167 24.8724140912
72.4838710298 24.8701487197
72.4884995085 24.8571092161
72.4937069418 24.8497517484
72.4952551877 24.8390791008
72.4986627583 24.8273582027
72.5002205044 24.8181979643
72.4922306444 24.8070288412
72.4974270207 24.7659162614
72.4978772514 24.7648640492
72.4959483224 24.7591159709
72.4912462959 24.7553395882
72.4816615963 24.7503268697
72.4744208239 24.7479312778
72.4683313405 24.7480349376
72.4589419351 24.7545602285
72.4535279743 24.7545465078
72.4416863501 24.7517927131
72.4138988718 24.753747034
72.4103737575 24.7562866784
72.4008485023 24.7743549587
72.3849432744 24.7633401472
72.3785242925 24.7626817509
72.372913272 24.7612148084
72.3658387303 24.7511092783
72.359897213 24.7456997806
72.3594423495 24.745283091
72.3264273929 24.7015085382
72.3232554069 24.6945339886
72.3198478193 24.682637438
72.3130961602 24.6718279111
72.3110166159 24.6625976545
72.3104587717 24.6556401694
72.3116940216 24.6490280705
72.3180441227 24.6433074347
72.3226802636 24.6406017336
72.3290384677 24.6354066777
72.3325877351 24.6295574634
72.3347123146 24.6247990874
72.3254701343 24.6137067895
72.318180229 24.6107843878
72.3094796562 24.6107534742
72.3037232628 24.6138615669
72.3005879975 24.6168653865
72.2940722722 24.6181162668
72.2999263159 24.6323470236
72.2996299879 24.6341372318
72.2962327057 24.6364523939
72.2931220066 24.6431596285
72.2860886765 24.6481811543
72.28129577 24.6483951703
72.2756761137 24.6453631969
72.271131379 24.6376268023
72.2685140242 24.6293875912
72.2684667148 24.6241313796
72.2548791252 24.6227730518
72.2484684676 24.6234371925
72.2431627177 24.6228426462
72.2362604902 24.625424873
72.2278449909 24.6329284831
72.2241834074 24.6350029111
72.2105134319 24.6223678929
72.2050796692 24.6211822819
72.2023963025 24.6194326273
72.204733233 24.6147442257
72.2010553838 24.6142605634
72.1955310317 24.6183586043
72.1799175074 24.6116760597
72.1695876795 24.6149942058
72.1593717965 24.6168073905
72.1556370544 24.6181271816
72.154973095 24.6217774694
72.1475463762 24.6334586416
72.1446894669 24.6364598483
72.1398939635 24.6372503008
72.1286625536 24.6362063185
72.1191827536 24.6340753738
72.1148843823 24.6344086283
72.1104132654 24.6358303236
72.095684875 24.6458485301
72.0847256543 24.6512337574
72.0786948103 24.6553133217
72.0793133128 24.6612886611
72.0762470525 24.6710490775
72.086188835 24.6773123001
72.0791643518 24.6995930963
72.0734712114 24.7029452677
72.0463060089 24.7084824404
72.0346450155 24.6981854938
72.0253582646 24.6945557751
72.0009415614 24.6888010828
71.9947078383 24.6858098028
71.9876633789 24.6804059554
71.983429702 24.6699121386
71.9869334996 24.6595603579
71.9867782192 24.6559786401
71.9842849962 24.6542465831
71.9763166901 24.6537371012
71.9726089923 24.6498411838
71.9608156971 24.6408658618
71.9555834895 24.6413926606
71.9441534273 24.6355498611
71.9407650838 24.6305653457
71.9374952594 24.6297716672
71.9328044634 24.630600387
71.927782987 24.6298645729
71.9212776803 24.6368507329
71.9120529732 24.6492803586
71.9105237015 24.6539796257
71.9146664198 24.6553038822
71.9173813491 24.6575491204
71.9193032995 24.6617747376
71.9192709185 24.6651415358
71.9134098342 24.6704342995
71.9054011212 24.6727158106
71.8974462892 24.672175356
71.8870412522 24.6689162263
71.8842001885 24.6732717977
71.8745493088 24.6788867881
71.8696729999 24.6783827693
71.8642834888 24.6754605348
71.8581092241 24.666165219
71.8558781324 24.6580050694
71.8556592791 24.6527364991
71.8609112287 24.633254397
71.8617441017 24.6267087474
71.8577291834 24.6227888864
71.8539597356 24.6173071246
71.8513722526 24.6074238914
71.8485112615 24.6093499013
71.8395520154 24.6181465891
71.8315561809 24.6196962374
71.8142990081 24.6199579919
71.8084302012 24.6217279181
71.8046332033 24.6252242739
71.804406471 24.6293372076
71.8055021273 24.6359369492
71.8103261337 24.649280953
71.8080541691 24.6580948918
71.8059000414 24.6643025514
71.8021106239 24.6693602164
71.7975618223 24.6725121159
71.791938307 24.6739948634
71.7838640736 24.6736243258
71.7774151775 24.6723832408
71.7511003827 24.6638858977
71.7384984093 24.6579232526
71.7300505235 24.6571008911
71.7089749266 24.6580659795
71.6785146918 24.6436647613
71.6622415602 24.6404301637
71.6539734562 24.6371690396
71.6426764687 24.6438774963
71.6436296679 24.6471090798
71.6407660632 24.650368648
71.6373484933 24.6565174063
71.6329814725 24.6600734073
71.6265455854 24.6620687184
71.6231244851 24.6665913312
71.6194933047 24.6659694746
71.6157477477 24.6683021223
71.6131897346 24.6710360141
71.6106957527 24.67243821
71.6089519535 24.6747575096
71.602372169 24.6726417821
71.5971745114 24.6696511517
71.5900978298 24.667998943
71.5847215475 24.6697506292
71.5819225034 24.6743432305
71.5753763295 24.680732483
71.5694348791 24.6816226784
71.5606643892 24.6777779669
71.5435782285 24.6749383773
71.5357655539 24.6779151497
71.5290881031 24.6832692135
71.5193849556 24.6815638181
71.5148131925 24.679665549
71.5129980431 24.679902211
71.5082452285 24.6807862721
71.4955391941 24.678277362
71.4802755271 24.6783792433
71.4661112832 24.6677712883
71.4587233469 24.665355467
71.4507170559 24.665905119
71.4432687085 24.6634920568
71.4370654198 24.6586434857
71.4241038548 24.6508562675
71.4206534535 24.6472763645
71.4139525388 24.6428371555
71.4045662629 24.640076502
71.3986252735 24.6394541646
71.3943653096 24.6363357366
71.3911683909 24.6317753107
71.3860418095 24.6318460349
71.3812895262 24.6330698237
71.3798432285 24.6287870134
71.3745260719 24.6265451174
71.3722092238 24.6262561431
71.3666484388 24.6279484876
71.3641492544 24.6306748785
71.3590869808 24.632191987
71.3584675882 24.6368295487
71.3534176698 24.6465640737
71.3481809187 24.6590277356
71.3424884417 24.6582258182
71.3341617469 24.6532626512
71.3178322697 24.6480209578
71.3129476876 24.645429974
71.3090660917 24.6410320597
71.3012989463 24.6262255115
71.2986714392 24.6250091977

