# India Subdivision Rayalaseema
77.514409428 15.9258354273
77.514409428 15.9258354273
77.5367553734 15.9211346385
77.5538884972 15.9187097717
77.5767541984 15.9173963624
77.5852403826 15.9152984207
77.5936018478 15.9121001127
77.6038995365 15.9138538827
77.6115975598 15.9168537765
77.6190741558 15.9129685048
77.6240556862 15.9089075446
77.630989896 15.9042940269
77.6373193466 15.8969864865
77.6449094378 15.8883390753
77.6535653096 15.884158781
77.6643028279 15.881768618
77.6889464271 15.8791769469
77.6979486893 15.8806203772
77.7049202202 15.8857396783
77.7127867359 15.8894122096
77.7216075238 15.8918920027
77.7303814226 15.8901211958
77.7374916071 15.887554942
77.7443722035 15.8838847889
77.7552202819 15.8812614711
77.7656466639 15.882186382
77.7758410699 15.8786911817
77.7845592861 15.8747346829
77.7954728646 15.8720478248
77.8048892793 15.8707935109
77.8149580903 15.872517338
77.8234779111 15.8749817723
77.8311033573 15.8792899604
77.8396356059 15.8810142875
77.8455600418 15.8794567368
77.8559251785 15.8793518956
77.861487837 15.8812981295
77.8727686243 15.8979287725
77.8822378407 15.9015379559
77.8935542384 15.9014830517
77.9134833186 15.8904940432
77.9342815167 15.8821553346
77.9500379408 15.8805843679
77.9691510117 15.8815985024
77.9789605575 15.8798340631
77.9997707718 15.8667490604
78.0080388711 15.8650117641
78.0127786233 15.8777415168
78.0209002833 15.8945749721
78.0231313227 15.9009084596
78.030430197 15.9043484416
78.034972278 15.9084537735
78.0424830514 15.9078634409
78.0460423351 15.9038878307
78.0469434823 15.8780258834
78.0551176287 15.8765949651
78.0647596121 15.8562955901
78.0699838327 15.8504732123
78.1075559447 15.8338987209
78.11600698 15.8331755175
78.126236756 15.836278428
78.1333483607 15.8409333403
78.1322727309 15.8549276406
78.1443936917 15.8562441352
78.1548905021 15.8559919351
78.1574255035 15.8550725006
78.1711891167 15.8550429984
78.1751928278 15.8592211075
78.1771799237 15.872474254
78.1803502031 15.8785564946
78.1856085487 15.8858081238
78.188003494 15.8936767308
78.1857040604 15.9009575375
78.1865224382 15.9064493647
78.2031893324 15.9182538771
78.2119353502 15.9230833592
78.2344528757 15.9295201056
78.2445497011 15.9351058562
78.2494643588 15.9431028005
78.2505971352 15.9529942941
78.2539376633 15.9660759132
78.2549386083 15.9743206266
78.257673974 15.9768572532
78.2595331755 15.9844482333
78.266318043 16.0007215481
78.265242536 16.0110512808
78.2579060934 16.031615321
78.2632024156 16.0372302654
78.2747067129 16.0407043751
78.287634176 16.0380559085
78.298790385 16.0344862307
78.3228669573 16.0351785428
78.3302226376 16.0432642023
78.3377984285 16.0531190531
78.3470904388 16.0588040406
78.3597975288 16.0605570709
78.3767544009 16.0659108465
78.3909849274 16.0779011656
78.4124349157 16.0870446335
78.4277576901 16.0889641036
78.4578775097 16.0871969931
78.5025532961 16.0793345753
78.5278394757 16.0713714065
78.5398777336 16.0686434623
78.55395815 16.0625470567
78.5662146504 16.0627366926
78.5741987509 16.0682390796
78.5835291424 16.0767152202
78.5996860409 16.0936077843
78.6106158002 16.1028240038
78.624161194 16.1053040476
78.6436770771 16.0978889939
78.653915581 16.0892012162
78.6649996748 16.0779454942
78.6756401746 16.0623432154
78.6822949873 16.055598451
78.6938964613 16.0469758548
78.7210479755 16.033324088
78.7333843245 16.0297270847
78.7464241797 16.0278470978
78.7614042253 16.0277423755
78.7825510797 16.0303744807
78.7975421695 16.0394721875
78.815521122 16.0529734777
78.8213122694 16.0589716726
78.8290999493 16.068978441
78.8440470271 16.0941459177
78.8469101704 16.1010038764
78.8478082696 16.1095814923
78.8456194616 16.1175914498
78.8414544881 16.1268553078
78.8387563925 16.1396675615
78.8379766452 16.1488216834
78.8395886675 16.1584288863
78.8453231989 16.1634040692
78.853758192 16.1662083836
78.8639400233 16.1652857082
78.8704571849 16.1597992586
78.873852894 16.150589645
78.8755728023 16.1420042534
78.8769630726 16.1283957707
78.8802483376 16.1169574846
78.8966818339 16.1053958642
78.9088142726 16.1044758057
78.918110964 16.1120814281
78.9209779509 16.1156939376
78.9332650723 16.069791849
78.9270835077 16.0260528097
78.9211299336 15.9999192539
78.9133032136 15.9844020954
78.9107383808 15.9764220118
78.9017988629 15.9643429763
78.8935778774 15.9581048232
78.8733588588 15.9405159605
78.8599485679 15.9306576739
78.8332009689 15.9072257639
78.8203742201 15.8900464203
78.8169638774 15.8841473831
78.8126926951 15.8747866474
78.8059977534 15.8453176232
78.7998284905 15.8019694704
78.7981256252 15.792512582
78.7950089067 15.7558877302
78.7916370635 15.7373686451
78.7794340471 15.7010145319
78.7750981532 15.6787989757
78.7739101331 15.6577308654
78.7733347084 15.6633479224
78.7728953433 15.600672454
78.776884692 15.5771869725
78.7798100234 15.5325779962
78.7780425064 15.5106369202
78.7736510078 15.473070156
78.7724050746 15.4529214744
78.7737190039 15.420447763
78.7737047244 15.4063225296
78.7661854918 15.3876145241
78.753562788 15.3625866929
78.7502911528 15.3535495267
78.7474551489 15.3416151237
78.7445759882 15.3208797236
78.7435251602 15.3054204618
78.7440404076 15.270798576
78.7429839993 15.2414405091
78.7457377294 15.2101264398
78.7500009219 15.1823951614
78.7611815308 15.1823543812
78.7677734625 15.1841600576
78.7696056593 15.1857133053
78.7738790637 15.1886881773
78.7819463826 15.1976817408
78.7888148537 15.2017533196
78.7968158116 15.2048931424
78.8230044231 15.2081378417
78.8299084594 15.2079795418
78.8560999188 15.2037459844
78.8734906511 15.2022167819
78.9057198305 15.1975129993
78.923220732 15.1964160322
78.9300797687 15.2019114694
78.9352886551 15.2187399635
78.9388038976 15.2265687015
78.9448184373 15.2350468403
78.9495521535 15.237131687
78.95239224 15.2251068622
78.9548281655 15.2029712232
78.959342342 15.1936975835
78.9623730839 15.1798164245
78.9706092251 15.1723053631
78.9788292519 15.1690307973
78.9928701279 15.1680378508
79.000116559 15.173037933
79.007253275 15.1819072896
79.022416989 15.1828189686
79.0306104507 15.1802268987
79.0380874296 15.1790761449
79.0488427386 15.1777096535
79.0595342981 15.1780823369
79.0680754037 15.1763036554
79.0657979414 15.1687216948
79.0612518072 15.1588677594
79.0577495828 15.141920846
79.0630344256 15.1146705844
79.0658494709 15.0945277776
79.0688171366 15.0873158942
79.0763696012 15.0547227627
79.0733259686 15.0317673833
79.0739735102 15.0001229083
79.0742265618 15.000117698
79.0747397321 14.9896995151
79.0725741781 14.9801729498
79.0716619517 14.9706523405
79.0730127331 14.961754358
79.0777734764 14.9538344824
79.0812961356 14.9415447492
79.0837491363 14.9266488552
79.0867284597 14.9156062211
79.0913288637 14.9032673839
79.0935240162 14.8920541807
79.0981380904 14.8895153292
79.1040639626 14.8882318234
79.102821397 14.8846002999
79.1082970089 14.8776437912
79.1162649476 14.8713806784
79.1223273583 14.8654471893
79.1275558818 14.8576921131
79.1331642713 14.8460381499
79.1409823212 14.8195311665
79.1413118032 14.7979311102
79.1430941414 14.7878511365
79.1486315134 14.7775455241
79.1543936349 14.7704748481
79.1602377698 14.7598388048
79.163315576 14.7521336113
79.1631780263 14.7420981289
79.1675266347 14.7298680177
79.1769118601 14.7138468317
79.1791078467 14.687158003
79.1781114969 14.6841424539
79.1706003821 14.6797542781
79.1688209131 14.677198293
79.1749116033 14.6647480159
79.1714688873 14.6594027977
79.1748140763 14.6572653142
79.1753611128 14.6424591493
79.1783377968 14.6296031763
79.1793868817 14.6217796003
79.1828746464 14.6143589362
79.1914282167 14.6105833503
79.1948509885 14.6069107659
79.197859746 14.6009089683
79.2063572099 14.5957130288
79.2145662831 14.587744781
79.2232508885 14.5962732498
79.2303553973 14.5947645432
79.2362398662 14.5879154102
79.2402162477 14.5788544864
79.2489500765 14.5593679573
79.2642869085 14.5446096082
79.2740191431 14.5281893814
79.2904800672 14.4849042926
79.2954475838 14.4796920246
79.3057219508 14.4776293542
79.3174532417 14.4692586703
79.3223234897 14.4597979955
79.3231267379 14.4502183283
79.3274392596 14.4300948254
79.3310472301 14.4221589952
79.3454485753 14.4004141951
79.3589001318 14.3783241415
79.3623311653 14.369655959
79.3647092192 14.3551415574
79.3722994722 14.3503877856
79.382096599 14.3462727497
79.3877740479 14.3420283225
79.3955985237 14.3234373035
79.4027939326 14.3112647149
79.4098061377 14.3029344707
79.4140625882 14.29625655
79.4179714226 14.2862796662
79.418757721 14.2656825226
79.4290782849 14.248748878
79.4294627048 14.2386477261
79.4256259226 14.227462178
79.4245932092 14.2165084552
79.4268924904 14.20471407
79.4319279493 14.1934601556
79.4316032203 14.190880177
79.4315630808 14.1786275059
79.4377942312 14.145674629
79.4398136376 14.1283158787
79.4418815323 14.1212275628
79.4458052767 14.1150550874
79.4519336181 14.1075122474
79.4527930258 14.1032656658
79.4507826603 14.0967323317
79.4500571115 14.0791360059
79.4478125232 14.0736901018
79.441234575 14.0639145744
79.4413163997 14.0540945467
79.4368372576 14.0371805949
79.4347670246 14.0269577683
79.4339202399 14.0185044589
79.4376281111 14.0087498478
79.4434135685 14.0003931192
79.4442541205 13.9926600447
79.4505315175 13.991280789
79.4529729419 13.9890262015
79.455206066 13.9835600985
79.4516755824 13.9656296217
79.4538485429 13.9588377018
79.4536041208 13.9524749869
79.4576832874 13.9491687305
79.4592855577 13.9449086728
79.457571163 13.9380934435
79.456454909 13.9205535781
79.4531718384 13.915010974
79.448008472 13.9101240376
79.445186087 13.9034344925
79.4412463695 13.8972718848
79.4444591283 13.8889282424
79.450831277 13.8917379615
79.47419632 13.8961812744
79.4782313427 13.905787052
79.4812096274 13.9097818975
79.5030579016 13.9093071981
79.5297084757 13.913317089
79.5429189935 13.9133164477
79.5542421732 13.9119012279
79.5890842338 13.9185904888
79.5972632434 13.9146134799
79.597407695 13.8994040555
79.5962982001 13.8894308986
79.5983430186 13.8878680446
79.6088291681 13.8857085511
79.6225580248 13.8846646489
79.6259348786 13.8759114659
79.6273368234 13.8695866143
79.6252205977 13.8634683878
79.6207110022 13.8592619591
79.6157577238 13.8576440881
79.6116092744 13.8540626071
79.6156061911 13.848689424
79.6272176549 13.8415249192
79.6348120478 13.8430128563
79.6452777207 13.8391260198
79.655937689 13.8362762001
79.6704830388 13.8344762711
79.6719645783 13.8414656826
79.6722026557 13.8575859668
79.6747078433 13.8670886027
79.6756914355 13.8766039244
79.6732268439 13.8821937805
79.6717760143 13.8893818194
79.6749452485 13.9003669276
79.6780771706 13.9076269201
79.681883652 13.9228455317
79.6855630586 13.920808156
79.6927757121 13.9143740773
79.71009927 13.9081307071
79.7261640864 13.9053425992
79.7315217589 13.9013300692
79.7338575285 13.8892078136
79.7302668723 13.8669217705
79.7333488085 13.8591419616
79.7449914152 13.8549026182
79.7639121575 13.8503022405
79.7718909976 13.8494821202
79.7756057411 13.8565037292
79.7774445432 13.8629710282
79.7839031517 13.8630784717
79.7886534116 13.8727324127
79.7863115456 13.878608037
79.7880784824 13.890012723
79.7883219806 13.8963828325
79.7870371787 13.9021832067
79.7902991926 13.9103626483
79.8021649745 13.9208063483
79.807655947 13.923385901
79.8118921288 13.924149753
79.8148945786 13.9090296913
79.8180172659 13.9044094212
79.825248392 13.8998146381
79.8278904296 13.8944491419
79.8296658917 13.8850239164
79.8335685292 13.8821115748
79.8376620293 13.8748456356
79.8368693952 13.8672792291
79.8382075724 13.8614154679
79.8427237692 13.8555167322
79.8466938912 13.8535871585
79.8531541166 13.8583422474
79.8580510147 13.8655243217
79.8619106447 13.8696138424
79.8708870399 13.8684395308
79.8778971373 13.8653269049
79.8831217888 13.855008096
79.8850375812 13.8476442951
79.8830309953 13.841587094
79.8815067479 13.831267999
79.8814742592 13.8231224113
79.8795580961 13.8045472295
79.8772852721 13.7959056486
79.8766762618 13.7836325191
79.8732468173 13.7759729847
79.8681493065 13.7722400421
79.8634829519 13.7695285172
79.85949835 13.7700239254
79.8556684815 13.7690875127
79.8529495609 13.7671037412
79.8523244968 13.758961336
79.8584497989 13.755629582
79.8616648262 13.7489411288
79.8607619109 13.7419470612
79.8647705206 13.7374332761
79.8672811262 13.7311528296
79.866393532 13.7201477402
79.8682520393 13.7134132254
79.8715275173 13.7075263082
79.8806056724 13.7051995379
79.8861455544 13.7017600435
79.8937067278 13.700880994
79.9063905709 13.7012732495
79.9103779343 13.7039097877
79.9193051022 13.7042848829
79.9492213091 13.7076540626
79.9586667063 13.7068176278
79.9602280454 13.7003134981
79.9688456015 13.694435082
79.9739630641 13.6899599421
79.9745852811 13.687945482
79.9692597468 13.6790491221
79.9636812011 13.6733627524
79.961249359 13.6664476047
79.9685396204 13.652366711
79.9732777233 13.6462996859
79.9809490183 13.6445020765
79.990902288 13.6473907079
80.0000533587 13.6440337932
80.0018765304 13.64308786
80.0035279293 13.6373670167
80.0044529769 13.6240862446
80.0061528075 13.6195633557
80.0119177548 13.6127743355
80.0124994294 13.608562353
80.0180697356 13.6087953564
80.0191608583 13.6008069813
80.0166304135 13.5961350664
80.0248389812 13.5961474856
80.0242791765 13.5775773653
80.0384037773 13.5789871756
80.0415819659 13.5772694975
80.0426618711 13.5756793614
80.046651828 13.5754331453
80.0522166523 13.5584609654
80.0466194104 13.5549478468
80.0410693695 13.5532577949
80.0420030928 13.5365604534
80.0300296754 13.5380759517
80.0269499728 13.5414259034
80.0201614721 13.5452798257
80.0065805132 13.5424873024
80.0021254575 13.5396414751
80.0017359585 13.5318884381
80.0021947724 13.525899722
80.0026443413 13.5229927059
80.012883557 13.5252846711
80.0187127271 13.5279960488
80.0209065088 13.5212497385
80.0261224545 13.5168771321
80.0316050563 13.5146379992
80.0381455088 13.5169606021
80.0452687049 13.5148520167
80.0495202797 13.5123700059
80.049724171 13.5058510042
80.048599671 13.497518647
80.0373621583 13.4997145616
80.0313883875 13.4993781925
80.0184100926 13.500743098
80.0181806876 13.4992678356
80.0181502368 13.4992827396
80.0139509113 13.4965438465
80.0031034855 13.4920930756
79.9912072827 13.4845598148
79.9859594516 13.4804505475
79.9849102821 13.4763416412
79.9831615137 13.471890305
79.9820101865 13.4697227494
79.9807901836 13.4693727747
79.9743971427 13.4642139772
79.9747227733 13.4570884456
79.9756198896 13.4535202174
79.9735931851 13.4406227233
79.9758207514 13.4308956131
79.9710693445 13.4258327632
79.9634488473 13.4210909897
79.9568501535 13.423734589
79.9485133577 13.4225009436
79.9450508926 13.4173108745
79.9481730658 13.4035617229
79.948230837 13.3978224301
79.962918597 13.3949754859
79.9662292386 13.3871337313
79.9606907666 13.3802464041
79.9523832245 13.3821047597
79.9532912213 13.3740021093
79.9526648041 13.3711370425
79.9414177716 13.3565527505
79.9381989692 13.3489613213
79.9298150689 13.3540363879
79.9233324081 13.3566825336
79.9189485956 13.3520226308
79.9165355351 13.3462466351
79.9100362837 13.3424624785
79.9044709081 13.3375863453
79.8987451205 13.3342487815
79.8928139499 13.333390081
79.8876206383 13.3303403061
79.883216607 13.3247007592
79.877862392 13.3236606704
79.8715116791 13.3266487608
79.8683395705 13.3210552136
79.8638292122 13.3163374376
79.8516965224 13.3162280184
79.8494151934 13.3158766436
79.8432353254 13.314931888
79.8366677282 13.3151693307
79.8211019802 13.3178996118
79.8128925079 13.3171209465
79.8076058574 13.3113671102
79.804892063 13.3044451511
79.7998856687 13.2974316816
79.7924183484 13.2948628239
79.7868167169 13.2979024176
79.7809510859 13.3023825653
79.7666129989 13.3154942273
79.7631024498 13.3115069232
79.7623154461 13.3035880062
79.7587340323 13.2927187997
79.7540686244 13.2893731385
79.7422095614 13.2877639777
79.7338513158 13.2849140864
79.734365875 13.2784209848
79.7520146712 13.2671686662
79.7582135511 13.2609664619
79.7654381886 13.2565375896
79.788077308 13.2469617124
79.795982442 13.241030412
79.7976290968 13.2363588465
79.7959883094 13.2308058905
79.7900597685 13.2300633404
79.7863081447 13.2303863137
79.779880997 13.2261990014
79.7760771484 13.221698432
79.7704123235 13.2184204319
79.7645423378 13.2176135189
79.7571066992 13.207746625
79.7509847068 13.2110775668
79.7501923305 13.2183232989
79.7463681578 13.2230129177
79.7451892899 13.2277343849
79.7391835118 13.2301409502
79.7354747679 13.2345972939
79.7312063129 13.2353279375
79.7283615748 13.2271439944
79.7240957131 13.2232233879
79.7183446787 13.221954881
79.7122925999 13.2154048254
79.7050790949 13.2202382588
79.7013817298 13.2200992343
79.7020671969 13.2239429161
79.708363265 13.236461558
79.7086379569 13.2465621836
79.7045272287 13.2511916119
79.6971474784 13.2464954262
79.6932785403 13.2410225267
79.6859050242 13.2421190199
79.68368864 13.2484557074
79.6863324245 13.2596291214
79.6968683991 13.2692970795
79.6941491094 13.2781643528
79.6918457718 13.2819162575
79.6810195121 13.2944777083
79.6784066249 13.2858340822
79.6750686432 13.2806942945
79.6699064311 13.2810269444
79.6658708863 13.2870993539
79.6611054684 13.2858781931
79.6562377009 13.2858643789
79.6509417482 13.2886681923
79.6449885919 13.2860251337
79.6431747895 13.2806458945
79.6420415491 13.273358335
79.6367732733 13.2745029741
79.6332257447 13.2714283209
79.6276743042 13.2729230859
79.6232075001 13.2770352994
79.6175434884 13.27978925
79.613565554 13.280166085
79.6072977775 13.2754587552
79.6011170107 13.2728179289
79.5988769929 13.2658896269
79.5978684511 13.259520044
79.5926967624 13.2577835224
79.5833896735 13.2597665696
79.5777833996 13.2617667307
79.5671653458 13.2715120799
79.5610930416 13.2794309647
79.5586926722 13.2863436856
79.5537651383 13.2912093469
79.5515296943 13.3020225627
79.5511741216 13.313168262
79.5480586221 13.3232950392
79.5349739384 13.3281211711
79.52176591 13.3268609134
79.5100437029 13.3269574431
79.4994380815 13.3286591314
79.4914610944 13.3335534298
79.4667996091 13.3363491311
79.4409898343 13.3355372985
79.4294289634 13.3339168375
79.4134814147 13.3276749551
79.3866782303 13.3149246579
79.3977319098 13.3066207572
79.4111092473 13.3011152297
79.4175759947 13.2973867546
79.4339454609 13.2986780467
79.4372273076 13.2933680228
79.4305408092 13.2865959256
79.4301910559 13.2810861043
79.4312225026 13.2783779169
79.424510934 13.2695370502
79.4208894507 13.2587758934
79.419569804 13.2497054737
79.4219387393 13.240212857
79.4209153268 13.2316652338
79.4231248573 13.2242454099
79.429276125 13.2243016872
79.4304551814 13.2305501573
79.4391750308 13.2348459431
79.4483883939 13.2419434342
79.4547674634 13.2413129974
79.4577432573 13.2338795176
79.4578158583 13.2289408734
79.4339347269 13.2206500006
79.4354641117 13.2159280057
79.4354817758 13.2110438029
79.4338958919 13.2053151461
79.436129696 13.1996084669
79.4329281623 13.1965966128
79.4256138271 13.1979811439
79.4102127631 13.1985100465
79.4048570782 13.1965466092
79.3966572621 13.1967887974
79.3906512794 13.1944868525
79.3812781039 13.1883079017
79.3830786622 13.1806455751
79.3794718441 13.177635491
79.3772505795 13.1724295924
79.3735137434 13.1680914963
79.3670030552 13.1733747383
79.3600440027 13.175040526
79.359376345 13.1659770112
79.3601513848 13.155860158
79.3591768241 13.1521887535
79.3590741869 13.1469131439
79.3669303449 13.1418472954
79.3624342157 13.1375241193
79.3566745642 13.1356163069
79.3501083298 13.1352130241
79.3476311594 13.1395436769
79.3429994338 13.1332624287
79.3290383049 13.131372444
79.3247071043 13.1257738888
79.3220578478 13.1189013379
79.3223507427 13.1119566992
79.3202652218 13.1089280627
79.3097819426 13.1093582101
79.3110605085 13.1268053136
79.3003712461 13.1302211677
79.2971934669 13.134789756
79.2897749398 13.1316345462
79.2860897208 13.1328053685
79.2849228362 13.1385637029
79.2835071584 13.1499448454
79.2796077963 13.1530714575
79.2733925647 13.1526098181
79.2686673105 13.1483956154
79.2648376464 13.1531348921
79.2635310431 13.1580296989
79.2593880855 13.159899729
79.2563996258 13.1529737119
79.2555102055 13.1451729429
79.2488919832 13.1385679692
79.2452097817 13.1395112784
79.238527197 13.1463977386
79.2304441162 13.147319582
79.226801782 13.1394293035
79.2304335113 13.1322238078
79.2346177558 13.1278273942
79.2304598321 13.1221136786
79.2304675836 13.1157428939
79.2264773239 13.1086532803
79.2196359632 13.1032489705
79.2143999403 13.1020858759
79.2054917057 13.1014684799
79.2011010315 13.0963917139
79.1992017957 13.0888264667
79.1957001601 13.0847171507
79.1928722506 13.0788180552
79.1913026523 13.0718844934
79.1816333465 13.064782854
79.1869495287 13.0614617348
79.1844923296 13.0555084218
79.1887811474 13.0500756892
79.1892209286 13.0451918946
79.1888795469 13.0415807619
79.1866612903 13.0370624308
79.1853777931 13.0310935595
79.1828564767 13.0274928259
79.1734739743 13.0236037687
79.1649756069 13.0190807748
79.1538740139 13.0215787863
79.1433750864 13.0284900607
79.1314480716 13.034266816
79.1165396795 13.0358808954
79.0949358095 13.0240950933
79.0811801766 13.0257443835
79.072678819 13.0324120384
79.0660546704 13.0397051344
79.065320764 13.0495273347
79.0559206716 13.0552240504
79.045548113 13.0571391195
79.0378777581 13.061039293
79.0348111989 13.0678436691
79.0233876365 13.0692474465
79.0122970734 13.0692713123
79.007175697 13.0744193737
79.0001367472 13.0840016017
78.9936075557 13.0875362946
78.9914476482 13.0878336733
78.9835404343 13.0864282836
78.9764996819 13.0841047087
78.9747901166 13.0828560869
78.9710330637 13.0767331176
78.9669317415 13.0762213396
78.9618500923 13.0773645587
78.9576743803 13.0747754398
78.9484380379 13.081211858
78.9418888902 13.0772484187
78.9261572728 13.0789592386
78.9238265373 13.0744806908
78.9226373779 13.0672979547
78.9204707242 13.0616704566
78.9126991116 13.0632784837
78.9052526958 13.0462777715
78.9101989233 13.0428962979
78.9162180229 13.0422647809
78.929232206 13.0437933849
78.9322950014 13.0398740618
78.9393299763 13.0347410899
78.9405278362 13.0327302325
78.9365172662 13.0299179306
78.9348582661 13.0330256793
78.9277791211 13.0343134506
78.9019255794 13.0310321194
78.8937325012 13.0309557034
78.8911555305 13.0366688223
78.8926563667 13.055435562
78.8921140422 13.0807185573
78.8952192837 13.0931003183
78.8877116097 13.0972500832
78.8819824654 13.0979960328
78.8763931088 13.0957534705
78.8723528284 13.0905652612
78.8700374288 13.0821432143
78.8555721799 13.0825156279
78.8439051808 13.0806106212
78.8250087613 13.0856228635
78.8196648601 13.0888831574
78.8124355246 13.0864842491
78.8057487049 13.0806926792
78.7981612503 13.073065926
78.7946355587 13.0672982072
78.7890920849 13.0640768232
78.7659925787 13.057859273
78.7575481299 13.056273923
78.7510384705 13.0563352163
78.7436602702 13.0612231719
78.7369514486 13.0635895933
78.7138694764 13.0669061378
78.7127004019 13.0550300393
78.7074675526 13.0233104431
78.7052506286 13.0151803624
78.6908214892 13.0197295375
78.6800546276 13.0217933159
78.6625004723 13.0286137162
78.6603496308 13.0270336557
78.6564561311 13.0180017755
78.6531125724 13.0122988805
78.648737343 13.007523644
78.6397745907 13.0003933876
78.631903348 12.9931803529
78.6250477776 12.9895401254
78.6316607966 12.984568321
78.6493964868 12.9651382302
78.6404600815 12.9638246911
78.6471715023 12.9490835381
78.6582757792 12.9298070138
78.6490271805 12.9266578131
78.6422855834 12.9267436264
78.6372234971 12.9299234233
78.6362827767 12.9249280926
78.6311850804 12.91282006
78.6270710876 12.9039740984
78.623778918 12.8993073527
78.6175341311 12.8844548947
78.6161991587 12.8767722284
78.6160195917 12.8682114857
78.6031500169 12.8493085529
78.6054177558 12.8437683895
78.6072868435 12.8262745592
78.6093303481 12.8218797426
78.5998637874 12.8155721156
78.6022828803 12.808703639
78.6014479145 12.8032607336
78.5941978665 12.7961193641
78.5945969009 12.7870302654
78.5936424616 12.7815864821
78.5917743861 12.7780478668
78.5774263491 12.7697958041
78.5785548181 12.7629430362
78.5732883058 12.7633590752
78.5698151084 12.762426378
78.5657586983 12.7568432904
78.5626048685 12.7575832123
78.5583096396 12.7563750767
78.5572257257 12.7546675123
78.5620200678 12.7495396302
78.5573667491 12.7393833079
78.5626089376 12.7370109303
78.5656548314 12.736858164
78.5639875848 12.7311885202
78.5599927487 12.7257783652
78.5572492401 12.7181753863
78.5610859021 12.7115162666
78.5640241974 12.7079107818
78.5637509325 12.7051621008
78.5597796285 12.7061899263
78.55687099 12.7034147747
78.5595199454 12.6999310088
78.5594689035 12.6964269021
78.5564653425 12.6952590541
78.5531327336 12.6958226006
78.5430378915 12.6907286692
78.5395138321 12.6897926977
78.53613162 12.6904729154
78.5318935806 12.6977714343
78.5302653313 12.7031357263
78.5325598642 12.7079317844
78.5373317926 12.7055150429
78.5391848145 12.7080740087
78.5381273084 12.711994491
78.5276632509 12.7142580087
78.5278861131 12.7171330019
78.5239818386 12.7187305965
78.5225866478 12.7324264439
78.5210310328 12.7304966926
78.5190702706 12.7237966376
78.5152098605 12.7240734391
78.5148042867 12.7287968984
78.5134380064 12.7322030414
78.5087343037 12.7347963741
78.5059383886 12.7410356452
78.50045942 12.7426049909
78.4959256028 12.7454169656
78.4912322303 12.7406510581
78.4960000453 12.7336975832
78.5030678447 12.7277430212
78.505272279 12.7218507737
78.5207154741 12.7156184122
78.5221935553 12.7124963024
78.521504258 12.7095125129
78.5162778433 12.7087234309
78.5155772328 12.7040182262
78.509556227 12.7092124882
78.5065737555 12.7144246389
78.5050513794 12.7141531873
78.505790696 12.7086327123
78.5046798446 12.7043959372
78.4992126927 12.7033142337
78.4979592033 12.7012020906
78.5012453802 12.6973076207
78.5052771434 12.6964562431
78.5050930864 12.6917452471
78.5091092842 12.6899708235
78.5088372065 12.6872131563
78.5057673107 12.6854193341
78.5051682724 12.6803106144
78.500276427 12.6740557867
78.4857572186 12.6698730349
78.469330138 12.672908026
78.4710614531 12.6494423154
78.4746501017 12.6460566494
78.4736132342 12.642972305
78.4707959354 12.642207355
78.4718138584 12.6311577305
78.4713570171 12.6281135954
78.4665395733 12.6227209372
78.4631363912 12.6264383464
78.4591652219 12.6271804221
78.4511472078 12.6275802875
78.4365895344 12.6255273797
78.4299918954 12.6312443558
78.4239806112 12.6289058022
78.4187579023 12.6281043378
78.411442051 12.6238966107
78.4091594092 12.6241562261
78.3977374323 12.6244112825
78.3857822216 12.6235943721
78.3799089628 12.6223432224
78.3721037112 12.6256016139
78.359856223 12.6340960261
78.3502956818 12.642322003
78.3408377216 12.6488119586
78.3337912258 12.6475837143
78.3201378911 12.6603446929
78.3063035563 12.664542493
78.3017776614 12.6632111769
78.3001873362 12.6668539327
78.2983274592 12.668435402
78.2954675703 12.6778892424
78.2784377596 12.6976395634
78.275627329 12.702045917
78.2502079577 12.7025344504
78.2437811356 12.7038764311
78.238566464 12.6994040342
78.2378003661 12.6902725231
78.2392441634 12.6839933326
78.2112041521 12.6857161482
78.206393235 12.6900327156
78.2009090028 12.691361892
78.2005250038 12.6936053253
78.2098487252 12.6987749945
78.2103968127 12.7000394283
78.2057710579 12.7053197829
78.2071327646 12.7067415165
78.2110531975 12.7062928372
78.2143145707 12.7090658892
78.2208825382 12.7093306872
78.2248979046 12.7124408527
78.2314181468 12.7133899778
78.2383154256 12.7252645729
78.239956658 12.7302952773
78.2302831078 12.7570786802
78.2316434097 12.7626359163
78.2361266151 12.7649873928
78.2404991693 12.7720635504
78.2463921342 12.7976206985
78.2511639061 12.8131804625
78.2528049999 12.8223578194
78.2519743827 12.8574116626
78.2555307356 12.8611007128
78.2596246606 12.8598490943
78.2647161225 12.8596097483
78.2690207226 12.8656520766
78.2735436534 12.8666207738
78.2814960117 12.8606058603
78.2866361458 12.8592279892
78.3141057191 12.8573285275
78.3172082869 12.866598217
78.3150515012 12.8758699061
78.3220205374 12.875496609
78.3326000049 12.8730036137
78.3337232338 12.8779956313
78.3384886337 12.884193158
78.3337150646 12.886326398
78.3324223621 12.8818007908
78.3271560131 12.8823280104
78.3218972606 12.8839414035
78.320930634 12.8865961813
78.3242590795 12.8898873734
78.3233719886 12.8934054815
78.324440256 12.8987299242
78.3274168148 12.9027187048
78.3331291309 12.8997137765
78.3381586065 12.8993623723
78.349297226 12.9166337597
78.3486805437 12.923247356
78.3492375614 12.9258794418
78.3549558525 12.9282244047
78.3513739256 12.9321196514
78.3517106224 12.9350435169
78.3563834681 12.9381959595
78.3719958904 12.9218000253
78.3797215483 12.9119892945
78.3894201419 12.9054327052
78.3944637423 12.905658903
78.3961776487 12.9064974021
78.3994736943 12.9157643667
78.4106543841 12.906479511
78.4140582539 12.9016124565
78.4226621487 12.9012115604
78.4285091994 12.8993540884
78.435835777 12.9037479756
78.4360726564 12.9085081505
78.4375884974 12.9123950499
78.4470139082 12.9110170028
78.4469109646 12.8992328635
78.4495152609 12.8966152041
78.449719635 12.8901195608
78.4576840269 12.8851356717
78.4639484744 12.8759192741
78.4634041067 12.8661617078
78.4655361796 12.8636068801
78.4682351601 12.8764946272
78.4695926944 12.8901471121
78.4673674172 12.9031599159
78.4602705585 12.9070516815
78.4540890459 12.9144793654
78.4524153031 12.915993726
78.4456454751 12.918616353
78.4370906097 12.9274507216
78.4335727851 12.9277270355
78.4280996322 12.9304966253
78.4257229652 12.9278313184
78.4251489163 12.9243392255
78.4211804054 12.9168035856
78.41873708 12.9183837585
78.4183601746 12.9255095852
78.4140846162 12.9347044592
78.4121429415 12.943006309
78.4143471369 12.9456157311
78.421654982 12.9479892756
78.4224578263 12.9508526173
78.4196811936 12.9542787459
78.4201885214 12.9571456932
78.4243893189 12.9551386243
78.4274857105 12.954636026
78.4308617295 12.9569480071
78.431640125 12.957918597
78.4384190027 12.96081308
78.4348922555 12.9646570577
78.4338825661 12.9680009991
78.4329578179 12.9730052979
78.4336763785 12.9788561831
78.4366850671 12.9800276649
78.4446445362 12.9790568309
78.4690309623 12.9735708221
78.4687109387 12.9809906313
78.4704853546 12.9860784476
78.4725236857 12.9894439806
78.4664778949 13.0003916576
78.4633406996 13.014030938
78.463658817 13.0188569486
78.461365088 13.0251336923
78.4608993083 13.0360559618
78.462556227 13.0417775145
78.4660019285 13.0428400833
78.4720525686 13.0422727862
78.475711422 13.0451714922
78.4780514065 13.0516429698
78.4820800542 13.0541334012
78.4883904027 13.0535092934
78.492103344 13.0546872732
78.4989447759 13.0600282435
78.5156334601 13.0630978277
78.5158350875 13.0696964138
78.5095757657 13.0800916251
78.5105781841 13.0861145626
78.5129180886 13.0919521603
78.5177981683 13.0944982614
78.5248213453 13.0950030788
78.5258155293 13.1014337775
78.5389798844 13.1076966329
78.5333844842 13.1099814399
78.5271978886 13.1111276036
78.5221038668 13.1166218945
78.5196541143 13.1235408111
78.5197088761 13.1298582475
78.5238711287 13.1305125632
78.5323792684 13.1393357189
78.5464298326 13.1410503714
78.5476613467 13.1472418581
78.543675405 13.1523863347
78.5446477983 13.1564054276
78.5497289867 13.1618659475
78.5578207532 13.1637549458
78.5690481819 13.1626710941
78.5722381093 13.1660371628
78.5763437643 13.1671515515
78.5800711926 13.1668327938
78.5766499307 13.1820758204
78.574298161 13.1877203679
78.5703452155 13.1901095925
78.564423314 13.1901683994
78.5578030954 13.1889037636
78.5533617001 13.1904381272
78.5518516947 13.1975090786
78.5641710801 13.1995264928
78.5692876934 13.2024659321
78.5710451721 13.2084823699
78.5768051884 13.2111923843
78.5795917931 13.2145502252
78.5752400395 13.2183269174
78.5680738755 13.2222884823
78.5697445297 13.2373761614
78.5707437107 13.2436281103
78.5740710639 13.2486571449
78.5793869869 13.2537783707
78.5830082549 13.2588509771
78.5882952237 13.2723011674
78.5869385558 13.2773658191
78.5779652339 13.2819838496
78.5752054324 13.2936040253
78.5723231561 13.2982232229
78.5708475315 13.3035204193
78.5664017911 13.3095880363
78.5648654172 13.3084554965
78.5639732016 13.2947976009
78.5613740984 13.2862036331
78.5579385948 13.2828472612
78.5543721306 13.2833960941
78.546320829 13.2862222696
78.5394677462 13.2859942494
78.5363560927 13.2794206154
78.5345092721 13.2707616943
78.5315344941 13.2657305012
78.5262203912 13.2672713583
78.5226788006 13.2700606002
78.5190233674 13.279562721
78.5145978887 13.2825286271
78.5118305531 13.2872677655
78.5058742062 13.2892636098
78.494123304 13.2980989748
78.4831405523 13.3011221744
78.4807637141 13.3038912979
78.4823058593 13.3178924319
78.4769359395 13.3200656815
78.4710565584 13.3178707928
78.46469975 13.3140795872
78.4584176468 13.3127546652
78.4518203343 13.3094181746
78.4464784935 13.3082614793
78.4407714245 13.3177247702
78.4395142442 13.326978086
78.434897546 13.3289676295
78.4312131599 13.3289479263
78.4256809533 13.3269791811
78.4174831254 13.3199294126
78.4124692421 13.317211299
78.4016582008 13.3135131472
78.3932690399 13.3238582426
78.389482576 13.3266465676
78.3854541105 13.3283487728
78.377325048 13.3297870927
78.3782234076 13.3382237478
78.3815936899 13.3421531658
78.3878536833 13.3410698125
78.3857053046 13.3361547614
78.3893193587 13.3342869718
78.3949271805 13.3333206933
78.3987565249 13.3282390679
78.4016094853 13.3334970484
78.4055850041 13.332371707
78.4077291286 13.3421206558
78.4028845376 13.3453170568
78.3952406642 13.3479563525
78.3939933075 13.3521059904
78.3850593475 13.3561424269
78.3784628263 13.3580265748
78.3742961864 13.3580044419
78.3707747669 13.3566636512
78.366668829 13.3564063235
78.3653917287 13.3647441759
78.3700490421 13.374001868
78.3746763108 13.3801675011
78.3789241662 13.3894909703
78.3814836268 13.40066575
78.3814781031 13.4068588094
78.379652013 13.4185946612
78.3774826574 13.4246366911
78.3754568442 13.4340108124
78.3771571424 13.4408834708
78.3742854393 13.4475142427
78.3743059831 13.4552071477
78.372661582 13.4616525167
78.3736612703 13.4688171681
78.3773621125 13.4764205529
78.3775041602 13.4915209905
78.3783277554 13.4993169147
78.3773232401 13.504725021
78.3796011852 13.509465031
78.384219245 13.5150612737
78.3831067408 13.5217837435
78.3954797244 13.5412025646
78.3959929404 13.5534729132
78.4077491251 13.5757093609
78.4038580168 13.5801570818
78.4007040946 13.5875931795
78.3902392192 13.5907790923
78.3769806398 13.5897389128
78.37128638 13.588297846
78.353512069 13.5871771742
78.3326290502 13.5923374461
78.3222530161 13.592824818
78.3015777516 13.588111955
78.2903089414 13.5869330251
78.2750700872 13.5874567325
78.2679486172 13.5845315133
78.2593287153 13.5835090485
78.246165808 13.5936581737
78.2372774313 13.5963668091
78.2322012143 13.5862406315
78.2279926289 13.5871392857
78.2243714677 13.5892313042
78.2180621959 13.5909974389
78.2119583498 13.5770974156
78.2053964738 13.5698010471
78.1996043839 13.5661521932
78.1985574248 13.5654925965
78.1928055031 13.5654772413
78.1911346332 13.5682459387
78.1896499738 13.5732510451
78.1905566594 13.5827771444
78.1889552269 13.588007794
78.1980651805 13.5974693822
78.2032213301 13.6039756253
78.2048555919 13.6106171999
78.2034059983 13.6252097306
78.195296617 13.6302055634
78.1749503661 13.6299560801
78.1699260577 13.6324103462
78.1683478329 13.6541162217
78.165092323 13.6576433957
78.1554865272 13.6585756532
78.1383535935 13.6571551591
78.1324871934 13.6577689231
78.1251354631 13.654495072
78.1165921105 13.6559354331
78.1031027392 13.6490886274
78.0998181442 13.6418290057
78.0955429323 13.6423215271
78.0899224361 13.644139096
78.0888275576 13.6533306063
78.0891710095 13.6591769793
78.0819426751 13.66393824
78.0749752796 13.6732333341
78.0674321563 13.6756983653
78.0699962104 13.6804972426
78.0731848798 13.6832897612
78.0744585596 13.6887883645
78.0716916429 13.6943147006
78.0731221948 13.6968954309
78.0942841166 13.6893922489
78.1090184343 13.691351541
78.1145463696 13.6931982735
78.1163654145 13.7071375047
78.1190484548 13.7127384691
78.1185196236 13.7189986892
78.1146251538 13.7233861035
78.1095420308 13.7267549869
78.1064818121 13.7318839244
78.1023511922 13.7363384596
78.0939550092 13.7421934152
78.0983105106 13.7517455539
78.1043584359 13.7589917352
78.1102440464 13.7617014761
78.1155530641 13.7655041062
78.1200593202 13.7704671241
78.1272788753 13.7856167315
78.1241970351 13.7963751846
78.1180062085 13.8070343881
78.1166502735 13.8122641665
78.1262416287 13.8304404349
78.1224691272 13.8495196816
78.1149454368 13.862142509
78.1062572457 13.8613453815
78.0972335461 13.863480777
78.0837458111 13.8634610262
78.0797188529 13.8804718092
78.0767458671 13.883024713
78.0691317934 13.8852612502
78.0634602842 13.8878231804
78.0570454819 13.8929788419
78.0498497092 13.8951542344
78.0514421315 13.8818269334
78.051661393 13.8722498542
78.0500857634 13.8665193411
78.0465812652 13.8613188873
78.0243009179 13.8628041552
78.0190357703 13.8649043445
78.0134445641 13.8701076501
78.0001296762 13.8707748606
77.9937830215 13.8700261511
77.9908937577 13.8651597086
77.9898719509 13.8571640067
77.9790192032 13.8350096855
77.9744219219 13.8285328423
77.9531819554 13.8283009759
77.956729395 13.8331338709
77.956633997 13.8376813504
77.9542814311 13.8481055812
77.9503318238 13.8793129264
77.9509644456 13.8884867398
77.9580291434 13.8927279056
77.9801579852 13.8968876441
77.9865771476 13.901654162
77.9831945118 13.9136148052
77.9831234028 13.9205272252
77.9818681019 13.9281407275
77.9820111288 13.9324952684
77.9864299097 13.9458738467
77.9870691526 13.9558940032
77.9748711693 13.9587705328
77.9697065243 13.9581734165
77.9637384998 13.9501192902
77.9627084294 13.945256973
77.959198058 13.9361477654
77.9574954416 13.9349543047
77.9544506288 13.9366322081
77.947270563 13.932813397
77.9440626367 13.9261105517
77.9381457678 13.9170056014
77.9282331747 13.9068874275
77.9200088345 13.9054181902
77.9143276519 13.9076110799
77.9088194217 13.9104895982
77.9040378586 13.915857852
77.8980136109 13.9194664518
77.8956287925 13.9258389082
77.8961503091 13.9358209598
77.8952839444 13.9392664172
77.8706740997 13.9348477253
77.8622844551 13.9351164408
77.8541914788 13.9363381928
77.8382738327 13.9351332631
77.8297257695 13.9385129437
77.8264049141 13.9428406825
77.8223351089 13.9389510628
77.8166005536 13.9305449963
77.8144651532 13.9255061621
77.8144762607 13.91661057
77.8155057387 13.9112089014
77.8192248693 13.9026944527
77.8228469346 13.8991120885
77.8291724988 13.8972504243
77.8332400996 13.8879307209
77.8354898682 13.8796464012
77.8274212277 13.874062983
77.8359713523 13.8686796271
77.819020612 13.8601496819
77.8160607276 13.8547135388
77.8109912561 13.8487073149
77.8027182138 13.8489764618
77.794552161 13.8479301785
77.7842061343 13.8439035243
77.7822522587 13.8397239545
77.78561864 13.8320647218
77.7884757 13.8280341235
77.7886337383 13.8247044073
77.7866851457 13.8209247301
77.7773853256 13.8165484381
77.7634768514 13.8155207442
77.7563142495 13.8141837622
77.749148856 13.8117478098
77.7416895802 13.8113837829
77.7365193668 13.8096775141
77.7265669454 13.8006553189
77.7209295641 13.7984441282
77.7232348098 13.7912017017
77.7208518204 13.7826575328
77.7223149711 13.7687524412
77.7212713449 13.7587139877
77.7216003832 13.7541213184
77.7191581906 13.745692847
77.7169075094 13.7407145921
77.7155069559 13.7421538542
77.7103296161 13.7389581671
77.7036035378 13.7693497457
77.6927372781 13.7665277119
77.686856744 13.7635648127
77.6765210883 13.7601668574
77.6717084164 13.7601323287
77.677796719 13.7704387049
77.6797615127 13.7779984513
77.6782093269 13.7853541409
77.6719807914 13.7837148795
77.6645408519 13.7844978783
77.6570215459 13.7836631997
77.6222241898 13.7680802116
77.6183377053 13.7632137465
77.6205335871 13.7546532972
77.6416870651 13.7491186572
77.6447110092 13.7430816641
77.641525141 13.7406785054
77.6364721998 13.7377749829
77.6291871691 13.7352203474
77.6235644799 13.7361670815
77.6121247272 13.7503294112
77.6034425252 13.751335905
77.5947315809 13.7445414701
77.5893778235 13.7383111565
77.5814398794 13.7343815461
77.5744134917 13.7371069535
77.5638589329 13.7241709775
77.5558920759 13.7281025978
77.5528733998 13.7358623053
77.5492666359 13.7425977484
77.547190259 13.7513789971
77.5371620213 13.7534843007
77.5273051297 13.751463655
77.5227609708 13.7446477386
77.5303571509 13.7387075327
77.5342709942 13.7328901376
77.5352431989 13.726691189
77.5355483587 13.7146967126
77.5332846038 13.7048847323
77.5292602792 13.6955533599
77.5200446427 13.6933415052
77.5156532083 13.6964561825
77.5146089177 13.7003092373
77.5144657828 13.7081125654
77.5104374668 13.7120367643
77.494952383 13.7143870354
77.4873232043 13.7107982573
77.490002567 13.7064223349
77.4911465514 13.6993036145
77.4927669968 13.6943057952
77.4905736262 13.687310756
77.484114002 13.6852104479
77.4573005051 13.6833511148
77.4523345627 13.7032879366
77.4535209226 13.7081648883
77.4609283864 13.7116381088
77.4643620311 13.7201740898
77.4655705534 13.7305637123
77.4656013693 13.737846613
77.4675463852 13.7414050863
77.4701079042 13.7510928622
77.4695919801 13.7565532025
77.466195123 13.757308288
77.4613729486 13.7855002517
77.4597990184 13.7878579728
77.4581717792 13.7929724802
77.4601273557 13.7987653049
77.4648459004 13.8044910455
77.4629787405 13.8072477966
77.4541231366 13.8094568652
77.4479074342 13.8097056169
77.442794068 13.8066301394
77.4360000932 13.795405634
77.4273820749 13.7963506579
77.4241656539 13.7983178825
77.4268201105 13.8031795031
77.4265427063 13.8070854733
77.4219626856 13.807557462
77.4188468432 13.8062510419
77.4159159416 13.8066025188
77.415465275 13.8098222016
77.4209339531 13.8147368245
77.4200089078 13.8191034621
77.4223130939 13.8227106923
77.4319767707 13.8340446664
77.4335115239 13.83708206
77.4317706623 13.8424764841
77.4259761854 13.8408658082
77.4111285537 13.838731718
77.406381955 13.8397247
77.3969935093 13.8402160532
77.3882459254 13.838518756
77.37997221 13.8385457944
77.3802336344 13.8454402168
77.3746177423 13.8504458414
77.3665295281 13.8528840437
77.3592469047 13.851586263
77.3540068787 13.846777395
77.3468885753 13.8420405548
77.3417078995 13.8366059032
77.3342423266 13.8319756313
77.3269779175 13.8329216791
77.3230916684 13.8468764235
77.3177861878 13.8582580845
77.3138123136 13.8643523398
77.3028911654 13.8606545481
77.2965427391 13.8571121746
77.2923644609 13.8531154448
77.2897661901 13.8480699723
77.2819679228 13.8498687365
77.2627175682 13.8464852509
77.2571943467 13.8465028812
77.2597744256 13.8631403571
77.2504523295 13.8672922765
77.2474245487 13.872862599
77.2459225873 13.8805621734
77.2454805995 13.8884797208
77.2482042078 13.8958176078
77.2467493814 13.9010392132
77.2404708215 13.9018683016
77.2320806603 13.9024000379
77.2284884199 13.895757931
77.2275241736 13.8887032402
77.2236138204 13.8761998396
77.218129722 13.8683591585
77.2147250112 13.8673376302
77.2154295705 13.8853506558
77.2115026425 13.8880628561
77.2091367555 13.8817530075
77.2075300342 13.8734304896
77.2034586804 13.8664452729
77.1992782934 13.8631267127
77.1853249259 13.866723601
77.1816353849 13.868279341
77.1847171894 13.8782587117
77.1860928741 13.8851989407
77.1856966764 13.8901385202
77.1878290306 13.8980496235
77.1886850144 13.9081452534
77.1880661868 13.91761068
77.1834534724 13.9242259466
77.1764663568 13.9231470234
77.1659440781 13.91526129
77.1623402968 13.9066098159
77.1634289935 13.8981144057
77.1681505842 13.889261453
77.1688300315 13.8831241457
77.1713863066 13.8730711502
77.1689594679 13.8638400804
77.1546430617 13.8666299905
77.1457891565 13.8658511179
77.1365531605 13.8567457906
77.1302769089 13.8561896546
77.1316551032 13.8498218337
77.14689626 13.8447302362
77.1522266397 13.8417936034
77.1543738248 13.83570664
77.1644030603 13.832347
77.1687887104 13.8276342756
77.168481469 13.8223549374
77.1627237693 13.8182374496
77.1618853367 13.8142870689
77.162868397 13.8106586205
77.1606300401 13.8074593409
77.1622663541 13.8050423217
77.1625469391 13.8002197817
77.1650507805 13.7940178653
77.1706611617 13.7872868915
77.1758082612 13.7825078488
77.1779679636 13.7790025432
77.1762869879 13.7683383723
77.1732223691 13.7616328069
77.1647672706 13.7618843616
77.1533375947 13.7616817553
77.1440704079 13.7625697033
77.140660499 13.7599396824
77.1300310738 13.7577810988
77.1174309313 13.7614878462
77.1016722007 13.767719791
77.0921636423 13.7649340097
77.0916211779 13.7613733315
77.0867572793 13.7602356113
77.0856830577 13.752842214
77.0870031127 13.7442241651
77.0778593317 13.7455641959
77.0663714516 13.7456530873
77.0610504272 13.751282134
77.053630814 13.7628350718
77.0414098329 13.7760032453
77.0325596168 13.7781500863
77.0260473051 13.7765541253
77.0246326267 13.7684038483
77.0200453339 13.7541758929
77.0176246604 13.7394349051
77.008117928 13.7433547957
77.0000627305 13.7481894466
76.9987329916 13.7492239478
76.9978063955 13.7519985145
76.9982585686 13.7561817792
76.9962602982 13.7597556959
76.9950722672 13.7668441133
76.9924285495 13.7731646497
76.9904255991 13.7832029488
76.9872652017 13.7924137759
76.990906272 13.7953203869
76.9918273464 13.7996206907
76.9897480698 13.8107931508
76.9860495812 13.8137804097
76.9747953802 13.8168135081
76.9743650742 13.8209587119
76.9775098801 13.8254377163
76.9825128189 13.827928403
76.9899700275 13.8343203699
76.9922283936 13.8458001968
76.9959188014 13.8460905263
77.0001222944 13.8455469141
77.0120116174 13.8566865201
77.0131361806 13.8607600637
77.0140390777 13.8694855329
77.0183194822 13.870677509
77.018625297 13.8738328447
77.0177001168 13.8780253748
77.0226071339 13.8943130967
77.0232593606 13.8999416558
77.0338276546 13.9037582985
77.0473345135 13.904012735
77.0418453963 13.9321748904
77.0245450352 13.9413201347
77.0199003319 13.9460021488
77.0139861064 13.9538779841
77.0052763423 13.9569289819
77.0009133088 13.9591956185
77.0001640061 13.9598590406
76.9948225213 13.9631543199
76.9959958522 13.9767278611
76.9971240594 13.9822565045
77.0001656443 13.9879408602
76.9907794469 13.9939411783
76.9830833128 14.0002715963
76.9833812026 14.0002642053
76.9808999754 14.0029855123
76.9698871332 14.0086099998
76.9541940338 14.0131243097
76.9503461484 14.0170088397
76.9479179408 14.0218046282
76.9463502711 14.0269207727
76.9366454271 14.029034176
76.9392548482 14.0469595138
76.943496466 14.0538891678
76.9488291496 14.0535136032
76.9552959716 14.0541476776
76.977151029 14.0587301085
76.9798339701 14.0640405822
76.9806290284 14.0716037671
76.9778608992 14.0747171483
76.9774441759 14.0820280058
76.973666665 14.0860426423
76.9656772465 14.0892553555
76.9569562707 14.0916412116
76.9518101051 14.0915166919
76.9540528104 14.0976685665
76.9537218957 14.1028302029
76.9520627376 14.1092088234
76.9483821067 14.1181258685
76.9428318843 14.1213664964
76.9323636238 14.1333932489
76.9277963024 14.1352228609
76.9224849261 14.1306540931
76.917867413 14.1282835212
76.9037720106 14.1330214438
76.8961901271 14.1339719702
76.8889351014 14.1371444902
76.8921797329 14.1423517934
76.8944316765 14.1569789408
76.8966726647 14.1650961218
76.9020080662 14.1680034092
76.9224993286 14.1638151666
76.9282985149 14.1695399527
76.9423542261 14.1720516004
76.9446171174 14.1738764816
76.9468942052 14.1841868689
76.9445773601 14.1929527729
76.9470025675 14.19545607
76.949405207 14.1944683487
76.9544547563 14.1899799564
76.9591794874 14.1872071449
76.9639225569 14.1816985563
76.97112247 14.1805226555
76.9782268985 14.1805056421
76.9836908765 14.1791405455
76.9917766471 14.1787661024
76.9999226946 14.1800036272
77.0116165762 14.1811164301
77.0196237233 14.1793208589
77.0254420519 14.1789931732
77.0269673219 14.1747002622
77.0266966632 14.1706340047
77.0216456933 14.1589957535
77.0205899675 14.1385105915
77.0194594294 14.1337340182
77.0248647734 14.1316370517
77.0259421377 14.1286555522
77.0220341793 14.1238672638
77.0227205453 14.1182991335
77.0222792327 14.1124465197
77.0139898996 14.1044779904
77.0161281169 14.0984153466
77.0204301428 14.0950737112
77.0297418535 14.0897587268
77.0303013452 14.0835773324
77.0260074307 14.0678481238
77.0294884568 14.0596873947
77.0342936658 14.0584072922
77.0406812432 14.0578819654
77.0490629282 14.0581240113
77.057070399 14.056061381
77.0749602554 14.0536833179
77.0754712904 14.04595681
77.0824486271 14.0445761165
77.0967585521 14.0448101964
77.1026870542 14.0472553659
77.110009897 14.0471409786
77.1162148791 14.0486234703
77.1271877569 14.048776452
77.1308027184 14.0413547293
77.1339788499 14.0252726501
77.1402069496 14.0163222801
77.1390502482 14.0108664484
77.1405302822 14.0047997835
77.1457114602 14.0038644284
77.1506138971 14.0002115361
77.1508278949 14.0002112222
77.1535770848 13.9983122765
77.1606851629 13.9973144984
77.1646212468 14.0002285703
77.1644257919 14.0002315765
77.1690533891 14.0044764603
77.1679437412 14.0129536438
77.1776727077 14.0153156235
77.200921627 14.0096202156
77.2140770748 14.0116577224
77.225272305 14.0147079714
77.2337132034 14.0147701285
77.2490643637 14.0131489402
77.2622694678 14.0278159504
77.2710439134 14.0333857108
77.2780550166 14.0349786724
77.2807730324 14.0230689894
77.2791802856 14.0149101157
77.2850922927 14.0138040834
77.2918030651 14.0184409017
77.2989073887 14.0214176959
77.3046586174 14.0299472338
77.3101907492 14.0336550922
77.3201620776 14.0317691437
77.3231704792 14.0284134362
77.3237063173 14.022277245
77.3269274597 14.0162204403
77.3308211505 14.0122928881
77.336880015 14.0018915536
77.3364211933 14.000359173
77.3365236128 14.0003542546
77.3370977371 13.9973737564
77.3402568087 13.995067829
77.3524568085 13.9926259689
77.3606085384 13.9893800288
77.3602356165 13.9833618171
77.3537860497 13.967660309
77.3540632866 13.9624355152
77.3505867733 13.957970774
77.3689388449 13.9525818828
77.3695201472 13.949420179
77.3595482592 13.9355703471
77.3495193399 13.9193556129
77.3504369963 13.9131079447
77.3528334085 13.9104590654
77.3552766075 13.9036787358
77.3658359416 13.9027276468
77.3974803948 13.9049119258
77.3989485445 13.8871268264
77.4033654112 13.8876854931
77.4041723324 13.8877840498
77.4156419109 13.8960704342
77.4261145409 13.9021812849
77.4327706958 13.909324778
77.4345593485 13.9164951762
77.4296316636 13.9192093075
77.4172572238 13.9218332961
77.4155263138 13.9288366728
77.4147546269 13.9433053331
77.4296731749 13.9462332382
77.4357908675 13.9505793417
77.4361318226 13.9636017668
77.437973508 13.9692208367
77.437703296 13.9759902023
77.4336636954 13.980478502
77.4275152006 13.9840548109
77.4171836484 13.9840905334
77.3934591796 13.98112713
77.382586775 13.9762270888
77.3796070062 13.9826112472
77.3800983494 13.9888064503
77.3867629547 14.0003780964
77.3902571546 14.0144499145
77.3819348291 14.0191640702
77.3691543224 14.0230357971
77.3568786818 14.0234769372
77.3508056324 14.026070676
77.332903528 14.0299087403
77.3379554167 14.0468057226
77.3412316466 14.0547457744
77.3446588238 14.0607920253
77.3568538879 14.060359421
77.3653062219 14.0659201918
77.3681064478 14.0729359276
77.3791388611 14.0788520755
77.3864135319 14.0973755357
77.392448867 14.1004584133
77.4022297813 14.1104421078
77.4032033511 14.1175636946
77.4012035956 14.1216284045
77.3964894817 14.1255511516
77.387081405 14.1235954713
77.3799508792 14.1195403776
77.3656055341 14.115653387
77.359105428 14.1122813287
77.3551744771 14.1061821664
77.351205279 14.1029356836
77.3531391138 14.117351907
77.3531502885 14.1247516966
77.354357162 14.1312375221
77.3615020733 14.1306571549
77.3716650819 14.134048312
77.3833661866 14.13653966
77.3854223851 14.1452151659
77.3893087118 14.1546510565
77.3962516545 14.1604817001
77.3963885669 14.1721881899
77.4041573949 14.1734437158
77.4164423 14.176679312
77.4230644286 14.1762636761
77.4302486738 14.1720631185
77.4607718074 14.1700173427
77.4701966529 14.1712847859
77.4955087388 14.1601947975
77.5074394331 14.1580928523
77.5096682828 14.1642455622
77.5137775177 14.1713828204
77.5173354595 14.1791490837
77.5164033761 14.1840751765
77.5111007736 14.1877649662
77.5080248161 14.2003074428
77.5066236058 14.2115475234
77.4999726992 14.2210246755
77.499736322 14.2271018516
77.4969449492 14.2346620676
77.5031458915 14.2474324946
77.505662201 14.2565599634
77.5062088935 14.2675263702
77.5030803064 14.2787410205
77.498947431 14.2782581531
77.4911697265 14.2822258247
77.4861107507 14.29171829
77.4858826199 14.2906823983
77.4751580939 14.2863722533
77.4614005347 14.2791101434
77.4502843807 14.2844375498
77.4490949274 14.2977860864
77.4489669078 14.3166025545
77.4341194223 14.3116865903
77.4324227483 14.3276229985
77.427262085 14.3287951216
77.4158046439 14.3338827414
77.4013497345 14.3359058433
77.3921068529 14.3316088317
77.3852695077 14.3238222929
77.3802984911 14.3118573373
77.3814619872 14.3019427379
77.3876820858 14.2897719876
77.3915694774 14.2792458253
77.3908671699 14.2724122036
77.3964075277 14.2682051052
77.4075936884 14.2672425969
77.4113721321 14.2554577932
77.4127933892 14.2435901641
77.4156917129 14.2304766924
77.4213821975 14.2239743289
77.4223724403 14.2188765486
77.4215717125 14.2101495036
77.397871904 14.1977851777
77.3904120775 14.1987094489
77.3867051991 14.209411507
77.3882210972 14.2170449172
77.3831930919 14.2235579129
77.3708336384 14.2301284523
77.3618978024 14.236835639
77.3657199788 14.2503983509
77.3647288765 14.2670829372
77.3657028325 14.2760898756
77.3598363192 14.2774305997
77.3497711207 14.2772508423
77.3269252231 14.2801347713
77.3137911565 14.2805002776
77.3017176957 14.2831096454
77.2917409668 14.2813750741
77.2858202107 14.2827004544
77.2881052359 14.2970633054
77.2888765867 14.3088864369
77.2873010828 14.3376698617
77.2794330131 14.3382948672
77.2734459004 14.3335513003
77.2639474332 14.3322214716
77.2573783429 14.327120761
77.2511695973 14.3210491928
77.2380129733 14.317570344
77.228932932 14.3214541695
77.2157722766 14.3194644262
77.2022844267 14.3207360514
77.1853863816 14.3327630685
77.1826086957 14.3326793619
77.1777224732 14.3366009958
77.1700439406 14.3368259252
77.1655575543 14.3425895885
77.157920109 14.3440809421
77.1522265661 14.3385219022
77.146285448 14.3424330863
77.1412832281 14.3403199718
77.1376444413 14.3369038558
77.1383611975 14.3303685721
77.1366812772 14.3201328676
77.1315260815 14.3078621179
77.1230515556 14.2977418583
77.1176504566 14.2938494824
77.1162874611 14.2812682706
77.1126785859 14.2681039007
77.1212954615 14.263184602
77.1173480941 14.2548281193
77.1187901623 14.2462929292
77.1162652215 14.238358345
77.1157703304 14.2278554261
77.1108887792 14.2196695344
77.1010021922 14.2158602413
77.0906265552 14.214817547
77.0810653365 14.2156927152
77.0733127487 14.2241854455
77.0658907768 14.2304620061
77.0609637542 14.2385868124
77.0552305411 14.245811081
77.0462259 14.2470227325
77.0385980859 14.2467324482
77.0301214131 14.2429128432
77.0180111547 14.2413042345
77.0095966055 14.2377756056
77.0000168695 14.2417452016
76.9982368461 14.2391740702
76.9948115836 14.2425756731
76.9878946898 14.244308927
76.9810110187 14.2435697027
76.9751059295 14.2413551846
76.966930477 14.2420337559
76.9567118965 14.2402664818
76.9487530178 14.2424168319
76.9431112741 14.2461954253
76.9412547123 14.2548521337
76.9388608904 14.2595790851
76.9310275563 14.2704458045
76.9300404508 14.2782167716
76.9407142223 14.2826847567
76.9489980181 14.2877402464
76.9539880744 14.2928168202
76.9553537963 14.3000879156
76.9519270534 14.3064897219
76.9481364028 14.3114153469
76.9417464317 14.3144309794
76.9282851246 14.3156503137
76.9219201937 14.3182473795
76.9112452907 14.3212999694
76.904018309 14.3251850001
76.8903494544 14.3454977639
76.8840484002 14.3522803148
76.8835550515 14.3572669202
76.8880429755 14.3961412666
76.8916894225 14.3982980268
76.8972646789 14.3987315736
76.901583919 14.4003408892
76.9061258828 14.4041854674
76.9180719517 14.4194187831
76.9239565183 14.4173338753
76.9418371026 14.4072329361
76.9466522286 14.4054633547
76.948673766 14.4091919595
76.9497520995 14.4148425738
76.9493690746 14.4311364318
76.9477378446 14.4457309284
76.9488253192 14.4509820635
76.9636612788 14.4512989639
76.9694348326 14.4576535447
76.9792873354 14.476269467
76.9784760598 14.4841761756
76.974158404 14.4849819741
76.9608396836 14.4854554235
76.9503950388 14.4880033969
76.9113780219 14.4899408342
76.8991082197 14.4865214268
76.8903021261 14.4817062614
76.885095828 14.4762882084
76.8749732285 14.4741912057
76.8685572182 14.4803977597
76.8651590916 14.4928377125
76.8588979202 14.5045653544
76.8485555596 14.5148099564
76.8366818223 14.5207125248
76.8329909158 14.5278627612
76.8321477775 14.5286790921
76.824271364 14.5259496706
76.8153949356 14.5293984446
76.8095884433 14.5304555524
76.8042093269 14.5333120612
76.799147466 14.5462843308
76.7905686284 14.5585920329
76.7884448191 14.5675010485
76.7825050602 14.5848202357
76.7806190143 14.5958031152
76.7786648736 14.5960439844
76.7770456436 14.5926704137
76.7651902982 14.6017291121
76.7644478122 14.6074549607
76.7672497035 14.6173532132
76.7737235314 14.6617122379
76.7754973197 14.6792233171
76.7853047555 14.6958510775
76.7897533378 14.712457976
76.8022885673 14.7399479441
76.7992243644 14.7464759321
76.7923319263 14.7571595155
76.7905922724 14.7672244793
76.7854219855 14.7796172076
76.7844666707 14.7845376168
76.8151940716 14.7867532134
76.8209480036 14.7878243079
76.8215769101 14.7907698906
76.824958455 14.7919480568
76.8306748452 14.792325959
76.8356402832 14.7894595522
76.8380455058 14.7902655047
76.8392321051 14.80546506
76.8414794573 14.8094794613
76.8512014627 14.8076675361
76.8530456878 14.8093830145
76.8538968653 14.8171548132
76.8528322271 14.8195947365
76.8487251432 14.8209259016
76.8472566223 14.8296263193
76.8445017982 14.8333999357
76.8443350903 14.8353540776
76.8486143617 14.838566066
76.853654227 14.8440300561
76.858368572 14.8666708595
76.8559170981 14.8678151848
76.8551090203 14.878136233
76.8532704408 14.8852043909
76.8474501278 14.8867285011
76.8479661172 14.8916758602
76.8503392971 14.8955867413
76.8645386295 14.8964639872
76.8669730316 14.9070381222
76.8681173849 14.9170017502
76.8677192453 14.9208958866
76.8696791542 14.9428344639
76.8678482111 14.9604202514
76.8686261202 14.9692227293
76.8452682854 14.966334083
76.8399587864 14.9642508538
76.8366259429 14.9586444064
76.8319652864 14.9561742961
76.8277076205 14.9587637071
76.8243181928 14.9643120102
76.8194760974 14.9689493898
76.8008454121 14.9680177959
76.7759728519 14.9737041466
76.7676202151 14.974923217
76.7656978674 14.9803323399
76.762462234 14.9844983503
76.7608095671 14.9880027481
76.7630561825 14.9900981339
76.7661881756 14.9944929469
76.7690163255 14.9940959404
76.7700552304 14.9958454311
76.7718956873 15.0006691652
76.7733773906 15.0056079358
76.7836029554 15.0109254981
76.7884331016 15.0216985524
76.7856377769 15.0283624633
76.7846228386 15.0392432413
76.7788325443 15.0489432008
76.7749185419 15.059065305
76.7745994399 15.0632562949
76.7763375733 15.0700830562
76.7795224951 15.0741174008
76.7779835458 15.0763497525
76.7801426555 15.0782519779
76.7823939028 15.0765365207
76.7877090251 15.0806293847
76.7860314081 15.0837768407
76.7880111884 15.0857364751
76.7913649264 15.0854007041
76.8007676048 15.095711467
76.8157653426 15.0852278823
76.825191019 15.0798672393
76.833383882 15.0793197481
76.8413806153 15.0775169166
76.8471901635 15.0712151278
76.8646183718 15.0618074546
76.8681427429 15.0551048762
76.8738461651 15.0491463379
76.8808333677 15.0338335259
76.892854862 15.0369182874
76.9004011376 15.0370570363
76.9096586669 15.0344850833
76.917775037 15.0361542957
76.9236139124 15.0337341671
76.935972333 15.0315429368
76.9470791812 15.0322760502
76.955023289 15.0296917997
76.9712108337 15.0184700129
76.9862422787 15.0156812922
76.9879731209 15.025738459
77.0001585283 15.029004396
77.0031311966 15.0323866046
77.0051849536 15.0349275653
77.0138146765 15.034923412
77.0275294314 15.0330164936
77.0420592749 15.0329583769
77.0515087846 15.0346040118
77.0534283969 15.029263355
77.0510377173 15.0214369609
77.0456524625 15.0108986576
77.0555875861 15.0097252041
77.0661765873 15.0070065835
77.0733186422 15.0065747759
77.0835698814 15.0054923776
77.0852463586 15.0133673296
77.086822092 15.0277473146
77.0930210008 15.0285140303
77.0955444524 15.0331834991
77.1064736064 15.0328235546
77.1143830534 15.0340653486
77.1164155156 15.043612516
77.1208835675 15.0455871974
77.1232008483 15.0561104943
77.1257258964 15.060551979
77.1303335834 15.0736766048
77.1324034993 15.099086252
77.1441917547 15.1053327143
77.1525416317 15.1127865243
77.1588692094 15.1259684259
77.1575741683 15.1370557295
77.1401220786 15.1414148211
77.136835176 15.1480684227
77.141717555 15.1546394579
77.1502841997 15.15610435
77.1578481299 15.154241054
77.1625181738 15.1543689548
77.16410621 15.157539443
77.1636023926 15.1632845601
77.1680229783 15.1667519466
77.1692925149 15.1738783069
77.1663290658 15.1876002975
77.162914136 15.1991925353
77.1605405537 15.1997065903
77.1546883654 15.2132427809
77.1517830423 15.214147351
77.1460718786 15.2234413036
77.1255373558 15.2265177705
77.1280837271 15.2385929503
77.1373067292 15.2398963307
77.144915153 15.2568204792
77.1513567461 15.2555774895
77.1626468645 15.2566555066
77.1699787373 15.256281376
77.1688839178 15.2643773079
77.1623752281 15.2656744958
77.1545344951 15.2721981869
77.1498126902 15.2713193067
77.1495579399 15.2745298976
77.1526830863 15.2762115767
77.1533682045 15.2831120652
77.1525552706 15.290917712
77.143458379 15.290713871
77.1283145118 15.2927784301
77.1199638823 15.2950424378
77.1179340406 15.3242779043
77.1147366772 15.3258759338
77.1141733927 15.3324222174
77.1037661245 15.3317431224
77.0734699746 15.3245621317
77.0659383278 15.3269423572
77.0675102947 15.3331532552
77.0672314482 15.3429761535
77.062171333 15.3482394675
77.0468719884 15.357249593
77.0422906066 15.3637782171
77.0465424111 15.3797872518
77.0480622462 15.388724532
77.0452418396 15.3964726963
77.0374713846 15.4012065613
77.0327184093 15.4062434248
77.0310276468 15.4126719539
77.035176399 15.4232597055
77.0346600178 15.4312422787
77.0315440144 15.4400770273
77.0279799062 15.4434491419
77.0193853384 15.4459382799
77.010178446 15.4530837298
77.0060890697 15.4602157359
77.0047939415 15.4665298723
77.0000288813 15.4722776832
76.9929725983 15.4779483926
76.9800400236 15.4867802536
76.9743194827 15.4956703681
76.9740680041 15.499696612
76.9758061649 15.5110522056
76.9855839736 15.5095200587
76.9948394669 15.5058512173
77.0000171729 15.50450569
77.0094375039 15.5075570931
77.030685055 15.5048096016
77.0328391261 15.5133705019
77.0329338307 15.5299073644
77.0277104564 15.581099367
77.0284356272 15.5890807382
77.0328851969 15.6029611672
77.0323831325 15.6115496788
77.0310659663 15.6340217749
77.0332401654 15.6385049519
77.0366224954 15.6366852702
77.0399903946 15.6370458259
77.0729237045 15.6456140145
77.0855321689 15.6575531541
77.093014492 15.6522466155
77.100078142 15.6488885025
77.1047132474 15.6439147641
77.108056076 15.6386962477
77.1204098293 15.6299020127
77.1251480686 15.6419822342
77.1291829832 15.6638140029
77.1232518527 15.6668356617
77.1146243807 15.6759854932
77.1049383704 15.6835833206
77.0799612515 15.6955395884
77.0819642406 15.6980162387
77.0856809517 15.6999865289
77.0884048938 15.7136082984
77.0802866537 15.715003748
77.0802932518 15.7260323171
77.0669595522 15.7282736838
77.0510188374 15.7295849051
77.0511653936 15.7377328886
77.0471323369 15.7390382332
77.0506013212 15.7558736875
77.0556431733 15.7546844177
77.0570803221 15.7634248475
77.0523910599 15.7652944231
77.0536196661 15.7686300407
77.0576419324 15.7681934998
77.0605077338 15.7768078719
77.0636749408 15.7833725428
77.0663969737 15.782925453
77.0711626703 15.800564085
77.0654164804 15.8024312314
77.067778207 15.8276418027
77.0561055754 15.8287981529
77.0537563727 15.82459964
77.0453362852 15.8261130441
77.0421767615 15.8299488248
77.0376794228 15.8288373085
77.0319393622 15.8300211058
77.0281841056 15.833910654
77.0260362047 15.836192202
77.0327832496 15.8493081828
77.0369486708 15.8574786936
77.0448381178 15.8683586243
77.0562609666 15.8806837675
77.0620214287 15.8915544393
77.0697720487 15.9036999883
77.080627297 15.9141319425
77.0939180411 15.9222723727
77.1085179134 15.928938133
77.1246102811 15.9332489539
77.1339075644 15.9348291954
77.1407519526 15.9406587247
77.1474312597 15.9450467316
77.1611524224 15.9489374208
77.1747766995 15.9500286728
77.1847087299 15.954539775
77.1919364659 15.9551997697
77.2071105201 15.9543936372
77.2228616707 15.9561717108
77.2313328305 15.9561481553
77.2403283478 15.9572638935
77.2483161373 15.9613161149
77.2531735238 15.9623048682
77.2624254237 15.9585529578
77.2674721267 15.9559839231
77.286805371 15.951981092
77.2961558363 15.95459508
77.304624942 15.9551424082
77.3192233334 15.9498492537
77.3396709425 15.9479736335
77.3581593741 15.9484289283
77.3644439193 15.9462716788
77.372703333 15.9407899484
77.3808300782 15.9380056341
77.3902478045 15.9392360743
77.3973448709 15.9415520236
77.4046948493 15.9402589292
77.4123348814 15.9404542475
77.421159125 15.9427791491
77.4266544023 15.9461198118
77.4311513587 15.9471122173
77.4412391404 15.9438751765
77.4573199358 15.9364033024
77.4718445465 15.9324816702
77.4881974325 15.9329905869
77.5022443585 15.931251101
77.514409428 15.9258354273

79.8450550006 13.3306973494
79.8413708799 13.3263716656
79.8428000065 13.3233116315
79.8460727194 13.3229525678

