89.8600248905 26.3819687203
89.8601015945 26.3820527602
89.8622326515 26.3843875614
89.8622410845 26.3843967721
89.8581467894 26.3959178581
89.8553207025 26.3982168341
89.854023763 26.3998603542
89.8518023275 26.4026754698
89.8510483746 26.3977210395
89.850140999 26.3957469042
89.8494709874 26.3942891641
89.8457344989 26.3910780547
89.8453678187 26.3907629337
89.8356543274 26.3901425255
89.835593223 26.3901386698
89.8329710556 26.3934202024
89.83228639 26.3964044961
89.8344788254 26.4032137954
89.8383067134 26.4122251678
89.8383654922 26.4122054163
89.8413454143 26.4112039549
89.8498597463 26.4101510216
89.8498639552 26.4101544568
89.8548137774 26.4141397793
89.852664393 26.4197474361
89.8528142892 26.4216742082
89.8547637209 26.4221828039
89.8580155872 26.4244901384
89.8602287415 26.4339762023
89.862721715 26.438041547
89.866173555 26.4403452703
89.8745295729 26.4483366758
89.8744730444 26.4572005337
89.8756602334 26.459813098
89.875246277 26.4638959699
89.8721571164 26.4657276342
89.8675000759 26.465989886
89.8674347393 26.4659935953
89.8660947488 26.4746939666
89.8578001266 26.4877005965
89.8600599753 26.4942191328
89.8607300869 26.5050557788
89.858643734 26.5171448538
89.8595783568 26.5209856091
89.8669823263 26.5303739368
89.8674271922 26.5371957595
89.8665748472 26.5430897952
89.8697922175 26.5481969786
89.8695204489 26.5606782398
89.8706642537 26.5657456035
89.8701848279 26.5701779014
89.8667306614 26.5744612994
89.8672152287 26.5777817284
89.8750632053 26.5794114801
89.8827532274 26.5841345557
89.8794249974 26.5891108246
89.8773373325 26.5946126072
89.8777551104 26.5974669957
89.8804460296 26.6010629098
89.8818455463 26.6062430063
89.8824870374 26.6129412855
89.8768762465 26.6148509783
89.8768673276 26.6148540337
89.8670923753 26.6150419199
89.8642589725 26.6171103599
89.8623112716 26.6233033989
89.8625832895 26.6319837275
89.866567322 26.6354522734
89.878954326 26.6434006747
89.8811161731 26.646186472
89.8816642894 26.6493920329
89.8780479126 26.6517543329
89.8733616731 26.65651146
89.8736025267 26.6606444467
89.8751727666 26.662555008
89.8758457846 26.6661121786
89.8746557823 26.6708423761
89.8748123693 26.6736992319
89.876810269 26.679108669
89.8767829137 26.6834197092
89.8667879506 26.700240826
89.8623242635 26.7036698019
89.8651744666 26.7085046497
89.8636687649 26.7201123095
89.86501207 26.7242907002
89.8638914476 26.7311131611
89.8678734959 26.7368813658
89.8730604467 26.734549735
89.8789593772 26.7316108515
89.8866992018 26.7280623183
89.8948398054 26.7242622737
89.9029070599 26.723526717
89.9117457554 26.7235299663
89.9262545093 26.7224683969
89.937003567 26.7231372757
89.9452496962 26.7228490297
89.9528942467 26.723004152
89.9631514206 26.7230296049
89.9726610806 26.7245722309
89.9900031438 26.7266243865
89.9996856145 26.729887442
90.0074133286 26.7341920398
90.0250106565 26.7303797481
90.0392073439 26.7295812082
90.0504865768 26.7288901953
90.0558961559 26.7297182897
90.0728386488 26.7319392279
90.0829205415 26.7350240506
90.0910114733 26.7373423803
90.1003143245 26.739595995
90.1195919659 26.7449155003
90.1330832679 26.7488693868
90.1513487332 26.754716189
90.1661094212 26.7603135161
90.1786721938 26.7648723593
90.1939427445 26.77039255
90.1923729264 26.7815431453
90.1905449539 26.787017882
90.1882768192 26.798241257
90.1878415148 26.8039203575
90.1893177641 26.8095443511
90.1922363877 26.814198782
90.1971677972 26.8271014545
90.199953384 26.8328337162
90.2097782164 26.8433895331
90.220118652 26.8535009379
90.2314937784 26.8580365586
90.2496144764 26.8577289036
90.2582038875 26.8568077379
90.2675931088 26.8551700983
90.2825644929 26.8519121069
90.2956331194 26.8482660992
90.3067171404 26.8480126665
90.3169208216 26.8506280098
90.3461528095 26.8718911199
90.3509993405 26.8762081078
90.3546175708 26.8874644079
90.3579313531 26.8925738046
90.3602786974 26.895866388
90.3692652682 26.8978170034
90.3853457343 26.8989978744
90.3961953042 26.9000814199
90.4049409608 26.9007737346
90.4148962563 26.9016709475
90.4250887026 26.8985674822
90.4272680673 26.8979037878
90.4462165269 26.8826168121
90.45911204 26.8721789727
90.4667305764 26.8670107962
90.4687128846 26.8656659252
90.4882036786 26.852811781
90.505638782 26.8417291165
90.5191034571 26.8327361442
90.5337876359 26.823231128
90.5437934909 26.8159938962
90.5525219383 26.8121705823
90.5537412116 26.8116364472
90.5586935851 26.8054896732
90.5648290222 26.8007150863
90.5732153697 26.7985913051
90.5856123187 26.7972473061
90.5938496478 26.7981890205
90.6063494912 26.797214452
90.6224001822 26.7942970519
90.6351282062 26.7913407048
90.6418697607 26.7863003788
90.6538696135 26.7739405849
90.6616800167 26.7758573744
90.6672642014 26.7782942926
90.6745763888 26.780387375
90.6841355923 26.7798925823
90.6870352599 26.7770621108
90.6982861065 26.7709001572
90.7045809356 26.7676577134
90.7169582512 26.7672126317
90.7216159389 26.7675531819
90.7277218332 26.7671814293
90.7335859077 26.7680039826
90.7385899286 26.7689725253
90.7416364401 26.7727196612
90.7456241806 26.7746685327
90.7513297086 26.7742956177
90.7670453171 26.7731702982
90.7767970274 26.773491076
90.7913755184 26.7737878298
90.806769274 26.7736443757
90.8228345928 26.7748591893
90.8414205056 26.7762899756
90.8529828383 26.7768081582
90.8752733382 26.7791863582
90.9014502208 26.7781878527
90.9314609721 26.7816530565
90.9591649588 26.7833696418
90.9652574115 26.7841838005
90.9803390378 26.7849120249
90.9917722613 26.7870477029
91.0003963343 26.7877796749
91.0075769058 26.7861594042
91.0181582541 26.7849453235
91.0352338081 26.7803772376
91.0458152282 26.7785248459
91.0582910963 26.7789451294
91.0618594286 26.7817874181
91.0799026466 26.7999632884
91.0934131527 26.8179093513
91.1009334728 26.8192628316
91.1100687309 26.8136812827
91.1211661947 26.8116536786
91.1339994168 26.8079247475
91.1482824714 26.8084540949
91.1845699386 26.8108579176
91.2065406691 26.8081214251
91.2214346938 26.8082868802
91.2410515473 26.8083288845
91.2532575284 26.805668041
91.2664631067 26.8043638529
91.2809580407 26.7962140219
91.2936357464 26.7882213187
91.2991196415 26.7844960623
91.3140278952 26.7826636629
91.3314720683 26.7797747183
91.3403359925 26.7789672161
91.3452394704 26.7810934929
91.3636402699 26.7887765788
91.3767394333 26.7954912367
91.3836116351 26.8007941259
91.3887535007 26.8086162255
91.3938810633 26.8167850795
91.4019789265 26.829142222
91.4061427619 26.8344244198
91.4123758499 26.8348423175
91.4244460083 26.8271046553
91.4405700189 26.816524058
91.4455301082 26.8143077128
91.4515017688 26.8111178614
91.4584866689 26.8070326416
91.4716797182 26.7972299287
91.4821182413 26.7910086627
91.4966275913 26.7889759085
91.5147979415 26.792032463
91.5347816576 26.7950088164
91.5640140913 26.7990530271
91.5945481968 26.8039227344
91.6040675588 26.8077107346
91.6159492909 26.8159311842
91.6275738136 26.8204519403
91.6361367574 26.8199776827
91.6573248209 26.8141958331
91.6829812618 26.803833886
91.6909240872 26.8041685406
91.7009225403 26.8109227891
91.7058488099 26.8108776986
91.707878331 26.8109197904
91.7131934789 26.8110206763
91.7226515211 26.8105577622
91.7305890084 26.8116012606
91.7627370608 26.828459691
91.7785507227 26.8377803023
91.8056051017 26.8510644295
91.8211049241 26.8627296315
91.8354910774 26.8753769842
91.8571355714 26.911277176
91.861446885 26.9130177023
91.8699037131 26.9132587999
91.881682055 26.9145071588
91.8871118873 26.9151704659
91.8925549144 26.9154819379
91.9009105103 26.91508327
91.9129350609 26.9092941712
91.9269899683 26.9025146017
91.9455764202 26.893778351
91.9575099729 26.886636014
91.9634285285 26.8764641139
91.9733443982 26.8693912099
91.9762899232 26.86579371
91.9820649418 26.861767654
91.9890448917 26.8571093158
91.9976109377 26.8540962585
92.0066838267 26.85252016
92.0203880816 26.8498870764
92.0324783077 26.8487792413
92.0489004569 26.846336252
92.0585574868 26.8468436837
92.064272792 26.8489460024
92.0743035941 26.8555001281
92.0799276501 26.8564277711
92.0858443673 26.8608898764
92.092288709 26.8597468132
92.1007939351 26.8673720938
92.1020223451 26.8806479612
92.1053217715 26.8861787952
92.1112736944 26.8925889146
92.1237263618 26.8890563705
92.1275695564 26.8885146115
92.1328983025 26.8894540592
92.1512793221 26.8896173875
92.1657236458 26.8913760528
92.1721397429 26.8906195765
92.1804787852 26.89118063
92.1981435772 26.8896777661
92.2126398399 26.8955715258
92.2578146922 26.9108661675
92.2644881091 26.9074051094
92.2683471833 26.906231101
92.2711011684 26.9036992446
92.2796008537 26.9010819527
92.2847209498 26.9027617073
92.2932888145 26.904064902
92.3037400996 26.9067333195
92.3069597783 26.9081324644
92.3060927196 26.922808959
92.3232652357 26.9269648464
92.3499898382 26.9320233025
92.3562403971 26.934128674
92.3676132235 26.9312479263
92.3704596445 26.9300911547
92.4028910067 26.9247836095
92.4150343512 26.942690723
92.4289054522 26.9419609643
92.4453071072 26.953501948
92.4493026792 26.9591235633
92.4627025138 26.9617830687
92.4694078885 26.961526932
92.4868497827 26.9631846896
92.493743703 26.9631663064
92.5081080356 26.9652006277
92.5185178778 26.9628335364
92.5348229477 26.9616972297
92.5566367304 26.9574463613
92.5882229402 26.9601933558
92.6484406735 26.9857415318
92.6483072019 26.9938973212
92.647183495 27.0008131393
92.6476372874 27.0083539384
92.6421282524 27.0168552069
92.6535240512 27.0230892458
92.6600638782 27.0359026329
92.6619663389 27.036833548
92.6853928165 27.0300222252
92.7052898641 27.0258373981
92.7166401514 27.0243364284
92.7304614437 27.026635193
92.772014836 27.0312236466
92.7881775776 27.0288503568
92.8272550692 27.0165917563
92.8394173853 27.0116507532
92.8752051607 27.0057543693
92.8861147148 27.0003770862
92.8930174909 26.9978437383
92.9024887204 26.9942816752
92.919357308 26.982628062
92.9176015978 26.9677302775
92.9204179759 26.962194658
92.9290494199 26.9586122405
92.9353926209 26.9548717687
92.9539524502 26.9468172678
92.9641730453 26.9437797628
92.9755116504 26.9387012299
92.9832247551 26.9334835202
92.9852613215 26.9338041542
92.9892090696 26.9316814017
92.9962651944 26.9296378957
92.9969129686 26.9291680293
92.9999263415 26.9281848293
93.0218346319 26.9146318417
93.0406291963 26.9156589922
93.0649976808 26.9197646793
93.0712702812 26.9219559115
93.078762076 26.9176747894
93.0942559293 26.9132418444
93.1113488895 26.9249699155
93.1866005406 26.9363523791
93.2246983308 26.9466975263
93.2691184653 26.9535070538
93.3501065976 26.9606481228
93.3763823608 26.9577572788
93.3928662735 26.9573749229
93.4387466421 26.9533698387
93.4499292719 26.9514041004
93.4658618888 26.9407642853
93.4701304376 26.9361169962
93.4823010176 26.9373793577
93.4888311019 26.9402853007
93.4913761989 26.935716382
93.5278155097 26.9457634288
93.547455661 26.9488556866
93.5727259216 26.9511994598
93.5861332192 26.9497100199
93.5977209591 26.952223993
93.6264042073 26.9612223864
93.6420483097 26.9617689402
93.6569753956 26.9634476754
93.6776282579 26.9680106166
93.7001464251 26.9917253249
93.7075573537 27.0005998915
93.7074570344 27.0052636297
93.720816972 27.016148142
93.7357760847 27.024134547
93.748309667 27.0293029505
93.7703592231 27.0401696649
93.7736794613 27.052402149
93.7755839968 27.0592402986
93.7810326093 27.0502185267
93.7830741244 27.0576911203
93.7892972762 27.0510808171
93.7958758666 27.0545800911
93.7995312312 27.060729218
93.8104046449 27.0594021581
93.8147512895 27.0675073301
93.8206499199 27.0617555565
93.82474138 27.0651403359
93.8301132694 27.0657659347
93.8339534258 27.0696760268
93.8386216105 27.075013755
93.8362445683 27.0796659144
93.8349017278 27.084434732
93.8332302449 27.0892646329
93.8285469447 27.0962210749
93.8291729824 27.1088050163
93.8239063267 27.118911012
93.8169207235 27.1194937205
93.8133300301 27.1231668827
93.8154998574 27.1289143565
93.8076115458 27.1347200948
93.8088274082 27.1441393008
93.810611643 27.1486784278
93.8190580301 27.1551663984
93.8310212288 27.1675640031
93.8419192389 27.1703670709
93.8492036242 27.1766834885
93.8595136073 27.1879966077
93.8695082703 27.1957352458
93.8876910456 27.2212749685
93.8950535427 27.2278733825
93.9031346869 27.2384342269
93.9210080675 27.2540284908
93.9360140479 27.26521166
93.941017544 27.2701563799
93.9586474476 27.2916507133
93.9748151343 27.3052066715
93.9830859289 27.310635361
93.9878352857 27.3174389013
93.9923385126 27.3215216106
93.9981774167 27.3247373135
94.0028332714 27.3269869787
94.0021664055 27.3315712376
94.0119634081 27.3357313486
94.0322397828 27.3448155191
94.0438001289 27.3501092787
94.0504670807 27.3555670562
94.0569849439 27.3596435261
94.0630751488 27.3603641958
94.0653049759 27.3657193719
94.0708128135 27.3712015391
94.0746237896 27.3798087961
94.0885508615 27.4013711508
94.0955127965 27.4077518112
94.102133716 27.4107276094
94.1087247546 27.414860202
94.1193014462 27.4277721565
94.1255696455 27.4317806275
94.1380883423 27.4426563832
94.1430393211 27.4452542374
94.1566928342 27.457259439
94.1624538571 27.4632603326
94.1610005559 27.4667939775
94.1594741995 27.4748586912
94.1664886366 27.4777873847
94.1702049544 27.480984921
94.1769727085 27.480860537
94.1891761551 27.4875870492
94.1935278292 27.493095145
94.1974983097 27.4942286968
94.2145857832 27.4946955581
94.2176659374 27.4998886599
94.2239426978 27.5037726615
94.2619834875 27.5201994597
94.2647584631 27.5241450609
94.2591654568 27.5372419872
94.2580354451 27.547510801
94.2588233084 27.5541985953
94.2429602943 27.5671614196
94.2365387459 27.5682772689
94.228865618 27.5724652162
94.2278621914 27.5779018196
94.2238657117 27.5847673868
94.2277313593 27.5921049653
94.227501993 27.5953755688
94.2253688512 27.597622591
94.2159736769 27.6013139335
94.2135861648 27.6077568272
94.219904191 27.6058943938
94.2284364395 27.614888208
94.2375850109 27.6294209356
94.249760767 27.6326972676
94.2547244433 27.637815922
94.2584690919 27.6334241397
94.2652607171 27.6328882623
94.2691712629 27.6294090828
94.269625203 27.6247099429
94.2646784635 27.6213766661
94.2595422253 27.6159692228
94.2565299804 27.6105495108
94.2643112368 27.606932532
94.2748387572 27.6002733804
94.2784072458 27.5901304524
94.2908449821 27.5912745693
94.2952611368 27.5971343538
94.3003873666 27.6010413419
94.3039985627 27.5966371115
94.3107074773 27.592316168
94.3147374226 27.5863683527
94.3220325656 27.5867674487
94.3260429222 27.5838683569
94.3313685127 27.5850784675
94.3404205721 27.5777035098
94.3473617902 27.5812546845
94.351117657 27.5760971413
94.3579516207 27.5740155665
94.3644600329 27.5768620947
94.369726262 27.5733577379
94.3745608693 27.5758856048
94.3826704271 27.5817019238
94.3898522686 27.585889627
94.3970988594 27.5853661759
94.4054025113 27.5837624527
94.4231701557 27.5979049151
94.4332678976 27.5996261056
94.4327989463 27.593001847
94.4382206254 27.5809297479
94.4445491733 27.575958659
94.4517673431 27.5715151296
94.4556189771 27.5674032287
94.4583521487 27.5593535234
94.461848329 27.5541426905
94.4714263688 27.5604433953
94.4852222213 27.5736285096
94.4930799364 27.5718991958
94.5023275207 27.5737126621
94.5115208083 27.5804620498
94.5177641737 27.5811198713
94.5283897603 27.5921554004
94.5386982053 27.5933564762
94.5485344693 27.5998968259
94.5582219166 27.5995840736
94.5660106009 27.6033065299
94.5756343813 27.6032894746
94.5839729755 27.6130092848
94.5884109934 27.6164358224
94.5978735299 27.6177807587
94.6061656145 27.6193998669
94.6114709677 27.6189266377
94.6161716362 27.6220186796
94.6270518262 27.6263891074
94.6365105294 27.6250309017
94.6418778182 27.6272106716
94.647301286 27.6327883151
94.6505208297 27.6383165992
94.6667247667 27.6441058438
94.6711810922 27.6465080404
94.6778247548 27.6468685631
94.6845756634 27.6458012665
94.6885898589 27.6533513452
94.6859800767 27.6595651934
94.6915103097 27.663418269
94.7001687171 27.6633039119
94.7187129963 27.657819677
94.7227832271 27.6661765205
94.7297439601 27.6640210141
94.7390967824 27.6617893001
94.7447086944 27.6595467461
94.761585129 27.664548148
94.7663441597 27.6706738519
94.7689941819 27.6762441778
94.7784856721 27.6794786711
94.7930191899 27.6849412396
94.7960892404 27.6893126484
94.8022639729 27.6931756747
94.8232922199 27.6922626803
94.8414057163 27.6995689333
94.8508149979 27.7067046735
94.8556320494 27.7276643071
94.8627688982 27.7294164734
94.8679656311 27.7416389887
94.8859774183 27.7380757455
94.9320614663 27.7526915898
94.9890439033 27.7667357217
94.9998771841 27.772421035
95.0211340435 27.7683209508
95.0331923695 27.7705808463
95.0407283734 27.7735296459
95.0538041108 27.7860267832
95.1967922134 27.8300686877
95.2384676293 27.8439161701
95.2944401557 27.8604798633
95.3103604646 27.8632879022
95.318436262 27.8665830152
95.3860953846 27.8372890448
95.5176582376 27.8768790961
95.5230281169 27.8852802357
95.5279626955 27.8929992381
95.5347555972 27.8955231497
95.5452470479 27.8973917541
95.546079634 27.9008574859
95.5455477883 27.9085593025
95.5667900725 27.9175952165
95.5680087109 27.9266858223
95.572993448 27.9374838041
95.5823142191 27.9386481313
95.5904031555 27.9367000113
95.5987398252 27.9462057634
95.6085120981 27.9528346637
95.8274712724 27.9720318387
95.9583422519 27.9634898771
95.9788672157 27.9628017912
95.9717902164 27.9536397342
95.9666125897 27.946935605
95.9536949036 27.9361440468
95.9529364524 27.9334714479
95.9537418453 27.9314725466
95.9589217069 27.9271511762
95.9551870157 27.924515811
95.9566628788 27.9210906903
95.9538342649 27.9170792705
95.944853703 27.9069011244
95.9406627697 27.9040666681
95.9396634276 27.8975136867
95.929970093 27.8971194858
95.926339932 27.8952075872
95.9252560414 27.8902665001
95.9298693331 27.8847738086
95.9271457852 27.8827865903
95.9250702566 27.8845785815
95.9226037458 27.8847303439
95.9239105298 27.8804259935
95.9199653738 27.8770209215
95.9152996296 27.8750977568
95.9142044873 27.8723848095
95.9126615759 27.867263343
95.9074710388 27.8714923158
95.9082921774 27.8647076458
95.9018392592 27.8609328193
95.8963355357 27.8614824917
95.8933617808 27.8512880289
95.8749819073 27.8340442871
95.8675898481 27.832735976
95.8533507033 27.8283908207
95.8472593728 27.824386384
95.8446124181 27.8157431351
95.8362088509 27.8100573721
95.8301823902 27.80794504
95.8243595024 27.8035431731
95.8125307001 27.7879968282
95.8087859041 27.7842363435
95.8075597586 27.7778390112
95.8021382163 27.7711318881
95.7965788004 27.7669014023
95.7900036641 27.759320469
95.7817067012 27.7524938638
95.7859350159 27.7340114647
95.7730018193 27.7287435566
95.763815156 27.7271853707
95.7593644839 27.7253751631
95.7598230066 27.7209438379
95.7641668617 27.7168912628
95.7716112879 27.7102131113
95.7736969577 27.705512516
95.7744158822 27.6995299327
95.7737168444 27.6941190314
95.775593978 27.6908533835
95.7798073388 27.6885322102
95.7941610632 27.6863829104
95.7955243312 27.6782788027
95.7864896816 27.6773631914
95.7814490202 27.67329733
95.7794561861 27.6664397938
95.7788255632 27.6603377809
95.7801874239 27.6546000903
95.7871824436 27.6496983387
95.7957772371 27.6468218418
95.8023737601 27.643003739
95.8005034873 27.636956579
95.7982505582 27.6335451395
95.7983196831 27.629863866
95.7882466107 27.6262888729
95.7859252842 27.6213866795
95.7880025551 27.6173747181
95.7969243347 27.6121356549
95.7988675705 27.6017309071
95.8104227988 27.5991523562
95.8200336077 27.5988793159
95.824987516 27.596866813
95.8210454587 27.589414505
95.8205866193 27.584108129
95.8219911205 27.5755315192
95.8284770741 27.5755452397
95.8326821987 27.5726633856
95.8369983053 27.5649260958
95.8406155916 27.5603558346
95.8467209903 27.5617105413
95.8527869267 27.5593572127
95.863012115 27.546248606
95.8676697138 27.5447391213
95.8742634661 27.5447953389
95.8819863134 27.5468407654
95.8820665339 27.5394271681
95.8805140319 27.523362823
95.8813793593 27.5160498967
95.879043612 27.5133734917
95.8823592274 27.5086148235
95.8876481078 27.5047801929
95.8901656733 27.4996624594
95.8865757832 27.4970712365
95.8809773552 27.4945852469
95.8795752642 27.4926880659
95.8796796998 27.4861592072
95.8817694022 27.4808954319
95.8789033431 27.4690538981
95.8767210289 27.4645586718
95.8665440836 27.4624928578
95.8616476911 27.4597643873
95.8599261827 27.4560777841
95.864244638 27.4454575968
95.860003488 27.4424966158
95.8556180356 27.4408075996
95.8533608364 27.4382058256
95.8498947117 27.4283473627
95.8497675262 27.4237416099
95.8561552807 27.421077254
95.8580256648 27.4182161501
95.8583515044 27.4140780795
95.8677006958 27.410504103
95.8670509118 27.4125715611
95.864604741 27.4146908353
95.8636354423 27.4182466738
95.8653071768 27.4224009355
95.8761881593 27.4287368313
95.8830102708 27.437460802
95.8890699355 27.4374357893
95.8907584927 27.4330209851
95.8898028665 27.4249620567
95.8903873573 27.4197294964
95.8947200656 27.4115795035
95.894597826 27.4076760317
95.8922139 27.4030578045
95.8933816533 27.3993195736
95.9004245703 27.4046039931
95.9064797232 27.4165441313
95.9083261132 27.4259370356
95.9115526159 27.4332622317
95.9172127325 27.4364527903
95.9336352637 27.4399585508
95.9433561297 27.439625173
95.9502374262 27.4382381874
95.95342592 27.4366619948
95.9538500169 27.4339741425
95.9508305935 27.4304477798
95.9532919115 27.4264622433
95.9576027141 27.426052514
95.9613497476 27.4218716056
95.9638973179 27.428645219
95.9673384414 27.4298262355
95.9677462917 27.4244580504
95.9682937177 27.4172456253
95.9720666878 27.4235065502
95.973597086 27.4298979149
95.9780846677 27.4286376341
95.9781128275 27.4254075507
95.9805222497 27.423336243
95.9812040032 27.4192210536
95.9783421106 27.4184348256
95.9797839176 27.4149545821
95.989731545 27.414789091
95.9914760102 27.4124617798
95.9911843413 27.4076226077
95.9948274053 27.4053978289
96.0012419227 27.3964821396
96.000258051 27.3905666098
96.0022323942 27.3864768793
96.0085336477 27.3801708299
96.0107195582 27.3742142775
96.0150958932 27.3683766621
96.0210449929 27.3641493561
96.018497011 27.3607886066
96.0133110771 27.3569288725
96.0032743694 27.3573780687
96.0022333843 27.3570540287
95.9970863444 27.3564128903
95.9949938834 27.35316707
95.9937866063 27.3443607688
95.9774563165 27.3352479286
95.9743149966 27.3322981466
95.970138265 27.3299160235
95.9723809165 27.3275655367
95.9842956764 27.3272459678
95.9781164046 27.3256041641
95.9688093012 27.3247703188
95.969122499 27.3213352664
95.9679290786 27.3174980641
95.96269077 27.3172628742
95.9656523477 27.3145806428
95.9632861502 27.3099885976
95.9406691404 27.3025474596
95.9188262281 27.2922130286
95.9123865163 27.2861329359
95.9065194763 27.2848869348
95.9024760406 27.2808387473
95.9046023079 27.2792408489
95.9043504278 27.2728524113
95.901204126 27.2693840322
95.8981368875 27.2572783507
95.894015185 27.2559896046
95.887706596 27.2563090531
95.8824918725 27.2599534314
95.8776591771 27.2604468724
95.8724483659 27.2599564347
95.8655384153 27.2697550822
95.8609566375 27.272890471
95.8607585059 27.2765174611
95.8620363196 27.2831394863
95.8606107256 27.2873340964
95.8503772186 27.286300408
95.8380900426 27.2802343158
95.8103639871 27.2741413299
95.8086744699 27.278676313
95.8066699258 27.2812498448
95.8064743956 27.2849919148
95.8009422362 27.2819560055
95.7909776749 27.278732232
95.7848676807 27.2724155138
95.7571993066 27.2676855817
95.7401421683 27.2632561566
95.736603004 27.2601244543
95.7320962712 27.2599151724
95.7256821662 27.2526279582
95.7213071744 27.2509903481
95.715706397 27.2524942951
95.7021153139 27.2490640987
95.695665928 27.2516000798
95.6846710052 27.2508864014
95.679647637 27.2496451647
95.6794546748 27.247398938
95.6372602021 27.2304551713
95.6344057701 27.2333656353
95.6194066891 27.2301335378
95.607628904 27.2249757208
95.5994579228 27.2232358233
95.5903721854 27.2231630054
95.5782102297 27.2358406727
95.5786400372 27.2408418883
95.5748204161 27.2447806796
95.5636060162 27.2462395195
95.556516584 27.2481348637
95.5545541069 27.2531234213
95.535241074 27.2644615081
95.5301466423 27.2629267668
95.5263641315 27.260120361
95.520894642 27.2576006026
95.5166190849 27.2625119274
95.5113470989 27.2601666879
95.5110531849 27.252854633
95.5066920492 27.2485006833
95.4914398138 27.2426097515
95.4876649134 27.2399357697
95.4809572875 27.2262386953
95.4749252073 27.2207728409
95.4742998696 27.2175476001
95.4710813436 27.2171112972
95.4698180891 27.2121505694
95.460114339 27.2073419393
95.459297045 27.203479123
95.4624208024 27.1968979507
95.466176577 27.1912947278
95.4689861963 27.1843512697
95.4674600367 27.1793931955
95.4640077016 27.175961072
95.4683093698 27.1661105133
95.4641392478 27.1608350409
95.4590119238 27.1571009141
95.460184254 27.1542392123
95.4636045345 27.1533473483
95.4653497638 27.1514046535
95.4661303703 27.1485953106
95.4639648883 27.1441485534
95.4613192388 27.1339977411
95.4580527952 27.1294189709
95.4536701534 27.129665939
95.4510178689 27.1326364694
95.4474119773 27.1321409516
95.4458340355 27.1280937965
95.4412606268 27.1266208027
95.4294746294 27.127887064
95.4205442017 27.1246367231
95.4065847953 27.1121899553
95.3964263059 27.1083471344
95.3864032719 27.1056045256
95.3857369534 27.0989847567
95.3772605646 27.096080629
95.3729476535 27.0955789593
95.3739409799 27.1019216423
95.3685989411 27.101284858
95.368075843 27.1036384384
95.3687507247 27.1037404156
95.3709707115 27.1040759244
95.3715577669 27.1053267296
95.3694791004 27.1059642596
95.3667727253 27.1067942702
95.3489249322 27.0987320075
95.3354030221 27.0899073788
95.3235867151 27.0835732114
95.3135028192 27.0807629152
95.3099987601 27.0751505842
95.2969240649 27.0668987722
95.288221928 27.0603600433
95.278117649 27.0508184776
95.2797419654 27.0479556567
95.277899783 27.0438033884
95.2712433722 27.0391216512
95.2669671987 27.0344805723
95.2629023559 27.0350613693
95.2602233744 27.0330246005
95.2610009063 27.0313076539
95.2524811782 27.0259791099
95.2485012804 27.0243230022
95.2439803008 27.0282486171
95.2381896915 27.0373319302
95.2350337489 27.0377034495
95.2312299642 27.0398437335
95.2324702258 27.0370419174
95.2297891181 27.0343021432
95.226295023 27.0363983637
95.2229598985 27.0350349402
95.220030891 27.0309276329
95.2141393208 27.0276348369
95.2080153526 27.0289457668
95.2041603816 27.0371926504
95.2012767912 27.0365292178
95.1988154052 27.0386309127
95.195870233 27.0371597867
95.1548308447 27.0002817233
95.1498042627 26.9940738865
95.1430986034 26.9925586592
95.1373072446 26.9878342969
95.1267018955 26.9811800702
95.1172744971 26.9779617995
95.1138274612 26.9718641099
95.1135448734 26.9665934629
95.110366458 26.9611816109
95.0871674892 26.9470482299
95.0656565278 26.9425267383
95.0549731275 26.9352376334
95.0383807253 26.9328701021
95.0288847091 26.9269075832
95.0216769569 26.9198005608
95.0168965118 26.9187659533
95.0061363464 26.9193074695
94.9998277842 26.9187331094
94.9934311463 26.920621612
94.9915387329 26.9173773876
94.9924016841 26.9128477009
94.9897887491 26.9122981426
94.9860233822 26.9127232483
94.9800292074 26.9191167426
94.9746405675 26.9221098899
94.9710549691 26.9228780674
94.9683500613 26.9260211402
94.9671664806 26.930724515
94.9645771488 26.9351876663
94.9577202978 26.9381169375
94.9475301126 26.934786289
94.9416549554 26.9338677515
94.9389794036 26.9325744555
94.9340507911 26.9331554632
94.9286394544 26.9467480273
94.9242466156 26.9449803352
94.9184686281 26.9397944439
94.9143427198 26.9372291329
94.909290583 26.9369428312
94.9017655279 26.9350242845
94.8949631325 26.9320197443
94.886698976 26.9271616942
94.8820227575 26.9214168997
94.8701163363 26.9097257597
94.8690771435 26.9045965806
94.8657874589 26.9016270876
94.8594642603 26.887985811
94.8537835225 26.8800382518
94.8519721185 26.87604531
94.8462604544 26.8714979032
94.8392009625 26.8687189308
94.8368877563 26.8631740576
94.8326696316 26.8574260458
94.8267034666 26.8540299336
94.8215059936 26.8491925745
94.8221344989 26.8440252365
94.821477857 26.8395851267
94.8170951374 26.8361912438
94.8158091406 26.8315241061
94.8154264666 26.8247236856
94.8134323464 26.8194671406
94.8095536716 26.8179853056
94.8070828906 26.8159448532
94.7970235417 26.8132493932
94.8019858435 26.8085226225
94.805700204 26.8068999578
94.8025671972 26.8007571766
94.7953152507 26.7984431442
94.7911425529 26.7961612564
94.7859950239 26.7932965283
94.7734631823 26.7897008877
94.7694223557 26.7858574449
94.7686715593 26.7781347187
94.7627044304 26.7746810743
94.7603753574 26.7713738196
94.7597032806 26.7688901922
94.7567133324 26.7670182405
94.7544605385 26.7690659158
94.7510877489 26.7744365172
94.7461557191 26.7769170228
94.7427343162 26.7734259901
94.7420274175 26.7683523866
94.7380761743 26.763630735
94.7368574352 26.7621924336
94.7322381095 26.7588001672
94.7200491976 26.752847767
94.7117475571 26.7476336049
94.6972118738 26.7345181948
94.6918332838 26.7305999463
94.6869490076 26.7274301283
94.6655014765 26.7226437821
94.6589028791 26.7196848579
94.6537498707 26.7185315942
94.6465904069 26.7194243698
94.6406661628 26.7188976512
94.6323626143 26.7145903916
94.6286722194 26.7135721873
94.6231115554 26.714489952
94.6214955292 26.7161341002
94.6205418858 26.7217146456
94.6178189105 26.7255330571
94.6123761143 26.7276503749
94.6108646673 26.7308654754
94.6104975295 26.7351152239
94.6045806171 26.7342998473
94.6003811541 26.7327553104
94.5956233274 26.724921134
94.5937565893 26.7211572838
94.600906341 26.7202678339
94.6036039826 26.7188048151
94.6050500198 26.7148471387
94.6050836223 26.7122045896
94.6041385675 26.7111558376
94.598740223 26.7149419219
94.5965919411 26.7131918654
94.5954442821 26.7073686244
94.595326652 26.7015508513
94.5928140895 26.6977177757
94.5893752494 26.6974425024
94.5857921348 26.6983223537
94.5832143495 26.7005966856
94.5719132151 26.6912504463
94.5750939505 26.6860449991
94.5712772699 26.6850788911
94.5664934113 26.6849608766
94.5633600706 26.6856781015
94.5627534214 26.6888916461
94.5651572243 26.7010599542
94.5638639644 26.7024284516
94.5615601725 26.7032023411
94.5551133334 26.703530039
94.5508257126 26.7052650315
94.5455224144 26.7060035235
94.541326696 26.7047437663
94.5282147974 26.696404384
94.5232105487 26.6995132449
94.5205686952 26.696592544
94.5201450462 26.6897403214
94.5159591058 26.6824332803
94.5103945604 26.6785681911
94.5075959733 26.6781254553
94.5034525788 26.672834004
94.4987155701 26.6688640208
94.4932487505 26.6674066994
94.4862199064 26.6688765369
94.4684131837 26.6650166035
94.4650024313 26.6627301113
94.4623115794 26.6583755893
94.4590336294 26.6505579195
94.4618680045 26.6432885021
94.4621156004 26.6390317133
94.4648955129 26.6355527138
94.4652346154 26.6338896795
94.4629232119 26.6306416397
94.4572376254 26.6318334712
94.4549651889 26.6342208117
94.4349368784 26.6205977096
94.4103258225 26.6116983299
94.4083117356 26.6095961753
94.4090167619 26.6050523161
94.4064375817 26.5971876704
94.4152281369 26.5784885494
94.4122330596 26.5686006092
94.4096741111 26.5641960183
94.4081218366 26.5566292551
94.4109370603 26.55580549
94.4123034246 26.5536362882
94.4093217757 26.552326042
94.4064520274 26.552581637
94.4051429472 26.5504328398
94.4079848204 26.5475913265
94.4082731215 26.5448929723
94.40708408 26.5434357157
94.4030260975 26.5420583069
94.401665481 26.53927633
94.4028098304 26.5339890759
94.3992415984 26.5297374496
94.3997785884 26.5275061363
94.3968795974 26.5249307317
94.3944252446 26.5278334802
94.3917440672 26.5280252358
94.3786085301 26.520481023
94.3772302327 26.5183938917
94.3783886877 26.5123658394
94.3779395927 26.5083302338
94.3695698035 26.5052136519
94.3647895305 26.5055566745
94.359071718 26.5043864414
94.3549276485 26.5055350039
94.3514403051 26.5038727487
94.3540429792 26.5000556394
94.3558505967 26.4986922086
94.3538849087 26.4973984216
94.3521415316 26.4944432875
94.3523863222 26.4909909486
94.3499393877 26.4880819786
94.3437350663 26.4852873175
94.3372563676 26.480072392
94.3329165259 26.4803046856
94.3296321061 26.4791086937
94.3242120896 26.4746604277
94.3250818125 26.4674713124
94.3245934552 26.4659722415
94.3167998481 26.4582008745
94.3137849994 26.4602849146
94.3112915236 26.4613503433
94.3036328999 26.4625657726
94.2942785745 26.4760790173
94.2928035914 26.4853801095
94.2906215414 26.4913392693
94.2876343425 26.5038985495
94.2874850636 26.5103462338
94.2892167864 26.5137097331
94.2895042601 26.5205657338
94.2860708002 26.5295047662
94.2854010522 26.5357133656
94.2860856203 26.5419920835
94.2853185237 26.5507931712
94.2857936369 26.5536754056
94.2893944131 26.55533795
94.2902873757 26.5595499888
94.2827764825 26.5589892946
94.2772402943 26.5543006012
94.2630598009 26.5394154141
94.2538015217 26.5280036591
94.2525249625 26.5232025023
94.2452996261 26.512394976
94.2403504463 26.506911968
94.2293876189 26.4987511281
94.2240826322 26.4960733464
94.2119462799 26.4853606958
94.2098187755 26.4792315815
94.2015463988 26.4654022966
94.1869934716 26.4560355885
94.1761571615 26.4273194267
94.1769140808 26.4235852888
94.174409613 26.4164036893
94.177204017 26.4089113871
94.1772863612 26.3950419093
94.1794215576 26.3841934471
94.1743603061 26.3732874591
94.1758092826 26.3699154727
94.1759217818 26.3672104215
94.1738889456 26.3630363756
94.1647777602 26.35558596
94.1679545328 26.3487658417
94.1696594442 26.3495122325
94.1756219264 26.3505694049
94.1802792851 26.3495494659
94.1795620607 26.3462634558
94.1757785843 26.339650849
94.1724189404 26.3398408279
94.1647983975 26.3347833488
94.1548117803 26.3354410975
94.1496030177 26.3345551062
94.1469884411 26.3309004338
94.1425287487 26.3315271117
94.1441273398 26.3356854379
94.1429485198 26.337622876
94.1390722642 26.3370455024
94.1359568726 26.3337273023
94.1242810184 26.3314301283
94.1196752295 26.3292312611
94.1196656797 26.3260196543
94.1290002732 26.3187485423
94.1187057578 26.3182440321
94.1115949116 26.3215875803
94.1083515116 26.3219413537
94.1047929612 26.3175810799
94.1029711834 26.3042257104
94.0983565559 26.2984817452
94.0905715909 26.2926777591
94.0875020579 26.2859710225
94.0847360221 26.2841548763
94.0803455902 26.2843761051
94.077103506 26.2807678611
94.0780886884 26.2709071541
94.0762758432 26.2647937533
94.0707098744 26.2555850157
94.0648963594 26.2573396628
94.0531143525 26.2513725682
94.0493992038 26.2457957267
94.0444754396 26.2355575025
94.042032901 26.2294774123
94.0384268997 26.2251061888
94.0406912976 26.2190869403
94.0367848943 26.2132959671
94.0370368991 26.205304
94.0359327026 26.1987610029
94.0312953485 26.1949679457
94.026815861 26.1927368207
94.022144326 26.1870559752
94.0132103814 26.1818836624
94.0089730247 26.1761356151
94.0049998095 26.168879917
94.0040874542 26.164981988
94.0045303254 26.1596724193
93.9998341792 26.1538406372
94.0030766545 26.1469339302
94.006514723 26.1428200568
94.0053722506 26.1374404517
94.0032407097 26.1346044714
93.9998120926 26.1320793386
93.9964001018 26.1329965017
93.9933514864 26.1329841377
93.9908996414 26.1294695453
93.9933882782 26.1283997781
93.9984601083 26.1265613311
93.9984606514 26.1249433305
93.9967381507 26.1237207528
93.9966028406 26.1179499417
93.9929353203 26.1158529619
93.9913714571 26.1137008032
93.9950821843 26.1112729084
93.9999590166 26.1114765972
94.0022444165 26.1104249645
94.0022693296 26.1069417874
93.9996745649 26.104031864
93.9942260276 26.1016606614
93.9922739677 26.0933905153
93.9925770453 26.0883429191
93.9910673111 26.0850532187
93.9865077849 26.0838638703
93.9860942207 26.0791395987
93.9894516893 26.0696658845
93.9911719906 26.0681843544
93.9808647931 26.0541796187
93.974538652 26.047721581
93.9726651141 26.0405164771
93.9659211901 26.0379696593
93.9631495956 26.0289220065
93.9626793848 26.017721325
93.9583772864 26.0074517214
93.9548935898 26.0028966185
93.9559805488 26.0001269547
93.9589711329 25.9980137905
93.9605804507 25.9925527537
93.9580069327 25.9771071674
93.955962795 25.9697274324
93.969132354 25.9563341698
93.9707575905 25.9487492999
93.9709876641 25.9403374406
93.9825289613 25.9217164866
93.9792259322 25.9151204717
93.9718352841 25.9130022806
93.9690202123 25.9068845743
93.9680847023 25.9062671072
93.9596936567 25.900728219
93.9482036933 25.8966936302
93.9400463222 25.8964691643
93.9344771567 25.8869411771
93.9237243768 25.8853214666
93.9157695475 25.8832052359
93.9137146608 25.8773236698
93.901706376 25.866600924
93.8984674156 25.8593226761
93.8932690074 25.8603844007
93.891475484 25.8542157262
93.8884091352 25.8480406708
93.8825695504 25.8414987191
93.8734961127 25.8465125794
93.868602993 25.8510229242
93.8516148882 25.8586285509
93.8422524627 25.8582894441
93.8326808026 25.8519445465
93.8242048319 25.8427924509
93.8212676359 25.8280936693
93.8187273312 25.8219261201
93.8114930197 25.8169808077
93.8074746668 25.8120588192
93.7956708249 25.810085206
93.7912371195 25.8117783939
93.7906262941 25.8165528808
93.7886952154 25.8217774422
93.7872921421 25.8237235898
93.7844566373 25.8315387157
93.7825423827 25.8340017306
93.7810479119 25.8404308887
93.7797725806 25.8420974444
93.7837802572 25.8457450653
93.782955147 25.8471821132
93.7835677643 25.8497211626
93.7814494822 25.8550637867
93.7852701667 25.8590562052
93.7857612773 25.8626877651
93.7918087014 25.8654883976
93.7906473928 25.8695718573
93.7882828108 25.8715154899
93.7874510203 25.8747282985
93.7914805969 25.8858627881
93.7918789264 25.890709145
93.7951525596 25.8938392287
93.7957624007 25.8970071545
93.7981340746 25.9020895339
93.7983553278 25.9054907449
93.7963395223 25.9139908537
93.7923181401 25.918337435
93.7936876767 25.9218631634
93.7932790693 25.9268087875
93.7887045098 25.9287959172
93.7933629853 25.9325704734
93.7915094647 25.9358876836
93.7907787753 25.9400343641
93.7895002297 25.9418675238
93.7867095055 25.9432893426
93.7892983394 25.9448577943
93.789527662 25.9484291955
93.7867262266 25.9500831327
93.7853077918 25.9541613203
93.7804154501 25.9564813678
93.7789429855 25.9591220075
93.7731646606 25.9619040006
93.7696760129 25.9538788345
93.7704011306 25.949390757
93.768553645 25.9509320267
93.7629286678 25.9508341371
93.7589898962 25.9445913088
93.7495447035 25.9379668012
93.7521568303 25.935507504
93.751991029 25.9322771655
93.7502032078 25.9331889312
93.7365828874 25.926470994
93.7290781605 25.9243424939
93.7166579334 25.9176879521
93.7126719183 25.9186454606
93.7052186788 25.91726943
93.6978441568 25.9130664186
93.687842856 25.9054475398
93.6859927055 25.9009419293
93.6910389517 25.8852613806
93.7064937938 25.8492235724
93.7055260997 25.8445615228
93.7024380897 25.8429295322
93.703675486 25.8456401744
93.7036456548 25.8494380408
93.6979144539 25.8472673639
93.6938394924 25.8432076596
93.6906142768 25.8435245407
93.6920934574 25.8400888358
93.682576539 25.8366752612
93.68292744 25.8317258101
93.6781103057 25.8248419972
93.6726172455 25.8241102509
93.6695776066 25.8247709385
93.6686665976 25.8206214645
93.6608883511 25.820391067
93.6568254747 25.8223665847
93.6524308277 25.8188286427
93.6485731856 25.8200046623
93.6444329272 25.8155982033
93.6410910354 25.813964391
93.6403733194 25.8094649544
93.6362031436 25.8097251674
93.6341407135 25.8060187989
93.633424015 25.8012881305
93.6290750626 25.8004497988
93.6298723423 25.7960253214
93.627598825 25.7946810115
93.6270249207 25.787658833
93.6238811779 25.7864834207
93.6211998943 25.7812826306
93.6236229475 25.7799742919
93.6223924616 25.7758757357
93.6114842275 25.772561899
93.6081298604 25.7729440373
93.6057677666 25.7687134939
93.605622206 25.763535047
93.602808379 25.7669159748
93.5984148908 25.7644536625
93.5937683493 25.7603862462
93.5927467003 25.7623386732
93.5883010482 25.7642582376
93.5871863427 25.7616609139
93.5872435084 25.7555540762
93.5838464891 25.7538592832
93.5733271357 25.7569342923
93.5739097051 25.7557923731
93.573497253 25.7527405932
93.569335671 25.7511494436
93.5701299245 25.7478764689
93.5655439755 25.7374700343
93.5620128267 25.7370947363
93.5563715201 25.7380872041
93.5569804629 25.733887533
93.5499551787 25.7285938677
93.5467793808 25.7306417625
93.5448928604 25.7231330906
93.5455674142 25.7204550239
93.5462667035 25.7176786284
93.5498267668 25.7151210003
93.5488571804 25.710855815
93.5459883335 25.7063405735
93.5444509912 25.7020602758
93.5438882773 25.6992797615
93.5436006804 25.6978586207
93.5380306913 25.6993620572
93.5306094706 25.6888786614
93.5285858797 25.6899520682
93.5260044518 25.6958584771
93.5227758273 25.6893865062
93.5168952102 25.6842644018
93.51943141 25.6821572773
93.5203356831 25.6798641263
93.5102295142 25.667224105
93.508318158 25.6630084658
93.5021089358 25.6582334781
93.499955831 25.6527444575
93.4939612283 25.6514775284
93.4902379361 25.6521992118
93.4907601374 25.6496668185
93.4872534891 25.6467038345
93.483641528 25.6479935135
93.4833894171 25.6420014125
93.4759816481 25.6442405878
93.4748201105 25.6405418121
93.4685693163 25.6400266441
93.4656067615 25.6404643517
93.4607639011 25.6378295967
93.457185402 25.6368784475
93.4586480858 25.6346989732
93.4612599792 25.6328264653
93.461986124 25.6296616364
93.4593945566 25.6294106481
93.4520384347 25.6337752201
93.4499737632 25.6312225018
93.4468502626 25.6351084044
93.4444586175 25.6343359445
93.4415912352 25.631085458
93.439252905 25.6307196954
93.4391519921 25.6286529586
93.4342416303 25.6261896882
93.4310966701 25.6255239681
93.4276036897 25.6277958067
93.422523803 25.6185934899
93.4183705019 25.6174046825
93.4149437147 25.6129957515
93.4168528093 25.6112264117
93.4123225622 25.610037767
93.4091205291 25.6080499339
93.4076995831 25.6057877191
93.4072829183 25.6028468688
93.409707129 25.6004506169
93.4093032754 25.5967598154
93.4068863588 25.5928318499
93.4002608241 25.5926516768
93.3901223094 25.5911061821
93.3906776524 25.5854788331
93.3824633303 25.58113635
93.3831711798 25.5791892447
93.3850879215 25.5775906379
93.3848039333 25.5743054813
93.382745447 25.5725649868
93.3765457456 25.5737107405
93.3768995914 25.5701393493
93.3760448324 25.5674350623
93.373478381 25.5655626993
93.3694923328 25.5666741486
93.3652153892 25.5661788925
93.3660313465 25.5596739416
93.3642293497 25.5570698662
93.3607679428 25.5568647073
93.3544649438 25.5616378926
93.3483783131 25.5596757433
93.3455537568 25.5575709269
93.3413315036 25.5513154678
93.3334548777 25.5454854439
93.33183275 25.5432769433
93.3358235206 25.5418747676
93.3404547905 25.5337424318
93.344627452 25.5325230832
93.3492642087 25.5347628347
93.3523719578 25.5339817988
93.3502029625 25.5301056292
93.3542060772 25.5276109174
93.3575857661 25.5240789709
93.3600560441 25.5167331617
93.3647037386 25.5125692051
93.3668169908 25.509257216
93.3650183341 25.5065326468
93.3668722469 25.5042461329
93.3711256569 25.5015258782
93.3717941335 25.4975064727
93.3829909459 25.4939222783
93.3863114563 25.4896966347
93.3870359763 25.4866523066
93.3904296263 25.481962432
93.3912264455 25.4777653667
93.3909461044 25.4743687541
93.3918102078 25.4705217431
93.3903451571 25.4654940916
93.395812243 25.4604304179
93.4027980732 25.4554799736
93.4169811807 25.4490545741
93.4218815819 25.4510566035
93.4273525257 25.4515111258
93.4347952038 25.4510083508
93.4434080758 25.4468253276
93.4566679293 25.4381415853
93.4616495217 25.4308751565
93.4649049926 25.4195609786
93.4651634237 25.4120257661
93.4630113855 25.4071183525
93.4669309644 25.3992088869
93.4736410932 25.3892437906
93.4769872994 25.3821328086
93.4779162823 25.375990663
93.465941613 25.3578611041
93.4620070447 25.355004403
93.4534212489 25.3442720715
93.4515625983 25.3403467952
93.4575807559 25.3370581944
93.4615905962 25.3327236932
93.4576198522 25.3261852253
93.4563462753 25.3213906701
93.4627600254 25.3159774997
93.4676045371 25.3099194311
93.4736253969 25.3053721705
93.4652028855 25.2951532499
93.4595812182 25.2908438576
93.451579899 25.2908794864
93.4444383392 25.2884542087
93.4382643357 25.2827034129
93.4260541403 25.2772366817
93.4229373274 25.2740954214
93.4229324248 25.268339667
93.4203395064 25.2624388981
93.4116925685 25.2596483144
93.4059630326 25.2602843462
93.4031995339 25.259289729
93.3942148045 25.2465317745
93.388342654 25.242163175
93.3867372423 25.2386313898
93.3872278275 25.2282740513
93.3851203339 25.2247995886
93.3844017818 25.2219676076
93.3815842602 25.220108122
93.3791069935 25.2170308968
93.3777069624 25.2123484605
93.369177661 25.20432349
93.3701576458 25.1998463385
93.3681261519 25.1963119937
93.3618188305 25.191880847
93.3604061625 25.1882350235
93.3526633132 25.1780814559
93.3487328991 25.1630207341
93.3469376257 25.1601799718
93.3483999783 25.1534581623
93.3481222473 25.1497764464
93.3505442625 25.1408146554
93.3464073066 25.1339806824
93.3484449705 25.1310696167
93.3456147223 25.1261430356
93.3465771363 25.1237341405
93.3487400085 25.1216837771
93.3459696648 25.1213686068
93.3438809566 25.117607689
93.3438684293 25.11242578
93.3399931782 25.1107172809
93.3386952886 25.1027036051
93.33528825 25.0921374222
93.3290209822 25.0908065382
93.3231421984 25.0879877254
93.3218595578 25.0846909482
93.3122369726 25.07428651
93.3102878779 25.0689712274
93.3083045408 25.0669369292
93.305595368 25.0607532314
93.3084328541 25.0548468764
93.3037402453 25.0523828268
93.3040857551 25.0443311497
93.3019447348 25.0445343319
93.3019125618 25.0482775659
93.2995763738 25.048948344
93.2988418311 25.0468132125
93.2964858731 25.0440202964
93.2914069757 25.0434502185
93.2863837501 25.0431710672
93.2840146493 25.0479246847
93.2677041316 25.046087774
93.2673398223 25.045217533
93.2689921021 25.0429925317
93.2678917149 25.04050502
93.262451932 25.0382612827
93.2634318109 25.0353266577
93.2633405906 25.0323407954
93.2593742993 25.0284930853
93.2551414956 25.0251074015
93.2578867045 25.0216279903
93.2572993959 25.0181623597
93.2533521396 25.0177758763
93.2483552426 25.01523932
93.2512231234 25.0124545953
93.2486798939 25.0096008664
93.2462020066 25.000610777
93.2464458774 25.0000743357
93.2469727915 24.9997238945
93.2475712059 24.9994760095
93.2481953596 24.999329878
93.2488627111 24.9993071802
93.2495105804 24.9993901982
93.2501353229 24.9995931083
93.250700142 24.9999029006
93.2513157659 25.0006059043
93.2529682438 25.0027964204
93.2547130611 25.0006351716
93.2548163218 25.0000645201
93.255320027 24.9996860089
93.2559583057 24.9995294271
93.2566011546 24.9996128476
93.2571659443 24.9999225822
93.2574816279 25.000619013
93.259388206 25.002861589
93.261947872 25.0024449064
93.2628026376 25.0006560454
93.2609106824 24.9973303617
93.2565961003 24.9973593301
93.2551747194 24.9986258613
93.2551198864 24.9961361904
93.2565431362 24.9948879785
93.2564367524 24.9924397397
93.2547440712 24.9888309665
93.2515004837 24.9852353765
93.2527438064 24.9827889581
93.2524974421 24.97908587
93.2509994841 24.9778461261
93.2538092271 24.9753412858
93.2523544604 24.9715779811
93.2523672372 24.9690547466
93.2581652844 24.9690576994
93.2626987957 24.9627771854
93.2627697611 24.9602789517
93.2600296811 24.9552715705
93.2602621351 24.9502673037
93.261824317 24.9477701875
93.261823962 24.9477701875
93.2618240168 24.9477700996
93.2589278613 24.9477673018
93.2529857299 24.9515081436
93.2486901567 24.9515076456
93.2488125703 24.9490143415
93.2503598873 24.9465186359
93.2505344391 24.9427654389
93.2535504686 24.9390267673
93.2535501359 24.9390267672
93.2535502096 24.9390266758
93.2492649607 24.9390253221
93.246366282 24.9402709323
93.2435218023 24.9402750143
93.2407688992 24.9377792366
93.2394255866 24.9352823351
93.2394678564 24.9340234033
93.2408834264 24.9340312137
93.2449902483 24.9358516583
93.2465007508 24.9365211901
93.2465010161 24.9365213143
93.2479317791 24.936527761
93.2466202143 24.9327705631
93.2424718111 24.9277638177
93.2439245653 24.9265130956
93.2496340748 24.9265122614
93.2520952827 24.9173879038
93.2526760149 24.9152347856
93.2498577997 24.9114684953
93.2498576771 24.9114684957
93.2498575781 24.9114683628
93.2412686649 24.9114670737
93.2398261777 24.9127168476
93.2384089963 24.9114634004
93.2412899065 24.9076971446
93.242750382 24.9039235522
93.2427663283 24.9001538361
93.2413410863 24.8976455404
93.2413408801 24.8976455859
93.2413407833 24.8976454148
93.2356095748 24.898894012
93.2327672002 24.8951296651
93.2327674312 24.8913521069
93.2327671271 24.8913521072
93.2327671273 24.8913519814
93.2299030034 24.891348447
93.2342049538 24.8863252272
93.2327778355 24.8812924465
93.232777652 24.8812924465
93.232777614 24.8812923139
93.2284843631 24.8812913293
93.2256264719 24.8775189341
93.2284860071 24.873745425
93.2241822103 24.8712345566
93.2213237381 24.8674528066
93.2184568265 24.8661916178
93.2155867916 24.8611646921
93.2136662544 24.8584143525
93.2136660245 24.8584141873
93.2121100193 24.8573289694
93.2095163238 24.8555199421
93.2080819494 24.8530098664
93.2080817552 24.8530097814
93.208081728 24.8530097338
93.2052207031 24.8517502484
93.2052204855 24.8517501524
93.1994682053 24.8542546325
93.1966022646 24.852995443
93.1980442484 24.8492330847
93.2009215908 24.8467138845
93.2009335921 24.8404339363
93.2009333333 24.8404340501
93.2009333335 24.8404338457
93.1951876245 24.8429468265
93.1937530355 24.840429907
93.196633711 24.8366644495
93.1980722963 24.8366613021
93.1995093272 24.8379227395
93.1995093848 24.8379226883
93.1995095888 24.8379228687
93.2009356634 24.8366654991
93.1980795866 24.8328924283
93.1980794771 24.8328924765
93.1980793692 24.8328923342
93.1952086288 24.8341440473
93.1937750419 24.8341466995
93.1923490963 24.8328935118
93.1923539363 24.8303801231
93.1946978816 24.8303807832
93.1966557235 24.8303813269
93.192372738 24.8228327577
93.1909516548 24.8190660949
93.1952603152 24.8127877156
93.1981355513 24.8115355269
93.1967032012 24.8077582346
93.1938415294 24.8052525069
93.1924221311 24.8027317475
93.1924219235 24.8027317478
93.1924218725 24.802731656
93.1895442796 24.8027285952
93.1852460259 24.8014716493
93.1809451819 24.8014678753
93.1795213459 24.7989498049
93.1795290584 24.7951808406
93.178105975 24.792669531
93.1781058291 24.7926695305
93.1781057547 24.7926693982
93.1766666003 24.7926631604
93.1752307071 24.793921264
93.1737843707 24.800206028
93.1680499276 24.7976845954
93.1651878625 24.7951668752
93.1651876892 24.7951668243
93.1651876011 24.7951667459
93.1609001363 24.7939083373
93.1566109276 24.7888816998
93.1523261489 24.7863651571
93.1523258872 24.7863650056
93.1523063608 24.7901256809
93.1508673884 24.7926390259
93.1479893352 24.7951481842
93.143685713 24.7964011715
93.1422444302 24.7976593197
93.1393631224 24.8014238501
93.1364806877 24.8077011389
93.1307626898 24.8026642134
93.13076262 24.8026642545
93.1307624275 24.8026640851
93.1264454037 24.8051753144
93.120716227 24.8051736936
93.1192754493 24.8076775752
93.122123639 24.8114526042
93.1221011691 24.8164800888
93.119567074 24.8142368022
93.1192549003 24.8139604448
93.1106602888 24.8089272979
93.1092376958 24.8064084957
93.1121398076 24.7988747551
93.1078836633 24.7875631235
93.1050129199 24.7850450988
93.1050429283 24.7812744062
93.1064693382 24.7800178788
93.1007647331 24.7749901619
93.102211131 24.7699638598
93.1050928624 24.7661999753
93.1036815265 24.7599189407
93.099420716 24.7511203403
93.0994358339 24.7473509208
93.1008669392 24.7460940033
93.0980240082 24.7410606705
93.1008919496 24.738555606
93.1023268973 24.7398179636
93.1023059089 24.7435786214
93.1023062182 24.7435784869
93.1023062162 24.7435787848
93.1030324237 24.7432628635
93.1051808108 24.7423282954
93.1066242716 24.7385666226
93.1037764994 24.7335361003
93.0966353935 24.7284989239
93.0966505864 24.7247294364
93.0938009872 24.7209634435
93.0938007543 24.720963443
93.0938006878 24.7209633562
93.0923727033 24.7209554796
93.0933796413 24.7183138744
93.0938061536 24.7171948457
93.0924027019 24.7121706519
93.0881371766 24.7058827606
93.088137063 24.7058828174
93.0881369594 24.7058826654
93.0780843045 24.7108919516
93.0752447543 24.7071157512
93.0795662776 24.700848694
93.0824437921 24.6983430547
93.0838864453 24.6945723409
93.0896306076 24.6895593622
93.0925242156 24.6845369038
93.0925295001 24.6807682504
93.0911241021 24.6770110754
93.0911308686 24.6744975146
93.092571272 24.6732397873
93.0968642281 24.6744993396
93.1008075813 24.6768194893
93.1011440468 24.6770174486
93.1011442687 24.6770175804
93.1040071265 24.6757656475
93.1040273891 24.6719979879
93.1026205383 24.6682294194
93.0983434656 24.6632073346
93.0969368772 24.6594387022
93.096963248 24.6556797246
93.0955482929 24.6531671448
93.0955735749 24.6493967022
93.0955732753 24.6493967019
93.0955732755 24.649396614
93.088418496 24.6493863602
93.0855590749 24.6481341477
93.0841530831 24.6443654201
93.0885859107 24.6305795051
93.0886604119 24.6243127467
93.088660149 24.6243127469
93.08866015 24.6243126183
93.081486402 24.6243015087
93.0786266926 24.6230399969
93.0786930594 24.6180293102
93.0816190858 24.614280114
93.0859964425 24.6105299123
93.086029343 24.6080233971
93.0760460265 24.6004766363
93.0746517702 24.5967160308
93.0746928813 24.5929465765
93.0790754203 24.5892029538
93.087793273 24.5867197817
93.0978912618 24.588004725
93.1036677444 24.584252432
93.1059405054 24.5806069561
93.1061881284 24.5802089848
93.1061878739 24.5802088881
93.1057680302 24.5800445377
93.1036808874 24.5792274571
93.09649386 24.5792091596
93.0954388397 24.5768948626
93.086358314 24.5678686094
93.0863581978 24.5678686591
93.086358056 24.5678685177
93.077689289 24.5716166678
93.0704637253 24.5728557833
93.0603784615 24.571577416
93.0719152276 24.5578002398
93.0647687549 24.5439984948
93.0647686527 24.5439986727
93.064768493 24.5439983654
93.0604468552 24.5515117132
93.051910608 24.5414782559
93.0505191887 24.5339489253
93.0476987239 24.5276761335
93.0520265202 24.5214178384
93.052047828 24.5164016432
93.040640582 24.5113646018
93.0392264338 24.5075869497
93.0435330998 24.5025674343
93.0349615621 24.4937359107
93.0448943272 24.4785842158
93.0476812753 24.4722417257
93.0474061004 24.4607173312
93.0474058429 24.4607172523
93.0370657499 24.4579315576
93.0358774058 24.4407282337
93.0312940291 24.4256510807
93.0384560163 24.4143479041
93.0382675081 24.4079045019
93.0382672885 24.4079043967
93.0382672877 24.407904369
93.0283262019 24.4031332726
93.015123621 24.3993527559
93.0151234091 24.3993526971
93.008045878 24.4022139111
93.0055985935 24.408771903
92.9996455482 24.4001286979
92.9972013455 24.3984283968
92.9945089259 24.3988159245
92.9910698926 24.4023599624
92.9874917352 24.4045284781
92.9846003876 24.4044472285
92.9794391173 24.4065900478
92.9748471221 24.4046644468
92.9700127216 24.3981308447
92.9595261632 24.3928191464
92.9595259027 24.3928190159
92.9577091202 24.3946089357
92.9573212215 24.3949910075
92.9568704954 24.3957641015
92.9539156109 24.400831531
92.9532428002 24.4014376686
92.9530916286 24.4015737759
92.9513322685 24.401717719
92.950457545 24.4017892378
92.9489148457 24.4011405576
92.9433559623 24.3988029434
92.9397686535 24.3980236581
92.9377576328 24.3959972136
92.9369498566 24.3936910533
92.9349350013 24.3925316553
92.926886242 24.3956350558
92.9246120459 24.3992318762
92.9229094353 24.3996226183
92.9218377049 24.4011669916
92.9226456027 24.4027263731
92.9108127458 24.409938588
92.908569108 24.4002079585
92.9050016446 24.3961020747
92.9051314042 24.3924154001
92.9044386763 24.391495965
92.9044384766 24.3914959171
92.9044384159 24.3914958353
92.9014274914 24.3907722272
92.9002275914 24.3904838126
92.9002275199 24.3904838241
92.8956256591 24.3913630644
92.8956255783 24.391363074
92.8936627869 24.3923810551
92.8910050895 24.398859748
92.890066505 24.3993686307
92.8872999804 24.3987155994
92.8835287747 24.4001280616
92.8775007398 24.3959924336
92.8775005782 24.3959923723
92.8775004785 24.3959923039
92.8731662082 24.3943518812
92.8710927249 24.3941652051
92.8622157908 24.396622522
92.8583831612 24.3955544148
92.8538034326 24.3911486584
92.8509750418 24.3895199408
92.8484148414 24.3832919953
92.8468891541 24.3806317792
92.8462264709 24.3794761087
92.8450601412 24.3783975318
92.8435907687 24.377038603
92.8435907054 24.3770386157
92.8435905485 24.3770384698
92.8394067273 24.3778814982
92.8389391587 24.3779756947
92.835546165 24.3758048961
92.8324002857 24.3737919824
92.832037933 24.3735601344
92.8320378571 24.373560163
92.8320377203 24.3735600764
92.8290931728 24.3746745291
92.828321436 24.3749665673
92.8280557968 24.3754703803
92.8275064237 24.3765118492
92.8276057286 24.3827748845
92.8254578899 24.3849348948
92.8247702249 24.3856263212
92.824667335 24.3861876868
92.8243908227 24.3876945436
92.8254611403 24.3897967811
92.8259474097 24.39075204
92.8309999073 24.3966283758
92.8307088617 24.3976925009
92.8307085845 24.3976933654
92.8296927107 24.3989479154
92.8291326807 24.3991938496
92.8241593044 24.4013776867
92.8208987251 24.4037039734
92.8204968578 24.4039906517
92.8198022399 24.4054807113
92.8177181824 24.4099508436
92.8167754288 24.4097117995
92.8158326941 24.4094727114
92.8158326135 24.4094727329
92.8158325709 24.4094727217
92.8131880738 24.4101674257
92.8105434211 24.4108620948
92.8107393862 24.4122281369
92.8107911023 24.4125889224
92.8101039455 24.4125426674
92.8088442675 24.4124578603
92.8088442272 24.4124578609
92.8082679175 24.414124099
92.808449885 24.4148274224
92.8088918598 24.4165360699
92.8067968774 24.417041103
92.8065594977 24.4170983061
92.8056260736 24.4168100367
92.803667156 24.4162049411
92.803211129 24.4160641985
92.8031005786 24.4160300544
92.8002235285 24.4162976454
92.800208874 24.4162990074
92.800208833 24.4162990109
92.7994535178 24.4187058402
92.7994536652 24.4187058501
92.7994536484 24.4187059051
92.8032160301 24.4189676186
92.8036547903 24.4202301194
92.8027179056 24.4231188173
92.8022600274 24.4245303654
92.7997276009 24.4292235997
92.797517211 24.4316283159
92.7972032157 24.4319698645
92.796745138 24.4330773983
92.7933399149 24.4413091332
92.7893351653 24.4533459429
92.7857188153 24.4610162843
92.7838695717 24.4684791359
92.7821082153 24.4714229518
92.7817123599 24.4720843851
92.7807747571 24.475676976
92.7786576544 24.4837873281
92.7647481674 24.5181637577
92.7640672817 24.5161427504
92.7587383397 24.5090827889
92.7532463093 24.5044031762
92.7532189211 24.5043799268
92.7540463637 24.4985437796
92.7540572903 24.4984670183
92.7508709196 24.4917072543
92.7483733142 24.4858796511
92.7431462747 24.4719782751
92.7300729159 24.4501290005
92.7232913207 24.433341833
92.7176406424 24.4136246671
92.7137090396 24.4078039774
92.7136959666 24.407784686
92.7137204316 24.4028247793
92.7137209564 24.4027229412
92.7069340351 24.3898676868
92.706921012 24.389843014
92.7069471032 24.3845552438
92.706947708 24.3844390835
92.7029267672 24.381237944
92.703591377 24.3736567919
92.7018941041 24.3726672468
92.6977492394 24.3724022937
92.6963697703 24.3714625814
92.6944981913 24.3670223195
92.6927418294 24.3652793035
92.6937005595 24.3624146327
92.6933931426 24.3610878837
92.6912611842 24.3596301583
92.6911608832 24.3539973759
92.6911588986 24.3538833235
92.6901561222 24.3522626674
92.6874697447 24.3494778691
92.6835123973 24.347368837
92.6832697542 24.3449573494
92.6791223074 24.3452656461
92.6742806802 24.3472906436
92.6664990797 24.3431327382
92.6647427266 24.3427184429
92.663607704 24.3442568818
92.6627376737 24.341314531
92.6617341287 24.3409605196
92.6604450113 24.3424209955
92.660375384 24.3424998312
92.6602223044 24.3426732605
92.6586725562 24.3415113439
92.6579673962 24.3409826427
92.6579226757 24.3409851975
92.6570238853 24.3410372557
92.6570934667 24.3390761681
92.6559723782 24.3366515827
92.6519079151 24.3328242604
92.6515384785 24.3304023222
92.651355663 24.3278748204
92.6498965717 24.3281688121
92.6498577867 24.328176631
92.6489067839 24.3283681499
92.6492620553 24.326876373
92.6492890686 24.3267626197
92.6485368862 24.3262975579
92.64834179 24.326455545
92.6482337478 24.3265429966
92.6447559325 24.3293575585
92.6454513915 24.3267808549
92.6446160618 24.3253701073
92.6445262455 24.3252185379
92.6404927573 24.3262743541
92.6393568538 24.3272948596
92.63878811 24.3293111098
92.6362066776 24.3302563654
92.6360713212 24.3318069281
92.636632983 24.3318697879
92.6367417185 24.3318819222
92.6377599082 24.3319959637
92.6372561078 24.3330822056
92.6355586154 24.3332864457
92.6354261872 24.333302431
92.6301653236 24.3309505961
92.6299632474 24.331000638
92.6257023927 24.3320552989
92.6238155333 24.3302552374
92.6229597866 24.3285011642
92.6228972211 24.3283730925
92.622887595 24.3283533215
92.6226205046 24.3179852421
92.62261783 24.3178820805
92.6189634053 24.3091108772
92.619163569 24.3060595299
92.6175646162 24.3020140808
92.6175478141 24.3019716494
92.6175471462 24.3019698869
92.6178152696 24.2973594934
92.6178176695 24.2973156712
92.6163120255 24.2889561342
92.6162916204 24.2888431467
92.6167390543 24.2866682519
92.6180642028 24.2858059432
92.6182029288 24.2857155684
92.6185644444 24.2854802611
92.6188001378 24.2846919715
92.6188908865 24.2843885562
92.6188912341 24.2843878841
92.6185353129 24.2790395658
92.6185277529 24.2789261274
92.6163005521 24.272921997
92.6152716289 24.2681849387
92.6152627348 24.2681443172
92.6149841792 24.2613437079
92.6149798019 24.2612382626
92.6125637074 24.2534559763
92.6110702862 24.2509717344
92.6074387543 24.2477155933
92.6054413195 24.2468283076
92.6054407427 24.2468283171
92.6033482027 24.2468566585
92.5954511329 24.2469631238
92.5935668655 24.2464000518
92.5930674606 24.246250759
92.5908860537 24.2436401307
92.5875045854 24.242517253
92.5813388161 24.2430351627
92.5641076895 24.2478046421
92.55846964 24.2456180213
92.5579228664 24.2454872689
92.5501897054 24.2436382533
92.5484971952 24.2411498525
92.5483775535 24.2409739083
92.5466685947 24.2355039747
92.5466490265 24.2354412779
92.5464791457 24.232508256
92.5473087616 24.2296345707
92.5469147994 24.2222733607
92.5469089527 24.2221649695
92.5452957455 24.2176584152
92.5417548653 24.2119367157
92.5419575907 24.208376923
92.5409866926 24.2039910423
92.5368217259 24.1997225804
92.5367995107 24.1996996332
92.5359266388 24.1976723587
92.5373116777 24.194280975
92.5373269432 24.1942435245
92.537253275 24.1940922512
92.5309927397 24.1812408442
92.5326081114 24.1790884578
92.5326270727 24.1790631258
92.532964652 24.1786134335
92.532456093 24.178350661
92.5323970743 24.1783201972
92.5310303975 24.175200759
92.5294025078 24.1742129648
92.5291598241 24.1725942839
92.5249107894 24.1707158472
92.5212651356 24.1707366003
92.517104635 24.1740234374
92.5146625599 24.1733124161
92.5130957716 24.1713972503
92.5143096289 24.1680184014
92.5132469271 24.1670860623
92.5081633812 24.1670367195
92.5115204578 24.1626415247
92.5123415011 24.1604064786
92.5090773407 24.1607217983
92.5062995022 24.1646534087
92.5044130621 24.1651517888
92.5027837399 24.1645060204
92.5019892486 24.159952988
92.499675192 24.1583738458
92.4942843895 24.1578014403
92.4876183705 24.1600875532
92.4854200592 24.1600703147
92.4844900861 24.1592564057
92.4844351797 24.1571830636
92.4835011645 24.1560180775
92.4821907721 24.1549715369
92.4807490381 24.1549597526
92.483089437 24.151817466
92.4824684728 24.150604013
92.4802112028 24.1501869517
92.480165061 24.1479927843
92.4782922513 24.1465969478
92.4810226594 24.1408229018
92.4804073953 24.1392019889
92.4791437231 24.1387896795
92.4743666962 24.1408058503
92.4728664416 24.1399296605
92.472883515 24.1378621232
92.4707174596 24.136975694
92.4681263462 24.1359152762
92.4663844235 24.1329576921
92.4655052279 24.1326687002
92.4643719494 24.1345451335
92.4626104534 24.1342958637
92.4567861456 24.1414257786
92.4502024727 24.1416352792
92.4434891481 24.1510486398
92.44142556 24.150802679
92.4383597127 24.1492096502
92.4370403738 24.1493190654
92.4361620402 24.1503935596
92.4348401917 24.1605590144
92.4377413439 24.1670832419
92.437360245 24.1684572361
92.434069659 24.1721077241
92.4338401457 24.179343821
92.4328182994 24.1812318299
92.4217985359 24.1865145388
92.4186262499 24.1923437577
92.419392748 24.2004560326
92.4178876906 24.2088956098
92.4182021285 24.2196396672
92.4197483816 24.2331727215
92.4222379793 24.2461348628
92.4220793096 24.2510772237
92.4161777175 24.2514121063
92.4065673649 24.2499323572
92.3954498659 24.2505475286
92.3762995662 24.2493587212
92.3139227935 24.250758808
92.3103507119 24.2495137184
92.3033671886 24.250869312
92.2964659467 24.2499186092
92.2916941752 24.249464925
92.2846554358 24.2502416985
92.2594779358 24.2486755962
92.2404494249 24.2488952208
92.2128174941 24.2476354038
92.2640761234 24.360379606
92.2681354048 24.3654923518
92.2675836662 24.3714566057
92.2682622624 24.3730175993
92.27225842 24.3757691864
92.2725040766 24.3775519321
92.2698997328 24.3804037264
92.2726977896 24.3843994379
92.2731193897 24.386651049
92.2704657134 24.3891463165
92.2698685617 24.3930461306
92.2642462968 24.3957947514
92.262679601 24.4030278215
92.262679626 24.4030280838
92.2632800015 24.4063096174
92.2627623129 24.4080260664
92.2627622933 24.4080262954
92.2594095921 24.4117209947
92.2560348529 24.4171988595
92.2575563635 24.430733726
92.2565835403 24.4345109758
92.2393256562 24.4455118545
92.2361533662 24.4484659062
92.2360629432 24.4520270202
92.2352224737 24.4546587414
92.2324379481 24.4566991974
92.2312234549 24.4586352076
92.2313109907 24.4636978827
92.2290588045 24.47022695
92.2304462494 24.4782869052
92.2340008007 24.4829532823
92.2395814195 24.4881582086
92.2367674867 24.4910674689
92.2365115823 24.4925712793
92.2355885019 24.4950248648
92.2352049144 24.4964070961
92.2347911598 24.4975793088
92.2344938871 24.4985321306
92.2334168293 24.5017139591
92.2339901803 24.5057764934
92.2337404003 24.5201384958
92.2337100847 24.5273594158
92.2322911887 24.5370290958
92.2324585234 24.5438852695
92.2340977853 24.5522970766
92.2340647339 24.561505186
92.2340228019 24.5721604128
92.2333946388 24.5810091765
92.2314824349 24.5886892431
92.2290965966 24.5943691143
92.2240395111 24.5985906882
92.2215415507 24.6052749948
92.2225166457 24.6088828492
92.2271298817 24.6142276814
92.2317601183 24.6183141407
92.2342145266 24.6221114818
92.2375403995 24.6295340558
92.2398875792 24.6370298215
92.2400553425 24.6439898477
92.2396357036 24.6482353504
92.2362643473 24.6529191683
92.2330827048 24.6571556337
92.2289130429 24.6626489469
92.2274182059 24.6664414581
92.2254056149 24.6726573807
92.2261737509 24.6799829816
92.228723478 24.6845030296
92.231361362 24.6913819556
92.2337146889 24.696809272
92.2394228138 24.701609355
92.2444643274 24.703340819
92.2494020392 24.7025503876
92.2574176078 24.7013065825
92.2609599538 24.7043931079
92.2635193911 24.7078328217
92.2660696271 24.7124447224
92.2672184916 24.7213965917
92.2672010361 24.7279899598
92.2678668538 24.7326803508
92.270503192 24.7426318286
92.2705866529 24.7476852524
92.2696821431 24.7512993524
92.2680648202 24.7587849035
92.2644845552 24.7641094763
92.2647619216 24.7690756982
92.2658329239 24.7741381982
92.2679962838 24.7777595647
92.2702560666 24.7807471724
92.2735160937 24.7829202437
92.2788414222 24.7851966305
92.2830873014 24.7871938228
92.2830813337 24.7912561292
92.2796013679 24.7947753781
92.2746296563 24.8014378793
92.2742153956 24.8063136734
92.2736821555 24.8166145799
92.2726626644 24.8228392905
92.2717556041 24.828706222
92.264123416 24.8313936061
92.2588831351 24.829387169
92.2532525161 24.8292830494
92.2474907375 24.8330545588
92.2474642739 24.8391931338
92.2488348757 24.8438942825
92.2490137937 24.8493187861
92.2469205418 24.8530132551
92.2417544578 24.8568826019
92.2369884329 24.8610202546
92.2362762032 24.8657114096
92.2430866523 24.8696154079
92.2463424155 24.8725196473
92.2495904616 24.8776745094
92.2534344057 24.8814813628
92.2536131611 24.8860023721
92.2520033382 24.8916846079
92.2471386241 24.8959134115
92.2434607525 24.9000524292
92.2436400789 24.9039449535
92.2504554975 24.9076659759
92.2586738112 24.9087797987
92.2701585367 24.9097140839
92.2764913906 24.9092836867
92.2806581304 24.9077687754
92.2855100488 24.9076939565
92.2922266185 24.9104205749
92.2986431828 24.9157724016
92.3032019396 24.9159653592
92.3076579903 24.9162495898
92.3126316186 24.9102125745
92.3126468686 24.9048858021
92.3151356359 24.9007314507
92.3244554342 24.8973292684
92.3319856903 24.8932887713
92.3379523467 24.8880607557
92.3431123371 24.8829317637
92.3488531592 24.882943031
92.3509209233 24.8877355864
92.355660981 24.8901859928
92.3574637455 24.8857622995
92.3627154997 24.8811727634
92.3655965075 24.8774803905
92.3692682987 24.875055321
92.3742202665 24.8746113838
92.3792751087 24.8724516239
92.3819537001 24.8696600773
92.385448929 24.8618997065
92.396053358 24.8550645406
92.4026855158 24.8553463568
92.4074252209 24.8591537987
92.4107733355 24.8634959884
92.4166182142 24.863960793
92.4204817029 24.8601810493
92.4240511912 24.8580216187
92.4303932734 24.8573967061
92.4380111762 24.8595868625
92.4433217543 24.8685323299
92.4511368263 24.8741511273
92.45735989 24.8757877596
92.4643914832 24.8752651748
92.4735078015 24.8714887645
92.4813299392 24.8681608473
92.4871711596 24.8668116887
92.4933188239 24.8667361263
92.49776544 24.8679189353
92.4989427476 24.8739675567
92.4989425672 24.8739676286
92.4977424999 24.8791184967
92.4945612524 24.8848922846
92.4942543324 24.8909435389
92.4954336912 24.8961809788
92.4955106879 24.9061177725
92.4913216482 24.9165851378
92.4900348766 24.9213731807
92.4864554186 24.9275993864
92.484366712 24.9310266528
92.4878247695 24.9337456783
92.4897938686 24.9373594963
92.4887018263 24.9423280914
92.4843371529 24.9429473629
92.4783919925 24.9432139034
92.4714669339 24.9424735251
92.4653260258 24.9415607772
92.4600752489 24.9410957667
92.4550284247 24.9422592152
92.451450554 24.9472203551
92.4516342355 24.9525521865
92.4559828303 24.9543705113
92.4611373376 24.9551947202
92.4645935409 24.9579976857
92.4658748994 24.9625175462
92.4595207415 24.9669269167
92.4540627839 24.9690869907
92.4489204046 24.9694353067
92.4434701368 24.9690666201
92.4376221331 24.9681521458
92.4309825118 24.96957954
92.4229521257 24.9744412305
92.4198669018 24.9802165598
92.4198390127 24.9873536606
92.4202273524 24.9917770549
92.4224835938 24.9984668161
92.4226758276 25.0034281655
92.4251340997 25.0092166283
92.4269954528 25.0175276668
92.4267770102 25.0245783569
92.4253444601 25.0295204191
92.4324222184 25.0307961504
92.43838596 25.0316208319
92.4383859935 25.0316208846
92.4324224393 25.0307962842
92.4253447599 25.0295205086
92.4183353655 25.0338625766
92.4113994269 25.0325839888
92.4047560546 25.0330144305
92.3970053843 25.0381428432
92.3923329719 25.0413831993
92.3867855031 25.0434460344
92.3791468675 25.0436086824
92.3727030669 25.0445876597
92.3679369636 25.0489136456
92.3599115043 25.0475421639
92.3521787881 25.0477825744
92.3479030626 25.0499431073
92.3455128877 25.0550877403
92.3463769617 25.0610485788
92.3469644267 25.0659295019
92.3454595424 25.0705250045
92.344045032 25.0774790032
92.336494414 25.0818901821
92.3316349568 25.0823247905
92.3266864011 25.0804121773
92.3210577407 25.075333192
92.3161102475 25.0727940809
92.3115471399 25.0712430047
92.3051140978 25.0711369587
92.3003479498 25.0714823197
92.2931970048 25.0739904427
92.2864475794 25.0761382278
92.2815781748 25.0781060337
92.2772063011 25.0807132816
92.2719479655 25.082226568
92.265004385 25.0847376126
92.2554671741 25.0884083819
92.2471229017 25.0908172569
92.2401685489 25.0938615947
92.2324284105 25.096545092
92.2251645127 25.1016669078
92.2160113005 25.1083193307
92.212328837 25.1111009505
92.2180649641 25.1144679644
92.2257003349 25.1144987004
92.2277693199 25.1179339745
92.222304171 25.1210741832
92.2097910584 25.1236467428
92.2027497557 25.124794801
92.1981635787 25.1287517141
92.1948693918 25.134073241
92.1906979022 25.1354098258
92.1873387938 25.1325957814
92.1912299642 25.1274652032
92.1928468571 25.1216917693
92.1868992014 25.1209486422
92.1789580421 25.1227187657
92.1714973416 25.1266612785
92.1668195803 25.1297188319
92.1612521839 25.1327631489
92.1527942686 25.137064999
92.1426629016 25.1409065938
92.1385895081 25.1426960218
92.1376213373 25.1562436767
92.1254704592 25.1653082813
92.114734254 25.1696018481
92.1078692991 25.1729119767
92.1024025315 25.1749596584
92.0969376614 25.1766535525
92.0904643476 25.1798721375
92.0844959925 25.1832796104
92.0776378468 25.1856014743
92.0652233597 25.1872599683
92.0603646382 25.1859693895
92.0546285689 25.1829640276
92.049581898 25.1816693287
92.0424098792 25.184166507
92.0383481356 25.1845962933
92.0331987767 25.1825861201
92.0292200379 25.1829260628
92.0198477322 25.1868412301
92.0139077781 25.1885431405
92.0051823851 25.1870503164
91.9986552787 25.1840397827
91.9939128637 25.1804054064
91.98998654 25.1746980241
91.9862362425 25.1709725741
91.9776901659 25.1719194985
91.972509284 25.1759544304
91.967029268 25.1789104615
91.9553004875 25.1820936842
91.9501436867 25.1827028735
91.9387239255 25.1824587563
91.9302010831 25.1821402475
91.9164072939 25.1822395503
91.9086759757 25.1806601008
91.9018300581 25.1800837673
91.8953849363 25.1797764952
91.8857834631 25.1769126211
91.8790447182 25.1757912481
91.8622785191 25.1744260232
91.8547413301 25.1749261703
91.844193511 25.1781071053
91.8392425951 25.1769923846
91.8331189852 25.173350736
91.8248806206 25.1735681924
91.8193477943 25.1708207891
91.8094337123 25.1687730656
91.7988299444 25.1678859142
91.7911899161 25.1679266417
91.7857375227 25.1678023607
91.7749253893 25.1664653747
91.7690743252 25.1666964549
91.7603313385 25.1685402236
91.7496834707 25.1710870808
91.7468457797 25.1665502293
91.7491719906 25.1611518576
91.7504955639 25.1570003815
91.7506329605 25.1532996044
91.7469983549 25.1480381782
91.7399458413 25.1494334858
91.7335835194 25.1511086113
91.7296031369 25.1522538055
91.7242169421 25.1555541547
91.7191536563 25.1567882938
91.7141805279 25.1575695606
91.7078407603 25.1561682807
91.7056168231 25.1495542673
91.7009046894 25.1434752583
91.6971719234 25.1398321473
91.6919340728 25.1375407583
91.6852999806 25.1366826754
91.6810281443 25.1371904902
91.674881159 25.1366069647
91.6680841499 25.1305091148
91.6638328727 25.128846519
91.6596543626 25.1305384523
91.6536056372 25.130306922
91.6499785317 25.1261329056
91.6450430527 25.1237456238
91.6376852492 25.1254041216
91.6310967745 25.1302257216
91.6292289933 25.1387028169
91.6270131462 25.1430193126
91.6216206774 25.146050774
91.6172571253 25.1458317062
91.6128149042 25.1439028789
91.6080657955 25.1425093859
91.603965702 25.1463645076
91.6067863984 25.152343557
91.6044306596 25.1595474325
91.6045691717 25.1660535718
91.6112509514 25.1716822305
91.605893786 25.1731032766
91.5956969402 25.1711348645
91.5877604612 25.1705296794
91.5826098989 25.1695835382
91.5790691282 25.1665745324
91.5774133463 25.1628563141
91.5719822607 25.159926554
91.5640734219 25.1574269151
91.5600397493 25.1537825799
91.5567940464 25.1507717617
91.5504687556 25.1483771454
91.5447295459 25.1472474879
91.5400790698 25.1460385902
91.5309725277 25.1442481217
91.5221492919 25.1436295313
91.5157904609 25.1441223126
91.5108292046 25.1445290277
91.5071756463 25.1430556723
91.5067151163 25.139346933
91.5032676116 25.1366066654
91.4960619017 25.1341068192
91.4887112368 25.1342265359
91.4804833554 25.134519804
91.4739194878 25.1355502077
91.4704627294 25.1439070033
91.469817052 25.1488732099
91.4663175959 25.1506476271
91.4595776353 25.1506815098
91.4538341088 25.1490963649
91.4489698426 25.1492283431
91.4423028659 25.1516088125
91.4390912406 25.1545642944
91.4348214752 25.1551576107
91.4268990518 25.1625782829
91.4238892725 25.1659825889
91.4217723641 25.1692100437
91.4168803171 25.1718806406
91.4119671034 25.1668638258
91.4069234744 25.1655577588
91.3995513302 25.1680160043
91.3911043889 25.1697473342
91.3860799838 25.1671738829
91.3793331947 25.1665696417
91.3752310325 25.169513085
91.3713222474 25.1726361528
91.3655334194 25.1755625981
91.359471745 25.1766756435
91.355020743 25.1751834579
91.3483127018 25.1718713675
91.3413550083 25.1730657101
91.3364828212 25.1743745008
91.3306886123 25.176847443
91.3297365013 25.1822552297
91.3238516861 25.1844551615
91.3192970473 25.1841401177
91.3152357655 25.1833778611
91.3099737851 25.1833267435
91.304315976 25.1839069862
91.2984478241 25.1847494819
91.2944570817 25.1863364171
91.2934881217 25.1930079399
91.2886830063 25.1967574964
91.2818784622 25.2005697525
91.2772764317 25.2040385324
91.2676258284 25.2062038429
91.2591703744 25.1993468863
91.2550318215 25.1969564374
91.244824143 25.1961296468
91.2332959987 25.1967349184
91.2251352289 25.1981798035
91.2158936359 25.1998019408
91.1961424412 25.1992348983
91.1885237982 25.1978889999
91.1838884634 25.1953134101
91.176860793 25.1943374149
91.1699005753 25.1947136851
91.1617431751 25.1966074266
91.1525239369 25.1956962811
91.1441159248 25.1932601903
91.1376856737 25.1923778704
91.1282464615 25.1925476937
91.1239685096 25.1931304362
91.1181037999 25.1937902336
91.1103411694 25.1955027745
91.1020743112 25.198306068
91.0970867674 25.1997792709
91.0910303352 25.2001632702
91.084465113 25.2013522103
91.0752923374 25.1971020586
91.0709719417 25.1937965979
91.0667309165 25.1915818271
91.062266038 25.1915298663
91.0582089957 25.1906775308
91.0531423199 25.1907075923
91.0480938206 25.189831279
91.0385948078 25.1880077759
91.0279207096 25.1852634267
91.0226834942 25.183310202
91.0170433281 25.1819788305
91.0116061403 25.1804688826
91.0047785134 25.1791316437
90.9988516934 25.1777069264
90.9909261948 25.1761656275
90.98390285 25.1747283361
90.97797406 25.1735707538
90.9725639918 25.1720113815
90.9584727076 25.1697289368
90.9477734085 25.1687814877
90.9376782007 25.1671234934
90.9276027027 25.1643854697
90.916913896 25.1625397163
90.911466618 25.1614794432
90.901805098 25.1640634862
90.8945445893 25.1655981212
90.8798192746 25.1614352269
90.8723103007 25.1590899974
90.8577258227 25.1590791815
90.8440016803 25.161257126
90.8372523349 25.1615229696
90.8224403306 25.1629604121
90.8117663353 25.1667867659
90.8039443636 25.1718346993
90.7987826529 25.1779958223
90.7930664101 25.1817973509
90.7830227281 25.1831977546
90.7779845318 25.1816865952
90.7743843523 25.177489914
90.7697459324 25.1695734383
90.7633732292 25.1646118607
90.7556339431 25.164506834
90.7443225863 25.1646290402
90.7431619002 25.1568461967
90.7349699143 25.1541173172
90.7296233397 25.1593724776
90.7235904068 25.1642504576
90.7177326984 25.1642598811
90.7114425383 25.1612847807
90.7041240096 25.1594723904
90.6963898955 25.1591793835
90.6869447896 25.1659098816
90.6828213369 25.1693777269
90.6778056194 25.166957166
90.6713743834 25.1718280466
90.6696752683 25.1778537371
90.6678844809 25.1840588176
90.65801208 25.192579951
90.6542711793 25.1851247716
90.6466414444 25.1789667648
90.6398146667 25.1776990668
90.6392006106 25.172631604
90.6330591648 25.171914232
90.6225417882 25.1719474458
90.6150765481 25.1733697202
90.599506338 25.1731483406
90.5762085451 25.1715457776
90.5612547573 25.1700598735
90.5494442563 25.1703357589
90.5224896125 25.168217804
90.5132625808 25.1678950837
90.5000480395 25.1637256333
90.4928479798 25.1610877015
90.48742388 25.159198945
90.4831203883 25.1560685293
90.4754181132 25.15360463
90.4696985803 25.152249905
90.4604736939 25.1517485407
90.45564659 25.1501413515
90.4474412418 25.1432401479
90.4382733203 25.1451682082
90.4328048877 25.1460752575
90.4235108986 25.1496355807
90.418526309 25.150820935
90.4122845377 25.1555038755
90.4011210873 25.1578525906
90.3921730511 25.1588838721
90.3864068128 25.1596937755
90.3802270067 25.1612189671
90.3690102192 25.1663633509
90.3608925094 25.1702053534
90.3549714337 25.1736227591
90.3510316249 25.1770826599
90.3452954574 25.1814126243
90.3389167942 25.1877144427
90.3345790551 25.1911566023
90.3267866679 25.1886890829
90.3176815551 25.1873634621
90.3118355281 25.1866344286
90.3037906237 25.1871316619
90.2942276853 25.188871765
90.2879864024 25.1930046332
90.278269508 25.1974444781
90.2696655858 25.1960411225
90.2631399267 25.1949331113
90.2576641517 25.1956588016
90.2497396575 25.1999455421
90.242644214 25.2019848522
90.2364695361 25.2032360305
90.2282505735 25.2020125126
90.2173187991 25.2026407874
90.2103876056 25.2069358719
90.2051631654 25.2097404714
90.1988553289 25.2120648682
90.1906436606 25.2157096697
90.1807574896 25.218335993
90.1720590409 25.2211650047
90.1624929569 25.2229776867
90.1537444244 25.2234577513
90.1421104546 25.2243389701
90.1343673175 25.2241913798
90.1270544152 25.2226216231
90.12189818 25.2225324106
90.1152160631 25.2236756896
90.109669796 25.2276376286
90.1035674435 25.2341990877
90.0969473518 25.2374231041
90.0902735811 25.2382970203
90.0845069534 25.2386454867
90.0751684234 25.2434369993
90.0688739274 25.2499078203
90.0626853207 25.2554762542
90.0549620874 25.2587632225
90.0461699635 25.2613047675
90.0345027722 25.2636170559
90.021585361 25.268436433
90.0123730606 25.2713284772
90.0066659882 25.2737533068
90.000833612 25.2765251377
89.9947259862 25.2790261851
89.9837662411 25.2847722985
89.9808701027 25.2894116641
89.979294457 25.2977723139
89.9750603244 25.3004907486
89.9648456602 25.2994855071
89.9526305454 25.2997064391
89.9441961155 25.2990053371
89.9320781505 25.2990384946
89.9236290869 25.3035738464
89.9167114639 25.3058720485
89.910918416 25.3072928106
89.902634914 25.3046095754
89.8966113807 25.2989877837
89.8935302632 25.2947856613
89.8866769031 25.2904968686
89.8774267515 25.286709221
89.8721662844 25.2866065962
89.8652589298 25.2889042105
89.85885988 25.2904908351
89.8535523564 25.2922822239
89.8479706389 25.2933481574
89.8426951801 25.2935153648
89.8376858527 25.2954925191
89.8399606978 25.3040146273
89.8427381276 25.3122716766
89.8429070909 25.3179610441
89.8381486258 25.3257168113
89.8318877994 25.3296555781
89.8231266581 25.3469772458
89.8182585818 25.3631171824
89.8168167886 25.3694021028
89.8185481516 25.388103389
89.8222253487 25.3962965284
89.8289190962 25.4032878601
89.8305834355 25.4082822551
89.8313366875 25.413978063
89.8320892646 25.420125967
89.8351470962 25.4292922957
89.8370128601 25.4343867958
89.841211496 25.4418635334
89.8449103571 25.4492450848
89.851101283 25.4565810837
89.855823452 25.462720896
89.8574897933 25.4677171266
89.856088026 25.4766175841
89.8543684334 25.4819952078
89.8555519096 25.4906758054
89.8570272687 25.499185577
89.8594812606 25.5089754671
89.8624874959 25.5166957305
89.863220968 25.5230289575
89.8611022085 25.528574955
89.8562092627 25.5375078442
89.8583982425 25.5414235589
89.8639987477 25.5446055956
89.8700932825 25.5477929556
89.8747448265 25.5571703197
89.8762337425 25.565498879
89.8791678448 25.576198705
89.8741971525 25.5880107694
89.8753028751 25.5919121037
89.8790440087 25.5978506133
89.8832100717 25.6152434494
89.8830516917 25.6214717472
89.8811173703 25.6314433781
89.8719089021 25.654078575
89.8661814185 25.6642494361
89.8480021334 25.6904965584
89.8492656907 25.6958453836
89.8519622681 25.6997749687
89.8564975269 25.7055526021
89.8564720319 25.7148346837
89.8471093378 25.714653774
89.8402335366 25.7146975736
89.8360697088 25.7176827568
89.8298049714 25.729278426
89.827298054 25.7379746377
89.8284837421 25.7420553999
89.8341160409 25.7481192701
89.8409231603 25.7552063923
89.8433798303 25.7610283265
89.8418571126 25.7657787046
89.8382825545 25.7736431413
89.8353229843 25.784134444
89.8334462641 25.7914990219
89.8310270426 25.8047092406
89.8272519701 25.8118478504
89.8214491754 25.8127220124
89.8188455951 25.8170881748
89.8229276409 25.821317822
89.8298227104 25.8293036317
89.8351968547 25.8377129167
89.8347328492 25.8522241167
89.8361561026 25.8676720423
89.8383209662 25.8725943999
89.840495696 25.8777744452
89.8509719089 25.8900754326
89.8739639773 25.913083845
89.8834392791 25.9301458054
89.8851480108 25.9336898778
89.8875421417 25.9379789266
89.8870404953 25.9420231734
89.8794924621 25.9444073787
89.8688259039 25.9435531612
89.857511064 25.9407147464
89.8512124815 25.9408600291
89.8446281021 25.9405434898
89.8381816246 25.9426668245
89.8339445257 25.9442075513
89.8311843155 25.9470383226
89.8410702994 25.9548159458
89.8483300398 25.9561367265
89.8473927796 25.9618868822
89.8452155788 25.9649992911
89.8413510093 25.967803183
89.844732675 25.9722055341
89.8511354253 25.9723307515
89.8592985282 25.9691666678
89.8681593906 25.9703298583
89.8715245883 25.976084052
89.861786673 25.9859846667
89.8576473248 25.9876165868
89.8548210086 25.9924302294
89.8500757616 25.9946767014
89.8467257435 26.0008375811
89.8434286609 26.0049198544
89.8351730057 26.0071847948
89.8336504937 26.0003037318
89.833768582 25.9951682234
89.8354822735 25.9908680207
89.8352026387 25.9862648895
89.8281462972 25.9844924322
89.8223979757 25.9866353271
89.8186353396 25.9889894994
89.8212542689 26.012319968
89.8209228909 26.0175426383
89.8214671487 26.0235953926
89.8182918401 26.0306574335
89.8173967371 26.0343338541
89.8130992293 26.038307665
89.8097390465 26.0327367261
89.8061880855 26.0270716492
89.799013982 26.0181668154
89.792251473 26.0170428488
89.793422999 26.0218479995
89.7967203001 26.0258876187
89.8004526334 26.0284841555
89.8021548002 26.0324857179
89.8046641682 26.0359661182
89.803271063 26.0395446517
89.798228996 26.0376439316
89.7961358235 26.0332702946
89.7922116919 26.0379901063
89.7874934848 26.038766337
89.778520677 26.0354658163
89.7862568808 26.0445159361
89.792823074 26.045458935
89.7915161395 26.0497650414
89.788136451 26.0532100221
89.7969895927 26.0587125502
89.8011896918 26.0586234937
89.8019654268 26.0637808168
89.8013374496 26.0685468616
89.8013245864 26.0731450632
89.7960397535 26.0801637521
89.7974234909 26.0883721722
89.7897751615 26.0828262506
89.7860928007 26.0859995768
89.7864615307 26.095028052
89.7887942267 26.1015722136
89.7874848598 26.1060534026
89.7788712478 26.1064190475
89.7712606882 26.1066106374
89.7650095822 26.1125265093
89.7688470569 26.1227067725
89.7705154499 26.1277941524
89.7699095667 26.1319358582
89.7626487989 26.1383574176
89.7571824963 26.1444725405
89.7530601609 26.1528594952
89.7481679242 26.1565497943
89.7391199784 26.1581573944
89.7325740208 26.1559472773
89.7279696855 26.1559350469
89.7240309948 26.1574764246
89.7237834591 26.1629832553
89.7226925064 26.1655503028
89.7299143292 26.1696412358
89.729923193 26.1716233525
89.7318799694 26.1738849365
89.7377428328 26.1729747998
89.7385863304 26.1733785363
89.7389920545 26.1750038585
89.7379609499 26.175884344
89.7350735546 26.1770144491
89.7246189484 26.1779573479
89.721900006 26.1772186072
89.7164559479 26.173523715
89.7113633434 26.1731493647
89.7091106585 26.1745622306
89.7073865077 26.1771409046
89.7050579247 26.1848472237
89.699724529 26.1890842765
89.7024473722 26.19087437
89.7066966865 26.1881663418
89.7102371072 26.1880842157
89.7130700526 26.1868381191
89.7156049472 26.1885751157
89.7189008405 26.1893702837
89.7209833624 26.1913382564
89.722961172 26.1968075548
89.7223420224 26.2001335009
89.7204243357 26.2026552081
89.7164953791 26.2032089426
89.7190951765 26.2059884357
89.7221285553 26.2056195742
89.7254785613 26.2061806653
89.7280618765 26.2053417973
89.730521343 26.2060874281
89.7361762346 26.2107738137
89.7368955192 26.2122872878
89.73614613 26.2149114018
89.7292487064 26.2172874184
89.7203870273 26.2147786166
89.7079747917 26.2132926008
89.7051439555 26.2137730542
89.7024480994 26.2159510092
89.7021375841 26.2172382305
89.7044787116 26.2189090386
89.7080066081 26.2173156006
89.7104615549 26.217065933
89.7151238227 26.2191407658
89.7166165267 26.227752333
89.7177219857 26.2289697981
89.7230933227 26.231618055
89.7282088761 26.2329265607
89.733679576 26.2381962355
89.7284908101 26.2435360593
89.7206310574 26.2463865421
89.7199437326 26.2489605264
89.7214549385 26.2523332657
89.7213460566 26.2552492571
89.720315476 26.256479899
89.7163226715 26.2580241284
89.7085768418 26.2569664492
89.7059405955 26.2592005231
89.7056309094 26.2608333755
89.7097712929 26.2698977887
89.7139118413 26.2708110958
89.7164860001 26.2695674218
89.7158001046 26.2645525886
89.7163668014 26.26327255
89.7222788667 26.2591468096
89.7301523055 26.2583977988
89.7372089958 26.2603318871
89.738391893 26.2624848752
89.7386090927 26.2664455106
89.74238677 26.2710874303
89.7341560085 26.2829148014
89.7260584943 26.2881636385
89.7220283092 26.2930342702
89.720440662 26.2970103091
89.7206719005 26.3019611741
89.7228292556 26.3056808062
89.7252358483 26.3081125978
89.7277580957 26.3075174828
89.724782937 26.2986069212
89.7258671518 26.2962711573
89.7284293516 26.2947330095
89.736756993 26.2928766898
89.7473027264 26.2951920471
89.7510063916 26.2907422855
89.7538371363 26.2893759352
89.7620408517 26.2885079623
89.7635956987 26.2893051116
89.764082502 26.2925710284
89.7558489327 26.306215994
89.7555209581 26.3214317836
89.7566280567 26.3221232885
89.758631776 26.3217675139
89.7669397892 26.3170658393
89.7735045697 26.323764513
89.7827118916 26.3277196781
89.7828251568 26.3278328313
89.785838474 26.3308429831
89.7860052065 26.335618122
89.7860114173 26.33579735
89.7841901667 26.3431587628
89.7840392713 26.3473680724
89.7858857975 26.3521298726
89.7869997685 26.3532356416
89.7953115542 26.3580161545
89.808978624 26.3622893179
89.8148276661 26.3664443233
89.8175484247 26.3669463717
89.8254032743 26.3705600605
89.8253673109 26.3705093759
89.8254683522 26.3705558147
89.8222621532 26.3660367055
89.8200188715 26.3642161237
89.8185336157 26.3630106526
89.8177073759 26.3623399764
89.8165940874 26.3606535213
89.8165088503 26.3579665007
89.8186661537 26.3531147796
89.8205858414 26.3514079964
89.8250549485 26.3503387214
89.8261449946 26.3510860451
89.8283678169 26.3552013521
89.8260176865 26.3590143794
89.8320315698 26.3666068842
89.8323783793 26.3697567607
89.8294011798 26.3768363913
89.83058339 26.3792745682
89.8328620101 26.3810673213
89.8359775391 26.3819684023
89.8390089626 26.3811919323
89.8390192098 26.3811867544
89.8390742242 26.3811878208
89.8459140203 26.3777223899
89.8504705477 26.3839686312
89.8562301653 26.3839832707
89.8562382194 26.3839789861
89.8562955113 26.3839791467
89.8600248905 26.3819687203
89.8270138729 26.3250708376
89.8274974618 26.3282721883
89.8249393199 26.3309135658
89.8240205562 26.3372137547
89.8208926828 26.3420806991
89.8171162643 26.3458450426
89.804861954 26.3494319353
89.8031114531 26.3489747448
89.7988119515 26.3449248795
89.7938243548 26.3432139028
89.7931704316 26.3421669383
89.7936691164 26.3404759603
89.7985621768 26.3383848393
89.8011980321 26.3358682404
89.8033529938 26.3311272678
89.8125645942 26.3278469195
89.8147334216 26.3249213645
89.822601624 26.3200484148
89.8270138729 26.3250708376
89.7352610197 26.3090320696
89.7375352058 26.3110016714
89.7387627243 26.3109988849
89.7420962137 26.3076467034
89.7432293297 26.3036203412
89.7429014781 26.3022163102
89.7370333199 26.30360131
89.7345903067 26.305427221
89.7339651775 26.3074117243
NaN  NaN
