# India Subdivision Vidarbha
80.6634240237 21.3313834963
80.6634240237 21.3313834963
80.6648411624 21.3299900371
80.6667631085 21.3283964849
80.6692838395 21.3267519246
80.6704560354 21.3254929342
80.672497186 21.3227508145
80.6734382227 21.3199883107
80.6739033231 21.3168276226
80.6749666405 21.3144717885
80.6778509883 21.3129427611
80.679637977 21.3119270971
80.6806897854 21.3097460931
80.6792691419 21.3065686442
80.6799936489 21.3018540029
80.6798364261 21.2989722326
80.6778480318 21.2965887138
80.6751845579 21.2946706335
80.6721589695 21.292977219
80.6702178387 21.2916355436
80.6677939866 21.2904639014
80.6649888303 21.2900898562
80.6616999862 21.2901803141
80.6605755893 21.2867184495
80.6590226395 21.2839348552
80.6576961734 21.2822590342
80.6555095826 21.2808584395
80.6536463335 21.2788260397
80.651772825 21.2766833078
80.6502990984 21.2729813971
80.6495370714 21.2697525831
80.6487977417 21.2651366115
80.6479755676 21.2621380885
80.6463758924 21.2582135983
80.6456092072 21.2555001104
80.6442369808 21.253408046
80.6421902089 21.2508587805
80.6391089801 21.2480148665
80.6345492633 21.2464193095
80.6315120315 21.2450104606
80.6269681018 21.243074165
80.6225941908 21.2407344731
80.620311914 21.2375487002
80.6185689789 21.2352854576
80.6173656013 21.2340044943
80.6155551785 21.2324982934
80.6145295164 21.2319642178
80.6129532652 21.2306893453
80.6119269258 21.2294743297
80.6103013491 21.22813526
80.6078715715 21.2268960252
80.6057518329 21.225846435
80.6030698262 21.2252430078
80.5991702255 21.2255553679
80.5962351805 21.2254175305
80.5913183399 21.2237622984
80.5884077247 21.2224740294
80.5849523243 21.220601242
80.5816722508 21.2189600484
80.5786950593 21.2175499318
80.5752621777 21.2145842166
80.5734603718 21.2115109835
80.5729748246 21.2109906637
80.5708699844 21.208725958
80.5680883855 21.2065189999
80.5646337297 21.2046457665
80.5604991322 21.2032258192
80.5574711911 21.2018707406
80.5561285962 21.2016847879
80.5533945963 21.2013728757
80.5503500696 21.2007169425
80.548710451 21.19989256
80.5457279782 21.1999816243
80.5418093437 21.2002948608
80.5391821673 21.2009023829
80.5372909444 21.2015210225
80.5347175651 21.2027010578
80.531835208 21.2033070611
80.5275654931 21.2041939138
80.5250315544 21.2017506918
80.5230507128 21.1989696687
80.521614169 21.196711164
80.5199832176 21.1942830867
80.5183741464 21.1917928489
80.517602689 21.1895942074
80.5171492186 21.1871712088
80.5161441311 21.1841705504
80.5144476418 21.1831228144
80.5113301687 21.1837269603
80.5093763819 21.1839935283
80.5066885966 21.1847202635
80.5046772281 21.1846994471
80.5023025182 21.1839322101
80.4991112443 21.1806143645
80.4963332709 21.1782313237
80.4927951935 21.1778565251
80.4886038727 21.1772422316
80.4862384293 21.1756006352
80.4838845173 21.1737450538
80.4817055958 21.1721027887
80.4801282058 21.1719766876
80.4746327782 21.1721505911
80.4709757597 21.1727486261
80.4684081044 21.1734766683
80.4640794419 21.1734878048
80.4620454259 21.1697308619
80.4610468676 21.1660972817
80.4607863211 21.1624038939
80.4607043558 21.1592919655
80.4595957525 21.1550123385
80.4583657185 21.1503351929
80.4568776353 21.1476047789
80.4559936781 21.1451117557
80.4549882279 21.1422211323
80.4537433489 21.1388597401
80.4528010284 21.1364749753
80.4507900547 21.1313102292
80.4492396054 21.1288652113
80.44750696 21.1261791954
80.4454265364 21.1221095095
80.4471462857 21.121023308
80.4506385781 21.1199639991
80.4529663809 21.1188943346
80.454999497 21.1170089563
80.4559227854 21.116035487
80.4561148784 21.1155771745
80.4560289146 21.1126861637
80.4537264271 21.1117891763
80.4522734537 21.1119936695
80.4504926406 21.1123808528
80.4490298945 21.1125968372
80.4462839559 21.1125038384
80.4458339593 21.1098945158
80.4454980763 21.1077011684
80.4444382704 21.1052615844
80.4434883179 21.1034013095
80.4428406557 21.1017862243
80.4419538998 21.0997509367
80.4409848572 21.0987670391
80.4400823472 21.0978841254
80.442274474 21.0959271823
80.4431559217 21.093461191
80.4449075982 21.089568814
80.4467806117 21.0860832126
80.447727005 21.0840217907
80.4487866278 21.0813758402
80.4493150098 21.0782070609
80.4495491313 21.0749793251
80.4493839631 21.0732478828
80.4477399224 21.0711873163
80.4493678101 21.0677737595
80.4497441052 21.0667375983
80.4507568123 21.0640434978
80.4515205638 21.062385175
80.4528825033 21.0607986437
80.4540472763 21.0574784456
80.4544050049 21.0553107272
80.4550138065 21.0527972563
80.4552776892 21.0504435192
80.4546532379 21.0476876451
80.4538580162 21.0451577509
80.4541251127 21.0415987893
80.4543245672 21.040461992
80.454125622 21.0374679704
80.4533068438 21.0344620366
80.4520262281 21.0317978899
80.4500358418 21.0300490044
80.4476407797 21.0288647406
80.4453767125 21.028020518
80.4435296939 21.0258685589
80.4427407544 21.0229062573
80.4413228211 21.0201044162
80.4392409286 21.0179945597
80.4368891684 21.0172240296
80.4355988341 21.0144310089
80.4343385689 21.0133237774
80.4305324616 21.0104597902
80.4315195608 21.0082076107
80.4334177246 21.0059182831
80.436258485 21.0035181241
80.4400846681 21.0006412118
80.4448670171 20.9930096992
80.4457237045 20.9725011701
80.4474907427 20.9664104102
80.4505487878 20.9619900703
80.4551324497 20.9519902463
80.4555707068 20.9462921907
80.4633820528 20.9382579055
80.4623457377 20.9331325079
80.4658864037 20.9291750381
80.4721159617 20.9283276489
80.4807209204 20.9284060814
80.4895622843 20.9295251059
80.4981083833 20.928912809
80.507505435 20.9299806233
80.5174562513 20.9298868216
80.5332544354 20.933207634
80.5421059284 20.9324284363
80.5486971677 20.9350308632
80.5449731154 20.927195148
80.5459487789 20.92218953
80.5530289553 20.9042458859
80.5566187204 20.8900937235
80.5557606061 20.869314262
80.5574635078 20.8611439973
80.5572275061 20.8469282738
80.561670038 20.8307083483
80.5627539685 20.8209860876
80.5576338667 20.8167693329
80.5557625427 20.8097234405
80.5525536665 20.802691623
80.5502125841 20.7931294367
80.5523396737 20.7836290635
80.5523989103 20.7667503203
80.5550474066 20.7604674808
80.5588744629 20.7548562697
80.5614074837 20.7485692135
80.5627578755 20.7240336068
80.5670600147 20.7132492384
80.5708334477 20.708675179
80.5818099001 20.6999412435
80.584610879 20.6955983197
80.5862007483 20.6915107048
80.5870206532 20.6851819893
80.5852447634 20.6803189073
80.5796810773 20.6758407822
80.5736963567 20.6744773087
80.559599134 20.674627255
80.5542748216 20.6727937808
80.5442863261 20.6655485081
80.5324410554 20.6646989605
80.525782773 20.6632716392
80.514458094 20.6561050033
80.5088894424 20.6507046263
80.4965059825 20.6414112221
80.4916837547 20.6366998532
80.4884346459 20.631277389
80.487801262 20.6250807274
80.4884418533 20.6186408514
80.4910482947 20.6135074114
80.4997739415 20.6056658564
80.5040478491 20.5974043875
80.5069708203 20.5884760982
80.5187697335 20.5867434805
80.5263836943 20.586314545
80.5367069477 20.5917222507
80.5582935267 20.6007318728
80.5659393358 20.6116219964
80.5742092041 20.6140552129
80.5855705056 20.6157723851
80.5926433616 20.6158112202
80.5993962878 20.6147635001
80.6094979636 20.6090804681
80.6158727045 20.6076863449
80.624604037 20.6078777587
80.629257523 20.6055843528
80.6264260361 20.5996459426
80.61979363 20.5923093398
80.6215464403 20.5870094071
80.6244029004 20.5827854538
80.6211753773 20.5786834263
80.6266455505 20.5690939689
80.6240020574 20.5640124862
80.6190900893 20.5613636677
80.6169071475 20.5581148614
80.6187203618 20.5527527987
80.6172283268 20.5468618454
80.6203510985 20.5433773072
80.6196719533 20.5390763205
80.616974878 20.5338180412
80.6154592454 20.5180506971
80.6138291849 20.5143858956
80.6141822402 20.5057724211
80.6131480117 20.4889597661
80.6119008295 20.4830543219
80.6102826786 20.4643523656
80.6086270883 20.4591981536
80.6016380686 20.4483642622
80.6040745443 20.4440280064
80.6083970214 20.439332356
80.6104000822 20.4352322169
80.6068371727 20.4288997213
80.6013925404 20.4226965686
80.5986796301 20.4170432201
80.5967039061 20.4147615709
80.5934776576 20.4027403308
80.5929842521 20.3976321388
80.5929342545 20.3940739432
80.594393188 20.389923512
80.5971420854 20.3863909045
80.6053610101 20.3827327782
80.6092008486 20.3785036226
80.6076791554 20.3746733186
80.6078708906 20.3712819657
80.6120961228 20.3682488502
80.6131658691 20.362888552
80.6129775791 20.3585287505
80.618482685 20.3514630255
80.6176862434 20.3473908116
80.6236630717 20.3397414645
80.6247560369 20.3358246543
80.6236685076 20.3279082348
80.6136825203 20.3275036617
80.6123891496 20.3223509478
80.5911992545 20.3214364512
80.558520504 20.3136390465
80.548961676 20.3089670615
80.5462549084 20.3025158377
80.5427693813 20.2968075112
80.5336201149 20.2869086542
80.517767285 20.2717370813
80.5014175227 20.2769069425
80.4827805709 20.275780062
80.4723472295 20.2737057515
80.463366231 20.2709849436
80.4552691769 20.2659555854
80.4441853304 20.2605531866
80.4298055197 20.2546745342
80.4265043445 20.2536198478
80.4221421213 20.2543447563
80.4158947523 20.2511904719
80.4105833544 20.2497548894
80.3930824849 20.2466532001
80.3898153934 20.2437588816
80.3948992231 20.2326788774
80.4048731126 20.2148860042
80.4166976888 20.2074162025
80.4189060584 20.2043509435
80.4208694797 20.192382879
80.4202888986 20.1896932578
80.4109384863 20.1865683609
80.4051466394 20.1855867662
80.4014774115 20.183737419
80.399658606 20.1795526155
80.398774558 20.1729062038
80.3973202357 20.1684400742
80.3928923032 20.1649814785
80.3914338935 20.1606831242
80.3945068302 20.1537666897
80.4007217815 20.1462305393
80.4083884018 20.1417329371
80.4338542411 20.1325145168
80.4388559581 20.1336167728
80.4465404418 20.1314061358
80.4510535406 20.1326312485
80.4547978472 20.1438485908
80.4582551281 20.1471473318
80.4655986863 20.1468373032
80.4737178452 20.1449709652
80.4842402615 20.1408510534
80.4898835983 20.1402098523
80.498078427 20.1438022906
80.5049703627 20.141262666
80.5105432299 20.1311502637
80.5175050758 20.1292969707
80.5251088418 20.1292175736
80.5305450831 20.1268611436
80.533654635 20.123784368
80.5357899692 20.1199089753
80.5427314044 20.1162712871
80.5473498471 20.1122626402
80.5482397416 20.1073897697
80.5422199467 20.094646098
80.5419612567 20.0878678393
80.5488289153 20.0791746112
80.5531617088 20.0682224911
80.5522363745 20.0620926406
80.5480793659 20.0507262589
80.5485886644 20.039765602
80.5424232241 20.013801546
80.5395565828 20.0065323972
80.5427906478 20.0025362396
80.5469652982 20.0003449648
80.5505448832 19.9977053653
80.5525736009 19.989827978
80.5511573438 19.9841623065
80.5447784519 19.9762217289
80.5417538901 19.973583439
80.5393855649 19.9697180587
80.5408623448 19.9557242333
80.533279732 19.9513124237
80.5330406875 19.9438090692
80.5273992998 19.9335885382
80.5157635583 19.9286112357
80.5087496612 19.9274474863
80.4874701007 19.9304688126
80.4798775937 19.9339008054
80.4768174855 19.9363070808
80.4757330642 19.9429025119
80.4714654446 19.9488716225
80.4599485657 19.9478414711
80.4506571568 19.9552546039
80.445501354 19.9497142756
80.4379625935 19.9435237746
80.4320558745 19.939894635
80.4275305021 19.9388094426
80.4162559323 19.9379452749
80.4132292099 19.9350724632
80.4127384352 19.9280269948
80.4096042107 19.9122029081
80.414643298 19.9085174533
80.4217030235 19.9055498636
80.4379736763 19.901070922
80.4427785894 19.8981893736
80.4514291724 19.8962288643
80.4597708955 19.902693948
80.4682145072 19.9061185539
80.4759392031 19.906059631
80.4896430365 19.901613068
80.4968332964 19.8964014095
80.4986677129 19.8932843982
80.5039368215 19.8799663195
80.5045460789 19.8715348054
80.4946482758 19.8679058363
80.4820247761 19.8598372067
80.478041685 19.8454612589
80.475631731 19.8403342638
80.4706215852 19.8386386325
80.4673116373 19.8308402382
80.4621256789 19.8266131875
80.4539783665 19.8231278835
80.438655738 19.8131000381
80.4315722114 19.8108463859
80.4242981299 19.8119378307
80.4119590532 19.8181844558
80.4045111523 19.818985974
80.4054134911 19.8059646146
80.4016712649 19.7973690925
80.407119983 19.796426197
80.4246823262 19.7999494195
80.4359965953 19.7979456472
80.4428039409 19.7946978536
80.4497024473 19.7933929837
80.4565518939 19.7955223883
80.4594605043 19.7957638486
80.468786396 19.7910988725
80.4738253632 19.7877610696
80.4851315259 19.775333346
80.4896006136 19.7836209286
80.4891037159 19.7924003811
80.4872686495 19.7983287626
80.4841632942 19.8041051331
80.4818384175 19.806258365
80.4699160767 19.8086167772
80.4665613675 19.814170731
80.4761782751 19.8274924803
80.4830440115 19.8308268051
80.4977493574 19.8282006659
80.505422242 19.8323193357
80.5145578002 19.8328164392
80.5248526353 19.8317420877
80.5424426581 19.8210445371
80.5495095246 19.822197163
80.5512969829 19.8141452636
80.5490135153 19.8061015962
80.5495084904 19.7972115181
80.5459579148 19.7836844798
80.5467507978 19.7775915821
80.5573047206 19.7675778819
80.5747552792 19.7597400822
80.5776296399 19.7578016311
80.5858009421 19.7470189084
80.5892010943 19.7411799172
80.5974509497 19.7375543375
80.62028482 19.7320970817
80.6273446459 19.7269448977
80.640652529 19.7216898759
80.647459448 19.7156787808
80.6527961637 19.7097451153
80.6685180026 19.7007811214
80.6730246191 19.6955005766
80.6717390589 19.6940386054
80.6726490143 19.6912742775
80.6732081599 19.6895757608
80.6725736631 19.6762928019
80.6694005651 19.6659110777
80.6633224197 19.6285356923
80.6630952952 19.6203921237
80.6640341945 19.6156794659
80.6692377381 19.612160383
80.6902576996 19.6140556363
80.7039177631 19.614294749
80.7150028536 19.6139409988
80.7282384391 19.6118969291
80.7652319247 19.5937503118
80.7715533003 19.5884282251
80.7723089337 19.5778685251
80.7736994674 19.5719450042
80.7924588788 19.5640695611
80.8165470947 19.5681949774
80.8269284385 19.5691044664
80.8349392413 19.5663932587
80.8408724239 19.5597063314
80.843384531 19.5527240212
80.8447249523 19.5443934078
80.8481591686 19.5373461857
80.8527315586 19.5329633561
80.8596059023 19.5279723375
80.8707102677 19.5257787473
80.8809666489 19.5261799089
80.8864119638 19.5228749139
80.8929257353 19.5131329458
80.897087677 19.5031501405
80.8987822901 19.4947577088
80.8995575944 19.4854568045
80.8994656337 19.4696394647
80.8930217485 19.4604697466
80.8833895753 19.451918199
80.8748770179 19.4474263986
80.8648630352 19.4465067957
80.8424370823 19.44631419
80.8326169589 19.4430421586
80.8153687703 19.4355370195
80.8016843554 19.4326722371
80.7952816234 19.4306009203
80.7998009652 19.4265765182
80.8027500031 19.4226867896
80.8053310083 19.4155888138
80.8159254212 19.4010233645
80.8201189294 19.3867477867
80.8233727825 19.3830811594
80.8306124889 19.3787745844
80.8423974247 19.3747335499
80.8502369928 19.370183843
80.8524298787 19.3649935229
80.8464900938 19.3592436037
80.8338266699 19.3521377025
80.8337673261 19.3521044058
80.8238882055 19.3465586592
80.8202207858 19.3422118741
80.8137376187 19.3389917677
80.8102287344 19.3363636594
80.8067510245 19.3292557735
80.7952845644 19.328190289
80.7898501495 19.3258131362
80.7854873985 19.322617286
80.7735855225 19.3122147864
80.767123764 19.3038405884
80.7624355603 19.2993303251
80.7566321471 19.2908307456
80.7507978907 19.2900660088
80.7441053144 19.2910387604
80.7380487742 19.2881027055
80.7256740679 19.2895596557
80.7165437935 19.2873586337
80.7078116339 19.286300853
80.7010971925 19.2863510852
80.6959698812 19.287518509
80.6908976015 19.2909286736
80.6891372167 19.2998380315
80.692619048 19.3165752653
80.6915497284 19.3239870315
80.6865471608 19.3280833191
80.6792106994 19.3303786422
80.6717009988 19.330495462
80.6651830426 19.328196703
80.6426096527 19.3167497008
80.6328054503 19.3107190519
80.6250184802 19.3087178601
80.6174378235 19.3110179844
80.6112387587 19.3156424007
80.6073614869 19.3219446429
80.6057925503 19.3285060923
80.602956272 19.3351461646
80.5999452861 19.3390294291
80.5958812404 19.3482046937
80.5928397903 19.3567903353
80.589503373 19.3720886971
80.5919634981 19.3774380532
80.5911827096 19.3808945544
80.5800885382 19.4020975129
80.5750461644 19.4045855522
80.5665639196 19.4012151907
80.538743766 19.3779713439
80.5333439592 19.3708912369
80.5299319632 19.3634365666
80.5261908517 19.3577050907
80.521048969 19.35188666
80.5144221799 19.3472832402
80.5075965197 19.3449831365
80.488275087 19.3414891707
80.4827812817 19.3387059622
80.4777014809 19.3325920737
80.4724914695 19.319606668
80.4693104041 19.311840413
80.4639950179 19.3028686029
80.4526173694 19.2736361852
80.4442299634 19.2648157903
80.4352656048 19.2581272052
80.4263587303 19.2540207096
80.4153564618 19.251432436
80.4040122381 19.2499325186
80.3956059376 19.2470235138
80.3905102532 19.2428542044
80.3863338823 19.2363246686
80.3841873931 19.2211122051
80.3871156906 19.2124660687
80.3932952978 19.1994291367
80.3938389399 19.1928324979
80.38830339 19.1845440749
80.3800871696 19.1789367191
80.369527608 19.1731281821
80.3526548976 19.1667143264
80.3477477126 19.1627203151
80.3467951517 19.1568346831
80.3427084877 19.1513878884
80.3320096398 19.1453454073
80.3280187599 19.1283224953
80.3295104732 19.124061261
80.3368466061 19.1112988181
80.3387238082 19.1049663408
80.3312930803 19.098822599
80.3271284866 19.0921181872
80.3297429575 19.0860690289
80.3293025293 19.0787941202
80.3271501872 19.0733248521
80.3229621628 19.0685118011
80.3094300335 19.059479381
80.2988710121 19.0537218612
80.2960198793 19.0502183209
80.2977220855 19.0439492472
80.3024683207 19.0327005972
80.3005892094 19.0255736845
80.2953017755 19.017911998
80.2794880594 19.0014324699
80.2749070874 18.9913272138
80.2745292482 18.9846955598
80.2762105481 18.9681990427
80.2746984958 18.9566335452
80.2725211701 18.9510634683
80.2713407324 18.944603482
80.2723729312 18.9386488614
80.2748403825 18.9328959671
80.2776780155 18.929026329
80.2986269585 18.9117637427
80.3053452471 18.9046526431
80.3158336498 18.8904084648
80.320737359 18.885423183
80.3289351741 18.8790836314
80.3329296289 18.8742446283
80.3430329796 18.8604428404
80.3469368575 18.8526760083
80.352897867 18.8383031192
80.3558355644 18.8283313596
80.355103585 18.8203486142
80.3535534869 18.8154859297
80.342021113 18.8105113104
80.3260511779 18.8003811822
80.3067309589 18.7979124966
80.3014579275 18.7949705716
80.2974853235 18.7906309083
80.2868294379 18.7722428372
80.2838435614 18.769245462
80.2791074742 18.7666115609
80.2726977192 18.7675457468
80.2687246626 18.7693425256
80.2618306889 18.7703184685
80.2562508167 18.7696101498
80.2494338225 18.7641157177
80.2477805784 18.7609754214
80.2468259783 18.7565951765
80.2480766353 18.7530669118
80.2547211914 18.7479511355
80.262109803 18.740551128
80.2648430243 18.7356896022
80.2748477592 18.7224368196
80.2676744055 18.7185638346
80.2539599006 18.7057827869
80.2489959695 18.7046786404
80.242850009 18.7048723892
80.2372715997 18.701988694
80.2326204378 18.7006013535
80.2272931522 18.7036308125
80.2216339643 18.7055549156
80.2151519284 18.7048808579
80.209171857 18.7018613817
80.2013656295 18.6929486536
80.1989270289 18.688063544
80.1982196677 18.6834032366
80.1962144332 18.6800200812
80.1829038631 18.680323872
80.1782241157 18.6817541163
80.1746531621 18.6844720686
80.1718739621 18.6946788222
80.169233015 18.6984003563
80.1653258014 18.7003065552
80.1594413236 18.6996454408
80.1559554909 18.6976006145
80.1494839814 18.6906107252
80.1438130892 18.6911531631
80.1380752313 18.6897501333
80.1285025318 18.6855470738
80.125624056 18.683464365
80.1231946774 18.6801929932
80.1180102314 18.6805229578
80.1137556611 18.6818452876
80.107748789 18.689266081
80.0941159473 18.7018279518
80.0916144766 18.7050984579
80.0892706604 18.7067011588
80.0860607222 18.7055858503
80.0818627635 18.7067994453
80.0750529404 18.7129326647
80.0726284856 18.7174714863
80.0690355017 18.7207100811
80.0603873506 18.7219825354
80.0534758219 18.7250844525
80.0399561146 18.7505555944
80.0367440516 18.7528000574
80.0257937577 18.7550942722
80.0236056296 18.7610870278
80.0215661286 18.7641891015
80.0194066026 18.7708127549
80.0161503264 18.7726232959
79.9999662575 18.7775361164
79.9885750595 18.7782721152
79.957152928 18.7838620392
79.9470636584 18.7857148537
79.9389588627 18.7883455405
79.9232232927 18.8012137937
79.916052487 18.8105386981
79.900918233 18.8346387592
79.9110271048 18.8386741823
79.9277702417 18.8400186877
79.9324544525 18.8413608004
79.9402833858 18.8488510448
79.9459438886 18.8626890387
79.9478986874 18.8811562797
79.9470618019 18.9004766083
79.9482672538 18.9194769259
79.9478560186 18.9413272963
79.9427925165 18.9612626854
79.9390956897 18.9751818244
79.9382354416 18.9783851654
79.9396614223 18.9992626635
79.9413559014 19.0252129276
79.9399309159 19.0331899561
79.9328412432 19.0459636678
79.9229547108 19.0508107159
79.9097754984 19.0514160973
79.8976775153 19.0488744176
79.887912785 19.0448072735
79.8778292984 19.0389606
79.8663733943 19.0380349737
79.863800209 19.0455903835
79.8678906974 19.0633147982
79.866838872 19.0942693445
79.864814336 19.1073896177
79.8698931906 19.1190957156
79.8779745426 19.1259702545
79.912777505 19.1450694588
79.9291216402 19.1604048199
79.9329461763 19.1642124714
79.9475262413 19.1676845166
79.9500388006 19.1738809232
79.9492540599 19.1791511582
79.942065339 19.187095623
79.9292953311 19.2066070414
79.9261184776 19.2181983871
79.9269484488 19.2295691673
79.938691689 19.2624354176
79.9519597942 19.2872258502
79.9557278867 19.2919518694
79.9685778092 19.3005784327
79.9704233251 19.3096223676
79.9641525381 19.3275017058
79.9639224714 19.3375924893
79.9712941647 19.353684562
79.9732976125 19.3638794138
79.9740086506 19.377548185
79.9775158035 19.385082315
79.979358191 19.3945312297
79.9798044706 19.4039524759
79.9767633554 19.412381371
79.9659891758 19.4287858775
79.9524870448 19.4436207178
79.9529216231 19.4537591151
79.9517179906 19.4616328584
79.9469122237 19.4672986438
79.9439887997 19.4697385989
79.9395786963 19.471890874
79.9302449681 19.4803329058
79.9244846903 19.4882734082
79.917712102 19.4950489024
79.9089111768 19.4991796676
79.8848663373 19.503358614
79.8768435634 19.507598366
79.8704170279 19.5162162396
79.8628419056 19.5197185217
79.8348001032 19.5395436316
79.8297276977 19.5468272793
79.8271856205 19.5548486889
79.8261149726 19.563983399
79.8231538445 19.5714830737
79.8176565147 19.5762994444
79.8117712732 19.5792089061
79.7998317879 19.5825143279
79.7928305868 19.5920498469
79.7919520213 19.5959874934
79.7840494152 19.6000598038
79.7727898793 19.6025189198
79.7607500511 19.6046704947
79.7468048427 19.605471914
79.7363763902 19.5988988399
79.7193831636 19.5856570335
79.7115650933 19.5835428899
79.7021264929 19.5834071383
79.6912138331 19.5814648113
79.6844347634 19.5788599331
79.6714713366 19.5794473465
79.6590145707 19.5789576641
79.6461031389 19.5772554846
79.6277626257 19.5673534133
79.6221764874 19.560878843
79.6172680169 19.5514386076
79.6135723199 19.5417328163
79.6093090162 19.5233698497
79.6088049447 19.5168303177
79.6072159736 19.5102626873
79.6044236423 19.5060848815
79.5976967861 19.5040459507
79.5890126912 19.5053472071
79.5797811511 19.5089291655
79.5719324419 19.5131736134
79.5588110859 19.5222823555
79.5540021613 19.5283055965
79.5515024391 19.536212024
79.5510420343 19.5449032097
79.548958347 19.5507050224
79.5412798615 19.5502474495
79.5324971714 19.5482266454
79.5212536062 19.5441166933
79.5210907137 19.5429196162
79.5222313199 19.538986944
79.5221109448 19.5245526557
79.5196798379 19.520266351
79.4995633022 19.507387723
79.4862841566 19.5059966838
79.4766576415 19.4996247958
79.4713445254 19.511164232
79.4643922578 19.5210878601
79.4474469559 19.5355997714
79.4364470387 19.5371729743
79.4293466787 19.5349113159
79.4197606764 19.5355356092
79.4079787743 19.5418621574
79.3950955094 19.5509255509
79.3868191412 19.5578366498
79.3772852528 19.5635134019
79.3751174826 19.5731778956
79.3469358819 19.5756818732
79.3357193015 19.5755816373
79.3275289814 19.5736431529
79.3202862073 19.5674206364
79.3156416743 19.5838758401
79.3108426989 19.5919956063
79.2992214922 19.5985467833
79.2738285115 19.6084480578
79.261168164 19.6129655037
79.2498047694 19.6142912781
79.2430229759 19.6112343179
79.243634301 19.6013038132
79.2497258567 19.5951127062
79.2546187972 19.5886512703
79.2560487878 19.579489946
79.2457095043 19.5613077125
79.2441029453 19.5527698391
79.2452942447 19.543897121
79.2443025491 19.5346252415
79.2425751684 19.5286683384
79.2379321311 19.522609203
79.2293643453 19.5188767718
79.2216385628 19.5124567068
79.2140016851 19.500534338
79.2127809729 19.4935580983
79.21470541 19.4867018097
79.2266293511 19.4775165585
79.2288826189 19.4697411192
79.2246595115 19.4664467655
79.1949471878 19.4606235023
79.1836889762 19.4625897726
79.1749775344 19.4696536122
79.1628397447 19.4873922806
79.1460967135 19.5029108213
79.1322715946 19.5082597335
79.1186140035 19.5115414565
79.1105361493 19.5144810977
79.1081352741 19.52109459
79.1086376375 19.5296684251
79.1023999659 19.5321847278
79.0795984718 19.5302768476
79.0691127835 19.5329192478
79.0658290386 19.5403786581
79.0572335992 19.5469065835
79.0445139657 19.5466186644
79.0240183201 19.5415683955
79.0178466513 19.545360803
79.005711717 19.560929621
79.0012144659 19.5625760675
78.9984785583 19.56358655
78.9919789415 19.5585933124
78.9840903559 19.5524694498
78.9791411383 19.5514410913
78.9704472313 19.5518611138
78.9601386488 19.5533510891
78.9551350189 19.5589818839
78.9600370613 19.5642205886
78.9702863293 19.5717884594
78.9745777164 19.5749554149
78.9834555642 19.581438062
78.9861234214 19.5865826582
78.9839090654 19.5919052065
78.9769278754 19.5987293473
78.9712080158 19.6059638544
78.968442996 19.6187541441
78.970251651 19.630965366
78.9735799033 19.6407754711
78.9745298352 19.6506174417
78.967233245 19.6601360784
78.9597530783 19.6647628618
78.949130691 19.6664844506
78.9405240424 19.6635130999
78.9214127812 19.6690378276
78.909280029 19.665855279
78.896458813 19.6565636359
78.8834131737 19.65808101
78.8642279692 19.6575682484
78.8645524787 19.6701559059
78.8686411188 19.6807281125
78.8694217041 19.6879214986
78.868904801 19.697974095
78.8670809945 19.707098061
78.8628154465 19.7209057014
78.8623312122 19.7324567142
78.8589793626 19.739141134
78.8510162114 19.759449287
78.8497196442 19.76010317
78.8436750499 19.7631645299
78.8306491248 19.7614523644
78.8225026805 19.7614731588
78.8129583353 19.7590541338
78.8085209607 19.7611275453
78.8022689174 19.769614029
78.7901885291 19.7797576785
78.7785019201 19.7803605879
78.7685031834 19.7766231383
78.7575108274 19.7782686383
78.7483269485 19.7806244631
78.7435843275 19.7803915673
78.7370839874 19.7738144848
78.7299446164 19.7699356429
78.7216778795 19.7677605608
78.7143965534 19.7736478386
78.7069816598 19.7864899442
78.7010923092 19.7906060625
78.691529266 19.7908347555
78.6534374181 19.8022989617
78.6402961413 19.8046032594
78.6243989959 19.8095114908
78.6193998331 19.8140485591
78.6086960044 19.8182726739
78.6003075077 19.818109052
78.5967810221 19.8161712861
78.59000101 19.8124497174
78.5786902601 19.8145431503
78.5628887265 19.8163396144
78.5311945233 19.8223505635
78.5241296453 19.8205875034
78.5172923514 19.8149757731
78.5145152683 19.8018872828
78.5085592349 19.7931251464
78.4988079625 19.7938519026
78.494337221 19.7991964313
78.4891560984 19.8078626262
78.4810361137 19.8170111543
78.4694820338 19.8168468617
78.4493845357 19.8198438195
78.4334470084 19.8236999095
78.4137789741 19.8304346811
78.4023841763 19.8369434927
78.3939503691 19.8467045685
78.3906445468 19.8532146127
78.3906909388 19.8562134484
78.3888833431 19.8641205967
78.3896726349 19.874371881
78.3888479877 19.8797026234
78.3791490844 19.879732945
78.3704216862 19.883346116
78.3513269031 19.881840092
78.3408798575 19.8836150511
78.3298536381 19.8908811056
78.327572287 19.8953681512
78.3312215444 19.8997769995
78.3392035789 19.9046913912
78.3397337252 19.9104944492
78.3329781102 19.9164620201
78.3241010373 19.9158385348
78.3147769769 19.913107003
78.3024929058 19.9171517555
78.2946929193 19.9145765123
78.2869465451 19.9106871812
78.28420507 19.9075582662
78.2823404225 19.8914505399
78.280784026 19.8851875149
78.2754590672 19.8796023528
78.2672518569 19.8756745952
78.2547227072 19.8729871329
78.2513646533 19.8738415012
78.242331615 19.8874959048
78.2435553532 19.8923239766
78.2483791294 19.8980905967
78.2552913871 19.9039458679
78.2596504577 19.9116965679
78.2602661625 19.9188727546
78.2576613613 19.9257677911
78.2527986132 19.9293504667
78.2471722297 19.9281608026
78.239756185 19.9239557392
78.2364228783 19.9187968951
78.2303265927 19.9164452156
78.2218188867 19.9154845499
78.2097937245 19.9068963357
78.2005342946 19.9026511124
78.195205577 19.9023775204
78.189231559 19.9032907427
78.1778635688 19.9103004279
78.1562188593 19.9138437763
78.1494694857 19.915949845
78.1421413181 19.9152911065
78.1376456767 19.9113586046
78.1349391977 19.9064994773
78.1311321593 19.9020056171
78.1256594925 19.9000595882
78.1115242999 19.8974224521
78.1030325203 19.8966757674
78.0939358895 19.8976327046
78.0783944192 19.9005969998
78.0700529887 19.906573624
78.0632361462 19.9125811812
78.0588728073 19.9180758597
78.0573491405 19.9239268681
78.0551016598 19.9289159977
78.0532699788 19.9307165559
78.0481220487 19.9311478439
78.0334535927 19.928459501
78.0278715497 19.9255524633
78.0186595905 19.9156254499
78.011909722 19.9141867339
78.0000189064 19.9177752785
77.9923200249 19.9164377879
77.9881709503 19.9167103979
77.9825786223 19.9155409992
77.9784953623 19.9129190013
77.9714758418 19.9103948049
77.9650157674 19.9099160659
77.960239177 19.911036397
77.9539048688 19.911225254
77.9478263273 19.9071135733
77.9437832592 19.9006883571
77.9405224194 19.8928676387
77.9343260083 19.8907942817
77.9239800796 19.8912662205
77.9200213187 19.884676169
77.9027483561 19.8803393823
77.8981070761 19.8779968865
77.8918876991 19.8710134781
77.8918613721 19.8671506509
77.8877917988 19.8623321363
77.8861897341 19.8569190375
77.8762066537 19.8495530746
77.8728688902 19.836838466
77.871072428 19.8327069546
77.8711302644 19.8277150325
77.8703147713 19.8238962427
77.8635973131 19.8162730851
77.8563621308 19.8108501609
77.8490690823 19.8007735713
77.8506586477 19.7931227729
77.8532215142 19.7887806458
77.8620442487 19.7786768867
77.8655220503 19.7714185255
77.8662462681 19.7665031709
77.8590100101 19.7531453234
77.8605284634 19.7436558814
77.8632580594 19.7420042177
77.86667945 19.7412446423
77.8697828015 19.7417072116
77.8722117254 19.7432260879
77.8767373066 19.7444371467
77.8774369585 19.7437762629
77.8783679862 19.7378738014
77.8915885764 19.7271883067
77.8959495184 19.7255821911
77.8973448105 19.7287998171
77.8975394317 19.7323083375
77.899459398 19.7348785949
77.9023030234 19.7348842705
77.9062522 19.731849961
77.9144101619 19.7297843265
77.9197496457 19.7316969457
77.9230883628 19.7349599082
77.9335560026 19.7393189876
77.9368552069 19.7368606576
77.9531784863 19.7293555046
77.9610166012 19.7173608715
77.9649003494 19.7064077754
77.970560585 19.7025268981
77.9821186087 19.7016090242
77.985387785 19.6994066006
77.9845507382 19.6865721424
77.9884604652 19.6807855894
77.997032439 19.680731258
78.0000190454 19.6814743949
78.01926347 19.6941046457
78.0318447096 19.6992198745
78.0403039902 19.7003101736
78.047102094 19.6988902934
78.0528803946 19.6915529284
78.0554665709 19.6851890531
78.0566799271 19.6709922893
78.0669720196 19.6681585079
78.0718668116 19.6637288368
78.0767544833 19.6555661395
78.082222912 19.6484514409
78.0898562348 19.6452143233
78.095369132 19.6454412187
78.0978947464 19.6516297533
78.1021453029 19.6569237288
78.1070734259 19.659947494
78.1223825915 19.6580144556
78.1259042856 19.6596874862
78.1273357558 19.6641274703
78.1310526051 19.6671191303
78.1402991137 19.6667893834
78.1531107357 19.6646840907
78.1630654452 19.6609803743
78.1686910943 19.6579923063
78.1743771206 19.6569527163
78.1789935023 19.6550407148
78.1870546368 19.6424708883
78.1894056599 19.6359231385
78.1947272122 19.6255363893
78.1957005615 19.6182736538
78.1954759071 19.6139113011
78.1919633544 19.6047864714
78.1923231431 19.5921784334
78.1856201263 19.5840851854
78.1898670358 19.5711527571
78.1890267207 19.5673550242
78.1846037031 19.5636560238
78.1670977401 19.5591346273
78.1584172669 19.555869179
78.1474117479 19.5529004531
78.1399762009 19.553903172
78.1316121659 19.5575259978
78.1247576165 19.5575039857
78.1199055581 19.5536185017
78.1234297324 19.5464694137
78.1302364088 19.5407006824
78.1350314775 19.5351177877
78.1362614081 19.5311805212
78.1351078411 19.5258307055
78.125203749 19.517440153
78.1233567057 19.5145964847
78.1217002112 19.5081953562
78.1210745694 19.5013594044
78.1143780879 19.4913713747
78.1019780577 19.4869394505
78.0954747809 19.4873293213
78.0830446727 19.478648993
78.0742089294 19.471027116
78.0678646759 19.4669992097
78.0631974572 19.4669039635
78.0539494835 19.4765826852
78.0441508548 19.4829189986
78.0307110628 19.4946909386
78.0258900436 19.4974013244
78.0195028634 19.4961174674
78.0164172533 19.490734242
78.014847488 19.4835890628
78.0131703035 19.4654394666
78.0094263141 19.4614070993
78.0000208672 19.4625966592
77.9914368924 19.4551983704
77.9910296201 19.4555534415
77.9870311677 19.4599569502
77.9864214093 19.4653915891
77.9871987571 19.4785709319
77.9802543339 19.4890803024
77.9741610122 19.4938663043
77.9734965545 19.4969554539
77.9757390295 19.5060855459
77.9723916216 19.5084767482
77.9588258932 19.5109391154
77.9531445239 19.5094324258
77.9474869384 19.5010264957
77.9434502978 19.4982880539
77.9381548056 19.5003850741
77.9360613612 19.5041984535
77.9324209643 19.5085736019
77.9165827002 19.5152058532
77.9128925123 19.5278230695
77.9127786009 19.5309267161
77.9075991055 19.5332379785
77.9041746469 19.5323904045
77.9017328679 19.5269745623
77.8987386223 19.5231218958
77.8899459098 19.5193775561
77.8883468188 19.5124967047
77.8905520839 19.5050773967
77.8854630811 19.5003335362
77.8824930431 19.5002131553
77.8793377625 19.504747823
77.8786689786 19.5091870582
77.8773840144 19.5121567909
77.869764449 19.5137634159
77.8615783594 19.5195738076
77.8535237903 19.5177603541
77.8477847182 19.5149257697
77.8428744565 19.5098339093
77.8437354787 19.4943089493
77.8469552741 19.4867351754
77.8435142471 19.4837064467
77.8285035358 19.4803000289
77.8275321319 19.4754030943
77.8321703647 19.4686406284
77.8379476116 19.4629855341
77.8475406906 19.4558101405
77.8470382905 19.45227758
77.8376545046 19.4487790374
77.834694185 19.4393153782
77.8303736479 19.4386598149
77.8256754953 19.4408348347
77.8196759771 19.4452964059
77.8161221516 19.4535693235
77.8099465568 19.4629610913
77.8048589551 19.46429618
77.801339258 19.4593729524
77.7981031648 19.4504784803
77.7895132059 19.4488374344
77.7819776563 19.4448002177
77.7749833622 19.4386739725
77.7561803061 19.432275309
77.7489942192 19.4310320757
77.7421047035 19.4374612613
77.7326440568 19.4337160678
77.7223520437 19.4347504927
77.7131924237 19.4373633292
77.7076181551 19.4371464876
77.704471864 19.4386366206
77.6989105363 19.4386492923
77.6959674965 19.4409829217
77.698099175 19.4493503923
77.6984524972 19.4573757234
77.69908205 19.4597647899
77.7011001052 19.4618170954
77.7054191915 19.4642563166
77.7106737452 19.46723122
77.7139807992 19.4764780791
77.7175631385 19.4768661804
77.7222686417 19.4748713674
77.7253444426 19.4747118013
77.7286956809 19.4787225549
77.7373596876 19.4804969428
77.7402922081 19.4830886246
77.7397390569 19.4861532091
77.7358396306 19.4917391662
77.7364442183 19.4949362593
77.7391762136 19.5016683166
77.7527710868 19.5096284301
77.7541345453 19.5152646925
77.7496619022 19.521791153
77.73370753 19.5320498103
77.729208832 19.5314597487
77.7227201663 19.5276625578
77.7139246814 19.5256165089
77.7058227609 19.533700557
77.7004066357 19.537854568
77.6891061016 19.5398429262
77.6735932851 19.5407700103
77.6658899609 19.5453992125
77.6592924628 19.5467677439
77.6463035502 19.547545677
77.639903593 19.5511537168
77.6341407791 19.5557087849
77.6362181701 19.5579951596
77.6423076666 19.5556640223
77.6493199016 19.5555476785
77.6482412367 19.563962671
77.6405703289 19.5874772557
77.6405985742 19.5964407084
77.6432666634 19.5999102576
77.6448011853 19.6052591605
77.6447663474 19.6077854077
77.642599336 19.6096989983
77.6383051373 19.6098927151
77.6335256433 19.6083373768
77.6294638424 19.6080062088
77.6284287245 19.6144192951
77.6301934384 19.621256072
77.6292165411 19.6243875191
77.6271433587 19.6272695293
77.6160174875 19.62930372
77.6141281707 19.6321885184
77.6168068088 19.6377837224
77.6151071154 19.6392771911
77.6109816761 19.6390639602
77.6081991656 19.6407650977
77.6089941841 19.6442994755
77.6074629514 19.6469372697
77.6010658053 19.6443968945
77.5996835588 19.6477744431
77.5969955531 19.6506737551
77.586495377 19.6513628682
77.584187828 19.6530505975
77.5825717038 19.6567251839
77.5802995162 19.6576599673
77.574026981 19.6515987713
77.5683535054 19.6503551887
77.5552230238 19.6524532355
77.5541189247 19.6602985218
77.5550335805 19.6637181278
77.5465543644 19.6619198459
77.5425186098 19.6624619759
77.5390621227 19.6639485963
77.5395348082 19.6686956684
77.5349292114 19.6685665599
77.5295193498 19.6698299072
77.5232278325 19.6699802703
77.5166457842 19.6723194089
77.5132180564 19.6744400017
77.5053391442 19.676067798
77.5021231797 19.6776173255
77.4950373054 19.6791017017
77.4914943496 19.6782953405
77.4848495007 19.6752908137
77.4826396594 19.6763354786
77.4790501183 19.6823671771
77.4766384231 19.6827903403
77.4673714075 19.6792902253
77.4627863589 19.6797220977
77.4595933029 19.681948813
77.4589904624 19.6823114489
77.4519450428 19.686550541
77.4460539373 19.6876578596
77.4458834528 19.6882181
77.4446432562 19.6922927104
77.4513953348 19.6998359477
77.450999614 19.7003466477
77.4486121936 19.7034273221
77.4485798549 19.7036385329
77.4478248303 19.7085714931
77.4460023415 19.7118967286
77.445998641 19.7118989991
77.4425724696 19.7140181244
77.4424691235 19.7144699983
77.4407344242 19.7220596612
77.4405075947 19.7222174674
77.4364186944 19.7250616504
77.4363723009 19.7254568408
77.4359109794 19.7293859102
77.4356435619 19.7294806758
77.4198792414 19.7350616128
77.4174556694 19.7369172583
77.4175692439 19.7371703028
77.4184489988 19.7391285862
77.4180232645 19.7394950628
77.4133259325 19.7435381815
77.3989978443 19.7321478687
77.396774364 19.7257264888
77.38887172 19.725112439
77.385470688 19.7263140142
77.3832505439 19.7287907446
77.3832580468 19.7290081461
77.3833279953 19.7310275938
77.3863890987 19.7354143891
77.3849235102 19.7385041449
77.3848615961 19.7385372362
77.3817184473 19.7402168257
77.3793332638 19.7429272608
77.3793125167 19.7431697664
77.3790683023 19.746035797
77.3797398182 19.7494043121
77.3857128544 19.7608799353
77.3871074279 19.7660073803
77.396146233 19.7663588045
77.4045456905 19.7641459245
77.4071480047 19.7656157916
77.4099286106 19.7725316894
77.4089300665 19.7767028295
77.4086898918 19.7769348638
77.4075844138 19.7780028083
77.3898966425 19.7799935657
77.3835257918 19.7881164151
77.3835677358 19.7882367494
77.3904004766 19.8078293222
77.395242822 19.8111240108
77.3900152286 19.8209379085
77.390003959 19.8209364684
77.3821512924 19.8199220765
77.3737565664 19.8221891374
77.370667233 19.8222311314
77.3622312643 19.8150278662
77.3578475016 19.8161954881
77.346827291 19.8252019391
77.3445420012 19.8291225046
77.3445445204 19.8291478099
77.3449159199 19.8329044133
77.3462146229 19.8337800406
77.3494784933 19.8352352154
77.3635872401 19.8330179448
77.3638466215 19.8369701316
77.3635078527 19.8373658613
77.3566249445 19.8454059131
77.356741284 19.8454782652
77.3664801286 19.8515341625
77.3653189591 19.8580624072
77.3650893007 19.8581094694
77.3606807484 19.8590120035
77.3540015185 19.8585281321
77.3490834059 19.8602306595
77.3489756171 19.8607442525
77.3481496481 19.864681036
77.3503212927 19.8695566864
77.3499778485 19.8701072416
77.3479126419 19.8734179015
77.3401731283 19.8740565554
77.3360553551 19.875906264
77.3266923671 19.8837213772
77.3236358042 19.8849602117
77.3180054975 19.8833560894
77.306498328 19.8783044323
77.3023734861 19.8784319831
77.2985934399 19.87952621
77.2982846167 19.8801102659
77.2968327521 19.8828560531
77.2978799538 19.8851224818
77.2972483744 19.8897918763
77.2981989141 19.8926355763
77.3021557698 19.8931462205
77.3097695707 19.8906183669
77.3150185239 19.8898191801
77.3158449013 19.8908842266
77.3162984317 19.8934545506
77.3154290444 19.9016380185
77.3177675011 19.906163452
77.3161310235 19.9096062078
77.3160811145 19.9096136292
77.3107647872 19.9104010518
77.3038975543 19.9063611523
77.296523195 19.9001516594
77.2927335242 19.8992946263
77.2890844635 19.9007242326
77.2887724972 19.9013076231
77.2877736056 19.9031752841
77.2877555641 19.9031874931
77.285282929 19.904862562
77.2853174287 19.9052070869
77.2858441387 19.9104706894
77.2850048102 19.9160073571
77.2847652928 19.9160219297
77.2791391818 19.9163645257
77.2754871504 19.9143444638
77.2737253604 19.9088912529
77.2737280262 19.9003290327
77.2690776534 19.8971393067
77.2656353687 19.8993741104
77.2625590341 19.8997542275
77.2496351991 19.8925096142
77.243954699 19.8912441666
77.2408945273 19.8922583395
77.2375673171 19.8958389465
77.237677747 19.8959574082
77.2409018319 19.8994143258
77.2487550311 19.9057228089
77.2482629432 19.906179076
77.2437586275 19.9103551075
77.2435973482 19.9107906763
77.2416482485 19.9160541826
77.2406265794 19.9231476631
77.240887763 19.9308348493
77.2393164761 19.9380584735
77.239081046 19.9382270819
77.2367113926 19.9399244266
77.22035945 19.9386918166
77.2140928746 19.939916864
77.2104907755 19.9429541661
77.210313609 19.9434168301
77.2089353289 19.9470156712
77.2104319075 19.9570221092
77.2104783523 19.9638576271
77.2117633687 19.9676139142
77.2173249797 19.9722705145
77.2180015219 19.9778194609
77.2176338817 19.9780757189
77.2136127751 19.9808790438
77.2039632297 19.9913367485
77.2001254194 19.9909383484
77.1942411089 19.9839330223
77.1816740795 19.9798303485
77.1783159804 19.9774593841
77.1781008505 19.9729278525
77.1770099098 19.9692324485
77.1717393347 19.9643339042
77.165741399 19.9645072293
77.1625450459 19.9667859398
77.157446883 19.9665922273
77.1392766706 19.9532368541
77.1380563803 19.9509819649
77.1372845885 19.9462927132
77.1339589327 19.9428275881
77.1257925793 19.9398022063
77.1183365683 19.9400166614
77.112021118 19.937731844
77.1087530656 19.9345637242
77.1020232788 19.9326863899
77.0966489155 19.936867704
77.096434049 19.9373687359
77.0949026496 19.9409404156
77.0929371661 19.9491523539
77.0927172703 19.9492911447
77.0866353465 19.9531292207
77.0863792641 19.9536728189
77.0846599035 19.9573215191
77.0854403626 19.9644197743
77.0851026354 19.9649167469
77.0836495115 19.9670552042
77.0773277917 19.9704499365
77.0731780318 19.9751050548
77.0731218411 19.9753892182
77.0719337614 19.9813916064
77.071694623 19.9815325544
77.0656873125 19.9850746253
77.0656036651 19.985519335
77.0648638421 19.9894527032
77.0645410234 19.9900150057
77.0610763048 19.9960498968
77.0523352864 20.0001267991
77.0464087977 20.0071870355
77.042648842 20.0088638388
77.0363282533 20.0103195283
77.0320135465 20.0099279821
77.0279410967 20.0082724067
77.0240197984 20.0061647845
77.0208645901 20.0028588519
77.0152039042 20.002541047
77.0129568474 20.0046173936
77.0074518071 20.0068903395
77.0000087529 20.0122865176
76.9932050024 20.0177689202
76.9926373324 20.0090972436
76.9917893625 20.0000270892
76.989125704 19.9961029188
76.9725636779 19.9941470811
76.9683809624 19.9894815801
76.9623200903 19.9853108282
76.9492729647 19.9830311048
76.9467313381 19.9836063855
76.9436378137 19.9813228618
76.939037247 19.9792426926
76.9278429906 19.9758269395
76.9180754473 19.9712929705
76.9148941327 19.967687892
76.9008607796 19.9625564663
76.9006676447 19.9518449885
76.8992664122 19.9515836575
76.8961545914 19.9459779236
76.8912065125 19.9497080825
76.8872076242 19.9502520543
76.8787507746 19.9493535194
76.8739912479 19.9507176497
76.8737236596 19.9512884467
76.8717344025 19.9555310775
76.8716776497 19.9555396765
76.8371281185 19.9607644306
76.8327002238 19.9482505954
76.8234537426 19.9266666181
76.7733284206 19.9326860689
76.7740017417 19.9222438357
76.7715500271 19.9138092426
76.7672512952 19.9036983188
76.7464441271 19.9066166248
76.7420909652 19.8967313553
76.7428549979 19.8879393196
76.7423765234 19.8803818394
76.7393830045 19.8719627929
76.7235997584 19.8689206761
76.7118809846 19.8685428949
76.6983218065 19.8724460622
76.6913933371 19.8723566275
76.6907436505 19.8678999728
76.6884931808 19.8649129478
76.6892996918 19.8600222351
76.6852258454 19.849098552
76.6786296727 19.8461409334
76.6786083431 19.8461313838
76.6633371649 19.8497769941
76.654491367 19.8558706528
76.6496605486 19.8619415484
76.6494969922 19.862320938
76.6480405785 19.8656992406
76.6479673462 19.8656929612
76.6469473401 19.8656056852
76.6457746606 19.8659676549
76.6433924635 19.8667091111
76.6334278966 19.8662313184
76.6294817959 19.8551365297
76.6233715747 19.8425356266
76.6105366722 19.8381006448
76.601299429 19.842998616
76.5999146293 19.8407309578
76.5914009492 19.842859632
76.5690588141 19.8444629383
76.5690452924 19.8383842379
76.5496864687 19.8440037577
76.5436797894 19.8440138317
76.5404226251 19.8447677626
76.5330183295 19.8504189354
76.5329735289 19.8507888034
76.5323563605 19.8558844848
76.5302708911 19.8605080101
76.5336245018 19.8642815052
76.5263795116 19.8686147052
76.5198139295 19.8708193441
76.5154362158 19.8761199779
76.5115150652 19.8740816048
76.500246272 19.8834787839
76.4953170807 19.8910411779
76.4920726687 19.8982685921
76.4912798143 19.9035565722
76.4911382237 19.9083795984
76.493265195 19.9169379231
76.4906787392 19.918074406
76.4827526932 19.9190412128
76.4651718564 19.9173310711
76.4515231589 19.9204654987
76.4476432971 19.9181413573
76.4402060206 19.9164469149
76.4176525133 19.9175885623
76.4082169233 19.9197194105
76.403471832 19.9158057747
76.3993050907 19.9084860642
76.394139587 19.9054950991
76.3902342561 19.9042536633
76.3879778182 19.9063662516
76.3835009676 19.9186593877
76.3789492739 19.9189211066
76.3730328403 19.9233416891
76.3681598258 19.925668431
76.3662613816 19.924787815
76.3661350369 19.9215808189
76.3576012901 19.9081063443
76.3549489431 19.9002432777
76.3544989108 19.8961780598
76.3531187992 19.8936896754
76.347994939 19.8897696026
76.3459706373 19.8916436332
76.3439599366 19.8913369111
76.3434725541 19.8881992702
76.3395781297 19.8819074404
76.3346162481 19.8826380451
76.3276853216 19.8819064891
76.3240800739 19.880489147
76.3204894254 19.8774012248
76.3184869288 19.8771586734
76.3141304872 19.8748859443
76.3121526044 19.8759016213
76.3100443478 19.876984194
76.3086223451 19.8786772307
76.305145052 19.8776510107
76.301027489 19.8752689342
76.2981898315 19.8695860244
76.2947483731 19.8706863196
76.2831236837 19.8719962059
76.262156258 19.8732593824
76.2565745986 19.8733030317
76.2520271462 19.870522628
76.2483614335 19.8693891911
76.240990105 19.8707867848
76.2301031129 19.8637707039
76.2145533804 19.8658996989
76.2121659518 19.8646829365
76.2098574436 19.8616318291
76.1988340879 19.8622885306
76.1969304257 19.8582593066
76.1933984559 19.8547653199
76.1878665008 19.8509718427
76.1746095125 19.8493309831
76.1698294588 19.8501641718
76.1519830219 19.8558840029
76.1495449846 19.8551820388
76.1491411892 19.8535191442
76.149710372 19.8452532045
76.1401095535 19.844462212
76.1370052711 19.8500790865
76.1350068309 19.8564210441
76.129308867 19.8628277589
76.1210743785 19.8641303748
76.1205624087 19.8594376611
76.1095406722 19.8602716346
76.100235331 19.8559119187
76.0960679172 19.8668208628
76.0937228735 19.8709859814
76.0832931976 19.8809833735
76.0816084786 19.8845682515
76.0808560406 19.8899105623
76.0805458683 19.9115237591
76.0635635199 19.9157118484
76.0613720418 19.9181546455
76.060326399 19.9241742591
76.0582066728 19.930510406
76.0515555703 19.9319385543
76.0492877897 19.937017908
76.0546296892 19.9402464173
76.0533139227 19.9415837925
76.0486245942 19.9472472908
76.0442100691 19.9450384404
76.0425563292 19.9504627773
76.0376508906 19.9479211779
76.0288482386 19.9480936566
76.0140141868 19.9532278482
76.0164955411 19.966012466
76.0166539412 19.9739676105
76.0135042641 19.9717249468
76.0112594389 19.9714234591
76.0051290963 19.9718568923
76.000029506 19.9734279976
75.9947652556 19.9768311327
75.9904536157 19.9751566315
75.9883375943 19.9810692965
75.9842155376 19.9818156583
75.9744358643 19.9848687729
75.969651101 19.989504631
75.9666914126 19.994490925
75.967253829 20.0000897322
75.9681853709 20.0012114423
75.9685684859 20.0022125939
75.9761328497 20.0008906213
75.9858367432 20.0028097035
75.9942301069 20.0048860616
76.0000211421 20.013289481
76.00367141 20.0126541171
76.008032345 20.0145962019
76.0098080707 20.0188067704
76.0130547468 20.0230406463
76.0247125192 20.0231313776
76.0240837809 20.0321303965
76.0247760401 20.0447071966
76.0197221048 20.0589860016
76.0273103637 20.0604574022
76.0573180417 20.0637643659
76.0608071117 20.06696692
76.0681287626 20.0695854846
76.0706258976 20.0740927576
76.0669154047 20.0832272047
76.0616430343 20.0870650904
76.0554680286 20.0855500534
76.0565336077 20.0968084774
76.0572984397 20.0984288147
76.0618569222 20.0988319939
76.0656316065 20.0978419707
76.0714290359 20.1003810902
76.0784684447 20.1013318985
76.0851860465 20.0980853671
76.0890442868 20.1009521613
76.0921486662 20.0959322957
76.0954344759 20.095004574
76.0974075961 20.0972631886
76.0989294294 20.106864211
76.1023709057 20.1175798974
76.1015134068 20.1232520121
76.1023443867 20.129117754
76.1072318624 20.1320432743
76.1093440665 20.1378113756
76.1099572124 20.1422345481
76.1068404851 20.1529862531
76.1109227717 20.1615853896
76.1184216925 20.1596725179
76.1227995499 20.1598346201
76.1214855091 20.1677414277
76.1225106206 20.1683267286
76.1256228746 20.1673914216
76.1269245471 20.1701013387
76.1264386256 20.1747466416
76.1281636597 20.1778055173
76.1288548443 20.1809134608
76.1326701782 20.1821044512
76.1337972416 20.1839614468
76.1327445693 20.1905992831
76.1354399374 20.1986631296
76.1430863532 20.1996174421
76.1512440004 20.20453897
76.1514631286 20.205972358
76.140755376 20.210954033
76.1351926407 20.2183996282
76.134177844 20.2217186521
76.1381416445 20.2255551623
76.1384662476 20.2290560681
76.1468963075 20.2311064167
76.1499443577 20.2347051338
76.1534628516 20.2356052036
76.1664016903 20.2366830405
76.1702365454 20.246649707
76.1706582775 20.2518844343
76.1721916399 20.2560854142
76.1784877153 20.2634526021
76.1837205972 20.2678148046
76.1885682584 20.2846867218
76.1917846254 20.2905722428
76.1948886194 20.3003085892
76.192260966 20.3010808688
76.1917234714 20.3004440207
76.1849080469 20.3001320392
76.1830380732 20.2989644704
76.1770024867 20.3002655706
76.1762894011 20.2985366013
76.172258964 20.2945312936
76.1678674489 20.2952809651
76.1607151273 20.2977805599
76.1564021396 20.3027189429
76.1524661143 20.3006033566
76.1451134661 20.2996525671
76.1418840407 20.2999048955
76.1420458278 20.3019715886
76.1488709091 20.3062429756
76.1455042661 20.3109686939
76.1418937706 20.312078056
76.1360533031 20.3171121776
76.1337391405 20.3171419424
76.1325512645 20.3146554744
76.1298311987 20.3133065161
76.1274501775 20.3137921049
76.1262850765 20.3152104293
76.1297870429 20.3167475949
76.1314606312 20.3194628459
76.1265863064 20.3242779282
76.1266512027 20.3289911857
76.1289660768 20.3377316318
76.1289234596 20.3411176034
76.127449652 20.3422475299
76.1241101938 20.3416366252
76.1226385086 20.3429412959
76.1216240237 20.345789301
76.1193046178 20.3463982315
76.1164574815 20.3452089803
76.11328811 20.3458669943
76.1089927124 20.3529203105
76.1040559999 20.3535550706
76.1002274719 20.3529883643
76.0976860232 20.3467041835
76.09557258 20.3455267652
76.0919405471 20.3482348607
76.0923779759 20.3574834192
76.0877593801 20.360804919
76.0870077598 20.3628111176
76.0831453281 20.3647081987
76.0801026298 20.3603098569
76.0785198496 20.3555266339
76.0722435808 20.3466167015
76.0693405457 20.3454343023
76.0683315303 20.3435267448
76.0650636766 20.3419873336
76.0563112847 20.3409034395
76.0531029253 20.3390917409
76.049556092 20.3357119617
76.0452423286 20.3266505073
76.0374314216 20.314392031
76.0364991566 20.3109962888
76.0336347364 20.3065949595
76.0308934994 20.2976694354
76.0305375965 20.2926127487
76.0311426491 20.2884301474
76.0263522671 20.2871713988
76.0188792417 20.2863836651
76.0178078389 20.2889557149
76.0084347085 20.2889468226
76.0024228988 20.2879513538
76.0011171089 20.2902824272
76.0029192947 20.2961619557
76.0023917991 20.2991945859
76.0046087799 20.3021466014
76.0044990104 20.3054732893
76.0000285348 20.3115506222
75.9976990822 20.3130586943
75.9953155149 20.3118312146
75.9945172146 20.3092022511
75.9841208055 20.3093737361
75.9801579911 20.3102352219
75.9782573883 20.3121454119
75.9779195987 20.3148473728
75.9752919636 20.3164529435
75.9691323031 20.3135458127
75.955204401 20.3031894303
75.9508050901 20.3006190224
75.9458795983 20.3003634477
75.93292391 20.3040535685
75.9281391401 20.3069147503
75.9270714753 20.309778447
75.9262369363 20.3201425238
75.9266300286 20.3233058352
75.9296238598 20.3282325972
75.9326888085 20.331401993
75.9341905323 20.3380173262
75.9379369582 20.3402026705
75.9424345584 20.3450965088
75.9446777248 20.3515662869
75.9444073006 20.3611436635
75.942170297 20.3712310653
75.9532823941 20.3717463677
75.9601238412 20.3683510523
75.9603074322 20.3735416246
75.9681408263 20.3736176235
75.9651576029 20.3803807187
75.9536941394 20.389931496
75.9505534527 20.3943859503
75.9484822197 20.4006355224
75.9493073637 20.4088493792
75.948340089 20.4136065313
75.9451970551 20.4232261165
75.9422007565 20.4255525726
75.9448204168 20.4361956461
75.9490779478 20.4466761622
75.9576733814 20.4567267276
75.958180164 20.465730368
75.9545832156 20.4664402838
75.9553600588 20.4733838347
75.9507456481 20.4735187493
75.9476114127 20.4818513077
75.9441617782 20.486350535
75.9424214924 20.4956109496
75.944337697 20.5039172358
75.9493486039 20.5131423836
75.9505518871 20.5195504061
75.9541933345 20.5204700003
75.9564187805 20.5221907786
75.9579109125 20.5244229486
75.9585577495 20.5273935223
75.9707580394 20.5229803858
75.9734272967 20.5293932294
75.9739849531 20.5334653584
75.9832723425 20.5294579171
75.9907639163 20.5304040954
75.9947917798 20.5335847978
75.9988778473 20.5299015419
76.0000206668 20.5305462232
76.0019850475 20.5307436063
76.0085646125 20.5358780917
76.0115899804 20.5370121834
76.0121301032 20.5337468755
76.0138544197 20.5321046885
76.0184508388 20.5302721984
76.0196519197 20.5357320568
76.0194483369 20.5467502467
76.0184873242 20.5502942676
76.0211376488 20.5522208287
76.0261301103 20.5530849893
76.0322554597 20.5553451929
76.0362282565 20.5541326208
76.0403011095 20.5550478233
76.0398804661 20.5594043482
76.0397588345 20.5636422677
76.0380620092 20.5674682126
76.0378425256 20.570155769
76.0418669053 20.5789333406
76.0421356718 20.581631436
76.0386428755 20.5880089789
76.0388470315 20.5952434545
76.040341932 20.5972081611
76.0399605857 20.6035163629
76.0381581031 20.6107805688
76.0342996469 20.616527548
76.0316117227 20.6254404673
76.0337554364 20.6340698493
76.0328440714 20.6384781505
76.026248613 20.6437843946
76.0225699145 20.6451197452
76.0179914293 20.6455729602
76.01369897 20.6429331184
76.0110742618 20.6430218362
76.0088433337 20.6454534708
76.0067125927 20.6495024547
76.0063622105 20.6529410948
76.0043676483 20.6559540183
76.0025771905 20.6581097321
76.0000276867 20.6589363676
75.9981383995 20.6673575296
75.9992298018 20.6726588816
76.0000273924 20.6742558181
76.0036613235 20.6808441957
76.0038712871 20.6837710942
76.0034946233 20.6886444984
76.0000306162 20.6908338067
75.9988473533 20.6938340055
75.9970708541 20.6965606327
75.9988849901 20.7090261233
75.9987181103 20.7126906167
76.0000234142 20.7156170233
76.0133189095 20.7204296547
76.0173547527 20.7240427723
76.0162468576 20.7249472216
76.0144128796 20.7293381034
76.0163667693 20.7294153513
76.0160326478 20.7314192301
76.0126106149 20.7317790509
76.012151796 20.7386563742
76.0070470366 20.7418581661
76.002470686 20.7422099719
76.0000271141 20.7431982862
75.9913218152 20.7508488603
75.9883599236 20.7540062616
75.9869072382 20.7588464405
75.990324174 20.7631270523
75.9962038537 20.7649176128
75.9975185144 20.7678720002
75.9970606883 20.7712873851
75.9979823461 20.7779418966
76.0000242049 20.7793422149
76.0120701851 20.7805329393
76.0123138009 20.7855222605
76.0185501286 20.784685135
76.0355677841 20.785704727
76.0429854631 20.7833956656
76.0499327314 20.7882374062
76.049417523 20.790584069
76.0507268956 20.7927810493
76.0499002993 20.7950665958
76.0508526749 20.7974243792
76.0575478349 20.8035382253
76.052361019 20.8078875326
76.0497352511 20.8124975145
76.0510823146 20.8164737188
76.0547909999 20.8183059773
76.0563509424 20.8199872973
76.0582954818 20.8251111284
76.0612074771 20.8267543179
76.0655619105 20.8253159124
76.0668792151 20.8273473165
76.0680646379 20.8295386057
76.0739382492 20.8335643424
76.0739062153 20.8357996364
76.0754651712 20.8379431464
76.0755554738 20.8448885045
76.0803645534 20.8462107543
76.0808509866 20.8508613334
76.0828233565 20.8540968356
76.0987004602 20.8725382185
76.1077255941 20.8782068738
76.1116547039 20.881702188
76.1152119981 20.8902858973
76.115413157 20.8932750501
76.1115500941 20.8944309793
76.1051481665 20.8982494884
76.1040700562 20.9011064544
76.1009251414 20.9033046207
76.0930812042 20.9058496234
76.0807150671 20.9080391266
76.0841148563 20.9275272691
76.089651931 20.9292661059
76.090206114 20.9337991522
76.0928186156 20.9397938345
76.0921434432 20.9434964929
76.1003873816 20.944824618
76.1045734501 20.9472273054
76.1097473304 20.948774161
76.1133053455 20.9525521971
76.116413547 20.9578117223
76.1172605255 20.9627525748
76.1226551676 20.9752656284
76.1246575376 20.977240724
76.1321487086 20.9787593235
76.1447056233 20.9858514736
76.1475588268 20.9918562203
76.1565294958 20.9976380514
76.1594302939 21.0003467737
76.1623136117 21.0083053977
76.1624068279 21.0106660643
76.1636298892 21.0147099774
76.1638155099 21.0203057243
76.1651549596 21.0226223486
76.1651765801 21.0274569821
76.1649783933 21.0301484487
76.1642359808 21.0331849592
76.1650666333 21.0364020725
76.1659350616 21.0380670301
76.1665056543 21.0400235401
76.1673425848 21.0401553727
76.1684992651 21.0390598414
76.1700729227 21.0365161451
76.1704882297 21.0351232089
76.1738603552 21.0322527413
76.1774221192 21.0301899054
76.1829078837 21.0281185023
76.186172456 21.026837089
76.1886193829 21.025606237
76.1914567728 21.0234970918
76.1933977636 21.0215354699
76.1956027318 21.0186578658
76.1976077903 21.0167645478
76.2004588783 21.0148488332
76.2038758345 21.0140426878
76.2077346142 21.0132981475
76.2128131406 21.0135115546
76.2150270413 21.013385656
76.2207793735 21.0129992347
76.2258092196 21.0119133292
76.2282996374 21.0099098502
76.2302775727 21.0079141909
76.2322808233 21.0004686588
76.2395488549 20.9907026227
76.2470324056 20.9881544357
76.2522390492 20.9877002686
76.2588129274 20.9849056245
76.2671859262 20.9798939584
76.2728698225 20.97405348
76.2763211751 20.9717994392
76.2786202444 20.9682697365
76.2805764168 20.9581976222
76.2846856044 20.9574436775
76.2885211817 20.9580586008
76.293050838 20.9575954268
76.2988595002 20.957200552
76.3145674662 20.9516471857
76.3202033606 20.9504972614
76.338882919 20.951223556
76.3469051341 20.949767399
76.3468927464 20.9562479384
76.3537966081 20.9559190033
76.3543903981 20.9581052573
76.3539708304 20.9623972429
76.3602997206 20.9649941934
76.3653687842 20.9700359197
76.3672298119 20.9732720099
76.367969803 20.9778129687
76.3761057595 20.9766340113
76.3797147089 20.9766129833
76.383313113 20.9775119466
76.3836840787 20.9879589526
76.3869847038 20.9928699776
76.3901464774 21.0006303149
76.3924550257 21.0104936767
76.3938621853 21.0124440596
76.3944065316 21.0141389331
76.394794079 21.0159220904
76.394256295 21.0186630814
76.3935578596 21.0205513228
76.3940846186 21.022892331
76.3949386035 21.0250041771
76.396222117 21.0266455746
76.3969100895 21.0284658116
76.3981536341 21.0303178567
76.3980413236 21.0325514717
76.3973580573 21.0364026144
76.3965152621 21.0400797024
76.3955600677 21.0420330653
76.3948288612 21.043773323
76.3931556197 21.045994706
76.3906691369 21.0495402984
76.3887205138 21.055284497
76.3875080018 21.0591159993
76.3870267112 21.0623761436
76.3874297137 21.0655678656
76.3876695184 21.0675569202
76.386967148 21.070475813
76.3863837359 21.0726268291
76.3855364075 21.0745667238
76.3845461758 21.0761764962
76.3835279514 21.0772816596
76.3837937947 21.0775113052
76.3911741186 21.0860017998
76.3978943 21.0885169789
76.4105403581 21.092036522
76.412926707 21.1052014982
76.4348928058 21.1046272105
76.4386617035 21.1055312283
76.4422398229 21.1100636215
76.4489119245 21.1107990757
76.4510528524 21.1116605695
76.4538996378 21.1128060178
76.4541265952 21.122353037
76.4571506684 21.129840148
76.4587348301 21.1362532699
76.4667551958 21.1371555295
76.4682391473 21.1410973745
76.4680099812 21.1451761103
76.4702274775 21.148472474
76.4761723677 21.1499719054
76.4782643404 21.1532055337
76.4780069081 21.1591818384
76.4795739862 21.1735580603
76.4837543478 21.1860972313
76.4886987668 21.1939211681
76.4924843846 21.1956893019
76.4994089812 21.1940100549
76.5221718646 21.1870975175
76.5306027412 21.1871659325
76.5427240117 21.1941618743
76.560848981 21.203678234
76.5766817789 21.2019391326
76.5775632749 21.2015381211
76.5882823442 21.1965564853
76.6071970949 21.1950452573
76.6138956452 21.1937950387
76.6183913031 21.196450381
76.62162179 21.1933247353
76.6249854304 21.1905449267
76.6284965527 21.1966936222
76.6332072694 21.2032511072
76.6329875291 21.2135107494
76.6333223909 21.2267534008
76.6389476906 21.2369645116
76.6442465477 21.2455690321
76.6515699688 21.2468621803
76.6602036115 21.245659958
76.6607216249 21.2510925982
76.6611673599 21.2599660255
76.6619138103 21.271418657
76.6627960073 21.2802259664
76.6503409723 21.2978305611
76.6414204247 21.3084351647
76.6275151417 21.3275062013
76.626204311 21.3328569393
76.6303392407 21.3375243195
76.6701872841 21.3672041624
76.7209882591 21.3983646885
76.7340167723 21.4065183427
76.7391771692 21.4129977273
76.7403778154 21.4270658905
76.7453670271 21.4408226816
76.7585628205 21.4476016939
76.7778347811 21.4577936929
76.7862399799 21.4641546533
76.7871832854 21.4743811184
76.7922637834 21.4800079634
76.793885629 21.4875333565
76.788558485 21.4968620967
76.7722871461 21.5083706696
76.7649838354 21.5202546722
76.7695641868 21.5251490109
76.7773797784 21.5296292967
76.7876335025 21.5329023633
76.7899340892 21.537724553
76.7866781586 21.5436364642
76.7849469499 21.549056135
76.7823463578 21.5600451158
76.7857008843 21.5755317243
76.7936184139 21.5849684124
76.7955487315 21.5927170642
76.7975018551 21.5950785038
76.8060193556 21.5943686241
76.8253858616 21.5902372555
76.8357591608 21.590621281
76.8408743395 21.5980518793
76.8500262031 21.6108440319
76.8544103825 21.6125697215
76.8630086164 21.6098422251
76.894076652 21.5982629012
76.9034676676 21.5983780305
76.9080227189 21.6020595436
76.9139336819 21.6124820078
76.9812069562 21.6635129424
76.9998571379 21.6791166771
77.0041710449 21.6796743588
77.0127589119 21.6819023014
77.0207552688 21.6882999547
77.0259629283 21.6912820295
77.0318194195 21.6935654496
77.0369255626 21.69801584
77.062205023 21.7069065526
77.0647738436 21.7125423913
77.0717640022 21.7193021725
77.075074224 21.7204227913
77.0780523807 21.719866041
77.0829985418 21.7161964867
77.0865297233 21.7161266781
77.0967126398 21.7171217721
77.1069121528 21.7203903769
77.1169904419 21.722357901
77.1239309462 21.722849511
77.1361873761 21.7198284447
77.1503761644 21.7121708481
77.160663995 21.7109288111
77.1653186312 21.7116378249
77.1679553486 21.7144399698
77.1709526913 21.7232764492
77.1743592239 21.7247764741
77.1867590316 21.7220233094
77.1909802394 21.7200951254
77.1872657641 21.7019983107
77.2043259664 21.6938761621
77.2103814458 21.6915649065
77.2131944271 21.6946755871
77.2209611062 21.695990376
77.2246050057 21.6976708448
77.2262434156 21.7017285797
77.2276074692 21.715429001
77.242973468 21.7146613007
77.2582302888 21.7127393015
77.2611035502 21.7133830022
77.2658505401 21.7211745099
77.2704547197 21.7266157855
77.2862701472 21.7217781807
77.2889441271 21.7263740199
77.2900142376 21.7339789496
77.2864098707 21.7360291499
77.2862191898 21.7391833582
77.2875861938 21.7439767029
77.2854057257 21.7456589805
77.2813962986 21.7466661782
77.2801857187 21.7573210704
77.2831026484 21.7587660567
77.2893964401 21.7602693791
77.2968239741 21.7574453212
77.3120559143 21.7571812843
77.3245120045 21.7545672932
77.3291742143 21.7548961641
77.3406272173 21.7590986015
77.3455272253 21.759371352
77.3566348335 21.7570140822
77.3792134037 21.7546601529
77.4044654388 21.7537366806
77.4163396202 21.7552961535
77.4419075417 21.7602889319
77.4472928676 21.7610867007
77.4533091236 21.7609836578
77.4560485485 21.7618952353
77.462116687 21.7657510831
77.4748283268 21.7688228854
77.4789320919 21.7690181564
77.4812322111 21.7677999491
77.4804820749 21.7655388573
77.4786174873 21.7633190174
77.4793296655 21.7554668648
77.4923084435 21.7478513447
77.5003695768 21.7468044982
77.5033434389 21.7424994617
77.5095520159 21.7388255016
77.5118737337 21.7329008421
77.5214290987 21.724648866
77.5223471286 21.718799965
77.5245677637 21.7117849601
77.5269728608 21.7111915726
77.529641781 21.7126805959
77.5369361347 21.7103558412
77.5394695113 21.7059279371
77.5457464589 21.6987004223
77.548125083 21.6901228231
77.5492259504 21.6837659645
77.5509151199 21.6792666854
77.5540789179 21.6739812821
77.5621478566 21.6663818244
77.5611119509 21.6533212893
77.5639432763 21.6429260582
77.569110216 21.6327918245
77.5749037498 21.6248054543
77.5745499714 21.6212949673
77.5714032877 21.6188279245
77.5717432445 21.6140030766
77.5734980219 21.6089248955
77.5757826432 21.5854754496
77.5738037421 21.5734842622
77.573557461 21.5676191619
77.5745454191 21.5604577369
77.5776505085 21.5553461913
77.5890949441 21.5566573899
77.5942566698 21.5594530197
77.6093583693 21.5487698838
77.6107331371 21.5406433931
77.5984743144 21.5310413739
77.5928219858 21.5282335173
77.5814433304 21.5270893025
77.5705208717 21.5276245198
77.5569120221 21.5340269818
77.5442310543 21.5367638692
77.5388248379 21.5368896026
77.5326631458 21.5386135845
77.5153677561 21.5453362376
77.51070809 21.548632816
77.5078113108 21.5524877118
77.4874151725 21.5511040684
77.4721260383 21.5522933506
77.468107671 21.5537653231
77.4608637971 21.5543659386
77.4553056247 21.5533976855
77.453659321 21.5497385589
77.4536049875 21.5461823189
77.4499812674 21.5434033234
77.4453973891 21.5424534971
77.4351898217 21.5441968648
77.4322623516 21.5434542663
77.426808088 21.540351252
77.4232012278 21.5364949246
77.4202492201 21.5308617387
77.4220891816 21.5186533646
77.4240792031 21.514101234
77.4344157836 21.5000589925
77.4425246446 21.4871749717
77.4406797559 21.481390903
77.4384420402 21.4795096318
77.4411494443 21.4760649413
77.4416256121 21.4707851402
77.4522347559 21.4675526092
77.4571161829 21.4651776404
77.4604884409 21.4649561209
77.4726403776 21.454799074
77.4719227377 21.4508176704
77.4731097982 21.4465899266
77.4721879435 21.440826466
77.4725459471 21.4349717998
77.4763723183 21.4306226572
77.4804663647 21.4188111884
77.4851066967 21.4136195857
77.4875218032 21.3964855333
77.4863350936 21.3883571637
77.4903758493 21.3757442263
77.5051071282 21.3772432853
77.5139215453 21.3747730483
77.5158705212 21.3816435577
77.5173455953 21.3842012403
77.5226115756 21.3878108238
77.5241209008 21.3916943403
77.5252553842 21.4028610328
77.5285667004 21.4090728227
77.5305801425 21.4190024156
77.5475506759 21.4093858095
77.5487282491 21.405389812
77.5552939963 21.4016701922
77.5623810735 21.396180058
77.5627086976 21.3922761533
77.5586867005 21.3908142862
77.5576973503 21.3883822168
77.5598814218 21.3801505243
77.5659853027 21.3714185223
77.5688117886 21.3706727316
77.5743839969 21.3712988337
77.5795200087 21.3685215202
77.5843224542 21.3671791092
77.587956919 21.3625367022
77.5905304783 21.3658061437
77.6050315438 21.3633318969
77.6083655177 21.3650576226
77.6093463202 21.3684095587
77.6055922465 21.3822494567
77.6042078719 21.3839392778
77.6042083494 21.3871605805
77.6027384714 21.390579302
77.6051031833 21.3915972322
77.6150246163 21.3918491368
77.6187667856 21.3887009916
77.6329025916 21.3890276073
77.6397934359 21.3875528694
77.6428234074 21.3860013101
77.6450803593 21.3867383666
77.6461889565 21.3894592591
77.6495249383 21.3914165982
77.6546076059 21.3914521977
77.6552149145 21.3882473168
77.6657373262 21.3860387178
77.667002185 21.3836999707
77.6667313882 21.3755345448
77.6684472095 21.3717163907
77.6708776561 21.3695774006
77.6736724279 21.3710104017
77.6847716083 21.383574163
77.6919725011 21.3948003684
77.6948436307 21.3951412225
77.6972483916 21.3946119812
77.6979539742 21.3926164276
77.6963118147 21.3787399834
77.6992461226 21.375860481
77.7080663575 21.3757995608
77.7088720591 21.3715598868
77.708954326 21.3571992565
77.7286447025 21.3622721392
77.7376396575 21.3628495158
77.742136516 21.3647623502
77.7471589837 21.3781894225
77.7502698328 21.382326885
77.753730422 21.3838258753
77.7607078609 21.3845281613
77.7652150966 21.3825473987
77.7688838158 21.3827881577
77.7803933449 21.3861589956
77.7893744824 21.3875244717
77.7939711392 21.3873779817
77.7973142891 21.3888788422
77.7978370748 21.3977401735
77.7998590604 21.404380173
77.8032451418 21.4104211727
77.8083955769 21.4101143317
77.8219295786 21.4068549724
77.8378591501 21.3996644483
77.8505569445 21.3922719759
77.8587047645 21.3888886041
77.8672004695 21.3863034822
77.8874048714 21.3836826876
77.8858764197 21.3758889917
77.8906671186 21.3786251659
77.8963318133 21.3772527229
77.903075282 21.3766243878
77.9095570204 21.377777572
77.9158076729 21.3809772882
77.9223209571 21.382956366
77.9289749869 21.384279067
77.9358426812 21.3840421829
77.9428591936 21.3851322064
77.945221983 21.3971563506
77.964079685 21.3996515454
77.9756994589 21.3996034972
77.9844368051 21.4010254183
78.0000197394 21.4119990051
78.0039200685 21.4143860932
78.008647079 21.4141059499
78.011275042 21.4166348213
78.0238235778 21.4188180044
78.0333753025 21.4235885671
78.0477456082 21.4332575349
78.0553443777 21.4352609986
78.0680135411 21.4370923691
78.082885941 21.4439435525
78.0968497271 21.4542492211
78.1051137201 21.4591853626
78.1134470367 21.4624123676
78.1316266864 21.4716356233
78.1472372293 21.4803488292
78.1738121057 21.496734006
78.1750364984 21.5002899844
78.1758252568 21.5067260245
78.1821308654 21.512540904
78.1724818292 21.5242349169
78.1755528998 21.5269366944
78.1761567939 21.5339504882
78.1751037333 21.5403758817
78.1772327479 21.5514695115
78.181768296 21.5548722626
78.1854433153 21.5568333548
78.2200212703 21.5519237653
78.2312405256 21.5546445474
78.2433058212 21.5636837489
78.2511529883 21.5622126767
78.2738958187 21.5689178733
78.2748728147 21.5705811852
78.2736538388 21.5729349214
78.2631554852 21.5800947093
78.260028839 21.5834250607
78.2597812115 21.5880127684
78.2622347974 21.5900246168
78.2668254818 21.5919344317
78.2707603219 21.5924559554
78.2757182539 21.591141359
78.2862802112 21.5849570475
78.3046659803 21.5832736341
78.3064503728 21.5786226041
78.3065224454 21.5711013933
78.3087869675 21.5696657082
78.3135084775 21.5719184249
78.3234353444 21.5738263125
78.3276686817 21.5756152507
78.3331830601 21.5794132503
78.3415066549 21.588748277
78.3467791178 21.5811162359
78.3524213606 21.5771098306
78.3594152799 21.575170513
78.3657255726 21.5765575789
78.3708127405 21.580176928
78.3789112459 21.5882258191
78.3824072397 21.5938525686
78.3768223445 21.6090000848
78.3764598635 21.6132554225
78.3804979628 21.6156712591
78.3843049828 21.6168764728
78.3883481159 21.6148741051
78.394116694 21.6087988269
78.3973680215 21.6083433039
78.4038697588 21.6093258374
78.4093222271 21.6083526239
78.4156983166 21.6048578503
78.4241092643 21.6025713678
78.4274124702 21.6002196944
78.4206683104 21.5864350964
78.4183327463 21.576039953
78.4207821412 21.5713946531
78.4239119774 21.569904191
78.4270981846 21.5620336227
78.4255588518 21.5531311923
78.4254364805 21.547108308
78.4267848693 21.5441840802
78.4303468624 21.5406225687
78.4323614922 21.5366675197
78.4316856051 21.5285681301
78.4326660671 21.5251200449
78.4370211398 21.5182901804
78.4351173509 21.5075573925
78.4349347889 21.5001512372
78.4434477177 21.502167652
78.4495179489 21.5003320594
78.4565568199 21.4957473766
78.4590680008 21.4967256787
78.461157425 21.5028697056
78.4641035558 21.5030401378
78.4665527885 21.5019560759
78.4701720742 21.5019583641
78.4758044965 21.503287899
78.4769781022 21.5053498493
78.4853128722 21.5045503727
78.4883088469 21.5061658206
78.4905266817 21.5104700055
78.4956719658 21.5163910892
78.5009441281 21.5163930413
78.5028497733 21.5213819465
78.507023054 21.525058829
78.5092847985 21.5251203296
78.5135172559 21.5268487436
78.5250407266 21.5238098237
78.5297031252 21.5242672707
78.5333167374 21.5230623233
78.5422612499 21.52300883
78.5514522769 21.5184244271
78.5573996344 21.5178510659
78.5614983817 21.5142893947
78.5650499577 21.513083106
78.5715543575 21.5141780572
78.5697030401 21.5078031657
78.5703120376 21.5044749877
78.5782779422 21.4970058715
78.5862281225 21.4881649639
78.5899010656 21.4854131189
78.5982978567 21.4862208957
78.6036851806 21.4833511902
78.6060819126 21.4856972607
78.610437771 21.4869085832
78.6211495242 21.480070116
78.6260385853 21.4761113995
78.630399049 21.4763927333
78.6355522243 21.4798953671
78.6425411527 21.482767858
78.6486669009 21.4828206718
78.6557763758 21.4813864846
78.6642259569 21.4774789811
78.6693132034 21.4793209558
78.6892278182 21.480570217
78.689584853 21.4765560494
78.6934573711 21.4774686406
78.6971293193 21.4772934002
78.7013502825 21.4760322126
78.7009248763 21.4730489847
78.7067972716 21.4733250486
78.7090684276 21.4698312139
78.7191019465 21.466596878
78.7249768656 21.4632738648
78.7293887524 21.4630373482
78.7349383907 21.4700163648
78.7403383793 21.4700685486
78.744077718 21.4715584478
78.7456293895 21.4823529804
78.7517233992 21.4925087962
78.755755215 21.4894015534
78.7662941085 21.4884138233
78.7660439049 21.4833638007
78.7696318967 21.4729567291
78.7774584779 21.4658236443
78.7807842649 21.472200779
78.782330632 21.4777674113
78.7854564207 21.4794906538
78.789895939 21.4878139133
78.7949760659 21.4871667024
78.798110323 21.4885423456
78.8153965197 21.4895536521
78.8184591524 21.4874264618
78.8245849031 21.4883303107
78.8286994604 21.4898142189
78.833289837 21.4886603164
78.8495301371 21.4886886844
78.8530942182 21.4901791758
78.8569074249 21.4944209781
78.8805409608 21.4866722724
78.8852516276 21.483723122
78.8907752489 21.4843437273
78.8958984152 21.4969782456
78.9011846075 21.4993154235
78.9081587118 21.4967708739
78.9133503123 21.4930098104
78.926016234 21.4864122606
78.9372751197 21.4861907803
78.9392533368 21.491174442
78.9423662278 21.5092047535
78.9461070841 21.5124659238
78.9441554865 21.516053045
78.9417854893 21.5181417002
78.931687905 21.5203850263
78.9288844009 21.5225278972
78.9288533007 21.5318047032
78.9300326126 21.5373995563
78.9272316254 21.5418985283
78.9098678309 21.5535198493
78.9145482397 21.5604287165
78.9181650887 21.5618099397
78.9294354371 21.5588441017
78.9332887286 21.5589795579
78.93385295 21.5631228918
78.9253616925 21.5676367477
78.9197869238 21.5683124566
78.9170878247 21.5695746228
78.9176226907 21.5838258077
78.9186930483 21.5910008837
78.9281289435 21.5912500967
78.9345093956 21.5932856529
78.9458389924 21.5924288841
78.9513567309 21.5947038972
78.9677866518 21.6045365705
78.9802871845 21.6162116152
78.9870205074 21.6158221359
79.0000087997 21.617425222
79.002932601 21.6144533713
79.0055491731 21.6084858541
79.0113504057 21.6027188029
79.0151191056 21.6002055006
79.0365445969 21.6043292679
79.0485340622 21.6034413533
79.0535244518 21.6044230915
79.0563494664 21.6026736894
79.0817137294 21.6064267469
79.0871872816 21.6059077976
79.0937428857 21.5979608308
79.0976850687 21.6021974819
79.1037813293 21.6016149348
79.1097803713 21.6081276373
79.1051395617 21.6110292563
79.1043812731 21.6150651878
79.1048361765 21.6176518801
79.1169086092 21.6243176689
79.1334248218 21.6268249309
79.1427834445 21.635610657
79.1467925212 21.6382910128
79.1528460149 21.6552972837
79.1535565158 21.6592612829
79.1919453957 21.6532063863
79.2223965879 21.6490015809
79.2256912056 21.6496236554
79.2273661995 21.6557115086
79.2327353952 21.6564545485
79.2342014293 21.6701806018
79.2326206832 21.6731799539
79.2303544988 21.6746572063
79.2259583889 21.6757805857
79.2239663198 21.6800248992
79.2267175378 21.6953386392
79.2276789555 21.6993428247
79.2405811303 21.7139418589
79.2347461074 21.7192186322
79.233890674 21.7206317281
79.2344970497 21.7226574606
79.2634999213 21.7162829808
79.270715113 21.7136878976
79.2776154742 21.7078211947
79.2806307106 21.7040089722
79.2826524877 21.6990184005
79.2906742256 21.6927193153
79.3232266632 21.6846657603
79.3261352683 21.6854450425
79.3280392318 21.6872276282
79.3485355819 21.683382846
79.3542504787 21.6832808754
79.3549323256 21.6777774668
79.3677338001 21.6784069637
79.3890313766 21.6743046499
79.4007189834 21.6735116936
79.4030702165 21.6745633808
79.4064298217 21.6785711953
79.4137006697 21.6844856444
79.4173772292 21.6898888769
79.4217700724 21.6903682929
79.4289780882 21.689498356
79.433947336 21.6841971496
79.4382462048 21.6824299525
79.4467502821 21.681193558
79.4570425802 21.6832903673
79.4645395848 21.6862808788
79.4946249957 21.6731217587
79.4957178341 21.6648188351
79.4969492816 21.6627313528
79.500614331 21.6595704669
79.5034356823 21.6509833658
79.5053561518 21.6468985477
79.5072076232 21.6447762436
79.5063410147 21.6395801647
79.5086963005 21.6336721018
79.5156607756 21.6324429378
79.5177017826 21.6302129772
79.5185382614 21.6255769614
79.5145599818 21.6219494461
79.5108007041 21.6223560429
79.5093029615 21.621449164
79.5071868702 21.6187433195
79.5042538927 21.6114696985
79.5091392158 21.6066169815
79.5128785186 21.6015050168
79.5118875245 21.5894014193
79.5167356114 21.5823119224
79.5278015836 21.5794847234
79.5337498865 21.5739742935
79.5382333982 21.5721612182
79.5436417932 21.5681811199
79.5456104918 21.5643930089
79.5421604445 21.5541760006
79.5399762117 21.5499703384
79.5403098842 21.547389812
79.5427142298 21.5434420396
79.5534959119 21.5435342143
79.5664152279 21.5472601602
79.5774717554 21.5430581063
79.582271444 21.5426205324
79.5956585147 21.5488255495
79.6010494308 21.5489296444
79.6055445699 21.5500412839
79.6148682833 21.5552054771
79.6229715461 21.5564845248
79.631515498 21.5541519577
79.6404583587 21.5542471543
79.6469330451 21.5547801609
79.6536827005 21.5564777482
79.6568120182 21.5581208022
79.6601452337 21.5627553131
79.6643357806 21.5766181274
79.6691563534 21.5790032676
79.691065814 21.5799954665
79.6955708512 21.5829451438
79.6974455345 21.5871893907
79.7000389935 21.5902570467
79.7055764747 21.5916208977
79.7124216445 21.5902144673
79.7200750109 21.5904428529
79.7388858448 21.601854498
79.751179865 21.597204517
79.7750854427 21.5898010513
79.7981174288 21.5808142757
79.8095030767 21.5720605522
79.8179865999 21.5637443073
79.8245292264 21.5584716892
79.8313730051 21.5462000233
79.8478913547 21.5413283882
79.8569144624 21.5370485606
79.8611177073 21.5320551493
79.8634359153 21.5304513395
79.8782535304 21.5290950778
79.8830620875 21.5280221008
79.8922212604 21.5292000377
79.896140769 21.523446237
79.8986789347 21.5228382729
79.9075822632 21.5239460784
79.9222183284 21.5240762953
79.922229607 21.5241478482
79.9247150619 21.5398862606
79.9276531859 21.5457708598
79.9335938561 21.5532995564
79.937461862 21.55519249
79.9428159487 21.5563703395
79.9535257415 21.5548324568
79.9678965352 21.5575949238
79.9727004112 21.5568688147
79.9782251295 21.5547230404
79.9920417752 21.536426068
80.0000122895 21.5343693853
80.0031601124 21.5349721517
80.0046554001 21.5362996607
80.0085460767 21.5386348095
80.0112342815 21.5405281933
80.0139519977 21.5422305204
80.0164805179 21.5442435153
80.0187113643 21.5456352326
80.0211415173 21.5470107934
80.023372518 21.5485036967
80.0256159469 21.5504474924
80.0291411406 21.5534747531
80.0326713242 21.556310928
80.0347179119 21.5569984718
80.0384837035 21.5572229829
80.0408941173 21.5571349295
80.0449080822 21.5565240425
80.0480660321 21.5559202602
80.0505424389 21.5548219487
80.0520819939 21.5544187869
80.0546790825 21.5538334554
80.056587739 21.553802857
80.0572567238 21.5538026042
80.0607097475 21.5532306383
80.0637202967 21.5532892191
80.0661676401 21.5534123742
80.0676976513 21.5536993196
80.0686496079 21.5539312882
80.0700812961 21.5542803406
80.0731176764 21.5565383221
80.0749830211 21.5581640934
80.0765509228 21.5600706844
80.0776882488 21.5616875583
80.0798637774 21.5635454772
80.0816159273 21.5648284175
80.0835503317 21.5664563533
80.0852979048 21.5680889704
80.0885570322 21.571453243
80.0913668478 21.5758599753
80.093220893 21.5782402067
80.0962174905 21.5819588132
80.0973599196 21.5832442728
80.09984363 21.5850511385
80.1005602006 21.585982503
80.1028662775 21.587106062
80.1052881347 21.5883514568
80.1069414473 21.5884262152
80.1086444575 21.5890830434
80.1121616384 21.5907946067
80.1144702525 21.5917983757
80.1164593024 21.5930945505
80.1181276967 21.5961602879
80.1187553974 21.5992245744
80.1189730524 21.600487615
80.1194235158 21.6034392925
80.1215130352 21.606686456
80.1251466402 21.6085725223
80.1280182837 21.6087288551
80.1306532314 21.6083009467
80.1327936081 21.6079769475
80.1395549762 21.6052994916
80.1440868766 21.6048948758
80.1472727274 21.6044201203
80.1505086161 21.6046792243
80.1544568915 21.6059982328
80.15657676 21.6071212133
80.1592320273 21.6093985871
80.1615845187 21.6114991371
80.1633245954 21.6138211535
80.1665056661 21.6172000162
80.1686835314 21.6191878662
80.1715852486 21.6214141722
80.1755319947 21.622896029
80.1777204381 21.6234388067
80.1799800393 21.623815746
80.1815080483 21.623659765
80.1833388989 21.6236253164
80.1869193024 21.6252246776
80.1889763338 21.6267407117
80.1903049405 21.6282024134
80.1918018637 21.6303472876
80.1928089112 21.6323731209
80.1948243215 21.6338983344
80.1960254011 21.6339497056
80.1987184148 21.6343235401
80.2017657184 21.6346439248
80.2070247181 21.6344112793
80.2113248826 21.6332571662
80.2146163928 21.6293754578
80.2170546227 21.6260079915
80.2186655891 21.6239555549
80.2212765226 21.620985873
80.2229409999 21.6200860521
80.2272339184 21.6193824501
80.2335172363 21.6198606574
80.2387101956 21.6202068459
80.242623528 21.6205365248
80.2467819059 21.6202905009
80.2493509399 21.6202655006
80.2542765111 21.6222752172
80.2587375581 21.6220306518
80.2619385982 21.620513386
80.2632936162 21.6200692767
80.2668984772 21.6199340825
80.2716601915 21.6163637386
80.2775461374 21.6104373962
80.279056962 21.606939516
80.2804056628 21.6024640854
80.2821056861 21.598919848
80.2864837834 21.5959710533
80.2894979933 21.5949644187
80.2932511627 21.5932867032
80.2946732018 21.5921427095
80.2953168047 21.5895069552
80.29576676 21.5882980943
80.296467168 21.585774945
80.2969419939 21.5825022156
80.298597106 21.5779110306
80.3020550284 21.5753639843
80.3057743528 21.5752851571
80.3100466404 21.5760241861
80.3143186906 21.5766434818
80.3165660759 21.5772392934
80.3196873042 21.5769888005
80.32362235 21.5755860907
80.3255358859 21.5744568565
80.3268865191 21.5734967626
80.3280942898 21.570509918
80.3295426827 21.5673592016
80.3313546228 21.5640397383
80.332981555 21.561525912
80.3341671312 21.5595791071
80.3352852716 21.5582099234
80.3364707838 21.5562630666
80.3367962814 21.5546563445
80.3357777875 21.553614042
80.3339725391 21.5516968813
80.332276844 21.5502971474
80.3311364365 21.5486752739
80.3341008957 21.5460572968
80.3363864029 21.5444071327
80.3376831178 21.5436748785
80.3396591215 21.5421978982
80.3418712082 21.5407226939
80.3447114977 21.5387374975
80.3463741922 21.5378893217
80.3490068314 21.5374046506
80.3531314581 21.535717775
80.3586057983 21.5330083097
80.3636386695 21.530817361
80.3689218501 21.5285083236
80.3725577573 21.5263665247
80.3743482049 21.5247124283
80.3759636695 21.5229437006
80.3773352064 21.5209984729
80.3775304409 21.5179172067
80.3775798081 21.5171348169
80.3778988433 21.5151967504
80.3792149558 21.5128443507
80.3802896765 21.5095147256
80.3805991425 21.505147127
80.3806228913 21.5031315964
80.3809515835 21.5011751206
80.3812847407 21.4990529633
80.3815660096 21.4959991842
80.381589942 21.4949154564
80.3816727623 21.4929550128
80.3820684994 21.4912284686
80.3825325864 21.4910317268
80.3844010631 21.4902240207
80.3853255333 21.4894232716
80.3869445759 21.4873691774
80.3884393305 21.4849104682
80.3894525938 21.4825565041
80.3904085103 21.4791144307
80.391177457 21.4764712234
80.393602313 21.4735613773
80.3966822085 21.4710639249
80.3988430777 21.469530558
80.4020388024 21.468010497
80.403322456 21.4673881533
80.4057827663 21.4665487139
80.4076920709 21.4655841489
80.4089933389 21.4635284079
80.4104248375 21.4614722654
80.4112643908 21.458775869
80.4114097699 21.4565323466
80.412111505 21.4545794004
80.4131828381 21.4513693111
80.4150087643 21.4474117386
80.4162212345 21.443798641
80.4172966047 21.4403584497
80.4180571581 21.4384077066
80.416987367 21.4366092395
80.4153531669 21.4350378112
80.412758085 21.4326545534
80.411010381 21.430906233
80.408358215 21.4282907169
80.4056529377 21.4251530564
80.4047627302 21.4233011887
80.4067025733 21.419697726
80.4059827512 21.4181329369
80.4035178706 21.4155766732
80.4002000922 21.4128915094
80.3966384525 21.4091163767
80.395810854 21.4076070931
80.395789439 21.4045611226
80.3965579053 21.4011081783
80.3982696995 21.3968751753
80.4006440326 21.3924010896
80.4032716865 21.3881127284
80.4046629502 21.3843820104
80.4061109655 21.3807708093
80.4078481093 21.3785437554
80.4087089114 21.3780928024
80.4101294892 21.3767822116
80.4111786666 21.3761029939
80.4133027453 21.3766976141
80.4152029431 21.3763771965
80.4170382877 21.3757601827
80.4208326216 21.3755701618
80.4243561566 21.3759467625
80.4277164683 21.3759832683
80.4297365662 21.375544989
80.4316991783 21.3748100956
80.4336128091 21.3733943289
80.4343418618 21.3732266048
80.43723432 21.3722174919
80.4402973353 21.3715022768
80.4423706404 21.3715790048
80.4440093026 21.3717076079
80.4471729178 21.372429809
80.4497184737 21.3741315344
80.4504150809 21.3767245417
80.4505048994 21.3800117442
80.450062369 21.3849570289
80.4499657393 21.3882977651
80.4510356335 21.3908390179
80.4523470401 21.3928688389
80.4538362416 21.3958734984
80.4544112146 21.3987613116
80.4550927414 21.4026242692
80.4574709839 21.4026469849
80.4601198376 21.4006603562
80.4615325562 21.3999750651
80.4631358915 21.3990154085
80.4669476166 21.3973241744
80.4696378061 21.3966624291
80.4711077569 21.396216109
80.4735485166 21.3958909575
80.4749574553 21.3955644295
80.4781360774 21.3961686445
80.4806496287 21.399643741
80.4815456173 21.3960818197
80.4824140173 21.3950598934
80.4857593833 21.3962454309
80.4882445383 21.3973002556
80.4907466113 21.3976119033
80.4922760335 21.3979749798
80.4966834393 21.3966951752
80.5002450191 21.3945944645
80.5031290683 21.3932987989
80.5073683028 21.391151894
80.5096914065 21.390943892
80.5124998268 21.3910908154
80.515667824 21.3914618574
80.5182256712 21.3922329738
80.5215265263 21.3914002752
80.5233104667 21.390904034
80.526249656 21.3899574517
80.5271877295 21.3886405315
80.5284762031 21.3877318715
80.5310213754 21.3841224886
80.5336783374 21.3820770736
80.5365543217 21.3813605571
80.5388556721 21.3776921081
80.5399241999 21.3752819048
80.5410548596 21.3724780778
80.5437103215 21.3695674261
80.5464685605 21.3689592897
80.547758849 21.368565799
80.5510613891 21.3677347559
80.5526044492 21.3667076317
80.5570706209 21.3651957883
80.5620454064 21.3631735209
80.5650480438 21.3617566125
80.5658456028 21.3615994913
80.5665300851 21.3608515125
80.5710089009 21.3583638137
80.5706091325 21.3562235115
80.5679411452 21.3548831763
80.5652146899 21.3536419564
80.5648740241 21.3515129957
80.5666685136 21.3490538169
80.567379655 21.3459500348
80.5681980489 21.3438235371
80.5710148982 21.3432791527
80.5732054487 21.3433007476
80.5759383604 21.3449374776
80.5786055007 21.3461120086
80.5822909371 21.3443079488
80.5847358266 21.3435209185
80.587131071 21.342623568
80.5884818425 21.3421098638
80.5892653482 21.3377473319
80.5887466398 21.334862221
80.5899406923 21.3317081471
80.5935622031 21.3300098786
80.5963244203 21.3288855437
80.598119492 21.3272933766
80.6000258493 21.3253510455
80.604253005 21.3240642213
80.60627007 21.3237984826
80.6092015242 21.3242858199
80.6121801361 21.3248833808
80.6153556196 21.3245069249
80.6169602037 21.3231982645
80.6178250971 21.3222860129
80.6198541722 21.3209226986
80.6246290791 21.3197618744
80.6275457848 21.3207642664
80.6301545351 21.3220577394
80.6317914403 21.3224120294
80.6352105072 21.3231889939
80.6386657008 21.324315427
80.6404284768 21.3247910207
80.6450674649 21.3254682581
80.6512777102 21.3260948334
80.6551788647 21.3269957878
80.6573326238 21.3305291668
80.6586551074 21.3318024448

