# India Subdivision Marathwada
76.0110742618 20.6430218362
76.0110742618 20.6430218362
76.01369897 20.6429331184
76.0179914293 20.6455729602
76.0225699145 20.6451197452
76.026248613 20.6437843946
76.0328440714 20.6384781505
76.0337554364 20.6340698493
76.0316117227 20.6254404673
76.0342996469 20.616527548
76.0381581031 20.6107805688
76.0399605857 20.6035163629
76.040341932 20.5972081611
76.0388470315 20.5952434545
76.0386428755 20.5880089789
76.0421356718 20.581631436
76.0418669053 20.5789333406
76.0378425256 20.570155769
76.0380620092 20.5674682126
76.0397588345 20.5636422677
76.0398804661 20.5594043482
76.0403011095 20.5550478233
76.0362282565 20.5541326208
76.0322554597 20.5553451929
76.0261301103 20.5530849893
76.0211376488 20.5522208287
76.0184873242 20.5502942676
76.0194483369 20.5467502467
76.0196519197 20.5357320568
76.0184508388 20.5302721984
76.0138544197 20.5321046885
76.0121301032 20.5337468755
76.0115899804 20.5370121834
76.0085646125 20.5358780917
76.0019850475 20.5307436063
76.0000206668 20.5305462232
75.9988778473 20.5299015419
75.9947917798 20.5335847978
75.9907639163 20.5304040954
75.9832723425 20.5294579171
75.9739849531 20.5334653584
75.9734272967 20.5293932294
75.9707580394 20.5229803858
75.9585577495 20.5273935223
75.9579109125 20.5244229486
75.9564187805 20.5221907786
75.9541933345 20.5204700003
75.9505518871 20.5195504061
75.9493486039 20.5131423836
75.944337697 20.5039172358
75.9424214924 20.4956109496
75.9441617782 20.486350535
75.9476114127 20.4818513077
75.9507456481 20.4735187493
75.9553600588 20.4733838347
75.9545832156 20.4664402838
75.958180164 20.465730368
75.9576733814 20.4567267276
75.9490779478 20.4466761622
75.9448204168 20.4361956461
75.9422007565 20.4255525726
75.9451970551 20.4232261165
75.948340089 20.4136065313
75.9493073637 20.4088493792
75.9484822197 20.4006355224
75.9505534527 20.3943859503
75.9536941394 20.389931496
75.9651576029 20.3803807187
75.9681408263 20.3736176235
75.9603074322 20.3735416246
75.9601238412 20.3683510523
75.9532823941 20.3717463677
75.942170297 20.3712310653
75.9444073006 20.3611436635
75.9446777248 20.3515662869
75.9424345584 20.3450965088
75.9379369582 20.3402026705
75.9341905323 20.3380173262
75.9326888085 20.331401993
75.9296238598 20.3282325972
75.9266300286 20.3233058352
75.9262369363 20.3201425238
75.9270714753 20.309778447
75.9281391401 20.3069147503
75.93292391 20.3040535685
75.9458795983 20.3003634477
75.9508050901 20.3006190224
75.955204401 20.3031894303
75.9691323031 20.3135458127
75.9752919636 20.3164529435
75.9779195987 20.3148473728
75.9782573883 20.3121454119
75.9801579911 20.3102352219
75.9841208055 20.3093737361
75.9945172146 20.3092022511
75.9953155149 20.3118312146
75.9976990822 20.3130586943
76.0000285348 20.3115506222
76.0044990104 20.3054732893
76.0046087799 20.3021466014
76.0023917991 20.2991945859
76.0029192947 20.2961619557
76.0011171089 20.2902824272
76.0024228988 20.2879513538
76.0084347085 20.2889468226
76.0178078389 20.2889557149
76.0188792417 20.2863836651
76.0263522671 20.2871713988
76.0311426491 20.2884301474
76.0305375965 20.2926127487
76.0308934994 20.2976694354
76.0336347364 20.3065949595
76.0364991566 20.3109962888
76.0374314216 20.314392031
76.0452423286 20.3266505073
76.049556092 20.3357119617
76.0531029253 20.3390917409
76.0563112847 20.3409034395
76.0650636766 20.3419873336
76.0683315303 20.3435267448
76.0693405457 20.3454343023
76.0722435808 20.3466167015
76.0785198496 20.3555266339
76.0801026298 20.3603098569
76.0831453281 20.3647081987
76.0870077598 20.3628111176
76.0877593801 20.360804919
76.0923779759 20.3574834192
76.0919405471 20.3482348607
76.09557258 20.3455267652
76.0976860232 20.3467041835
76.1002274719 20.3529883643
76.1040559999 20.3535550706
76.1089927124 20.3529203105
76.11328811 20.3458669943
76.1164574815 20.3452089803
76.1193046178 20.3463982315
76.1216240237 20.345789301
76.1226385086 20.3429412959
76.1241101938 20.3416366252
76.127449652 20.3422475299
76.1289234596 20.3411176034
76.1289660768 20.3377316318
76.1266512027 20.3289911857
76.1265863064 20.3242779282
76.1314606312 20.3194628459
76.1297870429 20.3167475949
76.1262850765 20.3152104293
76.1274501775 20.3137921049
76.1298311987 20.3133065161
76.1325512645 20.3146554744
76.1337391405 20.3171419424
76.1360533031 20.3171121776
76.1418937706 20.312078056
76.1455042661 20.3109686939
76.1488709091 20.3062429756
76.1420458278 20.3019715886
76.1418840407 20.2999048955
76.1451134661 20.2996525671
76.1524661143 20.3006033566
76.1564021396 20.3027189429
76.1607151273 20.2977805599
76.1678674489 20.2952809651
76.172258964 20.2945312936
76.1762894011 20.2985366013
76.1770024867 20.3002655706
76.1830380732 20.2989644704
76.1849080469 20.3001320392
76.1917234714 20.3004440207
76.192260966 20.3010808688
76.1948886194 20.3003085892
76.1917846254 20.2905722428
76.1885682584 20.2846867218
76.1837205972 20.2678148046
76.1784877153 20.2634526021
76.1721916399 20.2560854142
76.1706582775 20.2518844343
76.1702365454 20.246649707
76.1664016903 20.2366830405
76.1534628516 20.2356052036
76.1499443577 20.2347051338
76.1468963075 20.2311064167
76.1384662476 20.2290560681
76.1381416445 20.2255551623
76.134177844 20.2217186521
76.1351926407 20.2183996282
76.140755376 20.210954033
76.1514631286 20.205972358
76.1512440004 20.20453897
76.1430863532 20.1996174421
76.1354399374 20.1986631296
76.1327445693 20.1905992831
76.1337972416 20.1839614468
76.1326701782 20.1821044512
76.1288548443 20.1809134608
76.1281636597 20.1778055173
76.1264386256 20.1747466416
76.1269245471 20.1701013387
76.1256228746 20.1673914216
76.1225106206 20.1683267286
76.1214855091 20.1677414277
76.1227995499 20.1598346201
76.1184216925 20.1596725179
76.1109227717 20.1615853896
76.1068404851 20.1529862531
76.1099572124 20.1422345481
76.1093440665 20.1378113756
76.1072318624 20.1320432743
76.1023443867 20.129117754
76.1015134068 20.1232520121
76.1023709057 20.1175798974
76.0989294294 20.106864211
76.0974075961 20.0972631886
76.0954344759 20.095004574
76.0921486662 20.0959322957
76.0890442868 20.1009521613
76.0851860465 20.0980853671
76.0784684447 20.1013318985
76.0714290359 20.1003810902
76.0656316065 20.0978419707
76.0618569222 20.0988319939
76.0572984397 20.0984288147
76.0565336077 20.0968084774
76.0554680286 20.0855500534
76.0616430343 20.0870650904
76.0669154047 20.0832272047
76.0706258976 20.0740927576
76.0681287626 20.0695854846
76.0608071117 20.06696692
76.0573180417 20.0637643659
76.0273103637 20.0604574022
76.0197221048 20.0589860016
76.0247760401 20.0447071966
76.0240837809 20.0321303965
76.0247125192 20.0231313776
76.0130547468 20.0230406463
76.0098080707 20.0188067704
76.008032345 20.0145962019
76.00367141 20.0126541171
76.0000211421 20.013289481
75.9942301069 20.0048860616
75.9858367432 20.0028097035
75.9761328497 20.0008906213
75.9685684859 20.0022125939
75.9681853709 20.0012114423
75.967253829 20.0000897322
75.9666914126 19.994490925
75.969651101 19.989504631
75.9744358643 19.9848687729
75.9842155376 19.9818156583
75.9883375943 19.9810692965
75.9904536157 19.9751566315
75.9947652556 19.9768311327
76.000029506 19.9734279976
76.0051290963 19.9718568923
76.0112594389 19.9714234591
76.0135042641 19.9717249468
76.0166539412 19.9739676105
76.0164955411 19.966012466
76.0140141868 19.9532278482
76.0288482386 19.9480936566
76.0376508906 19.9479211779
76.0425563292 19.9504627773
76.0442100691 19.9450384404
76.0486245942 19.9472472908
76.0533139227 19.9415837925
76.0546296892 19.9402464173
76.0492877897 19.937017908
76.0515555703 19.9319385543
76.0582066728 19.930510406
76.060326399 19.9241742591
76.0613720418 19.9181546455
76.0635635199 19.9157118484
76.0805458683 19.9115237591
76.0808560406 19.8899105623
76.0816084786 19.8845682515
76.0832931976 19.8809833735
76.0937228735 19.8709859814
76.0960679172 19.8668208628
76.100235331 19.8559119187
76.1095406722 19.8602716346
76.1205624087 19.8594376611
76.1210743785 19.8641303748
76.129308867 19.8628277589
76.1350068309 19.8564210441
76.1370052711 19.8500790865
76.1401095535 19.844462212
76.149710372 19.8452532045
76.1491411892 19.8535191442
76.1495449846 19.8551820388
76.1519830219 19.8558840029
76.1698294588 19.8501641718
76.1746095125 19.8493309831
76.1878665008 19.8509718427
76.1933984559 19.8547653199
76.1969304257 19.8582593066
76.1988340879 19.8622885306
76.2098574436 19.8616318291
76.2121659518 19.8646829365
76.2145533804 19.8658996989
76.2301031129 19.8637707039
76.240990105 19.8707867848
76.2483614335 19.8693891911
76.2520271462 19.870522628
76.2565745986 19.8733030317
76.262156258 19.8732593824
76.2831236837 19.8719962059
76.2947483731 19.8706863196
76.2981898315 19.8695860244
76.301027489 19.8752689342
76.305145052 19.8776510107
76.3086223451 19.8786772307
76.3100443478 19.876984194
76.3121526044 19.8759016213
76.3141304872 19.8748859443
76.3184869288 19.8771586734
76.3204894254 19.8774012248
76.3240800739 19.880489147
76.3276853216 19.8819064891
76.3346162481 19.8826380451
76.3395781297 19.8819074404
76.3434725541 19.8881992702
76.3439599366 19.8913369111
76.3459706373 19.8916436332
76.347994939 19.8897696026
76.3531187992 19.8936896754
76.3544989108 19.8961780598
76.3549489431 19.9002432777
76.3576012901 19.9081063443
76.3661350369 19.9215808189
76.3662613816 19.924787815
76.3681598258 19.925668431
76.3730328403 19.9233416891
76.3789492739 19.9189211066
76.3835009676 19.9186593877
76.3879778182 19.9063662516
76.3902342561 19.9042536633
76.394139587 19.9054950991
76.3993050907 19.9084860642
76.403471832 19.9158057747
76.4082169233 19.9197194105
76.4176525133 19.9175885623
76.4402060206 19.9164469149
76.4476432971 19.9181413573
76.4515231589 19.9204654987
76.4651718564 19.9173310711
76.4827526932 19.9190412128
76.4906787392 19.918074406
76.493265195 19.9169379231
76.4911382237 19.9083795984
76.4912798143 19.9035565722
76.4920726687 19.8982685921
76.4953170807 19.8910411779
76.500246272 19.8834787839
76.5115150652 19.8740816048
76.5154362158 19.8761199779
76.5198139295 19.8708193441
76.5263795116 19.8686147052
76.5336245018 19.8642815052
76.5302708911 19.8605080101
76.5323563605 19.8558844848
76.5329735289 19.8507888034
76.5330183295 19.8504189354
76.5404226251 19.8447677626
76.5436797894 19.8440138317
76.5496864687 19.8440037577
76.5690452924 19.8383842379
76.5690588141 19.8444629383
76.5914009492 19.842859632
76.5999146293 19.8407309578
76.601299429 19.842998616
76.6105366722 19.8381006448
76.6233715747 19.8425356266
76.6294817959 19.8551365297
76.6334278966 19.8662313184
76.6433924635 19.8667091111
76.6457746606 19.8659676549
76.6469473401 19.8656056852
76.6479673462 19.8656929612
76.6480405785 19.8656992406
76.6494969922 19.862320938
76.6496605486 19.8619415484
76.654491367 19.8558706528
76.6633371649 19.8497769941
76.6786083431 19.8461313838
76.6786296727 19.8461409334
76.6852258454 19.849098552
76.6892996918 19.8600222351
76.6884931808 19.8649129478
76.6907436505 19.8678999728
76.6913933371 19.8723566275
76.6983218065 19.8724460622
76.7118809846 19.8685428949
76.7235997584 19.8689206761
76.7393830045 19.8719627929
76.7423765234 19.8803818394
76.7428549979 19.8879393196
76.7420909652 19.8967313553
76.7464441271 19.9066166248
76.7672512952 19.9036983188
76.7715500271 19.9138092426
76.7740017417 19.9222438357
76.7733284206 19.9326860689
76.8234537426 19.9266666181
76.8327002238 19.9482505954
76.8371281185 19.9607644306
76.8716776497 19.9555396765
76.8717344025 19.9555310775
76.8737236596 19.9512884467
76.8739912479 19.9507176497
76.8787507746 19.9493535194
76.8872076242 19.9502520543
76.8912065125 19.9497080825
76.8961545914 19.9459779236
76.8992664122 19.9515836575
76.9006676447 19.9518449885
76.9008607796 19.9625564663
76.9148941327 19.967687892
76.9180754473 19.9712929705
76.9278429906 19.9758269395
76.939037247 19.9792426926
76.9436378137 19.9813228618
76.9467313381 19.9836063855
76.9492729647 19.9830311048
76.9623200903 19.9853108282
76.9683809624 19.9894815801
76.9725636779 19.9941470811
76.989125704 19.9961029188
76.9917893625 20.0000270892
76.9926373324 20.0090972436
76.9932050024 20.0177689202
77.0000087529 20.0122865176
77.0074518071 20.0068903395
77.0129568474 20.0046173936
77.0152039042 20.002541047
77.0208645901 20.0028588519
77.0240197984 20.0061647845
77.0279410967 20.0082724067
77.0320135465 20.0099279821
77.0363282533 20.0103195283
77.042648842 20.0088638388
77.0464087977 20.0071870355
77.0523352864 20.0001267991
77.0610763048 19.9960498968
77.0645410234 19.9900150057
77.0648638421 19.9894527032
77.0656036651 19.985519335
77.0656873125 19.9850746253
77.071694623 19.9815325544
77.0719337614 19.9813916064
77.0731218411 19.9753892182
77.0731780318 19.9751050548
77.0773277917 19.9704499365
77.0836495115 19.9670552042
77.0851026354 19.9649167469
77.0854403626 19.9644197743
77.0846599035 19.9573215191
77.0863792641 19.9536728189
77.0866353465 19.9531292207
77.0927172703 19.9492911447
77.0929371661 19.9491523539
77.0949026496 19.9409404156
77.096434049 19.9373687359
77.0966489155 19.936867704
77.1020232788 19.9326863899
77.1087530656 19.9345637242
77.112021118 19.937731844
77.1183365683 19.9400166614
77.1257925793 19.9398022063
77.1339589327 19.9428275881
77.1372845885 19.9462927132
77.1380563803 19.9509819649
77.1392766706 19.9532368541
77.157446883 19.9665922273
77.1625450459 19.9667859398
77.165741399 19.9645072293
77.1717393347 19.9643339042
77.1770099098 19.9692324485
77.1781008505 19.9729278525
77.1783159804 19.9774593841
77.1816740795 19.9798303485
77.1942411089 19.9839330223
77.2001254194 19.9909383484
77.2039632297 19.9913367485
77.2136127751 19.9808790438
77.2176338817 19.9780757189
77.2180015219 19.9778194609
77.2173249797 19.9722705145
77.2117633687 19.9676139142
77.2104783523 19.9638576271
77.2104319075 19.9570221092
77.2089353289 19.9470156712
77.210313609 19.9434168301
77.2104907755 19.9429541661
77.2140928746 19.939916864
77.22035945 19.9386918166
77.2367113926 19.9399244266
77.239081046 19.9382270819
77.2393164761 19.9380584735
77.240887763 19.9308348493
77.2406265794 19.9231476631
77.2416482485 19.9160541826
77.2435973482 19.9107906763
77.2437586275 19.9103551075
77.2482629432 19.906179076
77.2487550311 19.9057228089
77.2409018319 19.8994143258
77.237677747 19.8959574082
77.2375673171 19.8958389465
77.2408945273 19.8922583395
77.243954699 19.8912441666
77.2496351991 19.8925096142
77.2625590341 19.8997542275
77.2656353687 19.8993741104
77.2690776534 19.8971393067
77.2737280262 19.9003290327
77.2737253604 19.9088912529
77.2754871504 19.9143444638
77.2791391818 19.9163645257
77.2847652928 19.9160219297
77.2850048102 19.9160073571
77.2858441387 19.9104706894
77.2853174287 19.9052070869
77.285282929 19.904862562
77.2877555641 19.9031874931
77.2877736056 19.9031752841
77.2887724972 19.9013076231
77.2890844635 19.9007242326
77.2927335242 19.8992946263
77.296523195 19.9001516594
77.3038975543 19.9063611523
77.3107647872 19.9104010518
77.3160811145 19.9096136292
77.3161310235 19.9096062078
77.3177675011 19.906163452
77.3154290444 19.9016380185
77.3162984317 19.8934545506
77.3158449013 19.8908842266
77.3150185239 19.8898191801
77.3097695707 19.8906183669
77.3021557698 19.8931462205
77.2981989141 19.8926355763
77.2972483744 19.8897918763
77.2978799538 19.8851224818
77.2968327521 19.8828560531
77.2982846167 19.8801102659
77.2985934399 19.87952621
77.3023734861 19.8784319831
77.306498328 19.8783044323
77.3180054975 19.8833560894
77.3236358042 19.8849602117
77.3266923671 19.8837213772
77.3360553551 19.875906264
77.3401731283 19.8740565554
77.3479126419 19.8734179015
77.3499778485 19.8701072416
77.3503212927 19.8695566864
77.3481496481 19.864681036
77.3489756171 19.8607442525
77.3490834059 19.8602306595
77.3540015185 19.8585281321
77.3606807484 19.8590120035
77.3650893007 19.8581094694
77.3653189591 19.8580624072
77.3664801286 19.8515341625
77.356741284 19.8454782652
77.3566249445 19.8454059131
77.3635078527 19.8373658613
77.3638466215 19.8369701316
77.3635872401 19.8330179448
77.3494784933 19.8352352154
77.3462146229 19.8337800406
77.3449159199 19.8329044133
77.3445445204 19.8291478099
77.3445420012 19.8291225046
77.346827291 19.8252019391
77.3578475016 19.8161954881
77.3622312643 19.8150278662
77.370667233 19.8222311314
77.3737565664 19.8221891374
77.3821512924 19.8199220765
77.390003959 19.8209364684
77.3900152286 19.8209379085
77.395242822 19.8111240108
77.3904004766 19.8078293222
77.3835677358 19.7882367494
77.3835257918 19.7881164151
77.3898966425 19.7799935657
77.4075844138 19.7780028083
77.4086898918 19.7769348638
77.4089300665 19.7767028295
77.4099286106 19.7725316894
77.4071480047 19.7656157916
77.4045456905 19.7641459245
77.396146233 19.7663588045
77.3871074279 19.7660073803
77.3857128544 19.7608799353
77.3797398182 19.7494043121
77.3790683023 19.746035797
77.3793125167 19.7431697664
77.3793332638 19.7429272608
77.3817184473 19.7402168257
77.3848615961 19.7385372362
77.3849235102 19.7385041449
77.3863890987 19.7354143891
77.3833279953 19.7310275938
77.3832580468 19.7290081461
77.3832505439 19.7287907446
77.385470688 19.7263140142
77.38887172 19.725112439
77.396774364 19.7257264888
77.3989978443 19.7321478687
77.4133259325 19.7435381815
77.4180232645 19.7394950628
77.4184489988 19.7391285862
77.4175692439 19.7371703028
77.4174556694 19.7369172583
77.4198792414 19.7350616128
77.4356435619 19.7294806758
77.4359109794 19.7293859102
77.4363723009 19.7254568408
77.4364186944 19.7250616504
77.4405075947 19.7222174674
77.4407344242 19.7220596612
77.4424691235 19.7144699983
77.4425724696 19.7140181244
77.445998641 19.7118989991
77.4460023415 19.7118967286
77.4478248303 19.7085714931
77.4485798549 19.7036385329
77.4486121936 19.7034273221
77.450999614 19.7003466477
77.4513953348 19.6998359477
77.4446432562 19.6922927104
77.4458834528 19.6882181
77.4460539373 19.6876578596
77.4519450428 19.686550541
77.4589904624 19.6823114489
77.4595933029 19.681948813
77.4627863589 19.6797220977
77.4673714075 19.6792902253
77.4766384231 19.6827903403
77.4790501183 19.6823671771
77.4826396594 19.6763354786
77.4848495007 19.6752908137
77.4914943496 19.6782953405
77.4950373054 19.6791017017
77.5021231797 19.6776173255
77.5053391442 19.676067798
77.5132180564 19.6744400017
77.5166457842 19.6723194089
77.5232278325 19.6699802703
77.5295193498 19.6698299072
77.5349292114 19.6685665599
77.5395348082 19.6686956684
77.5390621227 19.6639485963
77.5425186098 19.6624619759
77.5465543644 19.6619198459
77.5550335805 19.6637181278
77.5541189247 19.6602985218
77.5552230238 19.6524532355
77.5683535054 19.6503551887
77.574026981 19.6515987713
77.5802995162 19.6576599673
77.5825717038 19.6567251839
77.584187828 19.6530505975
77.586495377 19.6513628682
77.5969955531 19.6506737551
77.5996835588 19.6477744431
77.6010658053 19.6443968945
77.6074629514 19.6469372697
77.6089941841 19.6442994755
77.6081991656 19.6407650977
77.6109816761 19.6390639602
77.6151071154 19.6392771911
77.6168068088 19.6377837224
77.6141281707 19.6321885184
77.6160174875 19.62930372
77.6271433587 19.6272695293
77.6292165411 19.6243875191
77.6301934384 19.621256072
77.6284287245 19.6144192951
77.6294638424 19.6080062088
77.6335256433 19.6083373768
77.6383051373 19.6098927151
77.642599336 19.6096989983
77.6447663474 19.6077854077
77.6448011853 19.6052591605
77.6432666634 19.5999102576
77.6405985742 19.5964407084
77.6405703289 19.5874772557
77.6482412367 19.563962671
77.6493199016 19.5555476785
77.6423076666 19.5556640223
77.6362181701 19.5579951596
77.6341407791 19.5557087849
77.639903593 19.5511537168
77.6463035502 19.547545677
77.6592924628 19.5467677439
77.6658899609 19.5453992125
77.6735932851 19.5407700103
77.6891061016 19.5398429262
77.7004066357 19.537854568
77.7058227609 19.533700557
77.7139246814 19.5256165089
77.7227201663 19.5276625578
77.729208832 19.5314597487
77.73370753 19.5320498103
77.7496619022 19.521791153
77.7541345453 19.5152646925
77.7527710868 19.5096284301
77.7391762136 19.5016683166
77.7364442183 19.4949362593
77.7358396306 19.4917391662
77.7397390569 19.4861532091
77.7402922081 19.4830886246
77.7373596876 19.4804969428
77.7286956809 19.4787225549
77.7253444426 19.4747118013
77.7222686417 19.4748713674
77.7175631385 19.4768661804
77.7139807992 19.4764780791
77.7106737452 19.46723122
77.7054191915 19.4642563166
77.7011001052 19.4618170954
77.69908205 19.4597647899
77.6984524972 19.4573757234
77.698099175 19.4493503923
77.6959674965 19.4409829217
77.6989105363 19.4386492923
77.704471864 19.4386366206
77.7076181551 19.4371464876
77.7131924237 19.4373633292
77.7223520437 19.4347504927
77.7326440568 19.4337160678
77.7421047035 19.4374612613
77.7489942192 19.4310320757
77.7561803061 19.432275309
77.7749833622 19.4386739725
77.7819776563 19.4448002177
77.7895132059 19.4488374344
77.7981031648 19.4504784803
77.801339258 19.4593729524
77.8048589551 19.46429618
77.8099465568 19.4629610913
77.8161221516 19.4535693235
77.8196759771 19.4452964059
77.8256754953 19.4408348347
77.8303736479 19.4386598149
77.834694185 19.4393153782
77.8376545046 19.4487790374
77.8470382905 19.45227758
77.8475406906 19.4558101405
77.8379476116 19.4629855341
77.8321703647 19.4686406284
77.8275321319 19.4754030943
77.8285035358 19.4803000289
77.8435142471 19.4837064467
77.8469552741 19.4867351754
77.8437354787 19.4943089493
77.8428744565 19.5098339093
77.8477847182 19.5149257697
77.8535237903 19.5177603541
77.8615783594 19.5195738076
77.869764449 19.5137634159
77.8773840144 19.5121567909
77.8786689786 19.5091870582
77.8793377625 19.504747823
77.8824930431 19.5002131553
77.8854630811 19.5003335362
77.8905520839 19.5050773967
77.8883468188 19.5124967047
77.8899459098 19.5193775561
77.8987386223 19.5231218958
77.9017328679 19.5269745623
77.9041746469 19.5323904045
77.9075991055 19.5332379785
77.9127786009 19.5309267161
77.9128925123 19.5278230695
77.9165827002 19.5152058532
77.9324209643 19.5085736019
77.9360613612 19.5041984535
77.9381548056 19.5003850741
77.9434502978 19.4982880539
77.9474869384 19.5010264957
77.9531445239 19.5094324258
77.9588258932 19.5109391154
77.9723916216 19.5084767482
77.9757390295 19.5060855459
77.9734965545 19.4969554539
77.9741610122 19.4938663043
77.9802543339 19.4890803024
77.9871987571 19.4785709319
77.9864214093 19.4653915891
77.9870311677 19.4599569502
77.9910296201 19.4555534415
77.9914368924 19.4551983704
78.0000208672 19.4625966592
78.0094263141 19.4614070993
78.0131703035 19.4654394666
78.014847488 19.4835890628
78.0164172533 19.490734242
78.0195028634 19.4961174674
78.0258900436 19.4974013244
78.0307110628 19.4946909386
78.0441508548 19.4829189986
78.0539494835 19.4765826852
78.0631974572 19.4669039635
78.0678646759 19.4669992097
78.0742089294 19.471027116
78.0830446727 19.478648993
78.0954747809 19.4873293213
78.1019780577 19.4869394505
78.1143780879 19.4913713747
78.1210745694 19.5013594044
78.1217002112 19.5081953562
78.1233567057 19.5145964847
78.125203749 19.517440153
78.1351078411 19.5258307055
78.1362614081 19.5311805212
78.1350314775 19.5351177877
78.1302364088 19.5407006824
78.1234297324 19.5464694137
78.1199055581 19.5536185017
78.1247576165 19.5575039857
78.1316121659 19.5575259978
78.1399762009 19.553903172
78.1474117479 19.5529004531
78.1584172669 19.555869179
78.1670977401 19.5591346273
78.1846037031 19.5636560238
78.1890267207 19.5673550242
78.1898670358 19.5711527571
78.1856201263 19.5840851854
78.1923231431 19.5921784334
78.1919633544 19.6047864714
78.1954759071 19.6139113011
78.1957005615 19.6182736538
78.1947272122 19.6255363893
78.1894056599 19.6359231385
78.1870546368 19.6424708883
78.1789935023 19.6550407148
78.1743771206 19.6569527163
78.1686910943 19.6579923063
78.1630654452 19.6609803743
78.1531107357 19.6646840907
78.1402991137 19.6667893834
78.1310526051 19.6671191303
78.1273357558 19.6641274703
78.1259042856 19.6596874862
78.1223825915 19.6580144556
78.1070734259 19.659947494
78.1021453029 19.6569237288
78.0978947464 19.6516297533
78.095369132 19.6454412187
78.0898562348 19.6452143233
78.082222912 19.6484514409
78.0767544833 19.6555661395
78.0718668116 19.6637288368
78.0669720196 19.6681585079
78.0566799271 19.6709922893
78.0554665709 19.6851890531
78.0528803946 19.6915529284
78.047102094 19.6988902934
78.0403039902 19.7003101736
78.0318447096 19.6992198745
78.01926347 19.6941046457
78.0000190454 19.6814743949
77.997032439 19.680731258
77.9884604652 19.6807855894
77.9845507382 19.6865721424
77.985387785 19.6994066006
77.9821186087 19.7016090242
77.970560585 19.7025268981
77.9649003494 19.7064077754
77.9610166012 19.7173608715
77.9531784863 19.7293555046
77.9368552069 19.7368606576
77.9335560026 19.7393189876
77.9230883628 19.7349599082
77.9197496457 19.7316969457
77.9144101619 19.7297843265
77.9062522 19.731849961
77.9023030234 19.7348842705
77.899459398 19.7348785949
77.8975394317 19.7323083375
77.8973448105 19.7287998171
77.8959495184 19.7255821911
77.8915885764 19.7271883067
77.8783679862 19.7378738014
77.8774369585 19.7437762629
77.8767373066 19.7444371467
77.8722117254 19.7432260879
77.8697828015 19.7417072116
77.86667945 19.7412446423
77.8632580594 19.7420042177
77.8605284634 19.7436558814
77.8590100101 19.7531453234
77.8662462681 19.7665031709
77.8655220503 19.7714185255
77.8620442487 19.7786768867
77.8532215142 19.7887806458
77.8506586477 19.7931227729
77.8490690823 19.8007735713
77.8563621308 19.8108501609
77.8635973131 19.8162730851
77.8703147713 19.8238962427
77.8711302644 19.8277150325
77.871072428 19.8327069546
77.8728688902 19.836838466
77.8762066537 19.8495530746
77.8861897341 19.8569190375
77.8877917988 19.8623321363
77.8918613721 19.8671506509
77.8918876991 19.8710134781
77.8981070761 19.8779968865
77.9027483561 19.8803393823
77.9200213187 19.884676169
77.9239800796 19.8912662205
77.9343260083 19.8907942817
77.9405224194 19.8928676387
77.9437832592 19.9006883571
77.9478263273 19.9071135733
77.9539048688 19.911225254
77.960239177 19.911036397
77.9650157674 19.9099160659
77.9714758418 19.9103948049
77.9784953623 19.9129190013
77.9825786223 19.9155409992
77.9881709503 19.9167103979
77.9923200249 19.9164377879
78.0000189064 19.9177752785
78.011909722 19.9141867339
78.0186595905 19.9156254499
78.0278715497 19.9255524633
78.0334535927 19.928459501
78.0481220487 19.9311478439
78.0532699788 19.9307165559
78.0551016598 19.9289159977
78.0573491405 19.9239268681
78.0588728073 19.9180758597
78.0632361462 19.9125811812
78.0700529887 19.906573624
78.0783944192 19.9005969998
78.0939358895 19.8976327046
78.1030325203 19.8966757674
78.1115242999 19.8974224521
78.1256594925 19.9000595882
78.1311321593 19.9020056171
78.1349391977 19.9064994773
78.1376456767 19.9113586046
78.1421413181 19.9152911065
78.1494694857 19.915949845
78.1562188593 19.9138437763
78.1778635688 19.9103004279
78.189231559 19.9032907427
78.195205577 19.9023775204
78.2005342946 19.9026511124
78.2097937245 19.9068963357
78.2218188867 19.9154845499
78.2303265927 19.9164452156
78.2364228783 19.9187968951
78.239756185 19.9239557392
78.2471722297 19.9281608026
78.2527986132 19.9293504667
78.2576613613 19.9257677911
78.2602661625 19.9188727546
78.2596504577 19.9116965679
78.2552913871 19.9039458679
78.2483791294 19.8980905967
78.2435553532 19.8923239766
78.242331615 19.8874959048
78.2513646533 19.8738415012
78.2547227072 19.8729871329
78.2672518569 19.8756745952
78.2754590672 19.8796023528
78.280784026 19.8851875149
78.2823404225 19.8914505399
78.28420507 19.9075582662
78.2869465451 19.9106871812
78.2946929193 19.9145765123
78.3024929058 19.9171517555
78.3147769769 19.913107003
78.3121922364 19.9088683148
78.3022424019 19.8736972438
78.2987696539 19.8559705677
78.2986832383 19.8499912869
78.3077347942 19.8462735509
78.3436314554 19.8396765528
78.3460155942 19.8334376818
78.3405991247 19.8191581709
78.3438480596 19.8140342064
78.3562802235 19.8108843256
78.3651561074 19.8062929461
78.3716769932 19.7951184822
78.3724212886 19.7816707424
78.3694751078 19.7679484766
78.3654789898 19.7546054171
78.3578721579 19.7383969675
78.3500715897 19.735062331
78.3489589717 19.7249811442
78.3499409249 19.7142410558
78.337151786 19.7091757346
78.3273276815 19.7043104478
78.3247343309 19.6973805328
78.3206616572 19.6912218534
78.3095508391 19.6890997663
78.290379252 19.6903141297
78.2779506997 19.6708128571
78.274272758 19.6638008267
78.2772087077 19.6608486453
78.2921438395 19.655156473
78.2969986057 19.6448731532
78.3000940167 19.6325621197
78.3035683476 19.6241557953
78.3135112466 19.6121708452
78.3156118441 19.6049547343
78.3146660215 19.5875243608
78.3166759461 19.5793864307
78.3157873218 19.5726006844
78.3107482342 19.5682759819
78.3045121063 19.5676055176
78.3038885881 19.5621320241
78.3011197346 19.5592132972
78.2899436146 19.5611775171
78.2836931085 19.5590177184
78.2892133347 19.551226327
78.2960538232 19.5439621741
78.2996384321 19.5381510731
78.3000788633 19.5317207423
78.3033287362 19.5144614851
78.304044176 19.5050418981
78.308244272 19.4946975514
78.3146577677 19.4873776556
78.3166974029 19.4802240042
78.3166088616 19.4668800216
78.3135564732 19.4574044373
78.3019486291 19.4498200699
78.2957583483 19.4497858955
78.2865870156 19.4539587667
78.2778236285 19.4548035602
78.2715080153 19.4489039973
78.2663995643 19.4410662944
78.2565684191 19.4310236471
78.2503513933 19.4299561847
78.2381528293 19.4338468348
78.2287741534 19.4349776615
78.2195760599 19.4279920856
78.209951799 19.4153057969
78.202582203 19.4084102707
78.1866076678 19.4127031788
78.1920248685 19.3965798084
78.1914507221 19.3855296947
78.1892829979 19.3772710039
78.1889227387 19.3692135447
78.1858154846 19.3617541037
78.1840526716 19.3540194386
78.1867147095 19.3464721609
78.1915947489 19.3396431205
78.2016439532 19.3327894284
78.1995409394 19.3260293124
78.1999977087 19.3154565809
78.1976700942 19.3040328166
78.1876219294 19.2800728739
78.1877416477 19.2623102974
78.1909015644 19.25051326
78.1878065129 19.2427061171
78.1745119981 19.237496743
78.154158415 19.2311998307
78.1436756542 19.2405739699
78.1310957784 19.2475035573
78.1037096399 19.2465567004
78.0994533933 19.2509196281
78.0865606664 19.2558256673
78.0794209074 19.2476080166
78.0618235552 19.2408036206
78.0553814486 19.2427902074
78.0522904722 19.2485423183
78.0518484633 19.2566504254
78.0536890171 19.2637462347
78.0499756782 19.2718505562
78.0370817219 19.2750901531
78.0314798603 19.279651636
78.0224322804 19.2972615786
78.0157883388 19.3020337312
78.0000214634 19.3066164002
77.9896185197 19.3098832977
77.9810009023 19.3219061269
77.9707273624 19.3281677946
77.9667896462 19.3326007084
77.9529622753 19.342091556
77.9446603702 19.3432971661
77.9412635794 19.3365542625
77.9303450976 19.3327077629
77.9260569573 19.3267282425
77.9162537609 19.3187585902
77.9097569752 19.3165869159
77.903482733 19.3185902384
77.8972039616 19.3219456744
77.8919767544 19.3132011338
77.8791456592 19.3096842712
77.8750334053 19.3065210098
77.8647514644 19.3029176976
77.8665474312 19.2961607174
77.8647432008 19.2884381596
77.8658103984 19.2849037481
77.8793068951 19.2806015118
77.8970144522 19.2792371015
77.9046388871 19.2779880244
77.9096926542 19.2680852418
77.9043729128 19.2569961566
77.8958400314 19.2579728742
77.8885836642 19.2610887821
77.8713056382 19.2561166763
77.8719852858 19.2469768763
77.8693160533 19.2387993219
77.8662076826 19.2348354444
77.8654282459 19.2271718738
77.8623527677 19.2193582007
77.8562304569 19.2106074575
77.8565734051 19.2054925985
77.8504360903 19.1978894057
77.8484070248 19.1891129063
77.8623184563 19.1817127181
77.8569087291 19.1777593587
77.8581238731 19.1732450393
77.8577757349 19.1703886618
77.854274297 19.1686093086
77.8540722488 19.163275691
77.8526326494 19.1603966531
77.8531387799 19.1562510464
77.8415720068 19.1392901287
77.834948003 19.1366338403
77.8378017445 19.133727878
77.8425253309 19.1198530847
77.8491038989 19.1152243295
77.8480618017 19.0971110036
77.8520920949 19.0936504223
77.8520528097 19.0911316905
77.8504986006 19.0895734416
77.8460886094 19.0878245395
77.837679887 19.0875781253
77.8324950403 19.0859735548
77.8293673119 19.0927270824
77.8262340381 19.0974237418
77.8190212318 19.104670444
77.809591385 19.1043408454
77.8064649533 19.1029563112
77.8040595313 19.0998744349
77.8035938236 19.0955817732
77.8051390316 19.0854308971
77.8010912932 19.0756265306
77.7982697076 19.0743978792
77.7973418389 19.0722401128
77.800970552 19.0659218003
77.7994959763 19.0620688417
77.8009975441 19.0523677275
77.7983677925 19.0512452274
77.794944344 19.0517084922
77.786902123 19.0558695103
77.7817485452 19.0554022209
77.7747567067 19.0571865159
77.7654416718 19.0630557836
77.7632977723 19.0603125359
77.7646831736 19.0522328825
77.7611313378 19.0296018891
77.7639933831 19.0237047893
77.7659042061 19.0215737247
77.768037849 19.0206969397
77.7690881417 19.0164664427
77.769515691 19.0084691965
77.7722089386 19.0004832302
77.7711439231 18.9825438067
77.7853208116 18.9774660929
77.7909511385 18.9854226823
77.8210165059 18.9835384451
77.8167493279 18.9612585734
77.8190905681 18.9604415507
77.8165673026 18.9506639904
77.8312863047 18.9469465604
77.8344195311 18.9514333787
77.857692489 18.9535368301
77.852652632 18.9326523436
77.8482561126 18.9315833127
77.8450676094 18.9227333247
77.8444347255 18.9125964301
77.8606242754 18.9073830749
77.8732575833 18.9116386404
77.885596198 18.9098623927
77.8866338986 18.8977233307
77.8917052257 18.8864957372
77.9027257343 18.8851216527
77.9032763538 18.8693341621
77.9101610166 18.8687362397
77.9294483208 18.8606543501
77.9287139826 18.8556025114
77.9364888943 18.8523905989
77.9337683787 18.847955959
77.9482845393 18.8437727522
77.9493919758 18.8336111752
77.9467175003 18.8238057412
77.9328697139 18.8232228339
77.911669763 18.8309839411
77.8632172199 18.8154985639
77.8414094519 18.8088832788
77.8315005002 18.7874492347
77.8271362312 18.7699652621
77.8143201466 18.7417497923
77.8066363045 18.7307537777
77.8061305905 18.7176387475
77.7904157427 18.6958568013
77.7903306907 18.685664564
77.7732706504 18.6921100388
77.772661704 18.7031270736
77.7682445689 18.709434011
77.7614882015 18.7085632773
77.75375461 18.6993261991
77.7533258676 18.6912806203
77.7485035302 18.6853959678
77.7366548118 18.6774996106
77.7319043706 18.6657218671
77.7370373587 18.663657789
77.7369698292 18.6572400528
77.7347210659 18.656852326
77.7339088228 18.6496432004
77.7335565102 18.6471349469
77.7335109551 18.644268924
77.7398371281 18.6324641999
77.746801614 18.6229906781
77.7519408569 18.6069284606
77.7510188816 18.5907193122
77.7392116553 18.5648364427
77.7403407695 18.5564790743
77.7317543318 18.5532118845
77.7161493213 18.5560909957
77.6864859251 18.5424516817
77.6796182152 18.5429678349
77.6657717817 18.5348798637
77.6612501945 18.5288354756
77.6489599426 18.5379093012
77.6531359142 18.5429348018
77.6558700603 18.5512197717
77.6532047065 18.5512508474
77.6524724972 18.5542027789
77.6441159125 18.5555079542
77.6380378356 18.5467656466
77.632684561 18.5522147914
77.6199198087 18.5502319499
77.6194055359 18.5445076119
77.6169019755 18.5439648934
77.6144451438 18.5493248107
77.6008272586 18.549085841
77.6017547422 18.5366021892
77.5968372672 18.5295905865
77.596842639 18.5247187984
77.6039805585 18.5265458714
77.6050202221 18.5235304657
77.6000442138 18.5165800489
77.590609991 18.5114354177
77.5898083385 18.5045184273
77.5974542225 18.4954868786
77.6064222829 18.493008606
77.6073436395 18.4868974005
77.6046460508 18.4758583322
77.5966976416 18.475144315
77.5943215389 18.4827362687
77.5800380433 18.4853927554
77.5741507139 18.4684867448
77.5639049022 18.4691070146
77.561584825 18.466889846
77.5499987038 18.4673287685
77.5496735859 18.4649885621
77.5523545626 18.4624276041
77.5532762099 18.459592086
77.5625840174 18.4596336575
77.5871955242 18.4552032856
77.5868360744 18.4488514202
77.5887681189 18.4471192945
77.58620094 18.4447403595
77.577669624 18.4410068163
77.5704544196 18.440266708
77.5636773154 18.4367057089
77.5499182932 18.4422000847
77.5379629086 18.4440239885
77.5319110231 18.4420973497
77.5293762458 18.4289893649
77.5394459544 18.4251005392
77.5386368848 18.422828101
77.5476130302 18.4220785032
77.5586952432 18.419533116
77.5528181845 18.3894302662
77.5450566406 18.386930154
77.5339517756 18.3774826657
77.5248439173 18.3663595607
77.5229533447 18.3509890057
77.5308043843 18.3411525126
77.5457061507 18.3356753762
77.556903483 18.3330132558
77.5704810974 18.3197775076
77.5737998431 18.3100227782
77.558582925 18.3001436764
77.5535023311 18.293192239
77.5430944506 18.2956583476
77.5273728523 18.3048333322
77.5232408593 18.3091572978
77.5129558456 18.3085141926
77.5118781219 18.3039582404
77.5160937078 18.2838012404
77.5136675916 18.2802591767
77.5011680278 18.2751641323
77.4956471503 18.2677104801
77.4837421413 18.2704472281
77.4781945354 18.2640930566
77.472612742 18.2649581956
77.4687561055 18.2617577373
77.4541281238 18.2677378228
77.4485440522 18.2718693207
77.4481977087 18.2789964105
77.4402169772 18.2837855712
77.4378967706 18.2947053819
77.4396493794 18.308193188
77.4310562191 18.3108733529
77.4282396434 18.3063712217
77.4110287333 18.3012503686
77.3994997842 18.3046521028
77.3957463223 18.3026001367
77.3844498087 18.3076053433
77.3656374126 18.309923577
77.3619252356 18.3122740714
77.3585225794 18.3201310229
77.3701314217 18.3239454103
77.3770817377 18.3311295587
77.3811629159 18.3303123347
77.384051089 18.3335486833
77.3824397438 18.340711275
77.3893515862 18.3398087139
77.3924037865 18.342408054
77.3960152884 18.3421714665
77.3959547681 18.3472817719
77.399122881 18.3462599009
77.4015148271 18.3491157263
77.4014344833 18.3551407088
77.3949938922 18.3675112853
77.4038443816 18.3717606384
77.4110869936 18.3800793526
77.4133106407 18.3901055369
77.4036791314 18.3993595456
77.3958046662 18.3985810339
77.3728575595 18.4022312303
77.3674904059 18.4313190595
77.3684562291 18.4395537631
77.3727248597 18.449113421
77.3571086679 18.4501832342
77.3483239897 18.4358289823
77.3451003805 18.4317437039
77.3403247851 18.436886834
77.3363810947 18.4433246573
77.3357104297 18.4498834803
77.3290142015 18.4502693172
77.328574944 18.4565319014
77.320369776 18.4551905615
77.316234804 18.4407969948
77.305207946 18.4398874098
77.2976894745 18.434094204
77.2674131443 18.4197829159
77.2612124558 18.4118290597
77.2519537633 18.4096502139
77.2430270696 18.4100410463
77.2392152237 18.4012090238
77.2356616075 18.3875497434
77.2478609122 18.3720227929
77.2444543496 18.3678290139
77.2336119253 18.3670207205
77.224162164 18.348664795
77.2300574621 18.3463585743
77.2257657118 18.3392654195
77.2196997576 18.3263692508
77.2127342994 18.3152240376
77.202895387 18.3206375321
77.198150815 18.3141795556
77.2003854902 18.2970218481
77.2072118223 18.2919850919
77.2089545682 18.2794892743
77.2015713653 18.2807457903
77.1943988497 18.2758057676
77.1805400555 18.2833444142
77.1732058145 18.2823601985
77.1700539799 18.2749462165
77.1683581183 18.2574393498
77.1598741455 18.2546003936
77.1540432008 18.2394629354
77.1504138258 18.2391772831
77.1503375038 18.2229451254
77.1532978746 18.2230803026
77.1526423107 18.2181130019
77.1448459745 18.2175999438
77.1421297949 18.2087936819
77.1337675794 18.2077302846
77.1235628134 18.2082445878
77.1191875016 18.2039542975
77.1091584331 18.2033360807
77.0980659 18.1966298186
77.1054870437 18.1878664269
77.1189024403 18.1691831319
77.111458306 18.1542871759
77.0991612118 18.1597127722
77.091792751 18.1575409427
77.0886995563 18.1518585944
77.0716003832 18.1510039715
77.060112306 18.1539137001
77.0601161608 18.15747182
77.0527422559 18.162812917
77.0518818538 18.1747263691
77.0404981597 18.1828135872
77.0352053818 18.1852681406
77.0326909384 18.1808339567
77.0240542462 18.1797083977
77.026356611 18.1641903315
77.0000597693 18.1683365476
76.9975723216 18.1748015305
76.9977691438 18.1798539286
76.9952339068 18.1835026302
76.9937375126 18.1881033245
76.9901489498 18.1899261401
76.9827906428 18.1908326233
76.9820965624 18.1888352457
76.9610156405 18.1875652627
76.9562919756 18.1863122638
76.9531375543 18.1739102737
76.9459145979 18.1561855543
76.9355087192 18.1593419068
76.9274873102 18.1462676707
76.9298041554 18.1413113675
76.933899794 18.1380495322
76.9321257891 18.133714143
76.9262966996 18.1259357546
76.9244042471 18.1216597776
76.9246818212 18.117587279
76.9343068435 18.1124786106
76.9446994873 18.1129168503
76.9555964965 18.1116225695
76.9607907716 18.1079473458
76.9705198681 18.0986481084
76.9695942823 18.0941842103
76.9665560251 18.0897616522
76.9570419637 18.0869040701
76.9519377341 18.0838758335
76.9492360422 18.0753154725
76.9516946032 18.0698328367
76.9548792577 18.0649795677
76.9528288045 18.0598461271
76.9506662287 18.0502497521
76.9508427335 18.0473217117
76.9565537198 18.0443248214
76.9568596325 18.0412825728
76.9542875164 18.0393131454
76.9408345827 18.0388234329
76.919861723 18.0348082296
76.9215505556 18.0236030804
76.922407251 18.0153603031
76.9198139549 18.0139400103
76.9203236194 18.0034829741
76.920644984 18.0003220882
76.9197593927 17.9978786751
76.9218303531 17.9922630802
76.9217489906 17.987015101
76.9203892804 17.9745048152
76.9194382441 17.9621454552
76.9153792547 17.9389017178
76.9213680757 17.9383578876
76.9205184162 17.9248188905
76.9186160498 17.9168131508
76.9153611524 17.9155166172
76.902356005 17.9163961685
76.8987196194 17.90973103
76.8957924887 17.9090803568
76.8945176833 17.9045618265
76.8914860254 17.8988993613
76.8853103361 17.8987939618
76.8832609956 17.8947700396
76.8773347053 17.8944450241
76.8739255631 17.8964350984
76.8558484043 17.8995263238
76.84892838 17.89808352
76.8337172281 17.8923418862
76.8350444876 17.8844369209
76.8223004271 17.8861169602
76.8190580022 17.8847659221
76.8129839955 17.8857527714
76.8101402287 17.8847538615
76.8072556578 17.8758756134
76.808145159 17.8721665679
76.804683239 17.8699992474
76.7993295426 17.8710102992
76.776376218 17.8786144405
76.7750649719 17.8803020897
76.775616332 17.8838707068
76.7749196582 17.886779534
76.7719398754 17.8939740913
76.7677396378 17.9000418352
76.7446788728 17.9006059902
76.7423812814 17.8995972099
76.7413019557 17.8936424826
76.7413810328 17.8852178987
76.7391884618 17.8586925514
76.7475194892 17.8599448104
76.7563285839 17.8582419387
76.7615124673 17.8537319052
76.7661397428 17.851164122
76.7675346431 17.8524688215
76.781595443 17.8380224996
76.7873169708 17.8331729427
76.7900483888 17.8281800138
76.7866652248 17.821358132
76.7832775911 17.8168457174
76.7813378311 17.8120167183
76.7816523977 17.8076540823
76.7781412937 17.8011203638
76.7718684319 17.7987625651
76.7681699945 17.7983834533
76.7645762784 17.7888484555
76.7506507443 17.7880762932
76.7495422689 17.7853412968
76.7457766017 17.7851869481
76.7453171299 17.7825212877
76.7411789516 17.7808601612
76.726343103 17.7867925299
76.7210714566 17.7869981426
76.7174033013 17.7836214946
76.7141396335 17.7768009979
76.7144863318 17.7730717848
76.7188992543 17.7715710994
76.7226798458 17.7693229928
76.7207825994 17.7630578958
76.7196817499 17.7496143068
76.7236277343 17.7497824761
76.7282318376 17.7421366005
76.7293485657 17.7387752771
76.7051636515 17.7308741323
76.6998142532 17.7277941615
76.7037796244 17.7254798644
76.705115803 17.7203940263
76.7024716395 17.7090494961
76.6940277386 17.7070408166
76.6925218212 17.7037217727
76.6928728858 17.6999290326
76.6947942142 17.6955531187
76.6921995542 17.6817542403
76.6899144293 17.6803053662
76.6797723222 17.6891254102
76.673256224 17.6909046931
76.6647287393 17.6896324029
76.6614019456 17.7009357435
76.6596938369 17.7102691541
76.6567621546 17.7181292726
76.6523756841 17.722554142
76.6389307118 17.7258144224
76.6321341345 17.7306922989
76.6312777432 17.7435507736
76.6284034817 17.7576303421
76.624814146 17.759543529
76.6158728509 17.7699439593
76.6109139399 17.7676164345
76.6082886052 17.7612207222
76.6054610111 17.757457542
76.6001930373 17.7296408351
76.5946289841 17.7192413546
76.5883970137 17.7095777523
76.5785350072 17.7048215729
76.5745557429 17.7038514287
76.5707416943 17.7054142631
76.5694079413 17.7414418733
76.5658759178 17.7552757938
76.5706563746 17.7579924454
76.574615352 17.761613158
76.5688338189 17.7644981756
76.5610434581 17.7647423132
76.5394230466 17.7605209765
76.5327879501 17.760110327
76.5274913014 17.7609384792
76.5248707615 17.7604572882
76.5262058369 17.7362735547
76.5260226642 17.7245319898
76.524821885 17.7168491928
76.5121077318 17.717530938
76.4933406578 17.7165437416
76.4874491205 17.7151131303
76.4867089772 17.6943184351
76.4855256212 17.686061055
76.4857382551 17.6712807051
76.4903874136 17.6623246581
76.4533033066 17.6571870617
76.4525325475 17.6531434895
76.4418243655 17.6509969471
76.4437298463 17.6435155836
76.4357511655 17.6461650778
76.4296447079 17.6460443277
76.4227722783 17.6457924199
76.4122073354 17.6485449151
76.404816936 17.6572457738
76.381309349 17.6596033024
76.3793059484 17.6681905779
76.3798511655 17.6794982253
76.3793005585 17.6855923537
76.3695848581 17.6841659515
76.3616050744 17.686710896
76.35610047 17.6961898157
76.339759817 17.6940036874
76.3234712012 17.6959774317
76.3192464241 17.6970699189
76.3162106249 17.715556167
76.3121013242 17.716772795
76.3067970968 17.7196295414
76.2991943309 17.7290542805
76.2898889416 17.7280063595
76.2823765 17.7289689921
76.2714059005 17.7275341058
76.2637142487 17.7207150113
76.2567725035 17.7167946685
76.2513114691 17.7077773388
76.2474742354 17.7062428574
76.2408035383 17.7051651481
76.2395925268 17.6979218417
76.2314712764 17.6974457698
76.2259454035 17.6980187901
76.2223436857 17.6963728977
76.220075875 17.6905433752
76.2174175078 17.6894486138
76.2121939885 17.6899028731
76.2002686214 17.6884700845
76.1898659356 17.6823837914
76.1764716184 17.6875298275
76.1664174721 17.6928604197
76.1663101478 17.7000081589
76.1496409994 17.6990156357
76.1473355224 17.7051688321
76.1450123551 17.7086683069
76.14990933 17.7181904547
76.1600885051 17.7146878042
76.1664600828 17.7140063911
76.1736010715 17.7227798128
76.1756268251 17.7266382596
76.1762659854 17.7310838338
76.1620134055 17.7327561706
76.1500207831 17.732809174
76.1482417367 17.7328129469
76.1452878851 17.7442308965
76.1455004242 17.7542885
76.1392188363 17.7559361354
76.1348583782 17.759137165
76.1312804769 17.7641482395
76.1223673184 17.769046181
76.1207652443 17.765204777
76.1187266387 17.7632422139
76.1164882959 17.7658113644
76.1161374723 17.7690260943
76.1126115624 17.7671341343
76.1081273689 17.7633126588
76.1028599571 17.7611955906
76.1000428032 17.7612744336
76.1034308458 17.7675991558
76.103092128 17.7725373346
76.0964188684 17.7786618516
76.0838020662 17.7760921775
76.0694473608 17.7698911067
76.0561818201 17.7653379684
76.0275842925 17.7659131454
76.0214645151 17.7627298117
76.015390863 17.7581543502
76.0090458126 17.7505603697
76.0062508979 17.7501338602
76.0030818743 17.7536177417
76.0045283664 17.7693029934
76.007185731 17.7849000814
76.012261748 17.7872445858
76.0094657041 17.8027651358
76.0107874862 17.8062040645
76.0169264831 17.8143865835
76.0165123427 17.8230653297
76.0184675753 17.8290514568
76.0108664095 17.8307223981
76.000120982 17.8365838235
75.9835891636 17.8420093594
75.9780281554 17.8423134615
75.9749501105 17.8381613938
75.9747980688 17.832109311
75.9772827684 17.8249377602
75.9765303843 17.8199189829
75.9683940425 17.8187588746
75.9600207172 17.8308699352
75.9522909695 17.8375143501
75.9462992937 17.8449075929
75.9428928022 17.8456570538
75.9397191822 17.8517092812
75.9323742505 17.8505987819
75.930375748 17.8473509571
75.9256491875 17.8334075335
75.9195038194 17.8323090073
75.9105905786 17.8348207187
75.9000428572 17.8388974964
75.8893660201 17.8447552686
75.8807547849 17.8468910012
75.8762937287 17.8460349103
75.8649914113 17.8556894735
75.8580580186 17.8638666821
75.8561161696 17.8745634613
75.8453505431 17.8919265047
75.8444982042 17.9013296045
75.8500971063 17.9132689736
75.8514800993 17.9199138963
75.8503654711 17.9237653379
75.847347233 17.9287756641
75.8430820101 17.9300282488
75.8388106317 17.9293826186
75.8381803027 17.9389415993
75.840224518 17.9579906998
75.8465847971 17.9782465214
75.8394603813 17.9784808799
75.8484406243 18.0003610229
75.8521135867 18.0064318105
75.8574773353 18.0097395964
75.8644411528 18.0122140718
75.8697180194 18.0132127539
75.8767697434 18.0131399089
75.88321027 18.0111124818
75.8864062046 18.0083018241
75.8909914596 18.0066004937
75.8963315129 18.0072537536
75.8999760898 18.0066171414
75.9072542273 18.0040458227
75.9081652447 18.000240491
75.9107327816 17.9983747306
75.9101045517 17.9923122447
75.9110261244 17.9850732897
75.9128933266 17.9783260549
75.9183483386 17.9741197069
75.9271938558 17.9728793032
75.9406603675 17.9748857164
75.9527804813 17.9790613824
75.9610872397 17.9796517461
75.9664787816 17.9769548148
75.9715317313 17.9746014722
75.9758236206 17.9706133935
75.9838423109 17.9749860259
75.985640232 17.9849951495
75.9857102265 17.9900447648
75.9912118789 17.9916182427
75.9965875386 17.9925164045
75.9984109922 17.9944434264
76.0000233187 18.0000141476
76.0018262727 18.0034443936
76.0035334959 18.0169724451
76.0072789425 18.0246483244
76.0138207075 18.0338877614
76.0162251598 18.0395350737
76.0119964869 18.0500992802
76.003622706 18.0490331822
76.0014153492 18.0550898971
76.000020074 18.0551803534
75.9981195766 18.0554152785
75.9960610478 18.0568540964
75.9944173244 18.0578044119
75.9918921957 18.0617110553
75.9913393876 18.0676431157
75.9928942762 18.0706520936
76.0000222216 18.0723842431
75.9994267377 18.0741127524
75.9986177574 18.0760876998
75.9971432492 18.0781935779
75.9965036273 18.0805170241
75.9959768914 18.0828343807
75.9955110118 18.0851189906
75.9950374464 18.0873392031
75.9945299291 18.0894920112
75.9939100827 18.0915500772
75.9928921414 18.0936913033
75.9913064708 18.0946088248
75.9893488548 18.0940053318
75.9872245301 18.0932045659
75.9851094889 18.0928970899
75.9829824499 18.0925891444
75.9808293669 18.0922736211
75.9786645474 18.0919462884
75.9765024466 18.091609794
75.9743286579 18.0912638212
75.9721665778 18.090927302
75.9700141259 18.090590976
75.9678778538 18.090273431
75.9657622868 18.0899862481
75.9636816114 18.0897343616
75.9616756925 18.0897091668
75.9603932488 18.0913798307
75.9602703864 18.0932381509
75.9600629665 18.0951194015
75.9594896309 18.0969677065
75.958810892 18.0988130858
75.9579391199 18.1005385608
75.9567383828 18.1020394968
75.9551003848 18.1032486726
75.9532480673 18.1043281319
75.95148 18.1054764143
75.9500732628 18.1068867885
75.9489903772 18.1085307015
75.9480010746 18.110250665
75.947086413 18.1120391336
75.9462374048 18.1138775694
75.9454235347 18.1157421425
75.9446470582 18.117637611
75.9438900331 18.1195244148
75.9431329859 18.1214112205
75.9423359073 18.1233519606
75.9418405398 18.1253859151
75.9422957852 18.1272304285
75.9432815604 18.1289772302
75.9445303492 18.1306716882
75.9458758037 18.132343556
75.9471843803 18.1339662388
75.9486432259 18.1354577669
75.9500629868 18.1369734536
75.9511671239 18.1386982712
75.9520440958 18.1405612914
75.9529895308 18.1423803582
75.9543281741 18.1439670842
75.9558353824 18.1454507971
75.9567637074 18.1472051417
75.9570092238 18.1492526022
75.9574454329 18.1512617596
75.9581768831 18.1531826958
75.9589829631 18.1550964765
75.9597506995 18.1570092819
75.9604053175 18.1589349913
75.9604867172 18.160939025
75.9598323286 18.1629228929
75.9591497553 18.1648853288
75.9584168158 18.1668464255
75.9576016245 18.1687501921
75.9566573969 18.1705564222
75.9552741824 18.1720410698
75.9534003778 18.1731659616
75.9520000572 18.1746592461
75.9509205265 18.1764136164
75.9499745015 18.1782747825
75.9491205431 18.1801843898
75.9483432734 18.1820984002
75.9478863231 18.1841266786
75.9478706047 18.1861625128
75.9481547449 18.1882020146
75.9485035143 18.1902455903
75.9487109234 18.1922829945
75.9486845294 18.1943552674
75.9484554798 18.1964655596
75.9479171711 18.198406816
75.946415988 18.1997322571
75.9446981697 18.2010012684
75.9434315158 18.2026656442
75.9422200886 18.2044049132
75.9411318985 18.2061957377
75.9402505422 18.2080495918
75.9395969698 18.2099876836
75.9390996237 18.2120768393
75.9388509076 18.2141958077
75.9389791577 18.2162288343
75.9395680096 18.218107134
75.9404861693 18.2198890414
75.9416100754 18.221614693
75.9428666162 18.2233187792
75.9441639307 18.2250239428
75.9454131099 18.22673698
75.9465338324 18.228490062
75.9474494343 18.2303635968
75.9480812832 18.2323348361
75.9483732257 18.2343563648
75.9484229723 18.2364515003
75.9480746362 18.2384554826
75.9473358793 18.2403523242
75.9464253074 18.2422146857
75.9453842924 18.2440252906
75.944230053 18.2457685668
75.9429667105 18.2473873215
75.9414214891 18.2488010472
75.9397221347 18.2500706277
75.937970936 18.2512287084
75.9361085574 18.2522529484
75.9342742509 18.2532986067
75.9325857825 18.2545226139
75.9309860319 18.2559071676
75.9294791586 18.2573952734
75.9281494806 18.2589753983
75.927291948 18.2607382464
75.9274663163 18.2628300521
75.927973082 18.2648049057
75.9286341291 18.2667588105
75.9292661195 18.2687233763
75.9297066025 18.2706688676
75.9297722863 18.2726246846
75.9295091237 18.2745783063
75.9290466002 18.2765333066
75.9284594634 18.2784826162
75.927843502 18.2804310963
75.9272755121 18.2823809054
75.926848933 18.2843369166
75.9269709846 18.2863333399
75.9273333392 18.2883226158
75.9264662961 18.2900761168
75.9255468959 18.2918923898
75.92495005 18.293841468
75.9245537791 18.295825854
75.9243946888 18.2978282999
75.9243809312 18.2998668601
75.9243774769 18.3022795695
75.9202258449 18.3056785014
75.9174276973 18.3106033514
75.9115962952 18.3152101774
75.908214749 18.3190063292
75.9045709712 18.3249420319
75.9022756733 18.3359543575
75.8962549598 18.3476568393
75.8889985734 18.3586482812
75.8870915598 18.3635818135
75.8836527926 18.3660457628
75.8759886731 18.3675451752
75.8718495819 18.3676106312
75.8667098654 18.3652141888
75.8562660232 18.364448694
75.8515774055 18.3645738325
75.8429129381 18.3671031696
75.83387908 18.373943132
75.8305527764 18.3773105885
75.824592803 18.3806034815
75.8165101672 18.3826064939
75.8068561332 18.3835963577
75.8022889328 18.3829641117
75.7988149824 18.3841039367
75.7953091989 18.3917139126
75.7855681769 18.3952232908
75.7824947 18.4044948676
75.7740574777 18.4118236649
75.7717083359 18.4162136421
75.7693989331 18.4239197031
75.7694954317 18.4320044501
75.7660856787 18.4383049057
75.7637655522 18.4399979158
75.7517016274 18.4360907049
75.7457398611 18.4349646085
75.7417913503 18.4356972628
75.7284959214 18.4340398018
75.7257419629 18.4297824996
75.7211957356 18.4156890107
75.7187482136 18.4114887529
75.7175574662 18.4069212151
75.714499607 18.402953274
75.7132636616 18.3993570637
75.7087173432 18.3960316718
75.7113335073 18.3929672823
75.7182773958 18.3911066611
75.7227170229 18.3907628845
75.7273733762 18.3890419283
75.7280077584 18.3861676792
75.7293030316 18.3790526933
75.7291787653 18.3682884611
75.7319168199 18.3605180787
75.7302481384 18.3567032541
75.7223547567 18.3486733361
75.7202442871 18.3432033325
75.7209376944 18.3407370263
75.7201839068 18.3377033966
75.717019811 18.3387790882
75.7078994817 18.3397503281
75.7038076919 18.3386563439
75.7012581738 18.3358294969
75.6987899302 18.3300139546
75.6965962191 18.3271860096
75.6897180339 18.3242395523
75.6867751085 18.3240388195
75.6836014397 18.3251157823
75.6760323569 18.32910542
75.6646372327 18.3303879874
75.6554836243 18.3329124736
75.6517330526 18.3304944553
75.6491597786 18.3255442554
75.643611502 18.3180542451
75.6423619105 18.3137762201
75.6338663074 18.3050015017
75.6337811414 18.3023727132
75.6299753473 18.2952596966
75.6269557953 18.2873901319
75.6217837557 18.2815575972
75.6189459928 18.2743218727
75.6236446055 18.2704843752
75.6280660627 18.2685925839
75.6335414378 18.2644039557
75.6341293944 18.257233439
75.6328826801 18.2478642472
75.6300981506 18.2452015466
75.6251635116 18.2445185203
75.618634196 18.2456318911
75.6053614125 18.2439639473
75.5968600714 18.2455496415
75.5866612559 18.2456758183
75.5781689878 18.2430292361
75.5748425078 18.2400946402
75.5690001292 18.2268234777
75.5623873218 18.2080570779
75.559830699 18.2048816769
75.5557430703 18.2033802017
75.5545750752 18.2011089624
75.5536983467 18.1969935029
75.5535897774 18.1872045891
75.5521643723 18.1766789992
75.5469888988 18.1636323606
75.5509882595 18.1501224807
75.5508725371 18.1449134774
75.5462124608 18.1406175331
75.5412870566 18.1394183001
75.5333772063 18.1344089673
75.5247205039 18.1381775733
75.5209209551 18.1417173725
75.5157461836 18.1511087375
75.5149310579 18.1540467168
75.5116039079 18.1575709735
75.5081498338 18.1595020825
75.5049243383 18.1606902247
75.5009516712 18.1594682194
75.4929907124 18.1547026591
75.4910849983 18.1563803315
75.4910867483 18.1740223639
75.4846304753 18.1760950318
75.4811988044 18.1747583315
75.4775989481 18.1745721826
75.4747315691 18.1758670416
75.4701651268 18.1746007339
75.4680457185 18.1725610473
75.4670974388 18.1675898431
75.4675163377 18.1619177335
75.4653484407 18.1612524973
75.4637606847 18.1637330943
75.4529246676 18.1715310413
75.4449151958 18.1748933487
75.4341325475 18.1754677525
75.4302506819 18.1778655067
75.4287224746 18.1806870738
75.4292388749 18.1846293019
75.4346021944 18.1996841981
75.4365953428 18.2015531498
75.4387054265 18.2081180626
75.4304926355 18.2148472295
75.4277177655 18.2195247292
75.4287861775 18.2246012585
75.4285935444 18.2297075934
75.4277997421 18.2337837406
75.4250140655 18.2377064517
75.4243258371 18.2411460757
75.4287436689 18.2449322222
75.4325473809 18.2535937725
75.4322053109 18.2616200335
75.4289842026 18.2639996302
75.3969578193 18.2651569269
75.3978753051 18.2797482204
75.3988114216 18.2834084654
75.3977256882 18.2886845944
75.4002903233 18.2938109325
75.4011667452 18.2974670092
75.4004202237 18.300969288
75.3962554757 18.304913152
75.3941839532 18.3079680743
75.3962608221 18.3118452679
75.4044142495 18.3171299868
75.4076615565 18.3240232878
75.4063658115 18.3267287146
75.4016524942 18.3291349386
75.398891175 18.3297370078
75.3896396206 18.3288631841
75.3872631265 18.3314084833
75.3854547247 18.3369284782
75.3802014737 18.3457999136
75.3760931072 18.3501421738
75.3677938475 18.3546441303
75.363580101 18.3597237352
75.3626164696 18.3662085434
75.3603129737 18.3700176918
75.3526480974 18.3727288943
75.3474681484 18.3777112891
75.3440683008 18.3795769561
75.3397592761 18.3807691833
75.3378572133 18.3830238819
75.3341393625 18.3905137177
75.327684694 18.3872559506
75.3228994027 18.3954963763
75.3188275632 18.3966887216
75.3166627694 18.3965351101
75.3114733685 18.3937296976
75.3067691591 18.3921760718
75.3036038028 18.3933555154
75.3011797341 18.3970454505
75.3003624405 18.40048822
75.298815324 18.4023936089
75.2906147932 18.4050044683
75.2864865026 18.4067631007
75.2852998717 18.4079755475
75.2854504116 18.4117016416
75.3016419477 18.4292783984
75.3037896972 18.4344080622
75.2998990154 18.4424130604
75.2998843471 18.4475083953
75.2988409802 18.4520432973
75.2989323723 18.4558228435
75.3003590651 18.4599913451
75.3004509856 18.4645142992
75.3020885138 18.472973327
75.3029826403 18.4851625823
75.2998863005 18.4947561155
75.2995553428 18.4983044522
75.3011009231 18.5032135374
75.3091464796 18.5088593896
75.3112090769 18.511304389
75.3120297244 18.5157039738
75.3144011964 18.5185397086
75.317123309 18.5209115191
75.3355552325 18.5249047705
75.3354939899 18.538585945
75.3433288333 18.5533953899
75.3458643067 18.5616744168
75.3626321468 18.5550170576
75.3803278524 18.5509914308
75.3941011183 18.546254054
75.4149827178 18.5359445735
75.4190973468 18.5330984262
75.4225517324 18.5352913262
75.4268273552 18.5429755044
75.4309020538 18.5474546115
75.4393590333 18.5523397929
75.4445060695 18.5684284721
75.452462127 18.5887298564
75.4560737664 18.5948694405
75.4626094286 18.5937622993
75.4652616772 18.600032873
75.4657155329 18.603984728
75.4678530808 18.6067605519
75.4733983746 18.6078416288
75.4819193491 18.6122699374
75.4874017211 18.6196020981
75.4884057112 18.6241100708
75.49095665 18.6261409098
75.496484304 18.6256233491
75.5076242571 18.6217674107
75.5095882631 18.625014719
75.5162357022 18.6283743636
75.5258353071 18.6385128449
75.5315125668 18.6406720762
75.5377145998 18.6417522092
75.5420426066 18.6411232513
75.5481223897 18.6416829327
75.5513370331 18.6439897367
75.5541336965 18.6531779883
75.5539244839 18.6559348238
75.5442131958 18.6588529916
75.5439647904 18.6642341724
75.5446829788 18.6697294435
75.5460769692 18.6758349479
75.5486646179 18.6823321633
75.5522976114 18.6841812117
75.5569352354 18.6849334309
75.5771526067 18.6856041137
75.5888411583 18.6876999764
75.5873726486 18.6970590811
75.5829964344 18.6972749191
75.5722833525 18.7023846188
75.5690781827 18.7010515029
75.5633684077 18.7017478161
75.5587178742 18.7058082367
75.5531979852 18.7129798764
75.5523509638 18.717967066
75.5550944447 18.7328857945
75.5586907512 18.737708326
75.5568639509 18.7409999437
75.5518333112 18.743178345
75.537724747 18.7467791031
75.5308598794 18.7517798013
75.5265410512 18.7533270821
75.5279373572 18.7425929037
75.5303576129 18.7382155296
75.5300720326 18.7344932029
75.5277468518 18.7307435815
75.5214715616 18.7281275536
75.5187356325 18.7258664852
75.5107083503 18.7232083575
75.5040846622 18.7231745935
75.496678321 18.7280124732
75.4903725259 18.7353578748
75.4812831554 18.7414152991
75.4784628857 18.7423115004
75.4637116307 18.7529575481
75.4615759115 18.7500618629
75.4592196273 18.7487729743
75.4533815658 18.7488368788
75.4507453137 18.7501238143
75.4481841201 18.7529600954
75.4484086026 18.7639572421
75.4453703394 18.7606065282
75.4444175598 18.7741889499
75.4432626403 18.7786753644
75.4431517256 18.7854871378
75.4408530124 18.7910723567
75.435517613 18.7989764473
75.4294939577 18.8053418811
75.4278399805 18.8083920224
75.4204323971 18.8140326059
75.4113624426 18.8227249913
75.3984371744 18.830821863
75.3955197152 18.8275952417
75.3920612905 18.8124008203
75.3913272238 18.8047887651
75.3916426253 18.7997483979
75.3904362556 18.7931180017
75.3911170995 18.7888765415
75.3864820355 18.7762651911
75.3865644615 18.7722552802
75.3811402991 18.7717462333
75.3821997932 18.7684119241
75.3773144476 18.7673754777
75.3709502696 18.7760942905
75.3666532935 18.7789507339
75.3596970735 18.788304844
75.3514641441 18.7833496946
75.3468101382 18.7816790847
75.3426657152 18.7824117203
75.3405805431 18.7851282136
75.3381876242 18.7925362143
75.3356868335 18.7954829237
75.3320977463 18.7983906357
75.3272778239 18.7981535032
75.3222272833 18.7920184778
75.3083769 18.7772808472
75.2926579285 18.7623816429
75.2813612736 18.7377634356
75.2768546088 18.7322483306
75.2709365076 18.7293322195
75.2652054615 18.72767513
75.2542576195 18.7208006917
75.2450251783 18.7245576096
75.2331361617 18.7275971063
75.2271208626 18.7277817623
75.2205910867 18.7303023228
75.2169456155 18.7335517629
75.2143845387 18.7374674965
75.2087983795 18.7384411776
75.1966795149 18.7359269593
75.1741847766 18.7358646278
75.1740370346 18.7262396674
75.1766202243 18.7179159204
75.1756253934 18.7065879577
75.1704754253 18.702630166
75.1658504841 18.6961415745
75.1683873348 18.6893041826
75.1654544861 18.6621335099
75.162757115 18.6554580288
75.1590426487 18.6498853645
75.1557229106 18.6489962057
75.1536226034 18.6486128873
75.1497827357 18.6498594002
75.1436680533 18.6529475331
75.1424201273 18.6545613669
75.1407936729 18.661108886
75.137760705 18.666526817
75.1310556593 18.6701919089
75.123411134 18.6845263099
75.1109299852 18.6884268344
75.1081763402 18.6902270664
75.1022602632 18.7031077562
75.098134579 18.7057254777
75.086303669 18.7090947787
75.0778036939 18.7140455131
75.0737404493 18.7176953258
75.0697039893 18.725461712
75.0657137591 18.7302546957
75.0588619896 18.7322019508
75.0547775858 18.74123369
75.0516287296 18.7461853871
75.0419869939 18.7524575149
75.0370137053 18.7633210021
75.0259889416 18.7692704107
75.0224414414 18.7704985505
75.0163055417 18.7710723902
75.0096773672 18.7779447628
75.0075761854 18.7792237109
75.0029883403 18.7848791165
75.0025361025 18.7885415925
75.002970513 18.7911159968
75.0066850533 18.7962989937
75.0097359896 18.8027382514
75.0085480241 18.8044085
75.0000312959 18.8062030815
74.9948454894 18.7991013307
74.9908910583 18.7964788827
74.9871440526 18.7976627539
74.9794383863 18.8034897335
74.9771138408 18.8073021436
74.9742022222 18.8102428877
74.9716924552 18.8144874782
74.9704194072 18.8214304195
74.9671391932 18.8247373909
74.9590960321 18.8219012799
74.9549335087 18.822117528
74.9456774878 18.8260121227
74.9425206303 18.8289669247
74.9388419816 18.8295184082
74.9308800407 18.8297072299
74.9233667207 18.8283635737
74.9171979535 18.8309274866
74.9209994769 18.8366233652
74.9226458731 18.8478473563
74.9217095485 18.851874483
74.9175394443 18.8531547849
74.9134544473 18.8509824428
74.9117240178 18.8492353845
74.8990892948 18.8473996837
74.89885512 18.8592596108
74.8996751008 18.8691516214
74.8977782773 18.8788743338
74.8881355346 18.8853585385
74.8863903924 18.8911396099
74.887810203 18.90078424
74.8864604608 18.9094768313
74.8821645911 18.9114660486
74.8788490451 18.9111607604
74.8739425132 18.9077256995
74.8725255902 18.9042116754
74.8685920814 18.8990031138
74.8637994225 18.9023108934
74.8581747212 18.9044094703
74.8508724777 18.9122358961
74.8505651284 18.9187280874
74.8485785589 18.9244592716
74.8329519666 18.9322132488
74.8284907267 18.9383217427
74.835804104 18.9428023291
74.8387322932 18.9460412456
74.8389700942 18.9525872137
74.8354706037 18.9585941519
74.8314019808 18.9618897993
74.8275241777 18.9632378277
74.8174493959 18.9637328189
74.812419367 18.9728272661
74.8138866921 18.9772005663
74.8244218491 18.9846882509
74.8268011276 18.9880921039
74.8377413016 18.9737698536
74.8428549643 18.9682897595
74.8611738511 18.9758940651
74.8696261335 18.9806582852
74.8782962335 18.9829610143
74.8879177599 18.9790015505
74.8996791604 18.9791155862
74.9032637043 18.975631374
74.9071150275 18.9636643412
74.917158441 18.9601012041
74.9286411896 18.9705943538
74.933925677 18.9724286924
74.9393192923 18.9764274105
74.9448718639 18.9693101129
74.953083145 18.9684237372
74.9565896808 18.9729935418
74.9574602933 18.9779534902
74.9562960576 18.9864999632
74.9606720417 18.9960825798
74.960022621 19.0001251748
74.9554279062 19.0039139718
74.9490494503 19.005568147
74.948966821 19.0174288843
74.9523859898 19.032870129
74.9462292212 19.0350761213
74.9356227928 19.034752855
74.9248958839 19.0332764034
74.9163680508 19.0399103711
74.9187233773 19.0525604787
74.9192123319 19.0648826315
74.9217617538 19.0879760635
74.9255307811 19.1002733655
74.933491463 19.1077576635
74.9364376226 19.1160441834
74.9424572918 19.1262684929
74.9424350737 19.1297979781
74.946851847 19.1293101291
74.9491457535 19.1291058366
74.9545260935 19.125556783
74.9570682577 19.1233786429
74.9579186807 19.1212026326
74.9608806755 19.1194866121
74.9760613318 19.1123951665
74.9806063063 19.1111114272
74.9806320961 19.1172538789
74.9839772986 19.1158122332
74.9885281866 19.1123694824
74.9919248588 19.1112257132
75.0000234925 19.1113131854
75.0028790219 19.1114577605
75.0048762661 19.1102549818
75.0109834667 19.1042572599
75.0169545868 19.1050806354
75.0206866611 19.1064049853
75.0239964763 19.1117458454
75.0256224245 19.113183075
75.0268902738 19.1126170087
75.0275570813 19.1111235457
75.0263630357 19.104760564
75.0280556993 19.1036185015
75.0330540742 19.1079340093
75.0367899089 19.1080546079
75.0394539991 19.1022137019
75.0459740896 19.1011962678
75.0497623521 19.1040766261
75.0538599147 19.1059796383
75.05434982 19.1030516211
75.0535134228 19.1011013429
75.0543030835 19.0987575327
75.0608099415 19.0989424256
75.0679764702 19.1037814505
75.0709960883 19.1046490423
75.0740651329 19.1038462076
75.0778038778 19.1073029639
75.0762208757 19.1148685347
75.079105069 19.1196910409
75.0909208946 19.1206916292
75.0932663583 19.1254615213
75.0951390903 19.1259254458
75.098517874 19.1247235127
75.1099821159 19.1237219454
75.1114880232 19.120400026
75.110362711 19.1114493944
75.1066918946 19.1065074572
75.1022296569 19.1039186647
75.1012012942 19.1023091167
75.0979163585 19.0827525355
75.0984024577 19.081946418
75.0970860946 19.0793674366
75.0924986696 19.081874945
75.0830916095 19.0816824489
75.0810434713 19.080355959
75.0823122737 19.0769209914
75.0850984015 19.0731459987
75.0901108904 19.0687925612
75.0892646494 19.0677609212
75.0761860301 19.0664150245
75.0736614377 19.0639977594
75.0721605615 19.0610702453
75.0716295121 19.0575158909
75.0757332381 19.0531121022
75.0928594952 19.0481022716
75.1007607021 19.0441038477
75.1451794087 19.0360660416
75.1458994439 19.038985481
75.1479510362 19.0400837833
75.1507833424 19.0400938821
75.1607331888 19.0366118381
75.1686335073 19.0357720707
75.1707040956 19.022816717
75.1734300239 19.0180625026
75.1768153844 19.0149740107
75.1813500888 19.0126828929
75.1859930328 19.0131530989
75.2067663888 19.0202475243
75.2089491211 19.0213951662
75.2099140089 19.0227720228
75.2088248572 19.0337801063
75.2063239737 19.037332066
75.1981912348 19.0446605793
75.1889997334 19.0499725313
75.188391989 19.0524352636
75.1971808228 19.0652937609
75.1964479872 19.0709768118
75.1947514307 19.0742999873
75.1954791561 19.077109263
75.1949270111 19.0811195074
75.1942590737 19.0832405343
75.1905144957 19.0882242813
75.189846531 19.0899388246
75.1902089502 19.0926950107
75.1935845098 19.0951677447
75.1991411171 19.0963790836
75.2047435241 19.0998905851
75.2063703177 19.1023638503
75.2159519778 19.1084563987
75.2184833976 19.1109794873
75.2225854483 19.1101838987
75.2233187034 19.1085264382
75.2235054007 19.0988912904
75.2257376454 19.0974038125
75.2267573461 19.0948231966
75.2299796067 19.0814117507
75.2284789232 19.0772250953
75.2265879374 19.0656954207
75.2348929317 19.0618659246
75.2401515158 19.0616468894
75.2424350995 19.0633139463
75.2417014562 19.0648612045
75.242480967 19.0662388776
75.2452642602 19.0649227811
75.2466505632 19.0660144635
75.2605110902 19.0702776383
75.2635958704 19.0696552081
75.2657774404 19.0622637377
75.2684582504 19.0558412619
75.2705563106 19.0529205677
75.2683745967 19.0317562932
75.2631844865 19.0269333965
75.2612485001 19.0266441041
75.2614454739 19.0250361061
75.2633260923 19.021426735
75.2711823412 19.015700484
75.2721523802 19.0138691761
75.2705262037 19.0033737545
75.2711982325 19.0005455447
75.2733087313 18.992387787
75.2780323878 18.9878152305
75.2818067577 18.9853752543
75.2854681119 18.984017709
75.2890990855 18.9794031547
75.2931307478 18.9782156407
75.2979470989 18.9777074273
75.3144639242 18.9783366657
75.3214754463 18.9804894461
75.3314254413 18.9878872382
75.3392590548 18.9884968069
75.3417452735 18.9896106301
75.3415809289 18.991559517
75.3452449359 18.997128233
75.3461738532 19.0006178204
75.3470865987 19.0228535414
75.3304548929 19.0320112904
75.3175501823 19.0287816796
75.3080121106 19.0310631563
75.287386716 19.0320685667
75.287699491 19.041640554
75.2892783315 19.0492757434
75.29405125 19.0622414691
75.2941821272 19.0685516894
75.2918580505 19.0753672326
75.2836436285 19.0785713382
75.2837428713 19.0831606416
75.2900221706 19.0823063178
75.2970203356 19.0844347313
75.3081604407 19.0932827549
75.3153428264 19.093691465
75.3205382335 19.0932355685
75.3356421051 19.081159212
75.3608868445 19.0760798394
75.3645639632 19.0761972375
75.365590441 19.0810151452
75.3644308805 19.0890417971
75.3649148457 19.0991362615
75.3619546282 19.1077359878
75.3525353365 19.1136278193
75.3514437606 19.1202237398
75.3495747773 19.121997775
75.3398494976 19.1233067711
75.3344778102 19.1292054053
75.3315197576 19.134826255
75.3308685986 19.1449730625
75.3323769775 19.1500227641
75.3382364572 19.1531813774
75.3520626721 19.147285955
75.3541132188 19.1435630116
75.3527722806 19.1263606018
75.3549499749 19.1251611319
75.3595452423 19.1251098905
75.3622059958 19.1299816328
75.3686053131 19.1275199919
75.3736194046 19.1272379512
75.3994756002 19.1386692907
75.4064290746 19.1394843907
75.4105901557 19.1339246146
75.4100467666 19.1302516095
75.4073835066 19.1246274453
75.4056914525 19.1230270971
75.3965080389 19.1243359397
75.3896854255 19.1165864804
75.3890169325 19.1129164573
75.3801283915 19.101214392
75.3689026063 19.0891035704
75.3707808581 19.082220053
75.3820701086 19.0799406187
75.3843703685 19.0778191851
75.3934874757 19.0779973437
75.3989167708 19.0792132369
75.4076748346 19.0782426141
75.4102071127 19.0786402964
75.4209678394 19.0841563163
75.4477939209 19.0915117848
75.4485199534 19.0851476923
75.4499660118 19.0832539546
75.4569818345 19.0842890579
75.4734201218 19.0933509911
75.4872590303 19.1036203249
75.4867835265 19.1114207255
75.4842442001 19.1157204824
75.4852741261 19.121575849
75.4851474728 19.1257608502
75.4537307686 19.125689104
75.4487746637 19.124772213
75.4472623816 19.1227025383
75.4365058581 19.1152409349
75.433845709 19.1164450184
75.4279292686 19.1325544007
75.4273321696 19.1364516675
75.4284712734 19.1374858185
75.4356108276 19.1394374952
75.4510137723 19.1400833362
75.4544589817 19.1420286119
75.4543995166 19.14541658
75.4488529722 19.1700180246
75.4283269 19.1711479568
75.4230727882 19.1788291047
75.4058074679 19.1897742086
75.4045444967 19.1936051254
75.405030654 19.1972583195
75.4052581506 19.1989420438
75.4076771109 19.2024966401
75.4140760565 19.2067508758
75.4176394245 19.2134001124
75.4244559322 19.2186200472
75.4292900181 19.2193134809
75.4454686434 19.2169770341
75.4565162809 19.237624764
75.4597784395 19.2478907837
75.4641340503 19.2522458237
75.4702320034 19.2526526913
75.4759714011 19.2520790999
75.4795306625 19.2563266805
75.4858754094 19.2583873535
75.4898588722 19.2606860273
75.4927035063 19.2593139605
75.4949358844 19.2603947168
75.4977751189 19.2649324012
75.5174071078 19.2765202591
75.520366317 19.280758021
75.526723449 19.2962410286
75.528836683 19.2985948729
75.5348203171 19.3022022547
75.5417131077 19.3084508093
75.544200981 19.325714601
75.519303481 19.3296670355
75.5278375171 19.3508263374
75.5354679625 19.3749150131
75.5314735712 19.377379241
75.5240446794 19.3790965615
75.5173975338 19.3839178233
75.5060933567 19.3784691364
75.4975683291 19.3768530712
75.4920721177 19.377311117
75.488861662 19.3789732974
75.4871781418 19.3823014155
75.4874194053 19.3864852959
75.4908759388 19.4124102062
75.4894793827 19.4161929567
75.4868220808 19.4146418449
75.4835550458 19.4194543684
75.4791442163 19.4210615334
75.477991891 19.4214078171
75.4749716927 19.4149841235
75.4728530796 19.4141200448
75.4688054576 19.4130867839
75.4620947014 19.4147496094
75.4569581196 19.4137677234
75.4528490668 19.4117672248
75.4489178068 19.4130826375
75.4474089467 19.4183503286
75.4475265216 19.4268406397
75.4440874355 19.4274152149
75.4399775641 19.4211020031
75.430235721 19.4159893562
75.4224365833 19.4157560045
75.4150020363 19.417529881
75.4114368905 19.4174748758
75.4079291558 19.4172997909
75.404059122 19.4147746025
75.3958374697 19.4146462423
75.391069229 19.4099470444
75.384293468 19.4101707124
75.3819410357 19.4087328689
75.3805476946 19.4063806115
75.3772825092 19.4034025925
75.3661669483 19.3973699147
75.3430750072 19.405715182
75.3441544573 19.4089264291
75.3502584519 19.4154151101
75.3544313348 19.4232721641
75.3567819872 19.4299877831
75.3569554757 19.4376094646
75.3560520055 19.4411653703
75.3527795271 19.4453502203
75.3493321219 19.4478063501
75.3453471159 19.4460823585
75.3345325913 19.4374694788
75.332046267 19.4369524888
75.3281774792 19.4414787443
75.3247223135 19.4539744957
75.3263463641 19.4631517289
75.3414085356 19.4634526803
75.3455124207 19.473318701
75.3498042477 19.4810055356
75.3615288772 19.4795891832
75.3630444416 19.485203759
75.3611016913 19.4926564495
75.3559545394 19.5006202881
75.349004081 19.4972365477
75.3426514975 19.4966583974
75.3380674099 19.4785305908
75.3305087826 19.4792121884
75.3329112115 19.5029540046
75.3279502945 19.503457491
75.3285018647 19.4966942477
75.3268061898 19.4941179663
75.321967078 19.4933660098
75.3144756245 19.4940397249
75.3128962271 19.4988610794
75.3058745434 19.5005694096
75.3058066923 19.5077385449
75.2968571208 19.5086410855
75.2768318229 19.5128585812
75.2846175806 19.5354567931
75.2844932172 19.5402140045
75.2831512023 19.5462975335
75.2813376394 19.5489836198
75.2787932937 19.5505342948
75.27455767 19.5514451857
75.2709254537 19.5509228631
75.2689331408 19.5481088591
75.2659907764 19.5292967327
75.2636918365 19.5237293386
75.261700632 19.5224709808
75.2575913738 19.5233256163
75.2512280647 19.5302456425
75.2472926296 19.5328818043
75.2402074056 19.5367704508
75.2315531957 19.5398524193
75.2289517682 19.5419702932
75.226402237 19.5457534635
75.2202779083 19.552693897
75.2127849365 19.5569497373
75.2067819617 19.5618255124
75.2051463265 19.5642338391
75.208520487 19.5717468392
75.2065138009 19.5783416913
75.203912627 19.5779911582
75.1944513292 19.5932225278
75.1880274502 19.5958528004
75.1796770014 19.5966921629
75.1720572152 19.5961023821
75.1665545695 19.5947745046
75.1624971831 19.5934474638
75.158325954 19.588508677
75.1553713076 19.5874724921
75.1527034023 19.588957408
75.1463983504 19.5949035392
75.142885787 19.5954690389
75.1332685278 19.5920703416
75.1301256186 19.5920087639
75.117276798 19.6025238666
75.1139406008 19.6030324032
75.1056527336 19.6009465048
75.0992305672 19.6046577915
75.0958306262 19.6086133584
75.0923216727 19.6094604724
75.07411645 19.6062038254
75.0698837838 19.6051051348
75.0673374207 19.6032648833
75.0617728054 19.6033650508
75.0578939977 19.6058789945
75.044694529 19.6104862939
75.0434123797 19.6129463013
75.0429193302 19.6166207539
75.0435723028 19.6204598843
75.0418205847 19.6222354403
75.0380563779 19.6240563988
75.0350338682 19.6239325007
75.0282602053 19.6216284774
75.0226922269 19.6212100298
75.0108252063 19.6231264863
75.0000343673 19.6217526795
74.983868198 19.6380083974
74.9700851955 19.6464187422
74.9665048456 19.6471134855
74.9490668878 19.6463335591
74.9436869621 19.6445142874
74.9418824766 19.6415592635
74.9381964109 19.6403719734
74.9347830426 19.6437606509
74.932156346 19.6480862792
74.9274223947 19.6494440313
74.9169970173 19.649582062
74.9091402727 19.6464931202
74.9060048224 19.6444849656
74.9024357128 19.643670834
74.8986159327 19.6438937328
74.8914496553 19.6459161413
74.8897925135 19.6498468788
74.8903725142 19.6557346293
74.888613875 19.6562947254
74.878083998 19.6527536073
74.8750528455 19.6542281809
74.8648576549 19.6485601279
74.8642280193 19.6485291894
74.8529574791 19.6479325426
74.8485835978 19.6503713243
74.8462073688 19.6526586617
74.8430925093 19.6566027737
74.8425982083 19.6600378901
74.8369900179 19.6655157895
74.8315790529 19.6678952008
74.830618472 19.6666344135
74.8248237281 19.6723353038
74.817262699 19.6697067932
74.8111828794 19.6630658972
74.8039418871 19.6594043362
74.7999593203 19.6550704023
74.7888467198 19.6495465551
74.7805309076 19.6523071373
74.7823973248 19.6650097059
74.7821710481 19.671724891
74.7881286829 19.6876166922
74.7900643865 19.6897532394
74.8013030946 19.6942449283
74.8037078408 19.6971837728
74.8066485508 19.7030030787
74.7874736809 19.7166111495
74.7812419279 19.7150754911
74.7811867629 19.7137564472
74.77522552 19.7070558413
74.7672716305 19.6999975764
74.7623811491 19.6963476389
74.7512689261 19.6907632872
74.7482885861 19.6921820445
74.7462651428 19.6956158979
74.7299454846 19.699180532
74.7323920105 19.7143600738
74.7299033408 19.7234665626
74.7253814352 19.7206880629
74.7228311674 19.7207837923
74.7208669051 19.7249022862
74.7180706714 19.7257500503
74.7107762877 19.7205325662
74.7066444163 19.7218222443
74.7058297279 19.7258940969
74.7102300129 19.7296527367
74.7123324996 19.7327733123
74.7164423201 19.7349261955
74.7193554699 19.7424108412
74.7225475943 19.7469653104
74.7237205675 19.752542304
74.7215252676 19.7550022685
74.7214165802 19.7623476036
74.7224678959 19.7678100692
74.7201092661 19.7772090073
74.7130355947 19.7822727536
74.7039298682 19.7753213038
74.7030988398 19.7722158809
74.7072648846 19.765702172
74.7074699915 19.7623095372
74.705119798 19.7603432188
74.6953635765 19.7594140388
74.6933526459 19.7610089312
74.6919099268 19.7685182793
74.6842635062 19.7689900606
74.6737652641 19.770754798
74.6674677773 19.778172904
74.6564869817 19.7784409863
74.6537520985 19.780082999
74.6501384772 19.7853416815
74.6458618412 19.7895649589
74.6361300273 19.7943203376
74.6340701926 19.793961013
74.6276654904 19.7894929659
74.6239991017 19.7858500737
74.6208230612 19.7807144533
74.6197659842 19.7764577715
74.6154851339 19.7722890134
74.6086434922 19.7710389281
74.6019732042 19.7716177663
74.5978315339 19.7730214519
74.5933826103 19.7764898207
74.5916568281 19.7796984465
74.5919704633 19.7869928362
74.6014517979 19.8016435472
74.6042731926 19.8215954185
74.6066854195 19.8496347587
74.6327996544 19.845058666
74.6351216584 19.8436939787
74.6447202699 19.8408922231
74.6608670041 19.8390491492
74.6633289457 19.861116434
74.6480992552 19.8612387084
74.6471069486 19.8732365786
74.649992772 19.8863442747
74.6491614019 19.9098258919
74.653099807 19.91938961
74.6559935019 19.9221629149
74.6819505307 19.9249338501
74.682016787 19.9322248507
74.6739269515 19.935094922
74.673326709 19.9466963436
74.6751963364 19.9631251393
74.6773713886 19.9648054991
74.682087817 19.966675471
74.6856198937 19.9663508545
74.6874316723 19.967572064
74.6895227749 19.9714865478
74.6885823816 19.9767691243
74.6861061253 19.983355892
74.685279158 19.9892059366
74.6929474454 19.9963751952
74.6909142536 20.000572762
74.6919031777 20.0063358921
74.7009297224 20.0182280163
74.7134428708 20.0166236978
74.7180813596 20.0172641707
74.7202266847 20.0211411908
74.7180122248 20.0265469359
74.713159791 20.0322638224
74.7103356812 20.0402624442
74.722935076 20.054759195
74.714981705 20.0691048845
74.710847962 20.0783750416
74.7292874752 20.079688162
74.7382536126 20.0822976502
74.7304644732 20.1114279082
74.7069845124 20.1131442464
74.7052957696 20.1145882838
74.7080118108 20.1174926399
74.709521548 20.1217730849
74.7074142536 20.1243107366
74.7086033137 20.1271677904
74.7109994068 20.1287568188
74.7105646476 20.1336881298
74.7154602938 20.1350690879
74.7187842887 20.1601484622
74.7177267495 20.163595195
74.7152692136 20.1675167294
74.7176302718 20.1788993835
74.7233641915 20.1865147586
74.7230859703 20.188922067
74.7240138928 20.1903393996
74.7307046603 20.189938822
74.7384906104 20.1946730657
74.7393192028 20.1930647885
74.7388595561 20.1891664369
74.7416791924 20.1859356788
74.7563141388 20.1830471121
74.7641094417 20.182791985
74.7588414028 20.1964266968
74.7599721109 20.1995091107
74.7666976144 20.2029374099
74.7761059687 20.2053094588
74.7807255977 20.2048041569
74.7823604873 20.2038080121
74.7843694349 20.2039587836
74.7903842999 20.2083201734
74.8041003325 20.2310935635
74.7898537518 20.2260222615
74.784669003 20.2253857436
74.783868896 20.2304382956
74.8034016373 20.2342546227
74.8094344639 20.239579613
74.816421106 20.2442061346
74.8196561759 20.2441137853
74.82323054 20.2427566595
74.8288341461 20.2430452295
74.8318745941 20.2423800795
74.8323837318 20.2396263278
74.8304258231 20.233576474
74.8363757653 20.2319655659
74.8440410755 20.2314210837
74.8537636755 20.2296615333
74.8586024685 20.2270937887
74.8533296975 20.2085224302
74.8566653119 20.202533719
74.8558889554 20.1933837005
74.8564749093 20.1866747028
74.8561138337 20.1770561409
74.8694501372 20.1776120575
74.8990515541 20.1767966916
74.8981654788 20.1694831611
74.9015990936 20.166893831
74.9066853024 20.1656648053
74.910907398 20.1526478483
74.9238815676 20.1535683545
74.9305065808 20.152519706
74.9306772372 20.1575617124
74.9288362029 20.1610084278
74.9253444692 20.1637986987
74.9284415033 20.1686115265
74.9244542145 20.1706606293
74.9268707593 20.1779915085
74.9321444653 20.1813052477
74.9314166342 20.2136909748
74.9111116733 20.2157273742
74.9083896185 20.2433498854
74.927566162 20.2448125264
74.9342169923 20.2466575594
74.9354728617 20.2520082868
74.9357684173 20.2574920183
74.934923148 20.269694198
74.9434647572 20.270503604
74.9489915052 20.2731677927
74.9443834395 20.2798632822
74.9536227998 20.2897897048
74.9710146417 20.3040682675
74.9874693451 20.3023746417
74.9853857497 20.3174017241
74.9889321195 20.3302997264
74.9919217049 20.3337281377
74.9953905612 20.3358960205
75.0000245254 20.3368516636
75.0125969446 20.329799397
75.0248847597 20.3230838937
75.033304896 20.3164160748
75.0482539045 20.3077058661
75.0565093485 20.3073078806
75.0573889841 20.3138090087
75.0562294656 20.3223632945
75.0573982433 20.3296814087
75.0594561881 20.3340113915
75.0625908813 20.3350948368
75.0693272011 20.335066759
75.0750124455 20.3358937864
75.0923336046 20.3346332883
75.0971922149 20.3388339295
75.0996161888 20.3430626955
75.1043835536 20.3452522919
75.1110909906 20.3474776038
75.1226911487 20.3475693971
75.1254556524 20.349391573
75.1264324091 20.357333157
75.1225241878 20.3750952283
75.118469063 20.3860743719
75.1163501512 20.3942072097
75.1137692453 20.3961239131
75.1080784693 20.407026509
75.1084322449 20.4118591886
75.1143332752 20.4148101455
75.1174438094 20.4184701448
75.1211176444 20.4246694727
75.1249485646 20.4246059023
75.1258521759 20.4290379229
75.1294658952 20.4315065396
75.1348731869 20.4315814789
75.1410248635 20.4345878643
75.1487593499 20.4334889312
75.1554352022 20.4339792788
75.1614727465 20.4365854843
75.1627724621 20.4426379164
75.1614599813 20.4495189883
75.1620534853 20.4548677837
75.1626688764 20.4751480319
75.1634495171 20.4759669141
75.1679333832 20.4767146383
75.1728603393 20.4764897363
75.1789272784 20.47760565
75.1826087186 20.4755804816
75.1891304472 20.4741205583
75.2013207004 20.4762859902
75.2005826941 20.4807637834
75.2008208161 20.4852500243
75.2021749912 20.491819292
75.2033225971 20.4922862872
75.2100947876 20.4913418474
75.213049159 20.4928211996
75.2116911262 20.4983190516
75.2210841689 20.4961951968
75.2256215411 20.4934464738
75.2300140068 20.4923468678
75.2311604788 20.4930528495
75.2282408246 20.5010588558
75.2266720458 20.5086295289
75.2273740399 20.5144325956
75.228500898 20.5166400758
75.2316798375 20.5198399937
75.2379638735 20.5219840129
75.2395549089 20.5216045079
75.2430813963 20.5337152225
75.2426336469 20.5390515622
75.243669832 20.5392363374
75.2473888162 20.5427935794
75.2468808154 20.5485881274
75.2449583414 20.5515957322
75.2521928624 20.5552094115
75.2548291765 20.5700684931
75.2599920189 20.578918514
75.2667996982 20.5711333169
75.2745545639 20.5691701587
75.2855160674 20.5683842867
75.2929238324 20.5691674323
75.2958264385 20.5701812442
75.2980151988 20.5748646155
75.3006608613 20.5764475836
75.307215861 20.5777345598
75.3120159472 20.5777378763
75.3180632755 20.5766644039
75.3179077635 20.5869515015
75.3213129502 20.5915323598
75.3287898854 20.5921961596
75.3434227599 20.5897286704
75.3506538827 20.5902250883
75.353093379 20.589560107
75.3589085304 20.5913554956
75.3625441681 20.5968649536
75.3622231132 20.5940991332
75.3640469441 20.5895204642
75.3650510295 20.5835084764
75.3702504309 20.5769064308
75.372697931 20.5754409221
75.3860943419 20.5795055134
75.3912614436 20.5796325943
75.3941314491 20.5744371162
75.3955861828 20.5662352143
75.3958638883 20.5329748076
75.3973225481 20.5240833666
75.406717574 20.5220674414
75.4126609602 20.5234068961
75.419669938 20.5178598036
75.4250486416 20.5153907378
75.4342024234 20.5132600044
75.4342766775 20.516707925
75.4324136671 20.5196159566
75.430381836 20.5255113953
75.4272329106 20.5290931586
75.428531097 20.5320955674
75.4305839333 20.5330416211
75.4355693582 20.5332145438
75.4392135718 20.5380228139
75.4509846744 20.540288264
75.4518635792 20.5290416798
75.4586143282 20.5160161948
75.4625844605 20.5189429184
75.463522739 20.5217086123
75.4633835272 20.5272800787
75.4613707109 20.5367947049
75.460908985 20.5529306056
75.4644341954 20.5529754928
75.4682600726 20.5489349588
75.4689909959 20.544409563
75.4733288289 20.5426754373
75.4847044732 20.5430976018
75.4871684388 20.5400850634
75.4897274663 20.5309706917
75.495669896 20.5277685027
75.4977990564 20.5321616067
75.4979964566 20.5400870879
75.4988133118 20.5425706161
75.5026779623 20.5449112387
75.5054072598 20.5452325314
75.5062956203 20.5474812385
75.5063677364 20.5507611771
75.5086372145 20.5543487093
75.5137975524 20.5545726431
75.5186166341 20.5585377591
75.5261960559 20.5606877047
75.5261077156 20.5670728067
75.5250909757 20.5702788244
75.5255006659 20.5763085651
75.5225177285 20.5903569108
75.5257341828 20.5951641711
75.5336306585 20.5964536864
75.5367411515 20.6096513823
75.5414266892 20.6106192666
75.5438270113 20.6089171599
75.5556197853 20.60428089
75.5575581825 20.605274717
75.5576053104 20.6113075404
75.5589093164 20.6134441497
75.5649494201 20.612710136
75.5711767547 20.6105390901
75.5727265167 20.6088366756
75.578173848 20.6057934571
75.5818744639 20.606919543
75.5855064765 20.6035763458
75.590323386 20.6026510877
75.605081466 20.6048197791
75.6115682608 20.6069562566
75.6149405894 20.6092265695
75.6109108255 20.6151582387
75.6089381644 20.6219713842
75.6149943228 20.6241525184
75.6248377607 20.6252365884
75.633240146 20.6197014305
75.6483346827 20.6200308014
75.6527965579 20.6232314092
75.6543390846 20.6263425278
75.6599984442 20.6266378713
75.6623403503 20.6285505818
75.662747074 20.635389799
75.6605956422 20.6421386486
75.66253056 20.6434277706
75.660580286 20.6535088199
75.6562657554 20.6524887589
75.6579800525 20.6618596125
75.6606082293 20.6660213346
75.6667013182 20.6699245016
75.6694333184 20.6704728491
75.6747392717 20.6693725786
75.6897864737 20.6683228883
75.7009726676 20.6645224096
75.705877294 20.6615347261
75.7030622146 20.652843726
75.7023654103 20.6453132532
75.6995505949 20.6312832966
75.700084517 20.6225046373
75.7031180649 20.6177175769
75.7064961165 20.6153371344
75.7243803895 20.6205164999
75.731019245 20.6104193496
75.7333922449 20.6100960029
75.7513349411 20.6158994602
75.7587096826 20.6141926226
75.7601989602 20.6012363128
75.7590347977 20.5865327398
75.7597828105 20.5799455768
75.7668544457 20.578409244
75.7723182257 20.579263068
75.7851351002 20.5867827915
75.7896992983 20.5865939385
75.7913248131 20.5773195117
75.7880244352 20.5681042852
75.7892079757 20.5653659105
75.8056990539 20.5699166368
75.8110199757 20.5684050525
75.8172556961 20.5648350508
75.820578532 20.5616939905
75.8264853534 20.5607963072
75.8380131246 20.5636660017
75.8459320952 20.5676099975
75.8490670277 20.569985624
75.8376030195 20.5730757745
75.8296176656 20.5743484538
75.8344810805 20.5805585839
75.8339428842 20.5952828229
75.845375744 20.5955893228
75.8407283984 20.6030207774
75.8394457965 20.6091725536
75.8407561664 20.6165442748
75.8433570503 20.6184544065
75.8558888078 20.618298319
75.8560666201 20.6248058832
75.8691604454 20.6235647704
75.8717767182 20.6008238535
75.8873962281 20.596833181
75.8889416091 20.577557129
75.8886826899 20.5681012289
75.8895257628 20.5633587
75.9145579382 20.558239208
75.9212153536 20.5558517924
75.9227738566 20.5523430633
75.9296706309 20.5498606037
75.9316662384 20.5508809565
75.9336945013 20.5548208304
75.9346054108 20.5780897888
75.9355410925 20.5815906204
75.9352798079 20.5937027498
75.9337994082 20.5956957684
75.9335179855 20.5996971986
75.948337602 20.6019071929
75.9514250491 20.6034421786
75.9549240491 20.6064648064
75.9566435248 20.615932606
75.9571497231 20.6249743942
75.9615428199 20.6238532454
75.9729316259 20.6241647979
75.9879126573 20.6228444206
75.9910774018 20.6231454863
75.9931914562 20.6267650472
75.9984404638 20.6294172549
76.0000252699 20.6326085628
76.0016720457 20.6340740029
76.0086009058 20.635889793
76.0106178901 20.6392650516
76.0110742618 20.6430218362

77.2748991448 18.4748583624
77.2694614941 18.4593677943
77.2687331055 18.4552327777
77.2683320053 18.4529708075
77.2751144052 18.4498920685
77.2864829544 18.4536702095
77.2939495726 18.4582498858
77.3007814989 18.4669300459
77.3009499562 18.4767360192
77.2917451041 18.4761683764
77.2861111192 18.4738767848

