72.3347221696 10.953626682
72.3347849075 10.9536011154
72.3348805323 10.9536455751
72.3349447873 10.9537028175
72.3350441293 10.9538001713
72.3351591558 10.9538911342
72.3352542303 10.9539430718
72.3353688392 10.953936268
72.3354575798 10.9538674604
72.335475464 10.9538311537
72.3354794474 10.9536735571
72.3354720122 10.9535677685
72.3354743447 10.9534326085
72.3354842449 10.9532979916
72.3354305707 10.9529934084
72.335385981 10.9527721783
72.3352869025 10.9524643349
72.3352168613 10.9522788674
72.3350723788 10.9519677645
72.3349914711 10.9518266268
72.3348267734 10.9516869896
72.3347257821 10.9516120734
72.3346441928 10.9515836594
72.3345528359 10.9515846166
72.334437679 10.9515989014
72.3343716414 10.9516693401
72.33431689 10.9517932161
72.3343064417 10.9519353104
72.3343219934 10.9520341635
72.3343689148 10.9521202322
72.3344492723 10.9522688486
72.3344351056 10.9523580491
72.334364119 10.9524957953
72.3343039986 10.952589213
72.3341433051 10.9527054799
72.334036264 10.9527128276
72.3339076218 10.9527035884
72.3337584783 10.952662803
72.3336163518 10.9526300406
72.3334618416 10.952558798
72.3332386766 10.9524901414
72.3330814167 10.952456292
72.3328392684 10.9524388983
72.332663575 10.9524488329
72.3325272332 10.9525442924
72.3324741304 10.9526457309
72.3324555627 10.9527947586
72.332485698 10.9529021761
72.3325488521 10.9529743749
72.332655209 10.9530797499
72.3327410638 10.9531535803
72.3329446936 10.9532809787
72.3331208044 10.9533688099
72.3332812318 10.9534630328
72.3333065501 10.9535325151
72.3333621379 10.9536041705
72.3334328587 10.9536769141
72.3335624682 10.953776442
72.3337336299 10.9539315812
72.3338265029 10.9540134345
72.3339832148 10.9540547642
72.3341718449 10.9540758318
72.3344172973 10.9540483549
72.3345676753 10.9539689386
72.3346418313 10.953891566
72.3346467809 10.9538242574
72.3346511817 10.9537644281
72.3346561313 10.9536971205
72.3347221696 10.953626682
72.3349723408 10.954569388
72.3348091615 10.9545125571
72.3346421313 10.9545080772
72.3344507491 10.9545244022
72.3343322895 10.9545835556
72.334278085 10.9546999528
72.3342454818 10.954832937
72.3342209952 10.9549589871
72.3342380621 10.9551406489
72.334289799 10.9552646557
72.3343685035 10.9554357094
72.33442134 10.9555447597
72.334471426 10.9556912032
72.3345004612 10.9558135806
72.3345294956 10.9559359571
72.334545595 10.9560273323
72.3346010475 10.9562042341
72.3346138475 10.956340481
72.3346304977 10.9564243771
72.3346259609 10.9565894517
72.3346171583 10.9567091099
72.334603954 10.956888598
72.3345973524 10.9569783413
72.3345853835 10.9570376273
72.3345793306 10.9571198922
72.334557044 10.9572160275
72.3345493409 10.9573207283
72.3345421885 10.9574179509
72.3345398516 10.957553111
72.3345548508 10.9576594434
72.3345953029 10.9577300137
72.3347027606 10.9578204348
72.3347502294 10.9578990276
72.3347869664 10.9579167038
72.3348864423 10.9579088157
72.3349654177 10.9578693811
72.3350460431 10.9578075105
72.3351126346 10.9577295943
72.335180876 10.957629243
72.3352821391 10.9574936729
72.3354245387 10.9573159486
72.3355219497 10.9572327284
72.3356642144 10.9571602489
72.3358957727 10.9570114841
72.335979699 10.9569047408
72.3360501411 10.9567744727
72.3361227836 10.9566142896
72.3361326851 10.956479673
72.3361398374 10.9563824489
72.3361469887 10.9562852257
72.3361487726 10.9561575436
72.3361658264 10.9559257024
72.3361586603 10.9556094216
72.3361499765 10.9552103299
72.3361366255 10.9550815612
72.3360610851 10.9549708796
72.3359757781 10.9548895689
72.3358332317 10.9547590381
72.3356284972 10.9546465943
72.3354782508 10.9546207659
72.3352815006 10.9546066323
72.3351452888 10.9545968482
72.3349723408 10.954569388
72.3341576449 10.9507517954
72.3340983386 10.9506272463
72.3340011959 10.9504999802
72.3338780535 10.950415956
72.3335825174 10.9502969984
72.3334436912 10.9502193655
72.3332406106 10.9500844927
72.3330537634 10.9499357491
72.3329344709 10.9497993756
72.3327234058 10.9495661949
72.3326225463 10.9493860374
72.3325394394 10.9492748164
72.3324153295 10.9491005081
72.3322905396 10.9490389208
72.3320570616 10.9490071184
72.3318905876 10.9489951635
72.3315795296 10.9491908482
72.3314031589 10.9493135068
72.331317041 10.9494501635
72.3312017551 10.9495696897
72.3310161671 10.9497142389
72.3308392463 10.9498443742
72.3306244897 10.9499717915
72.330375748 10.9500441421
72.3300946722 10.9500389895
72.3298827987 10.9500237719
72.3296709251 10.950008554
72.3293606825 10.949986271
72.3291622934 10.9499945754
72.3289925228 10.9500274878
72.3287568499 10.9500255963
72.3285924457 10.9500889659
72.3284588601 10.9501470305
72.328385258 10.9502169228
72.32832404 10.9503252928
72.3283303742 10.9504460333
72.3284189756 10.9504824696
72.3285297292 10.9505280146
72.3286788656 10.9505687986
72.3287918194 10.9505844309
72.328890188 10.9505914961
72.328973424 10.9505974752
72.3290944946 10.9506061725
72.3291928641 10.9506132385
72.3292539491 10.950610108
72.3293691021 10.9505958254
72.3297031462 10.9506047843
72.3299150206 10.9506200031
72.3301047439 10.9506261123
72.3302641992 10.9506300475
72.3305615105 10.9506213303
72.3307907201 10.9506077212
72.331005895 10.9505780687
72.3312513378 10.9505505893
72.3314480805 10.9505647192
72.3317199427 10.950591763
72.3319187534 10.9506812224
72.3320996806 10.9508069864
72.3324053977 10.9509943407
72.3326867658 10.9512024999
72.3328309581 10.9513105914
72.3329838181 10.951404268
72.3331950152 10.9515322077
72.3333781446 10.9516280597
72.3336046082 10.9516518424
72.3338240557 10.9516676034
72.3340386862 10.9516454273
72.3341966288 10.9515665527
72.3342530295 10.9514202414
72.3343169979 10.9512744726
72.3342746076 10.9510233299
72.3341576449 10.9507517954
72.5344450194 10.7796975186
72.5318231465 10.779164073
72.5310138619 10.7798302388
72.5313896147 10.780756541
72.53170313 10.7811464316
72.5333428912 10.7822177667
72.5341292511 10.782657186
72.5350636758 10.7831786335
72.5359150822 10.7832547528
72.5368279033 10.7831608917
72.5373133173 10.7831031136
72.5377833512 10.7824416056
72.5376552304 10.7814787974
72.5364796691 10.7804903101
72.5344450194 10.7796975186
72.327230871 10.9490731542
72.3268703159 10.9488805998
72.3266242952 10.9486592388
72.3261427642 10.9483283758
72.3257330753 10.9480397076
72.3250109488 10.9474138103
72.3242078331 10.946615446
72.3234511504 10.9459500414
72.3228713579 10.9454269623
72.3220160842 10.9448285502
72.3213244806 10.9442974459
72.3206288179 10.9438216023
72.319926388 10.9434378571
72.3192625886 10.9430383711
72.3186865545 10.9427192555
72.3180759611 10.9423606255
72.3175199232 10.9420244322
72.3170357214 10.9417304309
72.3165688027 10.9414561879
72.3161029159 10.9414227262
72.3159497698 10.9414672737
72.3157912059 10.9415854957
72.3155313381 10.9418075357
72.3154246174 10.9419850285
72.3153683837 10.9422402099
72.315356194 10.9424059772
72.3153518444 10.9424651142
72.3153318119 10.9427375101
72.3153142033 10.9429769509
72.3153057643 10.9430916979
72.3153567457 10.9432814886
72.3154706129 10.9437710807
72.3155139984 10.9442000625
72.3154841931 10.9446052702
72.3154981025 10.9451802612
72.3155015023 10.9456434026
72.3155435276 10.9460908031
72.31570008 10.9465094026
72.3158234249 10.9468700683
72.3161422823 10.9473743957
72.3165424625 10.9477919892
72.3168562372 10.9481107941
72.3170717441 10.948237377
72.3174136425 10.9484285919
72.3177463909 10.9484895355
72.3181496225 10.9486110936
72.3189537128 10.9486318415
72.3200027977 10.9486331578
72.3211437194 10.948659585
72.3219264792 10.9487158241
72.3228288651 10.9489287896
72.3234730435 10.9490861706
72.3244259337 10.9493768315
72.3253069897 10.9496252963
72.3256902528 10.9497639322
72.3257642018 10.9498084976
72.3261740048 10.9499416126
72.3264972827 10.9501314913
72.3267873514 10.9502634326
72.3269842338 10.9503886806
72.3272770126 10.9504837828
72.3275752121 10.9505052047
72.3278229184 10.9504489297
72.3279974294 10.9503688791
72.3280855265 10.9501900338
72.3281017835 10.9499689927
72.3280767001 10.9498005348
72.3279411469 10.9496056244
72.3277137611 10.9493855999
72.3274436824 10.9492365788
72.327230871 10.9490731542
72.291484585 10.9450814095
72.2918830003 10.945056619
72.2924747522 10.9450991913
72.2930306419 10.9451391823
72.293551975 10.945158869
72.2939464809 10.9451872488
72.294287191 10.9452117583
72.2946344273 10.9451476432
72.2949278682 10.9450796575
72.2952213088 10.9450116712
72.2954560727 10.9447612752
72.2954691227 10.9445840262
72.2953553428 10.9444154726
72.2951646137 10.9443126594
72.2949008506 10.9442224125
72.2946178517 10.9441486006
72.2942451935 10.9440683404
72.2939057897 10.9440261083
72.2936786274 10.9440247438
72.2934040957 10.9442593056
72.2927814131 10.944392695
72.2923779919 10.9443636719
72.2923717134 10.9443664926
72.2919592692 10.9443368225
72.291702032 10.9441579516
72.2915230502 10.9438956185
72.2912430019 10.9435369242
72.2910806474 10.9432936064
72.2908863444 10.9429945365
72.290800939 10.9426854818
72.2908449724 10.9423322836
72.2909069369 10.9419803751
72.2910021557 10.941666494
72.2910570366 10.9415523185
72.2910697979 10.9413789972
72.2911125247 10.941043522
72.2912462216 10.9406967707
72.2913300329 10.9402929768
72.2914047091 10.9400132536
72.2915038419 10.939646197
72.2917109034 10.939037444
72.2918113377 10.9386526619
72.29196296 10.9383071966
72.2922195714 10.9380049147
72.2923812982 10.9377670842
72.2925583486 10.9375659916
72.2928814727 10.9373397623
72.2930878665 10.9372298706
72.2932443745 10.9370629363
72.2934388864 10.9368967536
72.2934559868 10.9368821444
72.2934614941 10.9368734042
72.293660099 10.9365582642
72.2937448732 10.9363861719
72.2937911734 10.9362469521
72.2938658393 10.9359672226
72.2938713809 10.9356468872
72.2937474776 10.9353707041
72.2935684714 10.9351083806
72.293275348 10.9349269469
72.292909188 10.9347580836
72.2925404223 10.9346246705
72.2921693734 10.9342772722
72.292155286 10.9342596754
72.2919226237 10.9341295385
72.2916601611 10.9340215829
72.291454103 10.9338820455
72.2913551236 10.9338150196
72.2909010507 10.9337288251
72.2902556499 10.9336824275
72.2898035445 10.9337033787
72.2894319511 10.9338548442
72.2890271111 10.9339682811
72.2886786625 10.9340501358
72.288348142 10.9341332792
72.2883182565 10.9341555645
72.2881887503 10.9342016725
72.2880449922 10.9341913371
72.2875044792 10.9341881135
72.2872482412 10.9342409622
72.2871846012 10.9342594728
72.2870461698 10.9342571321
72.2866180064 10.9342685869
72.286274859 10.9342861519
72.2858343306 10.9344656535
72.2854695384 10.9347773018
72.2852624041 10.9352692203
72.2851827873 10.9357703065
72.2851912745 10.9362354932
72.2853241898 10.936751862
72.2854632887 10.9371842085
72.2856085738 10.9375325315
72.2856626571 10.9379587644
72.2857561536 10.9384300682
72.2858921575 10.9389044284
72.2860706672 10.9393818478
72.2861703484 10.9397691288
72.2863488564 10.9402465501
72.2865273648 10.9407239719
72.2867483799 10.9412044525
72.2867962679 10.9417147154
72.286804741 10.9421799087
72.2868224951 10.942519065
72.2868703793 10.9430293293
72.2869213563 10.943497582
72.2870210301 10.9438848678
72.2871902466 10.9444883331
72.2873718418 10.9449237507
72.2875928499 10.9454042402
72.2880264029 10.9459000255
72.2882271953 10.9459327303
72.2882476822 10.9459532293
72.288369285 10.9460154349
72.2886010889 10.9460499343
72.2886880377 10.9460561912
72.2888521298 10.9460679994
72.289176203 10.9460735021
72.2893838951 10.9459459027
72.2897057036 10.945737423
72.2900581544 10.9456024191
72.2903467104 10.9453559082
72.2906632973 10.9452183217
72.2910490012 10.9451213448
72.291484585 10.9450814095
72.7219105541 11.1115322103
72.7216050544 11.1114331789
72.721143159 11.1114382175
72.7209108305 11.1114596351
72.7206729742 11.1115566445
72.7203092809 11.1117966483
72.7200589876 11.1120637391
72.7198264422 11.1123510917
72.7195706197 11.1126937721
72.7194952614 11.1129353502
72.719240819 11.1132591306
72.7190534424 11.1134547211
72.7188072926 11.1136651118
72.7186130031 11.1139551897
72.7183995838 11.1142439013
72.7182709779 11.1144246871
72.7181628856 11.1145879401
72.7179741237 11.1148024242
72.717763467 11.1150533379
72.7175910699 11.1153069819
72.7174555504 11.1155822541
72.7173200295 11.1158575255
72.7172951423 11.1161976843
72.717268871 11.1165567403
72.7172317659 11.1168010448
72.7171605475 11.1169859239
72.7170455365 11.1172436626
72.7169142075 11.1174762545
72.7169165134 11.1174904644
72.716961461 11.1176646416
72.7168747955 11.1183233271
72.7168588865 11.119329001
72.7168339896 11.1196691583
72.7168077094 11.120028214
72.7168047085 11.1203319421
72.7168604852 11.1206208719
72.7169625886 11.1210650822
72.7170497103 11.1214512332
72.7171287674 11.1216848375
72.7171886929 11.1219170752
72.7172677487 11.1221506797
72.7173617866 11.1224423443
72.7174966165 11.1229648808
72.7178441839 11.1239965263
72.7183966629 11.125118802
72.7189219481 11.1260871675
72.7195265303 11.1270232111
72.7201926614 11.1279066666
72.7208438159 11.1287320672
72.7212179173 11.1291387383
72.7212374601 11.1291600315
72.7212454915 11.1291606056
72.7218449727 11.1296403774
72.7221821611 11.1300254183
72.7225822794 11.1303389694
72.7232419295 11.1307850512
72.7237992528 11.1310528464
72.723806354 11.1310574611
72.7240429909 11.1313018342
72.7244240327 11.1316140228
72.7250100091 11.1320168457
72.7253214403 11.1322290742
72.7258159045 11.1325683672
72.7261506249 11.1327252681
72.7266109772 11.1330051314
72.7269415472 11.1332187298
72.72723108 11.1334673918
72.7275738644 11.1337768524
72.7279316301 11.1341443791
72.7281460137 11.1343686752
72.7283795316 11.1345943391
72.7286144338 11.1348011039
72.7290542783 11.1350985059
72.7293507385 11.1352526766
72.7297251224 11.1353934173
72.7297897493 11.1354033045
72.7298070415 11.1354147145
72.7305379718 11.1356759297
72.73137149 11.1358494837
72.7317158738 11.1358740936
72.7323896635 11.1358652464
72.7334408168 11.1356933745
72.7344933602 11.1355025974
72.7348884714 11.1353598375
72.73515557 11.1352686692
72.7353141882 11.1350182852
72.7354539144 11.1346862874
72.735588103 11.1344298893
72.7356648847 11.13416939
72.7357458167 11.1338521906
72.7357912438 11.1334944578
72.7358147673 11.1331731579
72.7358355229 11.1328896578
72.7357829733 11.1320309589
72.7356372753 11.1313935953
72.7355309959 11.131006031
72.7353509423 11.1305752022
72.7352377455 11.1302821394
72.735128699 11.1299323772
72.7350496221 11.1296987468
72.7348981542 11.1294029521
72.7346978105 11.1287236961
72.7345232869 11.1282172727
72.7344414429 11.128021444
72.7343240953 11.1277850839
72.7341889954 11.1275284581
72.7339844983 11.126905907
72.7339395401 11.126731711
72.7338030572 11.1264939869
72.7336093952 11.1259862023
72.7335386138 11.1256391785
72.7334254128 11.1253461217
72.7332603392 11.1249733696
72.7331307691 11.1246411493
72.7328700217 11.1242615697
72.7325779197 11.1237847613
72.7322473242 11.123571184
72.7319388531 11.1230552142
72.7317355108 11.1226797353
72.7315157983 11.1222650936
72.731032575 11.1215086798
72.7306053727 11.1207752664
72.7300619837 11.1200525621
72.7298913799 11.119755419
72.7296988767 11.1194947103
72.7295241261 11.1192542656
72.7293671262 11.1190340867
72.7291513432 11.118828711
72.7289929618 11.1186274317
72.728779944 11.1183842581
72.7284426661 11.1179992354
72.7282058739 11.117728923
72.7280665067 11.1176539462
72.7279203455 11.1175485297
72.7277195465 11.1174012186
72.7275556344 11.1172755378
72.7272469432 11.117025542
72.7270092602 11.1168566024
72.72661043 11.1165241863
72.7262853718 11.1162350289
72.725924812 11.1159053445
72.7255614888 11.1156134595
72.7252173 11.1153229395
72.7249277489 11.1150743133
72.7247474703 11.1149094737
72.7241533834 11.1143541629
72.7237873013 11.114100079
72.7232068239 11.1136217317
72.7228967627 11.1133906434
72.7225293019 11.1131554601
72.7223285125 11.1130081563
72.7221482385 11.1128433191
72.7220239811 11.1127014758
72.7220009174 11.1124908651
72.7219983679 11.1122627205
72.7219944368 11.1120534745
72.7220054918 11.1119022879
72.7220029424 11.1116741429
72.7219105541 11.1115322103
72.7189153126 11.6952286483
72.7189253645 11.6944899537
72.718910623 11.6940729101
72.7186079418 11.6925251388
72.7183382871 11.691765505
72.7178857101 11.6909459636
72.7173935981 11.690031037
72.7166861146 11.6888689189
72.7160110859 11.687894097
72.7154511217 11.6872513945
72.714564864 11.6865842705
72.7138792259 11.6857473127
72.7132903563 11.68487139
72.712478441 11.6832393665
72.7117031253 11.6823495047
72.7110570318 11.6816079584
72.7105330817 11.6811066198
72.7097689999 11.6806797373
72.7093707328 11.6803726575
72.7091730656 11.6798957423
72.7091978368 11.6795741116
72.7092155296 11.6793443747
72.7091100906 11.6792294553
72.7082510678 11.6791346425
72.7079693242 11.678978418
72.707080169 11.6789580893
72.7064636073 11.6790505808
72.7058724236 11.679422237
72.7055715225 11.6796769829
72.705252924 11.6801614583
72.7043572947 11.6808337914
72.7038628683 11.6811664646
72.7031784591 11.6815311221
72.7025442012 11.6818533186
72.7019099432 11.682175511
72.7014585849 11.6825576059
72.7009499925 11.6830740413
72.700527534 11.6836893437
72.7002808879 11.6844564391
72.7001062054 11.6855061837
72.7000424463 11.6863331856
72.6999822252 11.6871142433
72.6999579812 11.6880366252
72.7004682599 11.6893225291
72.7011249074 11.6899262523
72.7019080195 11.6900719272
72.702010974 11.6902207063
72.7023698941 11.6903112831
72.7035276107 11.6904904783
72.7042660054 11.6906382422
72.7049011408 11.6915176499
72.7050845165 11.6921783553
72.7059703318 11.692845503
72.7066302704 11.6934032994
72.7066486952 11.6935686099
72.7067357925 11.6936093504
72.7070944915 11.6938210781
72.7071593631 11.6941956361
72.7065681636 11.6945672426
72.7058725731 11.694468902
72.7055711177 11.6941228272
72.7049109682 11.6935650263
72.7045269291 11.6930741318
72.7038455257 11.6927920108
72.7038319024 11.6927909899
72.7032862317 11.6927500966
72.7029351737 11.6930472639
72.7029564542 11.693170142
72.7028653149 11.6932314556
72.7027832676 11.693687416
72.702747827 11.6941468697
72.7030746253 11.6947721078
72.7034085126 11.6953054565
72.7034422913 11.6953390609
72.703532588 11.6956336535
72.7041354844 11.6963258055
72.7041757171 11.6963412493
72.704207076 11.6963865453
72.7045409731 11.6969199008
72.704968093 11.6974602457
72.7054524602 11.6978662496
72.7058506957 11.6981733736
72.706245388 11.6985264442
72.7071209103 11.6993314724
72.7075911061 11.6999212705
72.7079356461 11.7003168003
72.7082953441 11.7004532469
72.7082976793 11.7004555924
72.7087459021 11.7007202703
72.7093218793 11.7008879055
72.7095150829 11.700902392
72.7103073337 11.7009617931
72.7110063824 11.7010142038
72.7117667422 11.7014871335
72.7121112176 11.7018826712
72.7125012761 11.7023305493
72.7132778479 11.7027238088
72.7141419148 11.7030658877
72.7150525851 11.7034114617
72.7157338211 11.7036936169
72.7163000603 11.703830876
72.7164938854 11.7037916615
72.7170242937 11.7036003466
72.7173611829 11.703486954
72.7175357847 11.7033967446
72.7177535663 11.7029982502
72.7179825686 11.7024608252
72.7181507742 11.7021037048
72.7183260668 11.7016546842
72.7185869569 11.7007037041
72.7187758638 11.6994700355
72.7188538113 11.6984591308
72.7188998685 11.6978617782
72.7189600918 11.697080624
72.7189990582 11.6965751711
72.7189194252 11.6957835428
72.7189153126 11.6952286483
73.0094441673 11.4670015643
73.0088620537 11.4669179794
73.0086323053 11.4669410556
73.0086173024 11.4669859873
73.0081975558 11.4672381749
73.0077778088 11.4674903597
73.0072885415 11.467907052
73.0068034546 11.4682675295
73.0060611854 11.4690049764
73.00533146 11.4695737842
73.0044835953 11.4701905432
73.0038761836 11.4706551694
73.0034187845 11.4714132184
73.0029613808 11.4721712617
73.002206537 11.4730772913
73.0018379673 11.4741808322
73.0014777574 11.4751719499
73.0012482351 11.4759464864
73.0007003373 11.4771500441
73.0002998717 11.4779121846
73.0000410242 11.4790801698
72.9999782199 11.4799232929
72.9999154113 11.4807664155
72.9997914327 11.4816616156
72.9995786214 11.4822113033
72.9993524311 11.48253645
72.9993188873 11.4829866918
72.9993155275 11.4830317825
72.9990879055 11.4833018556
72.9987569501 11.483899482
72.9985759749 11.484790541
72.9985340821 11.4853526181
72.9983572862 11.4861874669
72.9980832929 11.4867892177
72.9980246308 11.4875761219
72.9979701552 11.488306819
72.997919867 11.4889813085
72.9978293624 11.4894268335
72.9976249027 11.4898640898
72.99741625 11.4903575515
72.9973299331 11.4907468677
72.9972838242 11.4913651464
72.997250288 11.491814804
72.9973432819 11.4921041104
72.9976888268 11.4922245715
72.9977661685 11.4923526469
72.9979605319 11.4928188468
72.997965385 11.4933126552
72.9975471034 11.4938666598
72.9975051756 11.4944287328
72.9975646195 11.4951676994
72.9978729344 11.495642175
72.9981424575 11.4958295451
72.9981857373 11.4959433435
72.9988223983 11.4966102951
72.9994171861 11.4967837955
72.9994366814 11.4967964102
72.9994371189 11.4967966932
72.9999090525 11.4971020634
73.0006858317 11.4974410149
73.0015933543 11.4975634052
73.002570446 11.4975213026
73.0033279966 11.4973502339
73.0046973103 11.4966584183
73.0055244268 11.4963228415
73.0064504456 11.4954292884
73.0069566149 11.4947878362
73.0073446215 11.4941943221
73.0077896093 11.4936049392
73.0082027512 11.4926741513
73.0084197946 11.4920682274
73.0086980093 11.4914102233
73.0094907397 11.4899983133
73.0098426801 11.4891195856
73.0103530014 11.4884218833
73.010911926 11.4878407312
73.0111498826 11.4869537286
73.0112571151 11.4862833115
73.0113727193 11.4855004691
73.0114271477 11.4847697088
73.0114941326 11.4838703108
73.0114085236 11.4819425729
73.0114754913 11.4810431751
73.0115340831 11.4802562014
73.0116094098 11.4792443777
73.0117417114 11.4782366805
73.0118002882 11.4774497058
73.0119158424 11.4766668571
73.0120272086 11.4759402201
73.0122081022 11.4750490705
73.0124166935 11.4745555339
73.0124845675 11.4745550642
73.0127199483 11.4736773174
73.0129897025 11.4731316904
73.0131578373 11.4726534858
73.0131580892 11.4725262835
73.0132166331 11.4717392999
73.0130916778 11.4711085821
73.013068144 11.4706547536
73.012751329 11.4702927291
73.0124428766 11.4698182796
73.012146967 11.4691751944
73.0118343333 11.468756961
73.0111839851 11.4682577722
73.0107532093 11.4678875066
73.0101028668 11.4673883225
73.0094441673 11.4670015643
72.7911888231 11.259062482
72.7914571349 11.2589420905
72.7917273622 11.2588144075
72.7918520504 11.2586394664
72.7918763643 11.2583101706
72.7919060809 11.2579076989
72.7918010623 11.2573116167
72.7917647597 11.2567940463
72.791731157 11.2562398874
72.7916180305 11.2557535726
72.7914786472 11.2551182388
72.7913736207 11.2545221609
72.7911944739 11.2539207521
72.7910631872 11.2531756576
72.7909102946 11.2527232695
72.7907203437 11.2522682172
72.7905249915 11.2518863419
72.7903296395 11.2515044669
72.7901767455 11.2510520832
72.7900609095 11.250602365
72.7898419973 11.2500348885
72.789641244 11.2497261927
72.7894775501 11.2494201639
72.7892424384 11.2490722174
72.7889285465 11.248277223
72.7884880168 11.2471788722
72.7880602497 11.2464124793
72.7878965539 11.2461064555
72.7876351813 11.2456095017
72.78748498 11.2451205431
72.7871185572 11.2440275386
72.7869656551 11.2435751697
72.7868127521 11.2431228023
72.7865594719 11.2425160948
72.7864644918 11.24228858
72.7861660592 11.2417889728
72.7860050599 11.2414463704
72.7858575513 11.2409208339
72.7855200776 11.2399402734
72.7852667931 11.2393335753
72.7851408606 11.2385153485
72.78495629 11.2379871536
72.7848774912 11.2375401229
72.7846242018 11.236933432
72.7843682153 11.2363633288
72.7842233938 11.2358012153
72.7840677839 11.2353854494
72.7839465312 11.2350089334
72.7837222036 11.2345146712
72.7835955569 11.2342113299
72.7834743037 11.2338348159
72.7833557461 11.2334217157
72.7832634568 11.2331576246
72.7831051475 11.2327784494
72.7829919813 11.2322921787
72.7829689161 11.2321105897
72.7826666077 11.2314272936
72.7824240869 11.2306742753
72.7822213156 11.229887334
72.7820529 11.2291396417
72.7818366461 11.2285356355
72.7816338676 11.2277486997
72.7814337823 11.2269251801
72.781265358 11.2261774961
72.7810544877 11.2255003246
72.7808725857 11.224935573
72.780542467 11.2243601803
72.7802918452 11.2237169395
72.7802871246 11.223275251
72.7800445831 11.222522256
72.7799502524 11.2217799034
72.7798242541 11.2209617199
72.779658505 11.2201774648
72.7795587782 11.219508287
72.7794907159 11.2189149402
72.7793802119 11.2183921059
72.7792036812 11.2177541974
72.7789530436 11.2171109728
72.7788027898 11.2166220686
72.7786289481 11.2159475798
72.7784759997 11.2154952622
72.7782940772 11.2149305313
72.7780939488 11.2141070472
72.7777954832 11.2136075149
72.7774498369 11.2127368175
72.7770247018 11.2119339781
72.7766891848 11.2114317943
72.7762876408 11.210814543
72.7758039218 11.2103017316
72.7752461023 11.2097836085
72.7744982828 11.2088105287
72.7740226433 11.2081879749
72.7737005884 11.2075028845
72.773296359 11.2069222347
72.7728867482 11.2064147554
72.7725485464 11.2059491764
72.7722049635 11.2055567666
72.7717502333 11.2051563871
72.7713675352 11.2042830791
72.77117215 11.2039013018
72.7708844523 11.2032554712
72.770548944 11.2027533188
72.7703589389 11.2022983784
72.7702167438 11.2016997625
72.7700826174 11.2009913972
72.7698083662 11.2001626596
72.7696156679 11.1997443069
72.7690982176 11.1986774834
72.7689216563 11.1980396367
72.7686447093 11.1972474922
72.7685712187 11.1967273649
72.7683838953 11.1962358536
72.7682679768 11.1957862371
72.768033449 11.1949235901
72.7679491973 11.1945497968
72.7677827851 11.1942804417
72.7674499599 11.1937417333
72.7671756907 11.1929130213
72.7669883635 11.1924215189
72.7667242536 11.1919612912
72.7664816507 11.1912084054
72.7663206135 11.1908658913
72.7662282925 11.1906018511
72.7661043016 11.190261992
72.7659829984 11.1898855514
72.7659330984 11.1895510021
72.7658488391 11.1891772169
72.7656588189 11.1887223049
72.7654478782 11.1880452476
72.7654403951 11.1876401891
72.7652927931 11.18711477
72.7651876089 11.18651884
72.7650298291 11.185624948
72.7650674473 11.1851127988
72.7649278983 11.1844776367
72.7648436312 11.1841038562
72.7647513037 11.1838398228
72.7646246178 11.1835365545
72.7644850651 11.1829013962
72.7643900499 11.1826739462
72.7641474209 11.1819210858
72.7639176593 11.181500117
72.7635370346 11.181105122
72.7630662066 11.1809243131
72.7628149572 11.1807960003
72.762622798 11.1807662478
72.7623731173 11.1807275892
72.7622168836 11.1808267235
72.7621900214 11.1811925378
72.7623854208 11.1815742682
72.7625808155 11.18180998
72.7625948529 11.1818414879
72.7628161664 11.1822503602
72.7629779962 11.1826136013
72.7630932629 11.1828192835
72.7631153249 11.1830651823
72.7630669623 11.1837236523
72.763182328 11.1846880427
72.7633589188 11.1853258516
72.7634667913 11.1858851924
72.7634285883 11.1869121347
72.7635546879 11.1877302037
72.7634080219 11.1887126024
72.7634391041 11.1893032188
72.7634782486 11.1897840902
72.7634432998 11.1902596529
72.7637095025 11.1911980894
72.7640970007 11.1925129682
72.7643288382 11.193412176
72.7645768079 11.1940918942
72.7648618235 11.1947742693
72.7650539168 11.195707411
72.7652621448 11.1964210617
72.7655363965 11.197249774
72.7660006514 11.1985334132
72.7662883488 11.1991792197
72.7666104037 11.1998642681
72.7668320749 11.200395019
72.767193868 11.2010461456
72.7675213023 11.2016580351
72.7676924687 11.2023690482
72.7677713248 11.202816012
72.767879154 11.2033753817
72.7680267229 11.2039008267
72.7682773634 11.2045439936
72.7687631255 11.2055350108
72.7690410047 11.2059461173
72.7693344957 11.2068212296
72.7700601766 11.2086316616
72.7703819121 11.2096683987
72.7708165626 11.2108787377
72.7711621595 11.2118758226
72.7714501461 11.2125170991
72.7715122966 11.2128111778
72.7716532603 11.2131729738
72.7717154106 11.213467053
72.771936701 11.2138759898
72.7720583385 11.2142157136
72.7722292293 11.2144555373
72.7723792812 11.2146938658
72.7725141829 11.215137979
72.7725748166 11.2154526395
72.7725846802 11.2158877782
72.7725839375 11.2164669659
72.7727589994 11.2169346516
72.7728313792 11.2173742798
72.7729901461 11.2177787356
72.7730970015 11.2180346546
72.7733273797 11.2183201295
72.7734918325 11.2189318695
72.7736490829 11.2193569075
72.7737661682 11.219758375
72.7738817378 11.2201804221
72.773973436 11.2206421294
72.7741098438 11.2210656743
72.7743265803 11.2215363623
72.7744986052 11.2220452167
72.774620234 11.222384952
72.7747433787 11.2227041091
72.7748900134 11.2232732054
72.7750086099 11.2236540995
72.775110913 11.2239717619
72.7751730507 11.2242658519
72.7753007423 11.2245232758
72.7754655661 11.2248454295
72.7755709006 11.2251219357
72.7756966891 11.22568954
72.7759960098 11.2267454298
72.7763813342 11.2280557574
72.7765912152 11.2291879828
72.776780642 11.2300291107
72.7770606205 11.2310629406
72.7773436286 11.2320556154
72.7776664014 11.2333614742
72.7780516922 11.2346718322
72.7781346587 11.2349674311
72.7783615977 11.235583702
72.7784475981 11.2358381429
72.7785319036 11.2359508969
72.7785319123 11.2359520816
72.7785940371 11.2362461826
72.7786633462 11.2367269964
72.7788190597 11.2371726449
72.77897629 11.2375977144
72.7791524391 11.2383344716
72.7792243727 11.2390637373
72.7793755288 11.2395711283
72.7795471172 11.2403696279
72.7799373483 11.2413286707
72.7803707819 11.2422701376
72.7810122331 11.2435162104
72.7819086318 11.2455668058
72.7822337024 11.246272921
72.7827845982 11.2473263076
72.7835063804 11.2486195742
72.784092465 11.2500479134
72.7844603166 11.2510260853
72.7848592198 11.2521513208
72.7853206521 11.2532810622
72.7858654604 11.2544168107
72.7863852933 11.2553231828
72.7866376113 11.2558792726
72.7869956743 11.2564222845
72.7874549229 11.2570139619
72.7876644615 11.2572980101
72.7880585687 11.257636724
72.7884735217 11.2579769392
72.7891386208 11.2583351594
72.789510799 11.2584033274
72.7899170703 11.2585773995
72.7900285641 11.2585904712
72.790245953 11.2586798424
72.7904579665 11.2587882096
72.7907470025 11.2589176381
72.7909792086 11.258965388
72.791138433 11.2590588667
72.7911386801 11.2590588729
72.7911888231 11.259062482
NaN  NaN
72.1700265054 10.8087365152
72.1694169716 10.8086929049
72.1688290963 10.8087720272
72.1677792673 10.8093028319
72.1672762074 10.8094789049
72.166899465 10.8096034246
72.1663964066 10.8097794949
72.1656124488 10.8100263454
72.1649630644 10.8103044159
72.1648850316 10.8103378298
72.1645314546 10.8104946833
72.1644734036 10.8105204362
72.1640988711 10.810614809
72.1635631355 10.8108188233
72.1629642431 10.8110486087
72.1626330114 10.8113884388
72.1626370089 10.8117522677
72.1629002554 10.8119225909
72.1632942318 10.8119810913
72.1639951736 10.8120312727
72.1645503379 10.8120710164
72.1648233842 10.8121456488
72.1652500355 10.8121761922
72.1656612443 10.8124176996
72.1659744089 10.812743077
72.1663485256 10.8130728186
72.166816276 10.8133789684
72.1673842819 10.8135711124
72.1679849719 10.8137352994
72.1685984906 10.8141427757
72.1688679483 10.8146468089
72.1692526919 10.8152499865
72.1694483737 10.815506368
72.1695566222 10.8161200504
72.1698150452 10.8167747834
72.1702130282 10.8171971364
72.1706936157 10.8177465939
72.1710739458 10.8184100626
72.1713085124 10.8189722047
72.1716910485 10.8196055402
72.1720607667 10.8199955817
72.1723456745 10.8202886601
72.1730873222 10.8210386112
72.1742508239 10.8223035408
72.175551273 10.8237903799
72.176633966 10.8253222363
72.177879665 10.8271384745
72.1790010722 10.8292572365
72.1804303429 10.8320528831
72.1815776809 10.8342358504
72.1824776402 10.8360779216
72.1831302195 10.8375790816
72.1837631488 10.839348179
72.1837627739 10.839693124
72.1839352727 10.839890347
72.1843045874 10.8407046237
72.1846328266 10.8412432573
72.1848152728 10.8416805407
72.1850087721 10.8419671152
72.185200061 10.8422838335
72.1854828051 10.8426071087
72.1857589176 10.8430208102
72.1859806923 10.8433397166
72.1862523832 10.8438137044
72.1866084282 10.8448088533
72.1868257806 10.8451880477
72.1871955615 10.8455781735
72.1874389779 10.8460198396
72.187708457 10.8465239787
72.1879363918 10.8471766445
72.1882341454 10.8477131156
72.1884077399 10.8482709854
72.1886794299 10.8487449882
72.1888203247 10.8493308158
72.188961218 10.8499166445
72.1890389243 10.8505282435
72.189149328 10.851111888
72.1894121647 10.8517064679
72.1898702234 10.8529816888
72.1901869044 10.8540952653
72.1904880898 10.8554198468
72.190878517 10.8567811399
72.1913426935 10.8583901499
72.1918152102 10.8603027893
72.192066452 10.8614723045
72.1926287069 10.862997479
72.1928799358 10.864167006
72.1925833888 10.8644487352
72.192443716 10.8646811236
72.1924476277 10.8650450315
72.1925646357 10.8655382708
72.192871222 10.8659542199
72.1931800243 10.866340026
72.1935453755 10.8667905004
72.193803754 10.8674454118
72.1941297549 10.8680142739
72.1944291726 10.8689448618
72.1946637035 10.8695071587
72.1950917235 10.8703560836
72.195315703 10.8706448997
72.1956267228 10.8710005758
72.1962094108 10.8718303169
72.1975494056 10.8731993261
72.1982801235 10.8741003252
72.198673758 10.8745831625
72.1991001023 10.8750380483
72.1996461966 10.8755318433
72.2001313106 10.8760212597
72.2005510098 10.876566586
72.2009989857 10.8771442509
72.2011363051 10.8775080055
72.2012642604 10.8775930129
72.2019783628 10.8778867613
72.2025466531 10.8780791176
72.2032175087 10.8781273216
72.2040125586 10.8781541421
72.2045636622 10.8781634333
72.2050060898 10.8779830858
72.2055921229 10.8779342727
72.2061803743 10.8778553131
72.2065507362 10.8778213088
72.2069759697 10.8774578865
72.2073075032 10.8771180368
72.2075347842 10.8765282539
72.207602945 10.8760179571
72.2076799652 10.8753870737
72.2077375652 10.8746032691
72.2075162841 10.8738600494
72.2073077746 10.8733601914
72.2070255032 10.8726125958
72.2067604349 10.8720480692
72.2064127445 10.8713563924
72.2061044053 10.8705463231
72.2058742563 10.8699237003
72.2056940214 10.8694561873
72.2054727281 10.8687129844
72.2052863542 10.8679116808
72.2051061157 10.8674441719
72.2047301393 10.8667201781
72.2044977697 10.8661277121
72.2041345747 10.8656470768
72.2036843308 10.8650995872
72.2032712213 10.8644638516
72.2028952447 10.8637398709
72.2024322188 10.8629490393
72.2021804211 10.8622036726
72.2019369821 10.8617619489
72.2016064947 10.8612533717
72.2013131373 10.8606565489
72.2009221572 10.8597193835
72.2005983077 10.8591203792
72.2001962613 10.8583339449
72.1996872549 10.8577519664
72.1992348058 10.8572346542
72.198777933 10.8567776342
72.1982972084 10.8562279953
72.1974033814 10.8550426664
72.1969381464 10.8542820265
72.1969085843 10.8541331303
72.1968871028 10.8541205132
72.1965351932 10.8537181716
72.1959861256 10.8530323344
72.1951472217 10.8518408756
72.1945981586 10.8511550491
72.1940608923 10.8503084597
72.1936123753 10.8497375926
72.1932259264 10.8490634378
72.1926344592 10.8482129751
72.1922480098 10.8475388274
72.1917531564 10.8468569108
72.1913125062 10.846178883
72.1907831048 10.8452251509
72.1903424551 10.8445471309
72.189871186 10.8435437067
72.1894344661 10.8428121084
72.1890440872 10.8421915721
72.1885068265 10.8413450366
72.1881203783 10.8406709211
72.1875407061 10.8396597518
72.187103987 10.8389281728
72.18676388 10.8383651235
72.1865478852 10.8375954998
72.1862973294 10.8365540664
72.186042842 10.8355662214
72.1858307654 10.8347430205
72.1853712611 10.8335788957
72.1849463149 10.8326865863
72.1843477731 10.8311893161
72.1839424538 10.8300290936
72.1835292799 10.8289760469
72.1831121767 10.8279765908
72.1826330252 10.8270804273
72.182045484 10.8261765086
72.1815042872 10.8253836435
72.1810290612 10.8244339129
72.1804957143 10.8235338909
72.1798964025 10.8227907446
72.1793434375 10.8221586506
72.1787983228 10.8214193927
72.1782029398 10.8206226776
72.1775690599 10.8196077579
72.1774496397 10.819006711
72.177117372 10.818336569
72.1771526782 10.8178543255
72.1771031338 10.8170428303
72.1769295142 10.8164379095
72.1763804757 10.815752263
72.175785093 10.814955579
72.1752863268 10.8143274009
72.1744741865 10.8135152169
72.1739290781 10.8127760058
72.173399656 10.8118224747
72.17285847 10.8110296932
72.172212829 10.8101755815
72.1721847285 10.8101339773
72.1720195549 10.8099697927
72.1715539714 10.8096335133
72.1713148808 10.8094863622
72.1709969596 10.8092906929
72.1704770416 10.808859639
72.1700265054 10.8087365152
NaN  NaN
73.6699537216 10.8168751618
73.6708686326 10.8166922154
73.6709296392 10.8166962452
73.6710208963 10.816672717
73.671811078 10.8166138486
73.6728944613 10.8166483859
73.6738287626 10.8166730735
73.6750314469 10.8166044152
73.6759086395 10.8163661672
73.6767162669 10.816049275
73.677228647 10.8159826628
73.6772442721 10.8159836947
73.6782136631 10.8162099474
73.6789434393 10.8163392517
73.6796677632 10.8165493257
73.6805663879 10.8166086445
73.6813016297 10.8166571756
73.6813426682 10.8166567655
73.6823691056 10.816646504
73.6831043562 10.8166950316
73.6836054318 10.8165658393
73.6853537519 10.816194426
73.6861816154 10.8160867896
73.6869223342 10.816054533
73.6878209978 10.8161138275
73.688392878 10.8161515599
73.6884864716 10.8162008562
73.6893275221 10.8162101149
73.6894595102 10.8162131396
73.6912120016 10.8162533044
73.6929276556 10.8163664796
73.6939757571 10.8164356145
73.6945616293 10.8164742583
73.6963590201 10.8165928062
73.6977533772 10.8166036256
73.6984849539 10.8164952255
73.6986285087 10.8164987697
73.6991135253 10.8165122763
73.6997573014 10.8164683266
73.7007166673 10.8161242885
73.701598988 10.8158121909
73.7020264807 10.8155811833
73.702697547 10.8150700082
73.7032219726 10.8145121327
73.7034754867 10.8140845081
73.7037016583 10.8135069667
73.7037687631 10.8130670516
73.7038259205 10.812219172
73.7038756196 10.8114818848
73.7038186245 10.8112905414
73.7033953412 10.8107775445
73.7030424248 10.8104580629
73.7023589665 10.8100427433
73.7011983405 10.8094848956
73.7003657781 10.8090597527
73.6991629247 10.8085731806
73.6983925085 10.8083372705
73.697179735 10.8079981519
73.6962179742 10.8078236815
73.6954773978 10.8077008159
73.6948113801 10.8075828629
73.6945036567 10.807466563
73.6944580854 10.8073772141
73.6938634367 10.8072272739
73.6928693763 10.806976619
73.6921064404 10.8066301231
73.6914876454 10.8063671803
73.6910154745 10.8061509283
73.6908392392 10.8060634782
73.6905735623 10.8058719843
73.6898115651 10.8057664472
73.6887005912 10.8052064141
73.6876822078 10.8044902227
73.6864187701 10.8037578819
73.6853895135 10.803203245
73.6837830187 10.8026916895
73.682590415 10.8021262891
73.680842373 10.8012808864
73.6795572225 10.8008716473
73.6776948631 10.8005054799
73.6756582737 10.8002900727
73.6736162642 10.8001554213
73.6719826764 10.8000476914
73.6693417302 10.8002791304
73.6668532742 10.8006828391
73.6651979536 10.8008981179
73.6630198927 10.8015656122
73.6616204238 10.8028522998
73.6599377476 10.8046881016
73.6593658958 10.8058671374
73.6590390554 10.8070623452
73.6585278065 10.8086940151
73.6583993223 10.8105956335
73.6583663935 10.8122969633
73.658464252 10.8132768615
73.6588125998 10.8141921933
73.6595748017 10.8150537569
73.6604241465 10.8158399642
73.6612027345 10.8164592587
73.6620216191 10.816810929
73.6621389399 10.8168613126
73.6623189717 10.816938627
73.6627497288 10.8170062202
73.6631777389 10.8170733814
73.6632120095 10.8170787589
73.664192194 10.8171435265
73.6659075324 10.8172568617
73.667067476 10.817090124
73.6683036535 10.8170095398
73.6699537216 10.8168751618
NaN  NaN
72.647077403 10.5778048552
72.6473449105 10.5775743418
72.6473888949 10.5776079274
72.6477495798 10.5775365681
72.6481790211 10.5773264534
72.6487650732 10.5768533622
72.6491719917 10.5764706542
72.6496500875 10.576058597
72.6500593799 10.5756418348
72.650372594 10.575115875
72.6506514054 10.5745875622
72.6509278385 10.5740932955
72.651381024 10.5735426815
72.6516254268 10.5730120115
72.6518306764 10.572547087
72.6520110215 10.5719436179
72.6522720364 10.5711746054
72.6526137181 10.5702400468
72.65280592 10.5694663296
72.652873553 10.5689920003
72.6529874518 10.5683497774
72.6530444129 10.567532613
72.6530672533 10.5672049245
72.6530475851 10.567161103
72.6528174636 10.566495394
72.6525944581 10.5657275407
72.6521816533 10.5647072628
72.652029819 10.5639100633
72.6519254297 10.5634239965
72.6519242431 10.5629449726
72.6517557959 10.5623861138
72.6515161734 10.5618566098
72.6513951752 10.5616088823
72.6509811775 10.5611016911
72.6504568647 10.5606896037
72.6500654102 10.5603550032
72.6495458437 10.5598748231
72.6490780632 10.5594688191
72.6484423713 10.5591653689
72.6477414008 10.5588096484
72.6471365057 10.5585631124
72.6465399394 10.5582783371
72.645318887 10.5581950004
72.6450277404 10.558113922
72.6446361444 10.558087201
72.6437511799 10.5578899782
72.6430406019 10.5576704473
72.6424723791 10.5573922137
72.6409005889 10.5566350022
72.6398163626 10.5563215586
72.6387736638 10.5559083259
72.6378733193 10.5554363953
72.6371497275 10.5549081164
72.6364332565 10.5542777058
72.6357120461 10.5537153879
72.634729877 10.5529300278
72.6337334835 10.5523489385
72.6327169318 10.5515612424
72.6320621681 10.5510376803
72.6316707345 10.5507031182
72.6311296442 10.5502192186
72.6309362832 10.550169498
72.630139214 10.5497046417
72.6293492656 10.5491376584
72.6285616946 10.5485366359
72.6279069701 10.5480130909
72.6271882007 10.547416769
72.626535855 10.5468591885
72.6259202807 10.5462699144
72.6249405883 10.5454505754
72.6244258352 10.5449023924
72.6238838022 10.5442497401
72.623305006 10.5436287862
72.622588634 10.5429984501
72.6221794429 10.5424232776
72.6218952198 10.5421003146
72.6214669799 10.5411859259
72.6207732878 10.5402828661
72.6199720275 10.539372475
72.6196771989 10.5393523647
72.6195985371 10.539244675
72.6183298987 10.5388372452
72.6174544875 10.5389914633
72.6166495755 10.5396853104
72.616167375 10.5404011648
72.6161277654 10.5405219512
72.6153836666 10.5416266131
72.6151722463 10.5431096819
72.6150999685 10.5441468304
72.6149189676 10.5444782763
72.6147372013 10.5455355089
72.6145887801 10.5476646569
72.6150634685 10.5501572523
72.6153304114 10.5525287104
72.6162798821 10.5544119831
72.6174519208 10.5562035165
72.6184533819 10.5573416112
72.6197478627 10.5589276138
72.6205416137 10.5599445719
72.6220364059 10.5617582367
72.6238649332 10.5649853695
72.6249591482 10.5663438315
72.6260533691 10.5677023076
72.6271327314 10.569273732
72.6284049668 10.571179288
72.6293470097 10.5731692661
72.6303966361 10.5751666245
72.6313684167 10.5767307722
72.6325553814 10.5783096565
72.6338722602 10.579576508
72.6352040297 10.5806304322
72.6365432522 10.5815778956
72.638550388 10.5822501123
72.6403017016 10.5819419736
72.6422831035 10.5814355807
72.6431959545 10.5807491071
72.6443388739 10.579864381
72.6450365175 10.579163171
72.6462795967 10.5783922501
72.647077403 10.5778048552
NaN  NaN
73.6459362487 10.0533689582
73.644459153 10.0531193117
73.6429457164 10.05344872
73.6419699648 10.0537055963
73.6412000308 10.0540808548
73.6401879176 10.0549167658
73.6388738963 10.0563153198
73.6375598606 10.057713846
73.6366905041 10.0588227398
73.635827755 10.0598263413
73.6349118931 10.0608266496
73.633727189 10.0618631819
73.6326486878 10.0629062568
73.6312515522 10.0639296261
73.6303755212 10.0651437035
73.6296388043 10.0658379579
73.6290082926 10.0665387709
73.6280459034 10.067430426
73.6268976942 10.0687333068
73.6260979155 10.0695821478
73.6251189385 10.070736939
73.6244087822 10.0718555037
73.6241738722 10.0722040377
73.62386011 10.0725241188
73.6231199795 10.0732709352
73.6225989081 10.0739256166
73.6215102795 10.075126411
73.6214373199 10.0762843706
73.6219120163 10.0772120284
73.6220672522 10.0775348627
73.6223833952 10.078192326
73.622336984 10.0797746573
73.6222739464 10.0807747173
73.6222607068 10.0826761458
73.6220482849 10.0843538777
73.6217429024 10.0858144885
73.6214088336 10.087313135
73.6213711136 10.0874823419
73.6211586563 10.0883146199
73.6208266908 10.0893508506
73.6207005138 10.0905055123
73.6206506899 10.0912950254
73.6201924988 10.0934859042
73.6200596421 10.0947458278
73.6199898557 10.0958511409
73.6199134126 10.0970617217
73.6198203392 10.0985354717
73.6200027824 10.0998677925
73.6199727697 10.1011869357
73.6200029475 10.1012574495
73.6200013373 10.1018699338
73.6202158825 10.1031529068
73.6205874918 10.1038639644
73.6211184995 10.1047423686
73.621490172 10.1056108876
73.6224294444 10.106778847
73.6230500442 10.1079270359
73.6242249435 10.1095852185
73.625459617 10.1111414462
73.6264685283 10.1128950461
73.6278194291 10.1142999997
73.6289845064 10.1152706817
73.6303620587 10.1162545663
73.6317429557 10.1171858239
73.6327453868 10.1181992773
73.6340100857 10.1192818722
73.634853177 10.1202854484
73.635443842 10.1219075032
73.6363600343 10.1225985624
73.6366652751 10.1236744457
73.6371928185 10.1254511475
73.6376707339 10.1263263844
73.6381055198 10.1270404061
73.6387925876 10.1279814946
73.6394896521 10.1287646688
73.6401502532 10.1292813454
73.6420358271 10.1306668637
73.6426831156 10.1313941149
73.6433468801 10.1327037287
73.6433598268 10.1341842962
73.6439835887 10.1361256273
73.6446773356 10.1369614924
73.6461746305 10.1377416207
73.6469910991 10.1391664769
73.6478042333 10.1406439893
73.6484281988 10.1417397969
73.649543646 10.1426547725
73.6500646948 10.1436913444
73.6508149276 10.1444779198
73.651458907 10.1452578921
73.6525212497 10.1461695928
73.6533079491 10.1472227146
73.6538290017 10.1482593193
73.6540944115 10.1491214688
73.6546454846 10.1496842774
73.6552430183 10.1503556835
73.6558472258 10.1509218032
73.6563816244 10.1517478497
73.6566672337 10.1524361913
73.6566775166 10.1524471648
73.6576169161 10.1536155433
73.6586194608 10.1546292987
73.6595026615 10.1550013835
73.6602464945 10.1550476688
73.6607878161 10.1549227869
73.6614454102 10.1546465733
73.6619205037 10.153883305
73.6621763949 10.1532121073
73.6622862299 10.1523204011
73.6624425202 10.1515372942
73.6624958793 10.1506949297
73.6626056991 10.1498032217
73.6629447064 10.1486614866
73.6632803709 10.1475723956
73.6636758239 10.1463813068
73.6641243958 10.1451935135
73.6646558927 10.1443808578
73.665074458 10.1436668898
73.6656657393 10.1427522256
73.6657755039 10.1418604965
73.6659750338 10.140392927
73.6660291885 10.1399529229
73.6658389372 10.1394361508
73.6658789017 10.1388043632
73.6659188631 10.1381725762
73.6659291772 10.1380095085
73.6657205613 10.137429304
73.6656038778 10.1368023438
73.6651271656 10.1356882439
73.6648791521 10.1346658142
73.6644609715 10.1326257993
73.6641350863 10.1315985449
73.664001089 10.1312854038
73.6640408151 10.1310729017
73.6640907325 10.1302831759
73.664094172 10.129384857
73.6638386263 10.1283647559
73.6633539349 10.1275947134
73.6630850767 10.1267852122
73.6626037116 10.1259625288
73.6619762738 10.1249193704
73.6613056889 10.1237149813
73.6604956817 10.1221848303
73.6601869901 10.1211614668
73.659632624 10.1198057523
73.6591645536 10.1187725149
73.6584873115 10.1176734595
73.6576340811 10.1168277618
73.6571526459 10.116439769
73.6569935437 10.1159730696
73.6565897624 10.1149410645
73.656112998 10.1138270814
73.655850301 10.1130362096
73.6554465128 10.1120042186
73.6548286512 10.1106491312
73.654638927 10.109940251
73.6543421894 10.1084501653
73.6540989516 10.107350688
73.6538751772 10.1059425914
73.6538703351 10.104780435
73.6538726822 10.1041476602
73.6538215544 10.1039651194
73.6538469702 10.1032679868
73.653785594 10.1029905805
73.6535958478 10.1022817155
73.6536299052 10.1017416271
73.653513136 10.1011147408
73.6534790751 10.1004155212
73.6533623013 10.0997886369
73.6532552547 10.099007442
73.6531433409 10.0983034041
73.6531773859 10.0977633175
73.6531384475 10.0971412566
73.6530216637 10.096514376
73.6529778598 10.0959694704
73.6529362925 10.095452415
73.652912273 10.0953801153
73.6525982397 10.0946091082
73.6522534187 10.0938035216
73.6518942166 10.0927029599
73.6517258793 10.0917122454
73.6515842224 10.0908212137
73.6514466617 10.0898650846
73.6513070472 10.0889415078
73.6512503767 10.0883472743
73.6511375336 10.0880387557
73.6511034217 10.0873395513
73.6507773705 10.0863124695
73.6506069988 10.0852950221
73.6503539236 10.0843499157
73.650115416 10.0831733516
73.6497942046 10.0820691313
73.6495556849 10.0808925743
73.6493901449 10.0797979874
73.6492975836 10.0787853678
73.6492877105 10.0777004074
73.6492048448 10.0765334842
73.6492727975 10.0754533362
73.6492677556 10.0742912243
73.649228536 10.0724299227
73.6492331756 10.0711135049
73.6492232515 10.0700285486
73.649319577 10.0674206458
73.6495839946 10.066594487
73.6496898611 10.064909886
73.649759326 10.0638043663
73.649676066 10.0625837244
73.6497287787 10.0608958447
73.6494495889 10.0593988777
73.6493861327 10.0578623794
73.6489442865 10.0564082372
73.6480478184 10.0554016871
73.6471048555 10.0542865838
73.6459362487 10.0533689582
NaN  NaN
73.0626942183 8.32895344097
73.0644923684 8.32862658684
73.0676028539 8.32912959511
73.0697877893 8.32949899209
73.0718216673 8.3295224825
73.0732331664 8.3284992721
73.0740482486 8.32752886554
73.0763088261 8.32807116869
73.0779504886 8.32908747775
73.0790362732 8.32939850886
73.0806474575 8.32939951542
73.0818673666 8.32878842579
73.0830872779 8.32817732261
73.084266671 8.32832434964
73.0846900289 8.32834680234
73.0849600538 8.32796343259
73.0852155882 8.32741379832
73.0852516024 8.326739888
73.0851868571 8.32583536202
73.0852408675 8.32482449648
73.0852828709 8.32403826637
73.084690313 8.32242995462
73.084150518 8.32195080635
73.0830529393 8.32132946786
73.0827326652 8.32097459207
73.0816171016 8.32069020905
73.0806083027 8.3205241171
73.0795167528 8.31979047652
73.078567955 8.31850125014
73.0779514168 8.3173422715
73.0773348778 8.31618330019
73.077084116 8.31479453372
73.0757916719 8.31307085709
73.0742977075 8.31087994257
73.0728037453 8.30868906396
73.0711235543 8.30522132786
73.0703994312 8.30290234561
73.0695772758 8.30083160237
73.0684394018 8.29832184194
73.0682538605 8.29544015081
73.0682815035 8.29332994235
73.0684026245 8.29105574395
73.0682476816 8.28918928874
73.0682931719 8.28674216491
73.0688855533 8.28516859472
73.0689878672 8.28494039888
73.0694507406 8.28477966343
73.0697984587 8.2830242193
73.0691669656 8.28214620711
73.068046177 8.28090450477
73.0669920116 8.28000419449
73.0647991679 8.27819913815
73.0634248094 8.27694409981
73.0622150473 8.27578222653
73.0615835775 8.27490427341
73.0603116848 8.27331683756
73.0591819956 8.27224369015
73.0578877345 8.27107741164
73.0562688041 8.26964063954
73.0544052645 8.26802206906
73.0540845081 8.26783508053
73.0537200217 8.26722936561
73.0510117105 8.26396160958
73.0507019369 8.26365655717
73.0505710158 8.26335074683
73.0498863356 8.26187889617
73.0486542443 8.26113829165
73.0471596474 8.26055276115
73.0454826016 8.26021097452
73.0439567263 8.26021496781
73.0419282139 8.26010799308
73.0399708255 8.26025811157
73.0381690716 8.26066977084
73.0366253622 8.26101057754
73.0351706585 8.26127161873
73.03471031 8.26155450566
73.034357326 8.26156290003
73.0313858987 8.26165942565
73.0284721702 8.26226563116
73.0264925802 8.26283666883
73.0233209129 8.26351360961
73.0209098657 8.2642306723
73.0192184001 8.26512411185
73.0188395578 8.26511404473
73.0175939832 8.26516082766
73.0162058451 8.26576299404
73.0153751774 8.26650718833
73.0149141212 8.26740871163
73.0133202242 8.26830482593
73.0117363532 8.26940318513
73.0115280437 8.26972149083
73.0104892353 8.27007306862
73.0097592918 8.27104768881
73.0093494419 8.27237697144
73.0088268943 8.27370028493
73.0081029093 8.27456261225
73.0076587116 8.27534143377
73.0076042864 8.27543685829
73.0074317329 8.2765535159
73.0073718547 8.2776761369
73.0070751096 8.27849993594
73.0069739153 8.2787808588
73.0068283683 8.27939200386
73.0066826614 8.2800038032
73.0066167645 8.28123868095
73.0068121768 8.28181192502
73.0069536587 8.28339552756
73.0072497644 8.28419926987
73.0072167033 8.2848185459
73.0071658534 8.28577093746
73.0070999112 8.28700581793
73.0070339593 8.28824069776
73.0070285702 8.28834159365
73.0069859879 8.28913879147
73.0071453924 8.2903856198
73.0071921008 8.29162647572
73.0071876352 8.29171005515
73.0071081132 8.2931981412
73.0068754129 8.29543739801
73.0068093923 8.29667227569
73.0067493646 8.29779489186
73.0072647839 8.29872288652
73.0081062659 8.29989335537
73.0090140232 8.30046072413
73.0095306126 8.3015519036
73.0103262258 8.30252294594
73.0113777517 8.30314764419
73.0118869985 8.30345018168
73.0137993759 8.30414277861
73.0150931183 8.30530917626
73.0158836432 8.30594437977
73.0165559128 8.30648456373
73.0177921887 8.30714129125
73.0181178443 8.30725031505
73.019291053 8.30764308243
73.0202557654 8.30862317069
73.0217501537 8.30920917798
73.023089025 8.30953359829
73.0239782505 8.31034081371
73.0249475015 8.31123672986
73.0264374377 8.31190696564
73.027989389 8.3130027354
73.0291142057 8.31416028268
73.0301905541 8.31463968395
73.0314449856 8.31495964674
73.0326498546 8.31620592252
73.0352422072 8.31845486659
73.0368697755 8.31972363916
73.0385018711 8.32090821732
73.0408993268 8.32204901727
73.0431187322 8.32334928465
73.045182621 8.32438794241
73.046912887 8.3253244315
73.0489227239 8.32737374612
73.0489543309 8.32740878014
73.0503709084 8.3280203855
73.0527107847 8.32865148288
73.0548788027 8.32884419014
73.056549059 8.32812030331
73.0579773829 8.3283650903
73.0593831796 8.32903099966
73.0610696962 8.32920503354
73.0626942183 8.32895344097
NaN  NaN
71.9009110326 12.2853190254
71.8989985852 12.284996528
71.897902794 12.2849897555
71.8965348268 12.2852095491
71.8956624178 12.2855528685
71.8947062562 12.2858893207
71.8934639622 12.2866170866
71.8922216675 12.2873448352
71.8914679298 12.2882784961
71.8913450868 12.2886772723
71.8911189896 12.2894112183
71.8907491028 12.2907910721
71.8902396118 12.2918276759
71.8892827968 12.2953783329
71.8892198749 12.2961210438
71.8888223703 12.300811968
71.8900316377 12.3071377411
71.8914035034 12.311544585
71.89104171 12.3158091222
71.8899934808 12.3204466805
71.8873919451 12.3253859249
71.8865585762 12.3281459807
71.8860999551 12.3287391078
71.8856181056 12.3294460602
71.8853805425 12.3302560438
71.8850592082 12.3310591381
71.8845493224 12.3320955771
71.8839973918 12.3336262588
71.8836550125 12.3346764617
71.8833126238 12.3357266601
71.8832355376 12.336632779
71.8832467715 12.336753566
71.8829713481 12.3372545187
71.8823556772 12.341927387
71.8821369467 12.3470623533
71.8830560245 12.3516469602
71.8835527701 12.3542926129
71.8834696894 12.3549324577
71.8831064095 12.3591967493
71.8827975149 12.3628213888
71.8823794436 12.3677252977
71.8820521327 12.3715631291
71.8817974827 12.3745481022
71.8815973531 12.3768934343
71.8811322319 12.3785523134
71.88096328 12.3787972003
71.8809094792 12.3789336914
71.8808308435 12.3792855181
71.880765289 12.3800531837
71.8806997294 12.3808208482
71.8803127037 12.3822835117
71.8801648831 12.3827866916
71.8801080506 12.383451998
71.8799816723 12.3843177164
71.8798985974 12.3852900864
71.8798067689 12.3863648106
71.8797105587 12.3874907114
71.8796449561 12.3882583709
71.8795443557 12.3894354479
71.8795391049 12.3907234794
71.8795557171 12.3917556257
71.879658931 12.3930010844
71.8798925005 12.3939480844
71.8804773256 12.3950787348
71.8811185822 12.3961625171
71.8819811958 12.3971099836
71.8831172291 12.3979254346
71.8842401447 12.398894429
71.8854195075 12.399816557
71.8861379711 12.4002796227
71.8869535595 12.4006240103
71.8877005083 12.4007687106
71.8887543988 12.401270618
71.8890034799 12.4012912061
71.8901926137 12.4020347752
71.8925867624 12.4026474753
71.8946669926 12.4029853342
71.896677564 12.4031514971
71.8974456184 12.403049041
71.8980618818 12.4025369807
71.8981319437 12.4025381697
71.8982724825 12.4023829207
71.898824452 12.4018477737
71.9003472915 12.4008120705
71.9017722672 12.3999341871
71.9026037249 12.3990902307
71.9032394628 12.398561967
71.9040568376 12.3978827616
71.9047693181 12.3974437883
71.9058105336 12.3961193048
71.9067046442 12.3955293704
71.9073333341 12.3950834556
71.9080166949 12.3949486171
71.9106041373 12.3927976138
71.9136226483 12.3906843645
71.9167852063 12.3894419323
71.920417764 12.3878086279
71.9230571427 12.3850194644
71.9240515873 12.3835980334
71.925118677 12.3813234798
71.9264304884 12.378152286
71.9264848588 12.3775139369
71.9265277827 12.375028177
71.9266260099 12.3738745945
71.9264868663 12.3725355212
71.9260335726 12.370921668
71.9259087998 12.3684221307
71.9257415669 12.3674126647
71.9256374336 12.3656616169
71.9255195893 12.3630796982
71.9256667861 12.3613493348
71.9259745365 12.3597151489
71.926072641 12.3585615695
71.926170735 12.3574079895
71.9263318685 12.3555128203
71.9263741635 12.3540227556
71.9263746732 12.352031412
71.9261237879 12.350019414
71.9259704451 12.3488451788
71.9258661003 12.3470941577
71.925803525 12.3458444131
71.9253360033 12.3443954629
71.9249452631 12.3430358004
71.9241775743 12.3411473532
71.9235214724 12.3399318631
71.9231377096 12.3384898315
71.922949487 12.3367319772
71.9227752362 12.3348093357
71.9224892077 12.33320941
71.9225173146 12.3318841865
71.9222873054 12.3286294649
71.9220781093 12.3261231985
71.9217989932 12.324440906
71.9213243564 12.3230744616
71.9210032934 12.3218865593
71.9208427927 12.3207948
71.9203751245 12.3193459801
71.9200121805 12.3176568518
71.9198586415 12.3164827107
71.919837128 12.3163756519
71.9194313191 12.3156240685
71.9190822748 12.3147657779
71.9187122785 12.3141546743
71.9184051314 12.3128020241
71.9176372049 12.31190941
71.9175604264 12.3108245539
71.917057788 12.3097877642
71.9168623181 12.309108017
71.916275904 12.3080643721
71.9155079845 12.3071717889
71.9150960968 12.3060594945
71.9147540174 12.3051188548
71.91419552 12.3037456673
71.9134764574 12.302276371
71.9129319074 12.3007384211
71.9126595857 12.2989738938
71.9118497643 12.2975801637
71.9106979047 12.2962413948
71.9100556202 12.2948614118
71.90886883 12.2929390885
71.9079124127 12.2912845322
71.9075563606 12.2905087425
71.9068163636 12.289286726
71.9055877506 12.2878587992
71.9043173156 12.2869252103
71.9027729129 12.2859644725
71.9024745341 12.2857788577
71.9009110326 12.2853190254
NaN  NaN
72.0956255339 11.1924043334
72.0947360644 11.1900818971
72.0934228468 11.1853212411
72.0923328131 11.1816301932
72.091053556 11.1764209559
72.0905009799 11.1736724092
72.0891760749 11.1690616137
72.0876163682 11.1635310111
72.0871317831 11.1598851359
72.0861623923 11.1525934709
72.0847990889 11.1464760841
72.0830306963 11.1416825473
72.0815577806 11.1390166706
72.0796872803 11.1355694158
72.0775139386 11.132099848
72.075586776 11.1294005625
72.0726945154 11.1273819862
72.0693481105 11.1253298815
72.066247955 11.1240479736
72.0626710271 11.1230316048
72.0595597178 11.1218992677
72.0545751589 11.12138032
72.0511539735 11.1223303146
72.0484217053 11.1242334341
72.044236239 11.1272318631
72.0431238358 11.1281774467
72.0430000571 11.1284994529
72.0421409968 11.1297891687
72.0407937157 11.1314938153
72.0390414436 11.1345217243
72.0376713724 11.1365253296
72.0365699447 11.1389999043
72.034597885 11.1429135245
72.0334963171 11.145387997
72.0315922828 11.1484043395
72.0301764494 11.1510057602
72.0284122624 11.1541827046
72.0268221399 11.1570717886
72.0263941187 11.1586939342
72.025477756 11.1607308595
72.0242699842 11.1625957461
72.0220969089 11.1651406139
72.0199465778 11.1673863833
72.0178076104 11.1694825705
72.0162399013 11.1720722469
72.014869152 11.1740751305
72.0131849287 11.1755739197
72.014056081 11.1754835609
72.0135858235 11.1759399779
72.012226376 11.1777932841
72.0110296988 11.1795083304
72.0096587712 11.1815110587
72.0080307379 11.1828932115
72.0062284599 11.184563027
72.0044403909 11.188037951
72.0029179311 11.1900291999
72.0012783649 11.191560651
72.0009439979 11.1939411352
72.0016093896 11.1951934983
72.0041943253 11.1952360202
72.0063937641 11.1943476911
72.0097814504 11.1938486253
72.0127721772 11.1925681412
72.0148431356 11.1913693671
72.0192078738 11.190040766
72.0225128808 11.1886330717
72.0254808512 11.1876512574
72.028240362 11.1874056689
72.0375935154 11.1885531046
72.0472273507 11.1900219457
72.0589706149 11.1917978461
72.0671143396 11.1928546039
72.0700334274 11.193685185
72.072661495 11.194904272
72.0745504218 11.1960975578
72.0779082341 11.198001707
72.0803574409 11.1998383399
72.082783892 11.2019741481
72.0851989883 11.2042595753
72.0877541874 11.2067058916
72.0904494984 11.209313107
72.0917930488 11.2116694208
72.0936397843 11.2154170623
72.0941516419 11.2164240255
72.0948318537 11.217762198
72.0959066876 11.2196473476
72.0968757079 11.2209229139
72.0977275036 11.2217384682
72.09832201 11.2219331438
72.1001397941 11.2220684102
72.1020032595 11.2216053131
72.1028862288 11.2200161807
72.1028944995 11.2179106593
72.1024878104 11.216786253
72.1023912521 11.216519293
72.102399478 11.2144137824
72.1019418293 11.2124240781
72.1020558686 11.2109281914
72.1016323868 11.2084897403
72.1002055406 11.2052245801
72.0986385988 11.2017986397
72.0974690757 11.1991544356
72.0969885222 11.197464013
72.0969281839 11.1962560953
72.0972257198 11.1959729398
72.0965149896 11.194726796
72.0956255339 11.1924043334
72.1787813706 11.4913483339
72.1767503371 11.4911944006
72.1748820803 11.4911367692
72.1735215897 11.4911176161
72.171360482 11.4915416147
72.1689520368 11.4918628508
72.1662832565 11.4922482821
72.1631784079 11.4927685337
72.1613558791 11.4932180725
72.1603014232 11.4936418947
72.1589931215 11.4940464446
72.1577629309 11.4945408773
72.1563570033 11.4951059269
72.1552895383 11.4956966499
72.154391302 11.4963002074
72.1532782473 11.4974752167
72.1522693371 11.4984062129
72.1515207735 11.499273
72.1500952994 11.5000883629
72.1490994024 11.500852371
72.1488207663 11.5011870609
72.148599985 11.5012510284
72.1479359546 11.5021241989
72.1473304626 11.5033376678
72.1469657804 11.5047373557
72.1465945615 11.5062205064
72.1465068917 11.507342734
72.1464706653 11.507806416
72.146281697 11.5091354841
72.146193926 11.509431625
72.1458192811 11.5106956538
72.1450575022 11.511729267
72.1444780061 11.512608803
72.1434101403 11.5142908216
72.1427198961 11.5154977658
72.1424853814 11.5163195562
72.1418927922 11.517365989
72.1411959841 11.5186563711
72.1407753287 11.5194093428
72.1404212424 11.5199316966
72.1403815799 11.5201840701
72.1399647403 11.5211598893
72.1395478917 11.5221357015
72.1391506306 11.5228611152
72.1387402997 11.5237534538
72.1385576844 11.524998975
72.1384662102 11.526167475
72.1383877967 11.5271690453
72.1383028394 11.5282540788
72.1382244102 11.5292556486
72.1383217514 11.530186647
72.1383994763 11.531368039
72.13848373 11.5324659687
72.1385352834 11.5339812219
72.1385156665 11.5342316142
72.1384633538 11.5348993285
72.1383521787 11.5363182184
72.1382802343 11.5372363238
72.1380778715 11.5387322247
72.137810495 11.5399712782
72.1375431059 11.5412103291
72.1373925989 11.5431299911
72.1376979121 11.5446646097
72.1377624326 11.5460129399
72.1376707841 11.5471814314
72.1374814058 11.5485103928
72.1373700907 11.5499292724
72.1371937833 11.551091302
72.1370889909 11.5524267159
72.1375503715 11.5541412038
72.1382006508 11.5556182331
72.1390851565 11.5573650512
72.1399243455 11.5586046364
72.1409196939 11.5600240895
72.1418304135 11.5614370939
72.1426696129 11.562676716
72.1432876871 11.563479625
72.1445566168 11.5646681193
72.1455847652 11.5656702988
72.1464436493 11.5666595591
72.1471267092 11.5677193669
72.1478097709 11.5687791821
72.1484731636 11.5700894153
72.1487264748 11.5712003864
72.1488689103 11.5726387739
72.1494148555 11.5743599148
72.1499155083 11.5755737771
72.1505460794 11.5773014092
72.1513977627 11.579465822
72.152471221 11.5809754251
72.1535315587 11.5826519902
72.1545269436 11.5840716848
72.1554442495 11.5854014478
72.15705775 11.5876242232
72.1580662805 11.5888770209
72.1581919806 11.5890352444
72.1587098088 11.5891725915
72.1595884143 11.5899116036
72.1609617906 11.5908564172
72.1613259506 11.5916400768
72.1619893154 11.5929504996
72.1624505426 11.5946653703
72.1631073332 11.5960592919
72.1635882472 11.5975237507
72.1645967811 11.5987766452
72.1650842565 11.6001576463
72.165624284 11.6008708218
72.1663204842 11.6017639171
72.1672706561 11.6026764537
72.1682274054 11.6035055181
72.1694249964 11.6045209873
72.1705510816 11.6053630245
72.1719377295 11.6061410229
72.1730054624 11.6066426627
72.1743600426 11.6067463205
72.1755584511 11.6066700468
72.1764313557 11.6064008845
72.177656054 11.6059906537
72.1788026609 11.6054904474
72.1799689722 11.6047397658
72.1810374844 11.6041495699
72.1819300996 11.6036299
72.1834285044 11.6029885605
72.1847247575 11.6027517034
72.1865034309 11.6017957802
72.1878259519 11.6012249259
72.189317812 11.600666997
72.190568794 11.5999226514
72.1912598933 11.5987155348
72.1917750816 11.5975789641
72.1921990293 11.596519412
72.1923951949 11.5951064758
72.1925651151 11.5940275147
72.1930474719 11.593308392
72.1936013804 11.5927627196
72.1941749533 11.5919665562
72.1948200789 11.5913438416
72.1950395689 11.5909433527
72.1951639176 11.5905081172
72.195334306 11.5883372202
72.1951272331 11.585549546
72.1944187275 11.5826396314
72.1945043473 11.5804622867
72.1942260362 11.5764093019
72.1936940829 11.5712450862
72.1929080275 11.5660615646
72.1926286601 11.5641924305
72.1922646264 11.5623168556
72.1920048361 11.5601972556
72.1914714706 11.5583088066
72.1910423447 11.5561763354
72.1905285518 11.5540374332
72.1901189828 11.55165451
72.190295354 11.549400189
72.1904912797 11.5468953849
72.1907132737 11.5440566026
72.1908960485 11.5417187783
72.1915541902 11.5387451786
72.1918149884 11.5364972695
72.1920432864 11.5335749649
72.1920239983 11.5316417276
72.1919882802 11.5300954103
72.1917175211 11.5296192032
72.1914702163 11.5284245611
72.1914573812 11.526407841
72.1915812212 11.5248214496
72.1917441413 11.5227340919
72.1918679395 11.5211476976
72.1920047474 11.5193943134
72.1924084877 11.5174932099
72.1931898367 11.5151168176
72.1939776481 11.512656906
72.194693781 11.5100235582
72.1950973738 11.5081224011
72.1955725684 11.5063946449
72.195963096 11.5046604632
72.1964187306 11.5031831794
72.1968808485 11.50162239
72.1969718771 11.500453426
72.1970693966 11.4992009636
72.1964116506 11.4978072959
72.195819041 11.4966705404
72.1951222952 11.4957778706
72.193826593 11.4949238254
72.1926155422 11.4940761996
72.1914696425 11.4934854756
72.1903953899 11.4930681544
72.1887287132 11.4926059543
72.1870620603 11.4921437533
72.1855451922 11.4919448491
72.1837679505 11.4918101926
72.1820818612 11.4915984503
72.1802200362 11.4914573625
72.1787813706 11.4913483339
NaN  NaN
72.2648948901 10.0113036182
72.2626346748 10.0103151895
72.2609729851 10.0102052283
72.2588616994 10.0103433817
72.2571782795 10.0103708977
72.2553367404 10.0106658086
72.25369046 10.0105568214
72.2533836648 10.0105365099
72.2517096213 10.0104256746
72.2492638133 10.0092912086
72.2475155448 10.0082029408
72.244418933 10.0063307763
72.242298586 10.0066071557
72.2406896333 10.0076119962
72.2398803406 10.0092254689
72.2395081435 10.0105900398
72.2381035483 10.0127197233
72.2367548774 10.0140195481
72.2358619753 10.0147938813
72.2350152645 10.0169604602
72.234689144 10.0197172239
72.2348094474 10.0220868411
72.2353668698 10.0242076305
72.2363240788 10.0266328134
72.2367880492 10.0301366667
72.2380889482 10.0336961267
72.2387109902 10.036932706
72.239463134 10.0403168885
72.2403827881 10.0432954614
72.240753732 10.0460986687
72.2412828577 10.0486345557
72.2422211248 10.0513366029
72.2435685454 10.0542048309
72.2445127623 10.0559334004
72.2449106626 10.0560949763
72.2458310701 10.0569898068
72.2473647778 10.0591758637
72.2485174057 10.0607808532
72.2503863674 10.0621556563
72.251808691 10.0639175754
72.2532216568 10.06581784
72.2550532092 10.0677459955
72.2578240089 10.0702924923
72.2602137527 10.0722578911
72.2629013595 10.0739652607
72.2669750617 10.0759038962
72.2692629359 10.077306808
72.2707781305 10.0797699621
72.2719860981 10.0826295766
72.2723942553 10.084880117
72.2729325579 10.0872783039
72.2746705246 10.0905902286
72.2763252317 10.0930628858
72.2791152054 10.0953333293
72.2804891203 10.0968046025
72.2806328171 10.0968397315
72.2837398455 10.0985754964
72.2864094312 10.1005600834
72.2886697062 10.1023784511
72.2908092115 10.1039108463
72.2930695663 10.1057292835
72.2959997633 10.1080093612
72.298874953 10.109034953
72.3008844299 10.110419801
72.3017959011 10.1114534868
72.3028188041 10.1129115808
72.3046605582 10.1147022759
72.306111694 10.1160499739
72.3089401673 10.1177675318
72.3109310193 10.1194292608
72.3122707985 10.1203526008
72.3134615786 10.1214050126
72.3157397952 10.1250320021
72.3164647365 10.1267483978
72.3170688481 10.1281787399
72.3185013081 10.1298033741
72.319924377 10.1315664107
72.3210681956 10.133310836
72.3220629794 10.1351843447
72.3229275335 10.1369101721
72.3242486197 10.1381104531
72.3255791272 10.1391723638
72.3276736962 10.1393121977
72.3290794997 10.1392670262
72.3295834938 10.1390579724
72.3298285838 10.1380315085
72.331165824 10.1364920229
72.3320883165 10.1353024139
72.3325730597 10.1343616263
72.3333840816 10.1327475012
72.3342044784 10.1309949648
72.334466267 10.1292051703
72.3348582837 10.1275630723
72.3350179464 10.1252103862
72.3351587922 10.1231344847
72.3352620595 10.121612155
72.3354028528 10.1195362503
72.3358791942 10.1166485746
72.3366159947 10.1140562628
72.3375486377 10.1106428452
72.3388063785 10.1086412219
72.3399057032 10.1069070718
72.3411165349 10.1055973763
72.3418249933 10.1034201214
72.3421051261 10.1013534038
72.3422455877 10.0992774011
72.3416878273 10.0971550079
72.3403671047 10.0938697869
72.339511318 10.0920056883
72.3389947309 10.0914852548
72.3386863643 10.0907555946
72.338447766 10.0900262377
72.3381549947 10.08938842
72.3378814261 10.0884664766
72.3376873894 10.0877876537
72.3373246787 10.0867646641
72.3369141967 10.0857385078
72.336732952 10.0848702763
72.336417998 10.0838504707
72.3361921772 10.08293172
72.3358230518 10.0820034591
72.3351929117 10.0806773517
72.3342925959 10.0787681971
72.3336502185 10.0781371583
72.332366122 10.0763838234
72.3308121323 10.0744736004
72.3300491583 10.0733109171
72.3286348044 10.0714100031
72.3261040303 10.0673500062
72.3252761601 10.0650710506
72.3248671059 10.0628198784
72.3237786471 10.060245695
72.3228017817 10.058095943
72.3227368314 10.0569796332
72.3226499591 10.0564172174
72.322295733 10.0559644336
72.3213680751 10.054550105
72.3206591708 10.053263024
72.3203094602 10.052586373
72.3192546282 10.051297637
72.3173908107 10.0497992865
72.3151297798 10.0479816131
72.3130176938 10.0460348479
72.3117151399 10.0445586911
72.3099195497 10.0420769928
72.3097892558 10.0412983938
72.309587321 10.0409635984
72.3087127223 10.039376852
72.3079497507 10.0382144661
72.3071867805 10.0370520899
72.3063028619 10.0356037532
72.3060702808 10.0348934437
72.3057074299 10.0340355342
72.3056639317 10.0339026907
72.3054354775 10.0337190474
72.3034630812 10.0317817748
72.3012022727 10.0299644344
72.300669732 10.0297252283
72.2968481257 10.0280086321
72.2935360449 10.0272335888
72.2905310997 10.0260619538
72.2882332836 10.0247981561
72.2852284714 10.0236265544
72.2818516886 10.0217355409
72.2796935788 10.020481047
72.2765867086 10.0187469157
72.2740473566 10.0169114183
72.2704104656 10.0147254313
72.2674433614 10.0130006585
72.2648948901 10.0113036182
NaN  NaN
71.8448577975 11.8354688557
71.8454573394 11.8331100215
71.8456037205 11.8313168459
71.8457988572 11.8289259426
71.8457755363 11.826718258
71.8454687534 11.8254907693
71.8451782175 11.8240640448
71.8442649551 11.822788523
71.8419203852 11.8216001491
71.840101043 11.8214560075
71.8380145605 11.8220927648
71.8340275221 11.8235814244
71.8316413591 11.8253973881
71.8276380941 11.8270850154
71.8226079419 11.8288915116
71.8182493573 11.8299491036
71.8148851596 11.8312859951
71.8105918645 11.8315465551
71.8073092241 11.8318872952
71.8034529241 11.8317814401
71.7992088314 11.8314442342
71.7955548439 11.83135433
71.7922399135 11.8320931781
71.7901864506 11.8323308579
71.7878983162 11.8329507712
71.7860143608 11.8336027873
71.7837099512 11.8344217823
71.7820117799 11.8352889608
71.7804830484 11.8365704915
71.7782664822 11.8387994882
71.77668874 11.8406783725
71.7752967062 11.8427724447
71.7740576975 11.8454799969
71.7734248368 11.8482358022
71.7725898389 11.8509754824
71.7719731978 11.8535321016
71.7709850574 11.8556582002
71.7700459386 11.8571868557
71.7693252292 11.8585324704
71.7688720101 11.8590976463
71.7674796125 11.8611914159
71.7667752174 11.8623378507
71.7661335663 11.8642095597
71.7657217529 11.8646782596
71.764580311 11.8661906615
71.7636245654 11.8679182984
71.7635725797 11.8679964478
71.7631437841 11.8686410413
71.7622318463 11.8700118918
71.7610247958 11.8723207073
71.7604239779 11.8746779173
71.7601781289 11.8776647764
71.7599158176 11.8808507544
71.7598227287 11.8844511292
71.7595766654 11.8874379745
71.7593633573 11.8900265695
71.7590350933 11.8940090149
71.7588052392 11.8967967211
71.7583732163 11.8995682419
71.7575369101 11.9023073843
71.756247014 11.9056114749
71.7560168998 11.9083991249
71.755753842 11.9115850045
71.755354383 11.9139582091
71.7550747398 11.9173431896
71.7539865307 11.9206633202
71.7529476123 11.9233860643
71.7523458025 11.925742985
71.7517604143 11.9279007763
71.7509728634 11.9300423263
71.7500490552 11.931371188
71.7499496528 11.9314709538
71.749184074 11.9319574834
71.7467138848 11.9337604644
71.743908452 11.936108243
71.7408382959 11.9381487213
71.7398104037 11.9388731722
71.7395890996 11.9389229517
71.7376384132 11.9403694778
71.7366486197 11.9424944821
71.7365398877 11.942643937
71.7356606329 11.9432851169
71.7341368497 11.9453003433
71.7329045858 11.947071759
71.7324588827 11.9491736468
71.731699548 11.9517847224
71.7314792383 11.9544391686
71.7318420419 11.956606124
71.7332609779 11.9591253543
71.7344544465 11.9610920214
71.7356246397 11.9617014858
71.735737795 11.9618553355
71.7371180717 11.9628302349
71.7375753839 11.9637419293
71.7387467926 11.9659741275
71.7402318609 11.9676971503
71.7427511139 11.9700379835
71.7447312715 11.9723354386
71.7467114566 11.9746329393
71.7486916717 11.9769304875
71.751728232 11.9795804525
71.7559805217 11.9839320429
71.7573995864 11.986451822
71.7585931761 11.988418922
71.7598088415 11.9901205542
71.7607769653 11.9915349754
71.7625539792 11.9930146204
71.7640613877 11.9944725517
71.7658384536 11.995952242
71.7668286994 11.9971012278
71.768044436 11.9988029868
71.7693264278 11.9997082296
71.7705642696 12.0011445123
71.7720938638 12.0023370384
71.7733538184 12.0035078353
71.7760062824 12.0042563194
71.7787029699 12.0044737404
71.7808603575 12.0046476611
71.7839151275 12.0038246206
71.7859574076 12.0021179541
71.7875485548 11.9993055902
71.7888699449 11.9964714443
71.7907967711 11.9928840089
71.7929490809 11.9898492882
71.7948536519 11.9865272116
71.7962187502 11.983161672
71.7976057621 11.9795305039
71.7986129274 11.9772054342
71.7996860573 11.9740836241
71.8008030916 11.9704306286
71.8012926989 11.9677965663
71.8016664561 11.9632818298
71.8028271025 11.9590975667
71.803360401 11.9559322904
71.8035580706 11.9535421017
71.804608608 11.9506856165
71.8058848415 11.9483818676
71.806555859 11.9468316046
71.8072926766 11.9444845754
71.8076500982 11.9434438444
71.8083210454 11.9418935394
71.8084794881 11.9399749159
71.8086660857 11.9396716036
71.8095600997 11.9380890175
71.8109707467 11.9357958678
71.8124837107 11.9341123952
71.8155550079 11.9283427994
71.8165635743 11.9272203908
71.8223239044 11.9147475049
71.8227748369 11.9129788515
71.8237299341 11.9106488906
71.8252137397 11.9074587649
71.8262055818 11.9046804965
71.8281890616 11.8991238494
71.8289553648 11.8972298604
71.829897854 11.8950491138
71.8306763607 11.8930056657
71.8308113514 11.8913620951
71.831007666 11.8889714442
71.8311794059 11.8868796213
71.8313388504 11.8849372123
71.8315350515 11.8825465518
71.8322107104 11.8798932806
71.8327101389 11.8775267505
71.8329843431 11.876044644
71.8334591953 11.873976929
71.8339585079 11.8716103632
71.834408792 11.8698414629
71.8347196355 11.8679110704
71.836307559 11.8615703907
71.8368677955 11.8584566385
71.8377190313 11.8555163858
71.8396707025 11.848452426
71.8399039999 11.8470594249
71.8398038909 11.8453484645
71.8404943659 11.8429613741
71.8424108421 11.840319552
71.8426640218 11.8399070404
71.8432473839 11.8377474965
71.8448577975 11.8354688557
NaN  NaN
74.1013097797 11.20431472
74.0990751567 11.2038124334
74.0968567618 11.2037881919
74.0947978564 11.2030701447
74.092197074 11.2031876194
74.0900167202 11.2028586034
74.0878116329 11.2027897203
74.0855097639 11.2027978886
74.0820771801 11.2029504912
74.0789737087 11.2035693632
74.076723563 11.2039691336
74.074507183 11.2045391492
74.0722808892 11.2051807813
74.0696261943 11.2060793434
74.0680749286 11.2060823927
74.0659707771 11.2071209002
74.0640265345 11.207886759
74.0620344126 11.2087046571
74.0598656353 11.209438609
74.0577466255 11.2103952928
74.0556527792 11.2112426718
74.0521961873 11.2131232197
74.0491785805 11.2152449594
74.0460089791 11.2176643227
74.0426013474 11.2202584195
74.0391958727 11.2221611249
74.0356133235 11.2239347375
74.0320069687 11.2264730399
74.0299440748 11.2279182367
74.0287472402 11.2288523567
74.0265433985 11.2304965687
74.0245762766 11.2316754588
74.0226603998 11.2327754041
74.0210256347 11.2341821419
74.0192115866 11.2354056621
74.0174373463 11.2367119095
74.0160804517 11.2374388316
74.0140903523 11.2390400702
74.0116787794 11.2406258498
74.0088216246 11.2434429763
74.0055513177 11.2458372962
74.0035587004 11.2474383417
74.0006861806 11.2502344452
74.0000566043 11.2511810551
73.9994286366 11.2519317346
73.9990180796 11.252403225
73.9974239403 11.2540728076
73.995932946 11.2558368475
73.9948210648 11.2578578368
73.9932712135 11.2595563274
73.9917035025 11.2612450191
73.9903093959 11.2630874627
73.9889509001 11.2649494165
73.9875900919 11.2668112751
73.9861455171 11.2686042784
73.9847516538 11.2704376916
73.9835859446 11.2724294267
73.9825181184 11.2744793676
73.9812997456 11.2764215787
73.9797226519 11.2781076109
73.9782390542 11.2799012216
73.9771010196 11.2818828918
73.9763803871 11.2840804305
73.9748930329 11.2857995202
73.9736736732 11.2877597635
73.972420868 11.2897005498
73.971009772 11.2922902108
73.9703270683 11.2931895403
73.9691405022 11.2952322439
73.9679398729 11.2981237183
73.9667263104 11.3014179248
73.9650567443 11.30595903
73.9642463106 11.3096916864
73.9634519227 11.3130014929
73.9630334358 11.3170639989
73.9628836724 11.3193557646
73.9626222911 11.3216405746
73.9628935737 11.3239096245
73.9632376894 11.3261840258
73.9636642393 11.3284529258
73.9646497931 11.3305201929
73.9654484936 11.3326854398
73.9664709765 11.3347452791
73.967280794 11.3368659422
73.9684857719 11.3387735152
73.9701436439 11.3401369183
73.9712892932 11.3418346925
73.9727014089 11.3436541409
73.9744632027 11.3450985062
73.9763406273 11.346457622
73.9783093332 11.34766057
73.9804946893 11.3484490399
73.9827029103 11.349132526
73.9847325893 11.3502478843
73.9869301541 11.35096689
73.9891601159 11.3516241709
73.9914256067 11.3520936353
73.9937384467 11.352260853
73.9960525186 11.3523988089
74.0001392407 11.3522056534
74.0033054054 11.3515433482
74.005525988 11.3508840439
74.00771867 11.350131169
74.009909402 11.3493691358
74.0120780555 11.3485363355
74.0141732738 11.3475516858
74.0162517284 11.3465325285
74.0183301161 11.3455133431
74.0204645959 11.3446226272
74.0225286228 11.3435644699
74.0245902428 11.3425084755
74.0267027697 11.3415424111
74.0287067521 11.3403915539
74.0307849931 11.3393722116
74.0329670909 11.3385914918
74.03551105 11.337571261
74.0376703516 11.3367354789
74.0397985119 11.3358262346
74.0419107336 11.3348622535
74.0440111527 11.3339067604
74.0460493999 11.3328021696
74.0481444676 11.3318103365
74.0501974758 11.3307333707
74.0521346975 11.3294803091
74.0541451282 11.3283294313
74.0560159633 11.3269721988
74.0579853212 11.3257654898
74.0598371236 11.3243713668
74.0618804379 11.3233028738
74.0637169582 11.3218900286
74.0653546147 11.3202684241
74.0672058863 11.3188832234
74.0689895148 11.3174231062
74.0728253588 11.314894737
74.0760160492 11.3116456448
74.0795750715 11.3086956198
74.0828391427 11.3054314568
74.087232322 11.3006798928
74.0899732907 11.2977927312
74.0927594713 11.2942676782
74.0942287746 11.2925105202
74.1011241814 11.2845509329
74.1024030983 11.2827566227
74.1058087473 11.2779573581
74.1078008188 11.2750571953
74.1100290112 11.2715383559
74.1127123565 11.2667543468
74.1145138465 11.263012976
74.1163520608 11.2594263051
74.1176236999 11.2577938959
74.1184625897 11.2557112093
74.1193377764 11.2536863449
74.1201678725 11.2514321256
74.1204604387 11.2507729944
74.1206491269 11.2498730731
74.1208483865 11.2494240606
74.1213400028 11.2471874361
74.1218455333 11.2450528093
74.122366037 11.241970551
74.1227699757 11.2392168907
74.122951574 11.2369721124
74.1231334524 11.2347206108
74.1229090885 11.2324185905
74.1229954003 11.2303771364
74.1224539179 11.2283458818
74.1218799242 11.2255723206
74.1212997414 11.2235935215
74.1200367279 11.2216856965
74.1188282431 11.2185437221
74.1170165719 11.216180869
74.1156581134 11.2145371419
74.1144294275 11.2126847597
74.1129318658 11.2109339281
74.1113041656 11.2095087609
74.1095592922 11.2081057507
74.1077310001 11.2068411476
74.1055790158 11.2060023327
74.103551614 11.2048623201
NaN  NaN
