77.1000557268 8.29135591621
77.0938749506 8.29410200049
77.0889407878 8.2977697482
77.0854650774 8.3010738137
77.0838675537 8.30252635169
77.0833512823 8.30298050247
77.0829060983 8.30345163951
77.0822377356 8.3037025146
77.0822571998 8.30416323319
77.0791436977 8.30678754764
77.0779713353 8.30765064187
77.0749882168 8.30990402737
77.0702702851 8.3134290411
77.0700607404 8.31405410329
77.0563110359 8.32445476115
77.0521665742 8.32869867304
77.0513195723 8.32989757474
77.0490500732 8.33194310705
77.0483281022 8.33261084903
77.0441769192 8.33577358806
77.0439671413 8.33640086072
77.0403859257 8.33963551209
77.0260012063 8.35184961433
77.0260115679 8.35231025365
77.0231423274 8.35511040887
77.0200081474 8.3570240767
77.0191034038 8.35682039068
77.0172924209 8.35648195635
77.0161762764 8.35697664968
77.0157006824 8.35675976164
77.0125118484 8.35724632705
77.0116173933 8.35750324245
77.0098129066 8.35822362093
77.0064545664 8.36037252437
77.0027996146 8.36991807366
77.0023022052 8.37030129831
77.0018733896 8.37081940557
77.0015158375 8.3726025474
76.9994975054 8.37756497608
76.998389658 8.37849581378
76.994961438 8.37813830568
76.9903500792 8.37535075983
76.9878222321 8.3765538393
76.9876310697 8.37713485705
76.9827613656 8.38034125356
76.9817380991 8.3824194552
76.9802700208 8.38451044569
76.9750707597 8.38961402636
76.9746163945 8.39006700079
76.9739648879 8.39054473565
76.9737639475 8.39167726863
76.9732663834 8.39206039156
76.972814975 8.3944467807
76.9725270024 8.40250994884
76.9724543182 8.40328929784
76.9717381583 8.41100318915
76.9709923373 8.41284279914
76.9621895704 8.42217256513
76.9622188264 8.423092114
76.9613350037 8.42355598346
76.9613452073 8.42401455296
76.9540307606 8.43122900779
76.9540498695 8.4316877868
76.9536437269 8.43207065913
76.9432414916 8.44197535063
76.9427953456 8.44244860128
76.9412426865 8.44385256531
76.940097049 8.44411705732
76.9395710081 8.44507588312
76.9395810552 8.44553675838
76.9381913821 8.44684408174
76.9371563957 8.44777184409
76.9368272077 8.44851691044
76.9342052746 8.45200061415
76.9342242737 8.45246166201
76.9311000734 8.4555005354
76.9309154676 8.456173058
76.9309255367 8.45663173364
76.9254055754 8.46208874949
76.9252209217 8.46276354522
76.9247751865 8.46321225632
76.9222741964 8.46533437245
76.9220609454 8.4659862733
76.9216542146 8.46638908578
76.9203315506 8.46757993931
76.9203521101 8.46847503501
76.9127415432 8.4765504044
76.9125294854 8.47724683752
76.9106876951 8.47895820595
76.9107066688 8.47941712584
76.9107166252 8.47987800049
76.9025537418 8.48810591968
76.9025637212 8.48856462669
76.8994664292 8.49153492156
76.8985756124 8.49268839015
76.897704245 8.49427850466
76.8919708421 8.50036269463
76.890949506 8.50356774952
76.8864799188 8.50789011276
76.8857990991 8.50814000972
76.8858090251 8.50859875825
76.8854304005 8.5089332399
76.8845272412 8.50962787278
76.8834773847 8.51239609076
76.8793749312 8.51647718185
76.8779877801 8.51912002572
76.8780171511 8.51980852258
76.8735551196 8.52385269729
76.873351731 8.5245494534
76.8718437355 8.5258829292
76.8711747656 8.52679866379
76.8709712121 8.52770240547
76.870329073 8.52861873709
76.8694453202 8.52933605325
76.8694641298 8.52979504506
76.8672776397 8.533266196
76.8672874931 8.53372725969
76.8627556946 8.53825514672
76.8622147986 8.53953880611
76.8605050276 8.54228148259
76.8600477761 8.54252513322
76.8598427391 8.54418805413
76.858520422 8.54560803158
76.8567840203 8.54853493811
76.8561514376 8.5499123505
76.8559477529 8.55081620055
76.8486953161 8.55871666948
76.8478104328 8.55987027993
76.8476427983 8.56125585588
76.8465347249 8.56218632265
76.8461068352 8.56261318111
76.8399035388 8.56917216178
76.8386491398 8.57192512221
76.8361999579 8.57448217043
76.8313553444 8.5800783724
76.829623 8.58238652015
76.8285369894 8.58490061488
76.8236901338 8.58957940989
76.8232632415 8.59074331121
76.8226301895 8.59211860881
76.8217932046 8.59271887121
76.8201706472 8.59421664317
76.8201893383 8.5946758484
76.8177759893 8.59769237749
76.8151676872 8.60140601976
76.8149547223 8.60230981739
76.8120856319 8.60508671676
76.8114546309 8.60715245294
76.8085738783 8.60974650406
76.8083877337 8.61064866892
76.8077633736 8.61202644837
76.8059566741 8.61343769179
76.8053700936 8.61570936012
76.8037961685 8.61711472427
76.8029493571 8.61872576773
76.8020160887 8.61970909263
76.7981011454 8.62386318027
76.7981197192 8.62432463657
76.7970190447 8.62548230851
76.7964192469 8.62695202184
76.7953082376 8.62914733386
76.7948541932 8.62952680062
76.7908318013 8.63268288066
76.7899685708 8.63402191855
76.7849030607 8.63941713541
76.7849216449 8.63987636471
76.7788339237 8.6458095846
76.7760641848 8.6482834714
76.7760737461 8.6487447405
76.776092266 8.64920398915
76.7736388825 8.65086316796
76.7736573426 8.65132468202
76.77296943 8.65155175752
76.7721212108 8.65339231582
76.7714393926 8.65364404888
76.7710099692 8.65411538982
76.7701321533 8.65480812818
76.7690617784 8.65686635318
76.7662092221 8.66058564497
76.7662276591 8.66104717992
76.7634492851 8.66416454638
76.7634609697 8.66462589833
76.7607780277 8.66758062949
76.7603772984 8.66874313535
76.7565406548 8.67288324584
76.7554862133 8.67539856129
76.7523621119 8.67843671619
76.7523738486 8.67889587454
76.7510662006 8.6800621336
76.7493692324 8.68372562664
76.7442992743 8.68965071481
76.7427766698 8.69206407723
76.7427950346 8.69252564315
76.7423289638 8.69253941183
76.7418813415 8.6930125587
76.7418997918 8.69347190285
76.7376862856 8.69730031595
76.7374735932 8.69797269314
76.7355153291 8.69975663715
76.7355247246 8.70021801434
76.733969548 8.70228749541
76.7331091364 8.70346399796
76.7331185753 8.70392319374
76.7298159677 8.70717327483
76.7298343285 8.70763487415
76.7298437579 8.70809404211
76.7256173098 8.71206019263
76.7239099307 8.71526249007
76.7194871253 8.71994815684
76.7192904018 8.72108215127
76.718229042 8.72336811649
76.7144963147 8.72773558506
76.7136278211 8.72962496416
76.7134512235 8.73075724041
76.7089877332 8.73475348389
76.709006029 8.73521514309
76.7083525352 8.73567009507
76.7077298031 8.73748501372
76.7077561454 8.73817416257
76.7035186929 8.74216223028
76.7030998991 8.7433023189
76.70310919 8.74376378704
76.7003689374 8.74655890729
76.6997045632 8.74680859137
76.699180788 8.74783704657
76.6956099575 8.75146176893
76.6936986744 8.75556648954
76.6899171686 8.75908375785
76.6884141878 8.76230223809
76.6866351755 8.76382950776
76.6826711582 8.768133607
76.6821512748 8.76927585683
76.6823246387 8.77131903344
76.6807565036 8.77226066447
76.6798788002 8.77318502429
76.67957664 8.77478031048
76.6722511952 8.78069484001
76.6717568281 8.79037824897
76.6698885844 8.79233799799
76.6659983589 8.79395597245
76.6633690345 8.79587773914
76.6617646195 8.79776119153
76.660423622 8.79883730785
76.6576709469 8.80094556127
76.6555179538 8.80261544441
76.653585426 8.80603130359
76.6529698005 8.80713124811
76.6519945017 8.80752725473
76.6517885933 8.8084540709
76.6504701301 8.81007902358
76.647351368 8.81426716344
76.6463772135 8.81629699675
76.6454545025 8.81814311872
76.6426976767 8.82105359022
76.637105399 8.82752141311
76.6322306023 8.83302535824
76.6322397192 8.83348478635
76.6300434081 8.83580447654
76.6291638302 8.83649689828
76.6291729381 8.83695633272
76.6284917895 8.83741274466
76.6282856818 8.83833964739
76.6265557691 8.84064589435
76.6265649037 8.8411053756
76.6254346097 8.8420593283
76.6247534242 8.84251573159
76.6234984904 8.8452925395
76.6228172837 8.84574890342
76.622835326 8.84620860787
76.620611793 8.84852760408
76.6199115358 8.84921541268
76.6194726136 8.85012565611
76.6172741183 8.85223791475
76.6155415318 8.85389981046
76.6147006851 8.85594861624
76.6109145756 8.85946313535
76.6109326182 8.85992283328
76.6071412084 8.86337030816
76.6069528624 8.86401903792
76.6042441522 8.86635312443
76.604012594 8.86702759911
76.603208403 8.86783325681
76.5954002232 8.87445723143
76.5916534531 8.87714309202
76.585597782 8.88035512465
76.5838830711 8.88107188461
76.5826714118 8.88156666867
76.5799951086 8.88346197246
76.5786577852 8.88441969715
76.5754413262 8.88428399797
76.5699815115 8.88117297794
76.5694386066 8.88081869798
76.5687553174 8.88106970621
76.5669030263 8.88208841094
76.5667396507 8.8826240269
76.5648345187 8.88387556634
76.55466941 8.88985199217
76.5537621533 8.89054568135
76.5531709934 8.89260950288
76.5524976464 8.89309037592
76.5503346714 8.89678833377
76.5499747532 8.8979257252
76.5495185899 8.8981464988
76.5474198382 8.90614763658
76.5457684621 8.92000492119
76.5427351151 8.92940912161
76.5423075902 8.93073684246
76.5405038998 8.9346558718
76.5400717318 8.93489956631
76.5396498041 8.93626979904
76.5391929483 8.93651288971
76.5387338513 8.93675592445
76.5359888062 8.94408454026
76.5352832054 8.95066473043
76.5315317867 8.96255722826
76.5296258012 8.97483228521
76.5274906879 8.98258066388
76.5244019979 8.9931189274
76.5236226592 8.99585714097
76.5146859421 9.0176325782
76.5144903533 9.01899765875
76.5120472281 9.02562639311
76.5106118679 9.03107528686
76.5073950366 9.04071978271
76.5032189998 9.0505506937
76.5018463087 9.05256972451
76.4999276211 9.05748058313
76.4992925743 9.05809863185
76.4956823991 9.06671672225
76.4951642905 9.06714575809
76.4943044583 9.06956360758
76.4927915112 9.07170199465
76.4925854846 9.07239757927
76.4921897183 9.0737668909
76.4907156812 9.07721620947
76.4898167944 9.07814017301
76.4889180244 9.07906190801
76.4871121384 9.08293600618
76.4866245536 9.0845597733
76.4864989605 9.08500080924
76.4850987236 9.08702146714
76.4842327198 9.08985217576
76.4833588519 9.09102896519
76.4829103652 9.09127226
76.4829381781 9.09239997642
76.4824874993 9.0926409872
76.4818778118 9.09581291404
76.4789335631 9.09796717627
76.478951166 9.09842736653
76.4782259365 9.09904765721
76.4757612465 9.10346580276
76.4739614959 9.10510611659
76.4720642594 9.10990218074
76.469195013 9.11315868395
76.4687805257 9.11498976627
76.467051848 9.1173639768
76.4659368289 9.11891647629
76.4652532128 9.11939495484
76.4642254945 9.12469282167
76.4627572687 9.12910933249
76.4581285743 9.14293174188
76.4528040386 9.15208734586
76.4497670171 9.15836476189
76.4477964948 9.16067513332
76.4473621664 9.16167779237
76.4410986641 9.17695430611
76.4377872187 9.18496672112
76.4368450248 9.18605275549
76.4359446093 9.18699688088
76.434320569 9.19164704699
76.4338874792 9.19188845762
76.4303031015 9.20149758205
76.4290695895 9.2060662849
76.4281695619 9.20698813937
76.4272964383 9.20791290281
76.4260523585 9.21227374821
76.4256017093 9.21249459305
76.4251437534 9.2127376055
76.4247484198 9.21431305409
76.4230402695 9.21765299935
76.4221915874 9.21885081169
76.4210880285 9.22060715629
76.4159461882 9.23339134803
76.4146949799 9.23476215033
76.4135481169 9.23776137992
76.4107989092 9.24442282813
76.4010280551 9.27321632737
76.4005969013 9.27345777738
76.3962328547 9.28401021243
76.3940256668 9.28632625582
76.3938074298 9.29086855103
76.3933559581 9.29110948216
76.3917679726 9.295482966
76.3912437851 9.2957511046
76.390556556 9.29763457047
76.3875033566 9.30552936303
76.3836786902 9.31541303619
76.3827866831 9.31633526306
76.3808203605 9.31887653224
76.3804236128 9.32047488162
76.3795211044 9.32119131932
76.379063291 9.3214119466
76.3760677202 9.32851570456
76.3732083183 9.33200155288
76.3728569969 9.33357880591
76.3724256085 9.33382023218
76.3724414203 9.33451099355
76.3717647269 9.33657816512
76.3708551344 9.33704195651
76.3681593137 9.34340076145
76.3672850008 9.34432346057
76.3650513869 9.34967987254
76.3632922621 9.35131719539
76.3614323046 9.35726202999
76.3609744028 9.35748040079
76.3605135557 9.3577255276
76.3584734185 9.36254640413
76.3573559376 9.36545598691
76.3568974205 9.36569670593
76.3556854444 9.36851675764
76.3501037593 9.38384081788
76.3496540434 9.38408622678
76.3491931471 9.38432911321
76.3428656425 9.40273441897
76.3424281777 9.40440374334
76.3418272505 9.406124703
76.3372902539 9.42227114585
76.3366928936 9.42479692624
76.3369358767 9.42591849457
76.3363131024 9.42752279729
76.3361673257 9.43068165256
76.3359823803 9.43146807773
76.3347600329 9.43739532004
76.3326588689 9.44566929746
76.3321216367 9.44623879564
76.3295724197 9.45510277583
76.3289771748 9.4584805831
76.3274193515 9.46713144028
76.3270085102 9.46879959778
76.3262271656 9.47317207857
76.3201576953 9.49725752881
76.3198653689 9.49843716017
76.3188860974 9.50389822856
76.316238031 9.52602056501
76.3146682003 9.539344618
76.312174852 9.55145352916
76.3090055988 9.56397032189
76.3084950074 9.57033738244
76.3078767922 9.57284174604
76.3075414238 9.57402277384
76.3072105418 9.57486179838
76.3062557395 9.58984839745
76.3060254226 9.59353278542
76.3058252621 9.59667225769
76.2975251582 9.62567503238
76.2929586233 9.65379183216
76.2899699273 9.67235692524
76.2863735218 9.71749968396
76.285785691 9.72501898498
76.2854700934 9.73918343517
76.2851527595 9.74492450114
76.2846132467 9.74816001726
76.2847731996 9.75266721822
76.2811659998 9.7812154056
76.2802447576 9.78852425115
76.2778953802 9.80724606885
76.2716512693 9.83662690738
76.2701299566 9.84507019561
76.2636254694 9.88111026931
76.2626532125 9.88587903594
76.258473217 9.90222188732
76.2567522655 9.90760961393
76.2562608983 9.90900309107
76.2550100402 9.91235185077
76.2545494895 9.91259502111
76.2509638922 9.92238612407
76.2505010451 9.92262923167
76.2488954096 9.92630915159
76.2489113732 9.92697706065
76.2484507646 9.92722018988
76.2482508929 9.92835272851
76.2478151565 9.92859431205
76.2473884808 9.92883613297
76.242161897 9.94642829021
76.2412374558 9.95391205994
76.2419940101 9.96408598337
76.2429785727 9.96847792646
76.2432802916 9.96927440219
76.2322418622 9.98583274526
76.2306791875 9.98712422341
76.2298968478 9.98939750817
76.2278375854 9.99283773284
76.2255501904 9.99518311711
76.223422452 9.99722131649
76.2217605519 9.99999999664
76.2213510717 10.0015999756
76.2209150611 10.0018415117
76.220481282 10.0020853812
76.2183683727 10.0111634835
76.2149811489 10.0223745637
76.2133988197 10.026287081
76.2129356234 10.0265279306
76.2122562886 10.0269848606
76.2107752698 10.0304094086
76.2105647317 10.0313359261
76.2101398975 10.0315778317
76.2094486705 10.0320567622
76.2066883635 10.0386246041
76.202365646 10.0490072248
76.1981743154 10.065419628
76.1972733743 10.0663659042
76.1956215525 10.0745350821
76.1944390554 10.0827372374
76.1932109135 10.0874667978
76.1919771134 10.0929807433
76.1903430054 10.0994007861
76.1903852213 10.1007556527
76.184692665 10.1176912865
76.1826535287 10.1301307594
76.1823671738 10.1313357632
76.1812829781 10.1340817583
76.1794722848 10.1431991893
76.1757611845 10.1544426369
76.175283524 10.1550283338
76.1750132891 10.1558886568
76.1745078256 10.1562494445
76.173325817 10.1596633217
76.172669987 10.1601433654
76.1722085733 10.1603842744
76.1713689602 10.1633545551
76.1704876076 10.1642993058
76.1698256417 10.1647544977
76.168896429 10.1687626811
76.1682635726 10.1749961915
76.1685170795 10.1756554317
76.1701061309 10.1792719913
76.168916168 10.1838697596
76.166861244 10.1893030002
76.1621732101 10.1911338577
76.1616673643 10.1921605784
76.1605592724 10.1931127802
76.1571999248 10.1959211317
76.1559407361 10.1989028274
76.1550242391 10.1993870301
76.1473592886 10.2188377506
76.1468975011 10.2190808705
76.1464425682 10.2193242118
76.1423795716 10.2291255502
76.1417648104 10.2297412549
76.1415035877 10.2303463805
76.1405389457 10.2323967362
76.139885578 10.2328544353
76.1389946521 10.2385397263
76.1390530305 10.2403578111
76.1400392885 10.2423558183
76.1409316662 10.2500408493
76.1399802657 10.255866215
76.1395442988 10.2577898402
76.1343307762 10.2630420815
76.1339998868 10.2637866331
76.1336684913 10.264140968
76.1325607957 10.2687265461
76.1316876424 10.2707325788
76.1314865677 10.2716130421
76.1294455652 10.2841178773
76.1289220408 10.2851914352
76.1281080223 10.2862032875
76.1270073045 10.2916664576
76.1208229767 10.3151496617
76.11018703 10.3430831336
76.1100817599 10.3434459559
76.1068317242 10.3542674559
76.1048386437 10.3642891223
76.1044326588 10.3655187554
76.1025531354 10.3711416705
76.0987834512 10.3824279235
76.0981991446 10.3840319556
76.0948946207 10.3922011347
76.0944412599 10.3924444646
76.093783939 10.3938199202
76.0933192519 10.3940629732
76.0916306765 10.3981814508
76.091165972 10.3984245018
76.0907103205 10.3986677994
76.0903562417 10.4002198824
76.0899278487 10.4004616864
76.0866454701 10.4085375629
76.0861920416 10.4087809188
76.083212344 10.4163176874
76.0827589196 10.4165610776
76.0819266735 10.4190696042
76.0814897439 10.4192887382
76.0810584396 10.4206794816
76.080605593 10.4209003824
76.0801407928 10.4211434181
76.075468756 10.4332839949
76.0744972495 10.4343681583
76.0736141949 10.4352909084
76.072952844 10.4371960534
76.0715779584 10.4411687929
76.0666997391 10.4553423907
76.0661110232 10.455954587
76.0638134044 10.4623934345
76.0632251764 10.4629855352
76.0630286181 10.4635209875
76.0623982261 10.4651241648
76.0603757277 10.4667920502
76.0576385683 10.4718362635
76.05446269 10.4747426158
76.0517365044 10.4776255513
76.0495062004 10.4805334522
76.0480560275 10.4828030327
76.0468908546 10.4847774821
76.0462396001 10.4855877174
76.0455387719 10.4871037191
76.0441653994 10.4912184259
76.0430219785 10.4944214445
76.0432851656 10.4960967307
76.0450850456 10.4954216727
76.0466007487 10.4934882995
76.04905649 10.4899984117
76.0510366952 10.4861563883
76.0534667912 10.4823628053
76.0552266996 10.4806876301
76.0584699747 10.4795720583
76.0590846062 10.481097515
76.0584119384 10.4830677658
76.0574298134 10.4862752535
76.0560133593 10.4892799695
76.0554962128 10.4905608871
76.0535757628 10.4927749521
76.0533107415 10.4932435315
76.0523096659 10.4947893887
76.0521246572 10.4957158551
76.0498516404 10.4989999358
76.049187055 10.4994776224
76.0481247831 10.5022205522
76.0476716163 10.5024415289
76.0474593439 10.5033672242
76.0465747301 10.5040835025
76.0463391925 10.5047100379
76.0446100635 10.5069653267
76.044259185 10.509416057
76.0438493547 10.5105069881
76.0429656161 10.5114297855
76.0402708076 10.5188443402
76.0402207065 10.52188502
76.0416297289 10.5248383828
76.0543135409 10.5269776502
76.0549785347 10.5267311597
76.0575535238 10.5232080673
76.0586101753 10.5220272164
76.0642927232 10.5148273421
76.0686798297 10.5094595327
76.0679109338 10.5128305173
76.0648737845 10.5197196839
76.062745576 10.5253454244
76.0616399173 10.5272164736
76.0621445373 10.5287907958
76.0648992167 10.5289455433
76.0654590433 10.5290463585
76.0662709752 10.5291383944
76.0669872078 10.5298092733
76.0668262012 10.5322992087
76.0663723357 10.5325426182
76.0657221839 10.5343544958
76.0657468051 10.5352510127
76.0621768875 10.5380868128
76.0574354969 10.5395743852
76.0555818289 10.5391660259
76.0540170641 10.540335098
76.0531232491 10.5410490262
76.0528262507 10.5418400886
76.0514007976 10.5458600574
76.0487473386 10.5490870705
76.048225686 10.5509182679
76.0471452087 10.5566094737
76.0471883983 10.5579668914
76.0484659718 10.5588511531
76.049755817 10.5599445239
76.0498906717 10.5606308894
76.0497970783 10.5615309543
76.0482031575 10.5658788561
76.0476808799 10.5672497999
76.0465522276 10.5675126372
76.0437645339 10.5668962953
76.0432009192 10.5666830321
76.0414477196 10.5656035843
76.0395273034 10.5625008507
76.0378861679 10.5613930743
76.0375603666 10.5577666
76.0378810984 10.5568616545
76.0383769746 10.5565027101
76.0396416844 10.5526466363
76.0405326756 10.5519573994
76.0418030438 10.5483777352
76.0424105877 10.5477614402
76.0430610678 10.5459495728
76.0448218884 10.5423566354
76.045278027 10.5421155908
76.0459495365 10.5406007238
76.0481553861 10.5361916944
76.0482993302 10.5330344151
76.0476013999 10.5323616958
76.0383800963 10.5301273592
76.0359558698 10.5290428063
76.0354727261 10.5284815523
76.0350800517 10.5268114451
76.0351594364 10.5237018884
76.0350737998 10.5224848955
76.0349946752 10.5213578797
76.0348658193 10.5191069605
76.0387509926 10.5067799562
76.0385920975 10.5054262768
76.0371870776 10.5043365449
76.0340269459 10.5060108378
76.0329090719 10.5067092866
76.0315350423 10.5105884825
76.0280381075 10.5228814511
76.0256136179 10.5316013367
76.0223770122 10.539905842
76.0215554799 10.5411020657
76.0176888164 10.5514257587
76.010635983 10.5720302402
76.0094364051 10.574132173
76.0085323076 10.5748725714
76.0055195188 10.5826633965
76.0050813123 10.5829048973
76.0046437854 10.583123937
76.0031413787 10.5874675418
76.0006958185 10.5897905617
75.9965413095 10.5991306764
75.9959467746 10.5996754151
75.9957437222 10.6005792477
75.9945748493 10.6019926887
75.9935266339 10.6029176759
75.9928766479 10.6045231093
75.9911475567 10.6074928606
75.9906842452 10.6077358452
75.9819433868 10.6293988919
75.9813353223 10.6300128822
75.9798755153 10.6343335725
75.9794121225 10.6345743013
75.9782685985 10.6376911031
75.9764284931 10.6425941313
75.9759746916 10.6428171694
75.9687793976 10.6599705305
75.9679499766 10.6627324992
75.9674871561 10.6629507839
75.9653652138 10.6684639601
75.9649017196 10.6687046744
75.9644449635 10.6689478228
75.9608249823 10.6776288172
75.9596912012 10.6785806443
75.9595082782 10.6794830356
75.9568494378 10.682501025
75.9559366785 10.6831917849
75.954948305 10.6860954384
75.954761456 10.686193487
75.9544914745 10.6863385712
75.9521978217 10.6935097336
75.951734772 10.6937301987
75.9484285325 10.7051661957
75.9479907391 10.7062366718
75.94706424 10.706612468
75.939549807 10.7221665849
75.9351778298 10.7290298234
75.9317106878 10.7447340905
75.9284651087 10.7551646803
75.9247202054 10.7653229092
75.919148618 10.7706243105
75.9156447451 10.7750073556
75.9149735745 10.7787479264
75.9134438781 10.7841674849
75.9088570678 10.7925088112
75.9041796934 10.796489622
75.9016584554 10.8025170369
75.9013431174 10.8097542909
75.8974593347 10.8279840273
75.89601256 10.838572475
75.8954103899 10.8429543212
75.8924799096 10.8587273346
75.8894656424 10.8761602686
75.8863455195 10.8899916401
75.8809707284 10.9121836478
75.8801972742 10.9169462294
75.8775783854 10.9299283149
75.8709741981 10.9564102118
75.8702439306 10.9601582706
75.8677841502 10.973014256
75.8668376925 10.9843425734
75.8669663504 10.9931946458
75.8604404051 11.0151228801
75.8582279087 11.0260382341
75.8572241743 11.0299997572
75.8557804228 11.036879731
75.8555916458 11.0376368634
75.8526571028 11.0483769066
75.8521252654 11.0536122492
75.846240891 11.0734914315
75.8401778211 11.0901490922
75.8376622259 11.0983875369
75.8371948024 11.0986281602
75.8338232993 11.1129916828
75.8293038399 11.1241965582
75.8290236377 11.1243459456
75.8288476911 11.1244375467
75.8278565013 11.1255741953
75.8268910047 11.1278301221
75.8255199873 11.1305354819
75.8249535872 11.131790389
75.822269673 11.1343492921
75.8218906896 11.1373312943
75.8178086128 11.139693906
75.8156512847 11.1442846827
75.8129738429 11.1470688044
75.8101869562 11.1541618035
75.810187429 11.1582332068
75.8119441237 11.1595428783
75.8201928853 11.1593234385
75.8238142952 11.159112162
75.8251811032 11.1611890491
75.8230515157 11.1680407411
75.8181948121 11.1720285663
75.8147716578 11.1720790033
75.8124465169 11.170185398
75.8115109406 11.1690820747
75.8102571501 11.1677218558
75.8091564664 11.1666542032
75.8068611593 11.1669513436
75.8030541638 11.1690743252
75.8024066753 11.1711169824
75.8010418796 11.1720761665
75.7987014313 11.1786943285
75.7977863274 11.1791783128
75.79263396 11.1962930532
75.7922047642 11.1965370056
75.7843919803 11.2177994679
75.7830997567 11.2222118162
75.7744724605 11.2503702829
75.7739786099 11.2518348421
75.7735386801 11.2520514738
75.7722392296 11.2548047518
75.7673890016 11.2701199518
75.7669299909 11.2703607666
75.7656531867 11.2740087443
75.7617557733 11.2829492411
75.7612875231 11.2831897763
75.7596776996 11.2879493702
75.7577969136 11.2942569497
75.7563372996 11.2980483885
75.7558812121 11.2982644902
75.7554217783 11.2987394872
75.754653225 11.3011936632
75.7540473717 11.3019052265
75.7530562305 11.3042492011
75.7523660197 11.3047330857
75.7491730341 11.3131908165
75.7485683086 11.3158774026
75.7483613579 11.3168238299
75.7436249241 11.3208173109
75.7432155996 11.3221856114
75.7406378101 11.3266983568
75.7394859071 11.3279454066
75.7401555973 11.3526357537
75.7401634788 11.3528251821
75.7395768775 11.3571433634
75.7381616198 11.3583353425
75.7324391994 11.3636804244
75.7317737537 11.3650570122
75.7315702775 11.3659586346
75.7306696632 11.3664429977
75.7293305965 11.3676012327
75.729106663 11.3682770263
75.7286405021 11.3682923438
75.7273768385 11.3721940471
75.7269478408 11.3726339465
75.7253815756 11.3744948954
75.7247942475 11.3757769734
75.7208024164 11.3834533211
75.7189754438 11.3848784671
75.7160610226 11.3909157861
75.7148492904 11.3924495092
75.7124408867 11.3965805964
75.7119836421 11.3968214149
75.7111336771 11.4000194781
75.710013675 11.4009454732
75.7095623474 11.401438733
75.7091306075 11.4018875901
75.7082951215 11.4043945038
75.7078264071 11.404634972
75.7055038225 11.4097441911
75.7046317743 11.4122478066
75.7041995462 11.4124893685
75.7033798943 11.41425793
75.7007923279 11.4219410849
75.7001992188 11.4225112176
75.7002146543 11.4229712618
75.700066181 11.4234151133
75.6991677955 11.4241067159
75.698498047 11.4243478727
75.6985289434 11.4252680065
75.6959703297 11.4280948878
75.695553511 11.4292380717
75.694304125 11.4303471484
75.6943287122 11.4312490636
75.6907512721 11.4345183396
75.6898897498 11.4368151535
75.6891989772 11.4372899687
75.6885623995 11.4386675818
75.6766982726 11.4502973874
75.6689926856 11.4548720617
75.6645037291 11.4570791445
75.6619485414 11.4583647053
75.6538315989 11.4617455557
75.6460797684 11.4633029807
75.6409964276 11.4625169914
75.6381976632 11.4605636174
75.6370459921 11.4603571786
75.6331731968 11.4620526303
75.6315946063 11.4632165895
75.6316098554 11.4636767469
75.6314024548 11.4646054772
75.6303006977 11.465279287
75.6285483909 11.469421267
75.6276557373 11.4701284948
75.6248661009 11.4729633574
75.624184371 11.4736455073
75.6237239082 11.4741203459
75.6213883788 11.4763877395
75.6207329215 11.4773230659
75.6203179303 11.4791806244
75.6197998479 11.4797438514
75.6161304807 11.4935033819
75.6114157275 11.5063345089
75.6101051923 11.5133841181
75.6094900163 11.5154205472
75.6090304556 11.5156453183
75.6057213154 11.5273485372
75.6042993487 11.5325606631
75.600650096 11.541698107
75.6002184635 11.5421197843
75.5987253328 11.5439400096
75.5977760517 11.5448979923
75.5976487945 11.5456671632
75.5966749946 11.5467505736
75.5944146634 11.5527214731
75.5939692183 11.553647658
75.5935111808 11.5538904841
75.5934223371 11.5559704947
75.5937447421 11.5573373127
75.5906424374 11.5613033451
75.587991949 11.5691761705
75.5856591115 11.5735199584
75.5829268364 11.5831578508
75.5810624842 11.5902281643
75.5785184834 11.5979539279
75.5737301392 11.6125900869
75.5721027798 11.6165053164
75.5716445677 11.6167458758
75.5712032014 11.6169598806
75.5688024296 11.622961426
75.5587429715 11.6503725889
75.5578645802 11.651515512
75.5574533546 11.6524993286
75.5570133087 11.6527404412
75.5520710586 11.664483316
75.5470405983 11.6760253138
75.5461523179 11.6769695322
75.5454809962 11.6774266902
75.5442165887 11.680607436
75.5417606457 11.6847658276
75.5400007628 11.6879807864
75.5393385076 11.6884381817
75.5389076962 11.6898093846
75.5369655941 11.6927489407
75.5369281993 11.6928055404
75.5364673907 11.6930459808
75.5349478176 11.6971750564
75.5318519522 11.7010789922
75.5312190562 11.7026829819
75.5310109165 11.7036033534
75.5291364671 11.7053150647
75.5277283593 11.7066151377
75.5275146833 11.7072805365
75.5208949608 11.7131376672
75.5209247434 11.7140587904
75.5175838245 11.7175174528
75.5173752801 11.7184468959
75.5167208081 11.7193646095
75.5167359227 11.7198184092
75.5158407604 11.7205345761
75.5142791998 11.722395888
75.5138341697 11.7232773104
75.513405321 11.7246486783
75.5120940581 11.7271899501
75.5112168635 11.7283397256
75.5084387059 11.7309409443
75.4962012219 11.7404935988
75.4821652385 11.751021822
75.4812517429 11.7517282665
75.4802752231 11.7538064239
75.4803048492 11.7549352037
75.4806678959 11.7553865413
75.4805252027 11.7578700454
75.478041292 11.7601870266
75.476810604 11.763948967
75.4763517409 11.7641893463
75.4748760791 11.7668946575
75.474355941 11.7672594172
75.4736569649 11.7684734375
75.4725267329 11.7687286584
75.4695067472 11.7676787865
75.4678648613 11.7663567414
75.4676123073 11.7656765369
75.4645924251 11.7646265725
75.4636766928 11.7644147948
75.4609251438 11.7654530521
75.4581440626 11.7659219038
75.4591678587 11.7677297271
75.460630799 11.7699710554
75.4613245804 11.7705998748
75.4615001945 11.7730710649
75.4614816898 11.7732870215
75.461410432 11.7742051945
75.4597433815 11.7765208135
75.4585042098 11.778144017
75.4578623731 11.7794952127
75.4574340228 11.7801989622
75.4551745591 11.7820717079
75.454536361 11.7833801496
75.4538664008 11.7847484969
75.4471237765 11.7899549168
75.4462395755 11.7913592794
75.4416928796 11.7948803526
75.4393328821 11.7967317527
75.4386843858 11.797649507
75.4385709955 11.7981038938
75.4282527933 11.8069768246
75.4260757358 11.8113269342
75.4224812249 11.8148284567
75.4203188956 11.8196235911
75.4194252138 11.82033047
75.4176376221 11.8226512812
75.416781466 11.8256178488
75.4154413211 11.8270098527
75.4147779897 11.8274669315
75.4143366987 11.8286215217
75.4134542536 11.8304411237
75.4117166086 11.8318677602
75.4109541804 11.833242213
75.4105085985 11.8339702195
75.4102489494 11.8346184678
75.4083287457 11.8362287606
75.4003424074 11.8416468625
75.399903535 11.8427925643
75.3990768901 11.8434044952
75.3986381096 11.8437175144
75.396844506 11.8455777426
75.396405667 11.8467211974
75.3939402661 11.8488034858
75.3939547698 11.8492642619
75.3910291357 11.8518190724
75.3888705139 11.8568672199
75.3879645491 11.8577925155
75.3843600393 11.8601538691
75.382319857 11.8600496645
75.3772219171 11.8596435336
75.3733770602 11.8581448989
75.3725677174 11.8574756007
75.3708645889 11.8541372543
75.3686484704 11.8523731373
75.3685217534 11.8519154816
75.3658604971 11.8512042066
75.3630325859 11.8510922369
75.3603369665 11.8524376592
75.3577743836 11.8544598158
75.3577946451 11.8551554866
75.3563717547 11.8578983403
75.3562354535 11.8662816065
75.3546648869 11.867681576
75.353314864 11.8690639315
75.3530714533 11.8695592566
75.3518117158 11.8722804483
75.3493442854 11.8743891887
75.3493676132 11.8752655143
75.3435019573 11.8807186637
75.3432876976 11.8813683864
75.3406147465 11.8843324612
75.339718484 11.8850231564
75.3397379477 11.8859445754
75.3366014733 11.8891959073
75.3366247222 11.8900722801
75.3316610854 11.894293119
75.3223428532 11.8976966407
75.3212246073 11.8988471982
75.3207627406 11.8990871166
75.3208396387 11.9022425115
75.3199172094 11.9044489406
75.3205914561 11.9058635396
75.3230148791 11.9071953897
75.323932931 11.9083132591
75.3236553452 11.9089316258
75.321612167 11.9103905252
75.3187463376 11.9188372633
75.3151824306 11.9227629652
75.3129924473 11.9278102771
75.3118827672 11.9289701964
75.3109678045 11.9296579649
75.310836229 11.9337526309
75.3105350057 11.93466141
75.3097036333 11.9376204175
75.3092413493 11.9378693459
75.3089202761 11.939228924
75.3089485468 11.9403584708
75.3094450272 11.9412686124
75.3104869633 11.9419122074
75.3143196349 11.9429406937
75.3214030767 11.9411861928
75.322767222 11.9407071375
75.3297562451 11.936371462
75.3333880931 11.9341019259
75.3358836083 11.9320141975
75.3360578637 11.9306498156
75.3397095915 11.9281912225
75.3411322811 11.9273979306
75.3423973398 11.926653634
75.3462985218 11.9256340099
75.3481319874 11.9260525411
75.3496586455 11.9271449466
75.3505609669 11.9295622813
75.3498592752 11.933261465
75.3414939529 11.9412640588
75.3378178878 11.944642999
75.3378321787 11.9451038973
75.3330857005 11.9486059051
75.3301031833 11.9497590797
75.3237505022 11.952677908
75.3232968776 11.9531439028
75.3220157568 11.956120047
75.3215543469 11.9563419517
75.3210944647 11.9565842465
75.3205559474 11.9584108894
75.3197440502 11.9648042999
75.319198955 11.9694051423
75.3186348126 11.9733462636
75.3146410831 11.9765836645
75.3114542638 11.9747364837
75.3111783297 11.9724541816
75.3114893124 11.9696312397
75.3100594853 11.9672976159
75.3067188977 11.9688495337
75.3039359904 11.9709953431
75.3022408193 11.9743303758
75.3005288614 11.9782270452
75.2988168851 11.9821214556
75.2959531254 11.9859622782
75.293112696 11.9892461898
75.290925441 11.9908516139
75.2882871407 11.989597534
75.2881025889 11.9852433966
75.2890312855 11.9797113563
75.2898941395 11.9770600792
75.2903563206 11.9768201585
75.2907887774 11.9765770757
75.2909937649 11.9754031645
75.291453648 11.9751632032
75.291672292 11.9742606735
75.2927467841 11.9717901973
75.2936505349 11.9713074861
75.296238453 11.9652500966
75.2961305877 11.9649824366
75.2981819479 11.9622326331
75.299675267 11.9588978881
75.3011757629 11.9555521247
75.3014961021 11.9527297087
75.299406821 11.9520719175
75.2961207835 11.9524966157
75.2921558816 11.9551562586
75.2881646156 11.9583837766
75.2843199172 11.9627583081
75.2821553083 11.9657276979
75.2809197617 11.9669984973
75.2793276713 11.9693794995
75.2786683471 11.9700891442
75.2786732081 11.9705521138
75.2757772665 11.9731067777
75.2757988396 11.9740217651
75.2739751253 11.9758601043
75.2720631185 11.9813617568
75.2713894211 11.981818076
75.2714057439 11.9822814072
75.2678247049 11.986621705
75.2673335923 11.9873030625
75.2652359839 11.9930583435
75.2585295321 12.0007223291
75.2567688463 12.0039195834
75.2563346819 12.0052801764
75.2545643614 12.007348274
75.2541111762 12.0075883711
75.2541160349 12.0080491104
75.2536559782 12.0082889788
75.2534735899 12.0091950631
75.2527947735 12.0101298467
75.2521017041 12.0106103425
75.2514715997 12.0133371867
75.2508068379 12.0137937634
75.2492795871 12.0161250664
75.2433960566 12.0210075159
75.2360980837 12.0234471036
75.2334478094 12.0230043693
75.230326262 12.022460053
75.2303122843 12.0219989826
75.2287542425 12.0208135638
75.226568587 12.0191375694
75.2228194671 12.0131758964
75.2225039319 12.012682205
75.2202745042 12.0111491836
75.220141225 12.0106909135
75.2121932028 12.006717856
75.21198453 12.0061193428
75.208907066 12.0025844966
75.2075089462 12.0016955344
75.2050045772 12.0033478359
75.2042977214 12.0033602845
75.2038789567 12.0040619538
75.2038067605 12.005883837
75.2019051324 12.0176871949
75.1992459946 12.0253223211
75.1988109341 12.0255651273
75.198472204 12.0270665634
75.1966713318 12.0289231322
75.1926852524 12.039415433
75.1922245932 12.0396664377
75.1865211558 12.05275232
75.1860677045 12.0529922392
75.1848245348 12.0556895851
75.1829867211 12.0607719094
75.1786579681 12.0727485657
75.178289909 12.0736981726
75.1740628377 12.0832576112
75.1725386608 12.086629913
75.1719222444 12.0871963428
75.1692418172 12.0942381068
75.168360759 12.0951524258
75.1680142576 12.0964032421
75.1662464318 12.0987217613
75.1653570785 12.0994121851
75.1632448028 12.1057460519
75.162384033 12.1067988281
75.1613970756 12.1104131174
75.1609371862 12.1106347361
75.1603675997 12.112878613
75.1599231087 12.113118847
75.1594877462 12.1133593145
75.1569298625 12.1212639904
75.155985621 12.1256862215
75.1555502485 12.1259267257
75.1551214561 12.1277508094
75.1546677052 12.1279906907
75.149051716 12.1408677019
75.1470089402 12.1444578368
75.1461143328 12.1478429565
75.1452731205 12.1496373661
75.1433393107 12.1546972952
75.1431115514 12.1556270563
75.142493127 12.1562385926
75.1355826283 12.1753121115
75.1330818734 12.1812590292
75.1317548664 12.1824248404
75.1299551799 12.1870401974
75.1295195318 12.1872806714
75.1219260918 12.2082393198
75.1214628477 12.2084788491
75.1180413425 12.2166610955
75.1165702468 12.2205334117
75.1151040302 12.2245233599
75.1139682235 12.226830017
75.1121023407 12.2321824894
75.1109558999 12.2354378271
75.1105199871 12.2356805385
75.1096284678 12.2365946237
75.1085331347 12.2395715577
75.1080998545 12.2398053223
75.1061307189 12.2446211646
75.1061523849 12.2453088594
75.1054584715 12.2457641801
75.105022634 12.2460046286
75.1024980743 12.2562565783
75.0995853322 12.2635690634
75.0991241162 12.2638109011
75.0990406787 12.2649357189
75.0938913906 12.2800385446
75.090438945 12.2889353671
75.0899753788 12.2891748229
75.0892904054 12.2896304855
75.0893119572 12.290318286
75.0888484208 12.2905577775
75.0873234535 12.2951250391
75.0868598603 12.2953644897
75.0861797764 12.297040762
75.0853472211 12.2995163881
75.0849111419 12.2997568177
75.0808128285 12.3099811648
75.0801464007 12.3104283845
75.078805971 12.3120548853
75.0765778374 12.3183431295
75.0748575952 12.3208833564
75.0720346824 12.3278564624
75.0698029243 12.3301642875
75.0686000122 12.3335993537
75.0679820726 12.3341657728
75.067552959 12.3357558743
75.0661168175 12.3390880011
75.0654469422 12.3395621932
75.0649864222 12.3397746487
75.0619588499 12.3480136385
75.0614972489 12.3482554595
75.0610334696 12.3484949075
75.0608967296 12.3495548665
75.0603074772 12.3501516823
75.0572832444 12.3577671016
75.0554424566 12.3608909746
75.0548328765 12.3614757956
75.0494971561 12.3748079249
75.0486039774 12.3757311199
75.048140973 12.3759456878
75.0462914045 12.3805230156
75.0459999624 12.3821112938
75.045537978 12.3823598236
75.0453532272 12.3841801183
75.0442300625 12.3851021055
75.0431030268 12.3862590886
75.0411469638 12.3903987461
75.0357148803 12.3948046543
75.0348484505 12.3966444023
75.0346359614 12.3975662418
75.0303310354 12.401509231
75.0296836915 12.402881737
75.029265551 12.4040203069
75.0270072503 12.4061169785
75.0265890771 12.4072555528
75.0266024146 12.4077172451
75.0256844347 12.4084246976
75.0238839506 12.4105169099
75.0234836694 12.4113486113
75.0212644956 12.4164447335
75.0201408713 12.4173666298
75.0174639276 12.4206018121
75.0169455693 12.4215809366
75.0155072609 12.4247235748
75.0145868159 12.4254309164
75.0138907217 12.4259131889
75.0128200772 12.428874186
75.0121249359 12.4293293345
75.0095010148 12.4336992133
75.0068616338 12.4387469519
75.0062248257 12.4414744097
75.005275112 12.4424158961
75.0048505785 12.4426385413
75.0038118226 12.4460461918
75.0026658678 12.4471934212
75.0019788094 12.4476759911
74.9985815752 12.4583982032
74.9956769563 12.4621026937
74.995104334 12.464509186
74.9944047925 12.4675625489
74.9945092262 12.4718652077
74.9958535138 12.4740854279
74.9958135882 12.4770352792
74.994855669 12.4799757074
74.9925472264 12.4860803964
74.9905418333 12.4918203723
74.9876888455 12.4930572232
74.9864294962 12.4902698303
74.9851952888 12.4867890549
74.9835103685 12.4853301729
74.9809450651 12.4879655931
74.9797943586 12.490309017
74.979665581 12.4930342619
74.978881125 12.4950513106
74.9724016562 12.5134177416
74.9690734819 12.5212489709
74.9684611508 12.5218788878
74.9680221498 12.5232522728
74.9671362898 12.5241869903
74.9665420307 12.5248265817
74.9648521372 12.5305192556
74.9643875431 12.5307585344
74.963923523 12.530981971
74.9634963496 12.5323444981
74.9618467702 12.5357857479
74.9609519246 12.5367111117
74.9602411923 12.5390928891
74.9596671183 12.5396811277
74.949750884 12.5682282185
74.9487763265 12.5705081349
74.9467254966 12.5728066949
74.9454570174 12.5767005637
74.9450013922 12.5769401389
74.9445395223 12.5771636661
74.9430834575 12.5820260079
74.9409844034 12.5870195935
74.9404469536 12.587419147
74.9392546623 12.5911099773
74.9362086679 12.6000045968
74.9350959529 12.6013906393
74.9326826701 12.6062059776
74.9324776964 12.60733671
74.9320123723 12.607587273
74.9289349 12.6178205513
74.9284721675 12.6180621223
74.9280164122 12.6183017143
74.9254618807 12.6242524855
74.9249992025 12.6244917925
74.9247707853 12.6256942292
74.9243058023 12.6259334529
74.9233042067 12.628927698
74.9201365175 12.6356896091
74.9172763395 12.6459901632
74.9168113121 12.6462293797
74.9165243266 12.647891424
74.9160599175 12.6481126068
74.9158488685 12.6491527642
74.9153860074 12.6493943176
74.9149485294 12.649634508
74.914548519 12.6506114677
74.9129354822 12.6547428005
74.9116547355 12.6579219682
74.9111919218 12.6581612561
74.9092806341 12.6635651573
74.9088270361 12.6638047699
74.9083618978 12.6640439355
74.9070685426 12.6676843932
74.9066033882 12.6679235551
74.9016008977 12.6810818268
74.9011655508 12.6813243421
74.9000661023 12.6843856713
74.8996031423 12.684624942
74.8964316437 12.6939244903
74.895984789 12.6941643302
74.8937596123 12.6999241791
74.8933160727 12.7001369914
74.8928782747 12.700379412
74.8900333174 12.7065608272
74.8849263974 12.7118062048
74.8786335646 12.7290141331
74.8699164238 12.7450157306
74.864103486 12.7553629188
74.8630379684 12.7582811
74.8750799666 12.7594405598
74.8768750151 12.7564963041
74.8772408999 12.7544019207
74.8791292038 12.7534190193
74.8848573598 12.752932931
74.8879504315 12.756538215
74.8910419034 12.7586923584
74.8938133849 12.7602714388
74.897070327 12.7595724148
74.9007256779 12.7637022472
74.9044445558 12.764112779
74.9073825643 12.766750131
74.9084469738 12.7672202791
74.9287912628 12.7755354856
74.9368159693 12.7764119488
74.9537542851 12.7835146567
74.9598317808 12.7832777485
74.9629721084 12.7790732737
74.9649682845 12.7790460056
74.9668769221 12.7811050691
74.9682549104 12.7805104846
74.9686273259 12.7771867761
74.9703061523 12.7768155086
74.9816189014 12.7795070174
74.9870116335 12.7821811182
74.992317432 12.7878944811
74.9885433077 12.793501548
74.9891458238 12.7950801065
74.9920071689 12.7947385302
74.9957506538 12.7922679818
75.0000611106 12.7877660698
75.0037273698 12.7899108294
75.0050720971 12.7897856164
75.0039240192 12.777833704
75.0050423672 12.7736304546
75.0076285206 12.76939911
75.0084542251 12.7647353115
75.0069454508 12.7613643911
75.0040998986 12.7582909639
75.0000717122 12.7558463745
74.9950843063 12.749135386
74.9915557389 12.7424594492
74.9896434231 12.7415869459
74.9858281293 12.7427664226
74.9841839755 12.7402236577
74.9845488939 12.734170426
74.9867255562 12.7330898982
74.98817304 12.7362232389
74.989948542 12.7353957187
74.9928628677 12.7374395017
75.0000752232 12.731713364
75.0120910661 12.7271635312
75.0107666714 12.7236115628
75.0029661909 12.7180122667
75.0039319676 12.7160406484
75.0070034759 12.7135358037
75.0142517707 12.7121311479
75.0190225378 12.71908435
75.0229563497 12.7199655453
75.0256983311 12.7186664864
75.0314044344 12.721299474
75.038169705 12.7229504292
75.0431578882 12.7198954196
75.0463376609 12.7207204356
75.0497696108 12.7190758208
75.0529872595 12.7142031261
75.0559022844 12.7077946557
75.0523184535 12.7025495966
75.0569783532 12.6911095809
75.0547208422 12.6879744228
75.0522956139 12.6913984961
75.0487429483 12.6927016431
75.0448119261 12.6918236439
75.0432524837 12.674946617
75.0449187792 12.6676814275
75.0479857602 12.6644789634
75.0555411088 12.6644567634
75.0585096249 12.6630338888
75.0611249136 12.6658846502
75.0662906677 12.6623672079
75.070567683 12.6624396286
75.0755190503 12.6698507988
75.0797485801 12.6710052008
75.0834370747 12.6708487539
75.0852447768 12.6749115833
75.087070512 12.675290937
75.0877765062 12.680395376
75.0853092433 12.694108447
75.0827144944 12.6976517439
75.0864091893 12.7022049749
75.0919949349 12.6991486086
75.0996476354 12.6977966447
75.104837638 12.6960072498
75.1090891118 12.6894016221
75.1131350403 12.6803835184
75.1213051214 12.6780501812
75.1274515548 12.6778019886
75.1324638418 12.6753336115
75.1372711341 12.675673173
75.1398038554 12.6772525149
75.1451359809 12.6774172456
75.1512842188 12.6808611524
75.1513689179 12.6733851489
75.1564251394 12.6705644526
75.1618647396 12.6702185297
75.1620203588 12.668603596
75.1557998226 12.6582178811
75.1523520607 12.6538881569
75.1519809254 12.6479745077
75.1510259468 12.6464262163
75.1418947844 12.642340869
75.143649913 12.6378320612
75.1483983973 12.6331779642
75.1556621415 12.6241267093
75.159964215 12.6216044996
75.1636043673 12.6221956263
75.1708504626 12.6211275814
75.1783527134 12.6267828339
75.1834625664 12.6320157843
75.1907747915 12.6316389907
75.1953259592 12.630024472
75.2024051561 12.6297184666
75.2037866911 12.6276831394
75.2004413055 12.6177272263
75.1997035659 12.6107728104
75.2034669531 12.6073400411
75.2083519809 12.6045735987
75.2106029717 12.6019000657
75.2100553745 12.5961604477
75.2085549417 12.5931286812
75.2056042769 12.5912700512
75.2044743552 12.5851944225
75.2086030112 12.5876172357
75.211947578 12.5886089605
75.2151573458 12.5780499647
75.2180570488 12.5757149106
75.2240913226 12.5673020297
75.2325021592 12.565480527
75.2375492952 12.5665055509
75.2394466005 12.5687876354
75.2399134229 12.5771750796
75.2412790465 12.5786500552
75.2507753968 12.5795688646
75.2514773747 12.5838766152
75.257472139 12.5904045562
75.2601203569 12.5956635634
75.2634781835 12.5976951588
75.26914822 12.6103837469
75.2716521645 12.6136879108
75.278077582 12.6163723683
75.2824190086 12.6127552113
75.2902762118 12.609319084
75.2925789079 12.6013590297
75.2953702915 12.6002855744
75.2998033519 12.6031637308
75.3029713185 12.6038195354
75.3071357917 12.5996847116
75.3097886748 12.5926387386
75.3201255169 12.5899247965
75.3294885572 12.5899811747
75.3300899641 12.5819227666
75.3279418114 12.5792445894
75.3209716402 12.5785286948
75.3177972639 12.5734485254
75.3113409032 12.5764044617
75.3046864113 12.578267851
75.296450557 12.5796944917
75.2928784951 12.5796270527
75.2882429419 12.5697388598
75.2849455785 12.5689156364
75.2782680993 12.5688203545
75.2739885123 12.5635853274
75.2723398091 12.5582583208
75.2738606217 12.5446126504
75.2811387312 12.5281446049
75.2826553551 12.522893065
75.2873551641 12.5246172699
75.2933398103 12.5254584533
75.2977189341 12.5244305699
75.3016686451 12.5216742018
75.3062912913 12.5220811923
75.3059768393 12.5023068364
75.3066125576 12.5015474348
75.3090229933 12.502212061
75.3118067589 12.5006228352
75.3159147285 12.4968334496
75.3223992166 12.496065987
75.3298454159 12.4966027773
75.3366704602 12.4950836163
75.3374275434 12.4898956587
75.3408451462 12.4877838499
75.341215582 12.4845055928
75.3401924123 12.4781880588
75.342425356 12.4694846075
75.3386475079 12.4626301129
75.3427736624 12.460912319
75.3576062777 12.4629040055
75.3613809281 12.4648713285
75.3647281005 12.4697779442
75.3740831116 12.4736846045
75.3750158962 12.4820634192
75.3725498055 12.4858868808
75.3719973426 12.4883678611
75.3742489867 12.4904102194
75.3792426039 12.49132885
75.3815413933 12.4927913739
75.3831082532 12.4963945627
75.3851151456 12.497571837
75.3886150449 12.4968386961
75.393954782 12.4974649149
75.3970055514 12.5024838055
75.399416167 12.5027398535
75.4031136765 12.495506535
75.4063839887 12.4945439697
75.4110741461 12.4991401366
75.4166666377 12.5016596697
75.4224043338 12.4846270539
75.4227715423 12.4765162318
75.4265592017 12.4712327705
75.4247801436 12.4650436038
75.4190252992 12.4638558541
75.4169154428 12.4590535411
75.4112966207 12.4548127984
75.4057052122 12.4525285835
75.394083674 12.4500301633
75.3879493888 12.4556280951
75.3686499661 12.4565568985
75.367907949 12.4539778684
75.3714972138 12.4505438575
75.372618985 12.4338529817
75.367703799 12.4119557672
75.3718465562 12.4067270596
75.3743473414 12.4006540612
75.3783433291 12.3973919349
75.3807743543 12.3916039007
75.3833849776 12.3897348582
75.3880224033 12.390537512
75.3929668993 12.3884020275
75.3965989199 12.3847887698
75.3994141226 12.3802133979
75.4034599045 12.3806800565
75.4056980772 12.3775441316
75.4138015242 12.3795737845
75.4212768942 12.3745254494
75.4238203771 12.3717381756
75.4238650439 12.3669090174
75.4218057469 12.3575597404
75.4201806901 12.3534414033
75.4167221689 12.3489390522
75.4124741355 12.3463461569
75.4136001259 12.342824515
75.4168200994 12.3387574097
75.4188216167 12.3264854032
75.42235663 12.3244851868
75.4224666728 12.3194871028
75.4255991815 12.3131731302
75.4324848625 12.3072750279
75.4329717933 12.3045672674
75.4241969076 12.2959955478
75.4216840486 12.2914316746
75.4262431685 12.2920744705
75.429970449 12.2957098228
75.4333185899 12.2970482437
75.4386913265 12.2968601321
75.4440546387 12.2950714786
75.4611016706 12.2936443509
75.4699673469 12.3004877078
75.4855780054 12.2913128107
75.4895510643 12.2865997296
75.495436562 12.2719723999
75.4969321371 12.2702862596
75.5049820715 12.26920366
75.5068994146 12.2683237941
75.5068598898 12.264867606
75.5141383841 12.2585045154
75.5144475501 12.2556264856
75.5161265366 12.2545086283
75.5197343372 12.2489479126
75.5223805346 12.2411451474
75.5230419112 12.238379937
75.52160904 12.2358023662
75.5264888937 12.2340796069
75.5279630521 12.2302576355
75.5284753848 12.2248467222
75.5411550283 12.2162863791
75.5412714932 12.2120246258
75.5401178479 12.2087625549
75.5362069007 12.2043279648
75.5369811974 12.2013248724
75.5411787213 12.2006355762
75.5436527432 12.1976198587
75.5471470745 12.1972248241
75.5520640268 12.193650192
75.554473257 12.1897084315
75.5557589659 12.181412711
75.5586254875 12.1816055847
75.5630176631 12.1739552594
75.5672554163 12.1721212799
75.5738337305 12.1707616717
75.5803504856 12.1560661662
75.5862446397 12.1557601364
75.5907182712 12.1536279378
75.5950216923 12.1483959787
75.5967714417 12.1483120328
75.5983228633 12.1507132712
75.6011991245 12.1518813784
75.6057008883 12.1521099612
75.6117946759 12.1540451085
75.6149667563 12.1512398749
75.6207879762 12.1543204834
75.6306028802 12.150455331
75.6331215636 12.1470244963
75.6388567428 12.1478113976
75.6405741478 12.1458354611
75.6414186441 12.1392027724
75.6445071027 12.1385898338
75.6463427561 12.1362041559
75.6476894163 12.1325027025
75.648173388 12.1291522369
75.6468415573 12.1253693936
75.6513307154 12.1201917183
75.6519716545 12.111028533
75.6554624461 12.1094204201
75.6567141711 12.1067551778
75.6621954214 12.099767073
75.6664258051 12.0966568865
75.6716212899 12.095483978
75.6767795339 12.0961638121
75.6823638979 12.0985634903
75.6856850214 12.1020894459
75.688255923 12.1077516885
75.6960569887 12.1081128924
75.7057474458 12.105865616
75.7044877761 12.0935632569
75.7048290413 12.0890684222
75.7107299606 12.0883624278
75.7213972159 12.0840028298
75.7217993202 12.0830190753
75.7184442793 12.0747828301
75.718923898 12.0709178855
75.7213394488 12.06766181
75.7323836851 12.0697008761
75.7386949224 12.0733030418
75.7432583057 12.0777946151
75.7473063987 12.0774023722
75.7519613426 12.0790692878
75.7563001614 12.0830457371
75.76256352 12.0828497219
75.7674135566 12.0842261412
75.7723466189 12.0831841953
75.7882622454 12.0821156595
75.7941474894 12.0803106451
75.7999318563 12.0799363292
75.8043010169 12.076891908
75.8063341998 12.0736977238
75.8008164423 12.0552060386
75.7978941398 12.0532259436
75.8025175352 12.0473648247
75.8032560294 12.0453996624
75.8028440904 12.0383975655
75.8046594188 12.0360169717
75.8149511068 12.0298048875
75.81675286 12.0277128188
75.8166816338 12.0218635137
75.8283479343 12.015113066
75.8314794283 12.0115719962
75.83238918 12.0086208757
75.8286085585 12.0003522463
75.8284434086 12.0003542374
75.8292872202 11.990064855
75.8318705363 11.9837632327
75.8355063133 11.9804312581
75.844644608 11.97862932
75.8494460625 11.9760916024
75.8515833664 11.9704834825
75.8561413729 11.9628826108
75.8710311564 11.9514996371
75.8819438581 11.9466005277
75.8885183963 11.9448125212
75.8949360937 11.9440579538
75.8997121132 11.9424638481
75.9091115394 11.940706212
75.9208019432 11.9399928443
75.924979519 11.9415879254
75.9306023972 11.9388478714
75.9365580468 11.9371033206
75.9426482529 11.938824398
75.9538908226 11.9399327183
75.9604356412 11.9375448402
75.964423276 11.9346512506
75.9735009856 11.933029371
75.9782467582 11.933616491
75.9818900194 11.9310423107
75.9855153921 11.9307446125
75.9890316185 11.9315248147
76.0001583433 11.9294080405
76.0039050946 11.9297452168
76.0097007541 11.9380540754
76.0196669816 11.9394014776
76.024223569 11.9411644276
76.0288249735 11.9408047356
76.0354106656 11.9389471947
76.044350663 11.9451821644
76.0477993561 11.9494820376
76.0536384794 11.950663399
76.0726874252 11.9644969614
76.0787595588 11.9675209394
76.0869791431 11.9669221528
76.0972964838 11.9678630035
76.1139678514 11.9769410861
76.1147998983 11.934397798
76.1137030785 11.8826699499
76.1150209291 11.8769272545
76.1156296008 11.8649246237
76.1143779283 11.8575151086
76.1228811262 11.8493959326
76.1267974012 11.8506481584
76.1320381415 11.8511441875
76.1454314667 11.8635017455
76.1558718407 11.8674243241
76.1691050202 11.8664662527
76.180242526 11.8688963014
76.1906198301 11.87024025
76.2027155019 11.8620447376
76.207550585 11.8606434238
76.2100987198 11.8555805231
76.2118072933 11.8451869023
76.2139471357 11.8382838211
76.2122637581 11.8261181476
76.2187726332 11.820813163
76.2211349283 11.8107606556
76.2253674095 11.8066068299
76.23899406 11.8030590181
76.2513481807 11.8019217829
76.2601039788 11.8064278166
76.2724585747 11.8070662152
76.279053847 11.8102019893
76.2821368219 11.8074354862
76.2907543225 11.791551796
76.3018624419 11.7847909578
76.3071629063 11.7828799537
76.3103364215 11.7763195477
76.3178105408 11.7506231899
76.3249132147 11.7471502417
76.3317220526 11.7455164545
76.3424106015 11.7374372378
76.3483527739 11.7379251516
76.3537167645 11.7373359315
76.3586209332 11.7412743409
76.3635373316 11.7467645336
76.3798972132 11.743086606
76.3913554462 11.7519392029
76.3983396266 11.7497857095
76.4120629624 11.7567927024
76.4153376184 11.7602780286
76.4153429011 11.760266633
76.4185172887 11.7534363711
76.4142919641 11.7475932616
76.4132764058 11.7403061982
76.4196853847 11.7412516585
76.4250108842 11.7329058252
76.426747383 11.7284797558
76.4266665805 11.724062484
76.4257178075 11.7205615796
76.4188325073 11.716916653
76.4164192974 11.7111196828
76.4140244102 11.7105567793
76.4108372417 11.7137351112
76.404109191 11.7080212807
76.4106827013 11.7064367037
76.4099777423 11.6900786408
76.4152218918 11.6765041824
76.4180558313 11.6715542888
76.4254528831 11.6704273107
76.4313753446 11.6663277807
76.435637463 11.654539552
76.4377856501 11.6521132875
76.4425997338 11.6486486905
76.4435711738 11.6447435773
76.4422191803 11.6405597091
76.4387055872 11.6366692165
76.4338707279 11.6360572019
76.4327924957 11.6303135204
76.429251921 11.6321141629
76.4040877639 11.632276643
76.3878880037 11.6293591094
76.3845916826 11.6216700413
76.3846716734 11.6115712644
76.3788844152 11.607626604
76.3785630782 11.6003965127
76.3731995766 11.5986353503
76.3579025568 11.5896248523
76.3481115797 11.5874252711
76.3433256856 11.5852045034
76.3412464593 11.5875043307
76.3411467551 11.5919826092
76.3362670174 11.5953985466
76.3187504803 11.5843209894
76.3168617471 11.5764062892
76.3128396048 11.5772220999
76.3055429431 11.5711128168
76.301405094 11.5718125968
76.3007917274 11.5785357213
76.2982073898 11.5873266077
76.2934343283 11.5897070327
76.2854614488 11.590252736
76.2835037122 11.5966865899
76.2784496929 11.5996340462
76.2741883883 11.5960359839
76.2671329052 11.5936496747
76.2331006512 11.5710918088
76.2343042625 11.5663251648
76.2418841447 11.5531465933
76.2457949647 11.5400363557
76.2499700291 11.5354789304
76.2504712246 11.5308813843
76.2471494957 11.5276279814
76.2406776114 11.5253553109
76.2490708622 11.5114832174
76.2504395713 11.5053878597
76.2523487195 11.5010192893
76.2484963063 11.4819103026
76.2477402384 11.4663444776
76.2549210982 11.4708609477
76.2656070687 11.4799479421
76.2737941306 11.4754438552
76.2858106181 11.4813061696
76.293587797 11.4753618659
76.2955049426 11.4727688219
76.2918738643 11.4692252462
76.2968608507 11.4631207225
76.3058335873 11.4656713716
76.3138458502 11.4601830045
76.3288947784 11.4515681583
76.3416969827 11.4655897188
76.3470985246 11.4610892482
76.3611733572 11.45776059
76.3695981234 11.4549111629
76.3787669588 11.4478606287
76.3988538457 11.4349739342
76.4187328879 11.4406392251
76.4184009952 11.4322509846
76.4165519287 11.4218674837
76.4268209518 11.4123421851
76.4478882661 11.3977857821
76.4569814771 11.3885588123
76.4815762082 11.382536478
76.5189397217 11.3684103659
76.5183262977 11.3610064869
76.5156166181 11.3549275815
76.5183516927 11.3538885735
76.5252805846 11.3562620736
76.5388391028 11.3549970435
76.5471790869 11.3589214872
76.5498034946 11.3343831865
76.5488455069 11.3283005901
76.5442896183 11.3236756781
76.5395394012 11.3169699788
76.5375922593 11.3107781116
76.5395384877 11.3030754588
76.5492930988 11.2997002145
76.5431652515 11.2953033814
76.5310360967 11.2885227428
76.5250093051 11.2797601589
76.5221750447 11.2719668843
76.5226281454 11.2692629186
76.4971601913 11.2592119913
76.4552962277 11.2376280515
76.4518458086 11.2072542875
76.4469946374 11.2017070581
76.4493058857 11.1984200151
76.4525679871 11.1980690521
76.4617690059 11.1874021332
76.4678991332 11.191332833
76.4756384736 11.1933066848
76.4749349358 11.2059539557
76.4839033214 11.208498004
76.4967705957 11.2100479446
76.511491372 11.2101565162
76.5152021148 11.2092816165
76.5194801892 11.2025910928
76.53051551 11.1976022414
76.5454566101 11.1966796518
76.5573955496 11.2005310065
76.5872538843 11.2042979601
76.6028537351 11.2049695361
76.6116178384 11.2029767784
76.6326929155 11.1932241231
76.6393458111 11.1983660528
76.6513581126 11.204104011
76.6631462201 11.2119109917
76.6779555814 11.2183289773
76.6879434081 11.2264930089
76.6876094903 11.2304602539
76.6891457251 11.2346983161
76.7067921811 11.2390367181
76.7202786192 11.2260446817
76.7304856642 11.2193869876
76.732563279 11.215869388
76.7355335516 11.2166643806
76.7365114611 11.2142424332
76.7279148166 11.2060714215
76.727885212 11.2001605799
76.7311662627 11.1922755466
76.7237426729 11.185761105
76.7164201004 11.1873526755
76.7112772526 11.1822629113
76.7067270859 11.179592451
76.7034485722 11.174435314
76.6989610566 11.1727922932
76.695950456 11.1653954376
76.7011766712 11.152217296
76.7050607239 11.1479484385
76.7067042264 11.1404191707
76.7101900714 11.1391877712
76.7136791062 11.1397497285
76.7156188313 11.1438738738
76.7127253146 11.1463611481
76.7130336488 11.1495139844
76.7198933027 11.1480472187
76.7227548033 11.1406267765
76.7254683309 11.1361889264
76.7323560106 11.1302942353
76.7394677156 11.1331862555
76.7451131782 11.1329259248
76.7489322395 11.1291137315
76.7491280581 11.1226832914
76.7508476733 11.1177321352
76.7496254859 11.1114383778
76.745247756 11.1069198838
76.7443979621 11.1011792478
76.748890868 11.0917923835
76.7530252678 11.0938370293
76.7560395259 11.0917594266
76.7565947996 11.0867013212
76.7583859293 11.0829513918
76.7567855211 11.078715006
76.7448277746 11.0717119885
76.74480098 11.0661393366
76.746351059 11.0622809278
76.7474791752 11.0553289851
76.7506104614 11.0534726179
76.7569029415 11.0548192694
76.7615485889 11.0546211986
76.765230861 11.0470794775
76.7728254181 11.0421546836
76.7776952938 11.0401189991
76.7859627114 11.0422039446
76.8005201582 11.0576332156
76.8040018201 11.054969292
76.8030451007 11.0503254648
76.7973554621 11.0401907422
76.7923949765 11.0368853531
76.7674761377 11.0324720624
76.7544613444 11.0337486539
76.7427847071 11.0367932812
76.7223795463 11.0402326973
76.7168364182 11.0391109984
76.7091407949 11.0304180618
76.7006912792 11.0252341655
76.6900745805 11.007146225
76.6911348599 11.0003722074
76.6889903587 10.9937758128
76.6880948517 10.987406492
76.6707630501 10.968133534
76.6696681141 10.9581577721
76.6652700294 10.9498589732
76.667643242 10.9463483221
76.6659376285 10.9419373814
76.6577188259 10.9366274866
76.659506863 10.9318083688
76.6631545145 10.9276174583
76.6853383747 10.914114748
76.6951393273 10.9101696754
76.7035666999 10.9100253514
76.7109946121 10.9085647488
76.7220706154 10.9033614308
76.7291337977 10.8976494375
76.7335390552 10.8954551976
76.7385852025 10.8946355535
76.7415373975 10.8919267869
76.7434387554 10.8888230618
76.750188261 10.8922906566
76.7547302891 10.8927920306
76.7598967546 10.8926577887
76.7727727831 10.8876716289
76.7775486514 10.8896634968
76.7838783621 10.8895793973
76.7886297897 10.8869193032
76.7922035392 10.8818610388
76.7961986787 10.8794332381
76.8018956943 10.8789497807
76.8286289596 10.8698387458
76.8319853311 10.8669553306
76.8357205853 10.8585014405
76.8387808427 10.8552203356
76.8452599247 10.8507787121
76.8499427252 10.8457128211
76.8539223167 10.8399571219
76.8564486471 10.8346076574
76.8546951903 10.8306044147
76.8483847853 10.8236306096
76.8517160021 10.8157576262
76.8639176513 10.8166289421
76.8713690853 10.8079497001
76.8933803759 10.8092627532
76.8997646618 10.808087144
76.9029753876 10.8003749371
76.9090861475 10.7790345868
76.9082502879 10.7743023179
76.905432374 10.7687743746
76.90587727 10.763580296
76.9047487913 10.7586307374
76.9019460785 10.7557073951
76.8992463469 10.7512270372
76.8984020153 10.7449605229
76.8920177028 10.7343519992
76.8909432619 10.728440278
76.8929485528 10.7211401463
76.8954150153 10.7155642819
76.8926728362 10.71425325
76.8867042793 10.7149068913
76.8767571113 10.7011097914
76.8732414281 10.6944083645
76.873568823 10.6887258219
76.871458733 10.6852922176
76.8671562246 10.683414181
76.8667346465 10.6805477799
76.8749505852 10.6751219038
76.879410724 10.6744156471
76.8818974278 10.6722846762
76.8821195977 10.6689541147
76.8812283236 10.6645391595
76.8839414586 10.6617169017
76.8864182201 10.6474196742
76.8844531963 10.6376141408
76.8713168618 10.6333624004
76.8642329311 10.6320724919
76.8564614539 10.6343961793
76.8499585993 10.6348229171
76.8429939383 10.6339882185
76.8385344976 10.6352098129
76.83411756 10.6354575619
76.8263304305 10.6340512884
76.8165877016 10.6343773693
76.8173107151 10.6288644544
76.8148998065 10.622104918
76.8166199385 10.6171647937
76.8201489962 10.6153146676
76.8212954744 10.612326691
76.8203161162 10.6025188017
76.8271388833 10.5963544985
76.8362567502 10.5976396738
76.8401374471 10.5963628375
76.8415177461 10.5931443767
76.8411272452 10.5845382004
76.8378348965 10.5756029951
76.8372849598 10.5696364177
76.84091996 10.5651481595
76.8420607846 10.5610693602
76.8376023604 10.551047165
76.8364186999 10.5457159039
76.843913889 10.5372549075
76.8433757554 10.5326656253
76.8372300093 10.5110623855
76.8322949989 10.4987440924
76.8329995291 10.4883002234
76.8295491926 10.4465488454
76.8194651993 10.4229523445
76.8241403385 10.4194350777
76.8272261743 10.4098419192
76.8336785076 10.4114821952
76.8348704693 10.4070032273
76.8349063734 10.4021260822
76.8279111178 10.3945818054
76.8327574738 10.3898591706
76.8369085774 10.3833037352
76.8430369565 10.380184437
76.8505313113 10.3707506166
76.8517372956 10.3678204659
76.8486314714 10.3610619016
76.8481958842 10.3544680287
76.839971191 10.3456624705
76.8381015237 10.3422852769
76.839181099 10.3383365916
76.8383185316 10.3281156948
76.8366636492 10.3203762832
76.8320924579 10.3106970953
76.8321653054 10.3032994105
76.83743808 10.3019050329
76.8425321341 10.2991944698
76.8445169588 10.2918507599
76.8478205193 10.2897799585
76.85116018 10.285702657
76.8524954426 10.2856424778
76.8524505122 10.2895415591
76.8531600976 10.2917170229
76.8633642454 10.2909533889
76.8705322594 10.2974111642
76.8732055265 10.2988941135
76.8769105627 10.2981994605
76.8747297496 10.2907078481
76.8742538793 10.277784074
76.8749998781 10.2752124792
76.8835624127 10.2722517591
76.8898470326 10.2644955892
76.8974388718 10.2632934448
76.9046812119 10.2513017747
76.90644538 10.2456670129
76.9052063969 10.2408953645
76.9116426031 10.2407998113
76.9141699432 10.2360540437
76.918438861 10.2330119434
76.9223190797 10.2314681073
76.9332870868 10.2337319752
76.9380044685 10.2380826055
76.9407906563 10.237904909
76.9522855969 10.2294519231
76.9589629677 10.2311419755
76.9653875836 10.2281199764
76.9719356079 10.2271160425
76.9749302679 10.2242022206
76.9805432294 10.2209987173
76.9840007234 10.2170767539
76.9877959498 10.2223520303
76.9946725301 10.2283539056
77.0005052352 10.2283918444
77.0046609533 10.2314704183
77.0069478366 10.2361957796
77.0090001438 10.2378264414
77.0126532061 10.238284392
77.0199265481 10.2448767075
77.0285077139 10.2461145717
77.0293121063 10.2494858689
77.031872188 10.2503622484
77.0435737564 10.2514894273
77.0518759402 10.2567451246
77.0558159495 10.2705638922
77.0470819206 10.2807478549
77.0593851267 10.2828954767
77.0666064639 10.2885120994
77.0643994899 10.2914739785
77.0651414457 10.2940997788
77.0740775462 10.2950979262
77.0808672875 10.2988841055
77.08675255 10.3044636021
77.0950360606 10.3083403306
77.0951988177 10.3083955686
77.1013223204 10.3104736583
77.1055850254 10.3129849592
77.1140882666 10.3131868051
77.1217055899 10.3159316757
77.1276606222 10.319333394
77.1327254408 10.3242959286
77.1401461274 10.3290500851
77.1474958186 10.3325397192
77.1616831871 10.3429149513
77.1764258664 10.3551709852
77.1823199059 10.3548997537
77.1866303512 10.3529347757
77.1948917257 10.3521064201
77.2025296507 10.3551325484
77.2062961677 10.3523711479
77.2130446805 10.3509377823
77.2280856079 10.3503926592
77.2358184829 10.3493430086
77.2361943673 10.3375763591
77.2320286986 10.3310512378
77.2282147639 10.3148236175
77.2309651383 10.3070318769
77.2346934388 10.3050746981
77.2457656615 10.2862964578
77.2604610999 10.266653505
77.264502494 10.262856447
77.261515934 10.2606710068
77.259260984 10.2576677213
77.2587975422 10.2542908524
77.2597826522 10.2412511057
77.2595590364 10.2353477438
77.2605661976 10.2297081031
77.2631885595 10.2311531584
77.265257392 10.2334709206
77.2682452074 10.232443202
77.2696189312 10.2346578161
77.2728273976 10.2329951996
77.2803116989 10.2342438447
77.2840614655 10.2334904026
77.2889517509 10.2297251095
77.2946172723 10.2164325878
77.2932338966 10.2131868505
77.2903911853 10.2128345358
77.2880392686 10.2106375171
77.2871586031 10.2069238789
77.2838505977 10.2059482836
77.2855354286 10.2032230059
77.2836160461 10.1962570139
77.2786226088 10.1888848744
77.2733923083 10.1644769456
77.2738876211 10.1503565565
77.2717163347 10.1450029799
77.271876417 10.1413280897
77.274453647 10.139790732
77.2753448183 10.1378265151
77.2741301602 10.1282086994
77.2693372076 10.1254228916
77.2676304253 10.1205179164
77.2604218671 10.1214437341
77.2542075336 10.1232153652
77.2490984704 10.1257118066
77.2447618637 10.1291711168
77.2393528221 10.1274861724
77.2354849543 10.1243966956
77.2329828559 10.1203095541
77.229647984 10.1183015756
77.2265799817 10.1177801109
77.220220422 10.1150204053
77.2175160953 10.1125987337
77.2120785197 10.1154459335
77.2087741431 10.1152152492
77.2023418427 10.1045964086
77.2019978748 10.1014478417
77.2041046198 10.0999184215
77.2040302238 10.0955023594
77.2049752227 10.0900958354
77.2094711488 10.0825027264
77.2133523584 10.0796255272
77.2187476229 10.0774680699
77.2273038354 10.0674536114
77.2325422788 10.0658730024
77.2350896444 10.0596332649
77.2389358744 10.0545772055
77.245129381 10.0485607285
77.2515891856 10.0442631923
77.2568645291 10.03522216
77.2601148796 10.0326995912
77.2626628819 10.0293299658
77.2635092586 10.0248971309
77.2590250176 10.0168267087
77.2552942047 10.0119586027
77.2554772514 10.0092000745
77.2623225335 10.0039201027
77.2623743414 10.0002407798
77.2625099255 10.0002411525
77.259802423 9.99529685535
77.2614182661 9.99056812551
77.2654353763 9.99049317374
77.2634643973 9.98647940329
77.264544771 9.98185026213
77.2742690156 9.97531098954
77.2761792394 9.97283010564
77.2737716576 9.96247906361
77.2700746276 9.95928379439
77.2646941077 9.95161945401
77.2549676936 9.95212397298
77.2513548558 9.9504259633
77.2506898225 9.95241976458
77.2494513267 9.95187171076
77.2492415716 9.94715117039
77.2366748483 9.93183136054
77.2357093031 9.92674711902
77.2316827353 9.91474452739
77.2192315799 9.90327861391
77.2213722844 9.88671339406
77.2175622756 9.88368564471
77.2162885573 9.87870816638
77.2139505277 9.87491218735
77.2240886776 9.86274564482
77.2281791001 9.86095165233
77.2332403368 9.86245624179
77.2386161329 9.85799160263
77.2387038185 9.85195556385
77.2287911379 9.8475113578
77.2283433677 9.84186362092
77.2300111032 9.8398366503
77.2239232813 9.82346871753
77.2273741288 9.82188641484
77.2340279274 9.82222652854
77.2345397067 9.81780902143
77.2421839586 9.81529848807
77.2479539053 9.80629836148
77.2471578676 9.80340458755
77.2491465721 9.79753206652
77.24183888 9.7957385965
77.2376747501 9.79074948073
77.2249263864 9.78887834429
77.2258227247 9.77532896778
77.2337936741 9.76897207277
77.2275977284 9.76433298407
77.226571744 9.75418909551
77.2212580709 9.74640756284
77.2234874892 9.73059314669
77.2151439464 9.72618740445
77.2051700827 9.72438494353
77.2054566043 9.71502013561
77.204281104 9.70636297176
77.2069901896 9.69504646167
77.2012201625 9.68702435851
77.2001051504 9.68032680069
77.1975112924 9.6775598391
77.1949370344 9.6692140819
77.1878655388 9.6650118895
77.1884400951 9.66065676104
77.1842186022 9.66037849404
77.1809948616 9.65701956658
77.1812519405 9.6467329903
77.1760067499 9.63901264388
77.1760277355 9.63607627689
77.177655402 9.6285845155
77.169984951 9.62269943311
77.1702960234 9.61712992598
77.167292542 9.61475525858
77.1709311467 9.6102452884
77.1827540425 9.60944941858
77.1900786819 9.6059537054
77.194654779 9.61026656539
77.1995006793 9.61125011619
77.20149046 9.61475138982
77.2114881105 9.61304488167
77.2121578246 9.6045507068
77.2164080313 9.60126613861
77.2209848957 9.60115007672
77.2242483793 9.597723007
77.224768651 9.5933097685
77.2303441862 9.58769833672
77.2385362374 9.58169275582
77.2456321756 9.58485842107
77.2546632008 9.58232538133
77.257781232 9.58050502911
77.2605669765 9.57758475377
77.2625307215 9.57763381337
77.2663724969 9.57439395137
77.2708414439 9.57398799748
77.2737084921 9.57716244412
77.276986054 9.57569139508
77.291156409 9.58564499597
77.2908195468 9.59000588631
77.2954104173 9.5891430348
77.3023548184 9.59638868423
77.3202123571 9.60217680018
77.3249415166 9.5979812059
77.3296506371 9.59930432321
77.3307906523 9.59778046031
77.3267278383 9.59365415426
77.3279781308 9.58730224613
77.3257148294 9.58511958956
77.3266603303 9.57950901083
77.3370359805 9.57654445414
77.3408349118 9.57238278525
77.3445306442 9.5824204764
77.3569038757 9.60428699044
77.367111895 9.59855717695
77.3673699209 9.5973006963
77.365276426 9.59575236969
77.3622840867 9.59706093994
77.3608480861 9.59685310665
77.3592379986 9.59405242781
77.3569785482 9.5868679387
77.3613334901 9.57650849012
77.3598075951 9.57307908381
77.3566089067 9.57328787016
77.3519810356 9.56604410757
77.3535435694 9.56406983475
77.3541732927 9.55948445099
77.3561055435 9.55832646889
77.3627205494 9.55779889233
77.3649726816 9.55543940005
77.3667379783 9.54950243211
77.366784836 9.53553203464
77.3709467487 9.53316113654
77.3772675444 9.5254376909
77.3825677907 9.52407122924
77.3870577368 9.5179726329
77.403111112 9.52607166243
77.4027824898 9.51611744094
77.4064752797 9.51396289266
77.4112852964 9.51373554397
77.4126870462 9.50589235026
77.4043195275 9.50028299028
77.4019447531 9.49550959029
77.4003768521 9.48839950173
77.4005476649 9.47908857659
77.4033210723 9.47668515104
77.3987243041 9.4704767916
77.3938703752 9.46794474721
77.3951027243 9.46003983965
77.3887536412 9.45453689729
77.3841602356 9.4531582856
77.3801289241 9.45254081043
77.3767025039 9.4529177503
77.3730125285 9.45714057984
77.3680626921 9.45891507639
77.3618594574 9.45445063747
77.3593732381 9.44961722032
77.3506960549 9.44020545662
77.3510943049 9.43308394308
77.3483245593 9.43054272791
77.3465672019 9.42434884438
77.3406065904 9.41730097702
77.338179239 9.4147683747
77.3378655916 9.41091011092
77.3439578537 9.40318123153
77.344171311 9.39893085665
77.3414373727 9.39265464304
77.3426635482 9.38958080455
77.3423645714 9.38778998406
77.3363540984 9.38522625321
77.3361449528 9.3723419801
77.3396672088 9.36765604033
77.3366407969 9.36390408247
77.3372516045 9.36018013751
77.3263165505 9.34369546674
77.3280355873 9.33695255713
77.3237066982 9.33667437421
77.3167770253 9.33397230775
77.3071752635 9.33666750879
77.303492613 9.33588719494
77.3007556949 9.33645168954
77.3017757467 9.33020971053
77.2989237295 9.32858730812
77.3020282158 9.32458100955
77.3034911769 9.3190402007
77.3034298974 9.31708456954
77.3008958348 9.31403213336
77.3001912117 9.30987315503
77.2943797307 9.30420975673
77.2901236865 9.30312794561
77.2867688334 9.30068505564
77.2834962456 9.29980048257
77.2838321191 9.29060731082
77.2908796647 9.27209612822
77.28436637 9.27130380389
77.2845915581 9.26676579549
77.2826902952 9.26418802951
77.2824528379 9.25256909847
77.2792812494 9.24978620852
77.280486681 9.24073226318
77.2763321665 9.23326833142
77.2782454019 9.22584292577
77.2837096164 9.21769770381
77.2750756696 9.20891836986
77.2702138163 9.2021850731
77.2671738624 9.1990612224
77.2639510126 9.19806139413
77.2566012794 9.1987409552
77.2564543597 9.19534468733
77.2535140719 9.18796748331
77.2602333748 9.18491624293
77.2653243361 9.18458370167
77.2692876578 9.17375726726
77.2666220917 9.16483712699
77.2688413738 9.1518396714
77.2631005913 9.1480170029
77.2624360976 9.14432130982
77.2547159025 9.13872374966
77.2496347069 9.12663988337
77.2472231896 9.12353099866
77.2427809242 9.12284874652
77.2340998259 9.11676761569
77.2287671588 9.11502311781
77.2263994178 9.1062240473
77.2218852794 9.10444407544
77.2192967477 9.10000817077
77.2129026676 9.09703061167
77.2068150705 9.08376936723
77.2077047851 9.07855866874
77.2099675829 9.07361384516
77.2085989645 9.07053219413
77.2057943915 9.06505038725
77.2014778588 9.05919298146
77.199990864 9.05564724892
77.1973299479 9.0533389192
77.1992398464 9.04505012111
77.1872692235 9.0423901149
77.1845407964 9.04703460538
77.1708423552 9.04501930833
77.1653171853 9.04142618913
77.1624175031 9.03565448597
77.1639955275 9.02999264106
77.157670183 9.02384242795
77.1535930552 9.02149400879
77.1492649133 9.02023582325
77.1503682889 9.01663512658
77.1522335163 9.01385731278
77.1513824725 9.00836813227
77.1543871761 9.00659932544
77.1603691654 9.00628651596
77.1611266641 9.00024537616
77.161225379 9.00024508853
77.1641067326 8.99535748522
77.1757372194 8.98662733734
77.1805569836 8.97077780608
77.1921345279 8.965318118
77.1927017702 8.95928971241
77.1975981758 8.9554993436
77.1986862551 8.95044493834
77.1971249822 8.94596715027
77.1991347275 8.94102932245
77.1993618697 8.93729622904
77.1966978435 8.92942958084
77.1981388712 8.92690256981
77.1979529003 8.92420292763
77.2023251022 8.91863207914
77.2072330507 8.92104353408
77.2043006636 8.9241454703
77.2072974549 8.92804895182
77.2113995531 8.93040208532
77.2156604674 8.9278188581
77.2223386381 8.92592070212
77.2249892803 8.9224181749
77.2196722333 8.91518287125
77.2239200083 8.90168923754
77.2293351084 8.90157222158
77.2324430832 8.90065192928
77.2391806475 8.89668749922
77.2416520211 8.89370112247
77.2409491772 8.88635217993
77.2449207022 8.88037858117
77.2498667107 8.87761875073
77.2577143778 8.87664055155
77.2593768075 8.87336873189
77.2608633587 8.86785304827
77.2610865158 8.86366177852
77.2583127141 8.86004568701
77.2635502408 8.85366880072
77.2638965524 8.85166028817
77.2608370055 8.84982450247
77.265029628 8.84046294604
77.254168452 8.82616990157
77.2499524468 8.82197804438
77.2488601689 8.82008454635
77.24960243 8.81560557378
77.245386039 8.80906228173
77.2419838289 8.80682307129
77.2353571639 8.80550371545
77.2333798952 8.79511060695
77.2327282518 8.78420229612
77.2276543568 8.78213750362
77.2233292707 8.77880808003
77.2164138241 8.77789010358
77.217389711 8.77398499717
77.2203192371 8.76927591366
77.2158747803 8.76612014548
77.2094801315 8.76675415976
77.2010146709 8.76945502328
77.1987695207 8.76589425852
77.2014674022 8.76170259816
77.2017464942 8.75647605001
77.1991472162 8.74912719032
77.1945865785 8.74332833306
77.1889982153 8.74166448025
77.180762865 8.74344594284
77.1752393727 8.74901774323
77.1733331821 8.7458023078
77.1753990271 8.73942866879
77.18103026 8.72914916188
77.1798132437 8.72340796793
77.1851598421 8.71588375211
77.1905074057 8.71151863156
77.1974676094 8.70790047563
77.2012013894 8.69831259994
77.2059766069 8.69205134446
77.2080402123 8.68567878182
77.2087793696 8.6794762866
77.2054218857 8.67057811797
77.2086921957 8.66316977787
77.2136437786 8.65696843388
77.2169122687 8.64938878737
77.2237015422 8.64358667424
77.2267421042 8.63945258685
77.2308887277 8.63709729065
77.2372615798 8.62670129771
77.2468751168 8.62124549244
77.2465085182 8.6114267425
77.247073176 8.60614460332
77.2508116797 8.60045896358
77.25633404 8.59678063938
77.2616134723 8.58891376052
77.2703520739 8.57937924735
77.2786098735 8.55744132016
77.2840097954 8.55095312693
77.2841199754 8.54584163866
77.277131261 8.53648679883
77.2714740697 8.52540803692
77.2665546439 8.50967847822
77.2602683376 8.50640963647
77.2514065087 8.50417230809
77.2465587746 8.49883646311
77.2415465374 8.49653985528
77.2362078818 8.50435040718
77.2252895712 8.51262150017
77.2174512829 8.51210704059
77.2108881758 8.50751727011
77.2053491366 8.50148745185
77.209829748 8.49632094073
77.213604573 8.47748662449
77.2177894091 8.46835778107
77.2241750825 8.4636474407
77.2281396149 8.45882498063
77.229329807 8.45118889821
77.2286351734 8.44584815123
77.2178729957 8.44487590497
77.207740574 8.44281164267
77.2017377277 8.43552149533
77.1994861584 8.42662349915
77.1988988196 8.41709347532
77.1913469468 8.40968852971
77.1862149205 8.40343054487
77.1836178129 8.39579475251
77.1728361611 8.3853485643
77.1685270366 8.38334035947
77.1649044384 8.3895968114
77.1598421727 8.39068991291
77.1539130652 8.38638397702
77.1549423309 8.38035607293
77.1603479243 8.37685204759
77.1624027284 8.37013531121
77.1545619587 8.35957210172
77.1549600722 8.35348774026
77.1607187067 8.35698883185
77.1667084424 8.36244287287
77.1712594295 8.36261401546
77.1738415783 8.35928463461
77.1760749212 8.35308339582
77.1701988963 8.34332400184
77.1703551574 8.33878763525
77.1724849197 8.33350796281
77.1790336433 8.32523855659
77.1790223248 8.32035896794
77.1741860649 8.32145002639
77.1714397335 8.32730645193
77.1690831173 8.329774684
77.1640152264 8.32805406267
77.1563077204 8.32788376505
77.1498660803 8.33201758972
77.1411813975 8.33069695001
77.1307623064 8.32420981101
77.1280473038 8.3205919222
77.120050018 8.31933066561
77.1238912732 8.30928344536
77.1174541519 8.30916800217
77.1157163899 8.30572344937
77.108584643 8.30497739423
77.1038017269 8.29969369144
77.1000557268 8.29135591621
NaN  NaN
75.5330937289 11.752667834
75.5333737206 11.7557058449
75.5333737203 11.7557058819
75.5333737197 11.7557058448
75.5330937289 11.752667834
75.5330937631 11.7526677954
75.5337856366 11.7516982773
75.5330937658 11.7526677973
75.5330937289 11.752667834
75.5587824176 11.7250963529
75.5592504118 11.7211278825
75.5592504089 11.7211279176
75.5587824176 11.7250963529
75.5490803817 11.7152431661
75.5466422266 11.7159091957
75.5490803513 11.7152431715
75.5490803817 11.7152431661
75.5368857869 11.7165802644
75.5355210955 11.7174928091
75.5330752455 11.7174705239
75.5355210956 11.7174928082
75.5368857869 11.7165802644
75.5278303734 11.7221352258
75.5288842614 11.7270037741
75.5278303733 11.7221352529
75.5278303734 11.7221352258
75.5357439955 11.7583129999
75.54363332 11.7593012475
75.5436333574 11.7593012514
75.54363332 11.7593012484
75.5357439955 11.7583129999
75.5454888214 11.7542748741
75.5464310189 11.7511666892
75.546431017 11.7511667126
75.5454888214 11.7542748741
75.5538745668 11.7179781888
75.5534904257 11.7181048381
75.5534904169 11.7181048324
NaN  NaN
