80.7308947862 18.3736066243
80.7305828463 18.3670299426
80.7342328879 18.3559901913
80.7426385346 18.3444612147
80.7508014144 18.3279764124
80.7523107113 18.3226863415
80.753150043 18.3109458772
80.7524952424 18.308032966
80.7592211989 18.3033490598
80.7608136151 18.2971553871
80.7649456215 18.2906138961
80.7673936059 18.2884874447
80.7711352552 18.2876380106
80.774288113 18.284162024
80.7813294791 18.2708969916
80.7853500889 18.2657198155
80.7895558498 18.2655712691
80.7928418331 18.2640865078
80.7960550579 18.2600504396
80.7962194199 18.2557878844
80.7952094559 18.2525792999
80.7922268108 18.2492896894
80.7773253466 18.2424092532
80.7648268684 18.2355102923
80.7412035706 18.224783534
80.7402044085 18.2114702578
80.7404832046 18.2002298738
80.7425157016 18.1777927696
80.753036215 18.1709409057
80.7703846944 18.1691069345
80.7949109755 18.1703451457
80.8059423758 18.1724696307
80.8188505699 18.1846501269
80.8186853406 18.1894257239
80.8259135195 18.1932798518
80.8267734559 18.1981826902
80.8257275798 18.2188878195
80.8263177105 18.2251448635
80.8251583956 18.2313086364
80.8268947225 18.2370710882
80.8321793418 18.2396707194
80.8375665729 18.2402179441
80.8422086819 18.2393914308
80.8476099632 18.2341613782
80.8670969975 18.2321499531
80.8697633011 18.227840685
80.8755065771 18.2134612992
80.8752810054 18.2093891727
80.8736501023 18.207202864
80.869312954 18.2049064493
80.8645284492 18.2046388629
80.8571737101 18.2064170734
80.856207575 18.20385074
80.8569538716 18.199390269
80.8602594767 18.1897069794
80.8606569963 18.1847305867
80.859707447 18.1746115622
80.8638380781 18.1579740743
80.8633223864 18.1530834959
80.8638155897 18.1492368038
80.8664453228 18.1454417655
80.86966255 18.1427984743
80.8700767829 18.1390072672
80.8891810745 18.1388955283
80.9010180878 18.1408268785
80.9088233484 18.1410585688
80.9200888939 18.1449011853
80.9400764449 18.1557999182
80.9439156046 18.1589362084
80.9448090606 18.1611973912
80.9523112371 18.1634893307
80.9579538094 18.1706248679
80.962277919 18.1733793924
80.973652262 18.1747694138
80.9817874297 18.174568725
80.9818021764 18.1736685232
80.9819484067 18.1647412283
80.9828994536 18.1583765268
80.9807261865 18.1500180029
80.9756677033 18.1444635076
80.9574635435 18.129657219
80.9556638839 18.1233292743
80.9579316305 18.1101977257
80.9579726894 18.1048435123
80.9565037637 18.0978009111
80.9541220712 18.0907802881
80.9521149659 18.0875664102
80.9605935778 18.0784517963
80.9716782972 18.056407953
80.9741509935 18.0501192152
80.9704569763 18.038194773
80.9708329049 18.0378393973
80.9720733034 18.0311212929
80.9743692431 18.0252968801
80.9766435579 18.0185032869
80.9781181167 18.0097947101
80.9797318983 18.0041147239
80.9808462766 17.999934456
80.9820516443 17.9835905091
80.9862977742 17.9564709725
80.9880600453 17.952577659
80.9888334718 17.9467181493
80.9915601928 17.9418239289
80.9929056167 17.9297995358
81.0002354191 17.9262832088
81.0026292905 17.9211598167
81.0101819202 17.8717576868
81.0126713534 17.8454380383
81.0209330852 17.8238124237
81.0408340802 17.7969488055
81.0460418421 17.7934734902
81.0536334737 17.7912317009
81.0643732149 17.7900914626
81.0742244645 17.7915110898
81.082005506 17.7935752656
81.0879651485 17.8022429201
81.0954848872 17.8106102746
81.0974903034 17.818118284
81.1060991468 17.8243558714
81.1174243011 17.8303891456
81.1296573946 17.8356013657
81.1679614645 17.8599160904
81.1847956334 17.8564366776
81.1922015908 17.8565944826
81.2003789588 17.8544409198
81.2219225897 17.8404446051
81.2288047901 17.8367607584
81.2363623422 17.8337307461
81.2625213282 17.8196236309
81.2718481487 17.8179763534
81.3066069764 17.8174013636
81.3235557823 17.8199163846
81.3344801151 17.8200124086
81.3438709346 17.8188639346
81.3530349203 17.8192060824
81.3660134159 17.8180804263
81.3761261384 17.8157594725
81.3829502613 17.8130037493
81.3926489699 17.8111849408
81.3935061064 17.8142854935
81.4028353577 17.8158164479
81.4113042253 17.8130368039
81.4177927691 17.812568936
81.422992909 17.8178403711
81.4228800702 17.8241528151
81.4279518908 17.8283143051
81.4344558875 17.8290070399
81.4424102062 17.8235044341
81.4461055362 17.8230420318
81.4679862189 17.8324677181
81.4753897534 17.8326960691
81.4786502269 17.8309588549
81.4812738242 17.8256885878
81.4831391359 17.8178166277
81.4872738117 17.8125425731
81.4897406728 17.8106826494
81.4944090752 17.8104520198
81.5048895281 17.8143266595
81.5198797555 17.8144314024
81.5343009693 17.8187557689
81.5625144359 17.8242845147
81.5731714309 17.8335981087
81.5773162474 17.8357919727
81.5834411416 17.8352679841
81.6025335054 17.8270750428
81.6083240584 17.823424269
81.6197279282 17.8233541311
81.62429275 17.8300001509
81.6325698466 17.8324217108
81.6400368259 17.8384326032
81.645141214 17.8442726375
81.651362065 17.8472751779
81.654720565 17.8548528314
81.6545820273 17.8642362972
81.657627421 17.8704291941
81.6612701998 17.8761457167
81.665507708 17.8807740407
81.6716222604 17.884874614
81.6766159587 17.8863711843
81.6863238663 17.8855476974
81.6918038321 17.8874483678
81.6968459198 17.892765431
81.7064574225 17.883537656
81.7078462676 17.8777478498
81.7117527203 17.8691702517
81.7349043709 17.8821442142
81.766859058 17.9014065377
81.7719937783 17.8934675652
81.777441324 17.8867962906
81.7900406591 17.87884208
81.7961414769 17.8706662364
81.8013706082 17.8606955215
81.8030104788 17.8523496364
81.7964614346 17.8474375656
81.7909723297 17.8401548616
81.7725562336 17.8381120561
81.7615631558 17.8265028865
81.7475236873 17.8297676955
81.7382080828 17.8274702657
81.7320367041 17.8233735405
81.7181375932 17.8132663976
81.7126188003 17.8077226842
81.7068654453 17.7926746051
81.7000349922 17.783892941
81.693428019 17.7787485267
81.6833181663 17.7752910307
81.6616409886 17.7737668336
81.6505370376 17.7737773346
81.6316967997 17.7709111634
81.6272226063 17.7666931499
81.6214594123 17.7550606916
81.6178458652 17.7517722053
81.5905947384 17.7387794676
81.5852726422 17.7342123042
81.581614602 17.726798274
81.580633582 17.7199716591
81.5797429029 17.7110552508
81.5798374996 17.6960588178
81.5768705373 17.6910289494
81.5688629104 17.6848412701
81.5623286747 17.6745975753
81.554774899 17.6589205938
81.5530144123 17.653536554
81.5428589231 17.6386656995
81.5276527349 17.6270395573
81.5205853888 17.6181311405
81.517980546 17.6118215425
81.5179912369 17.6066092844
81.5166249052 17.6036005928
81.5116590875 17.5981626235
81.5214077732 17.5912699474
81.5296454346 17.5840787135
81.5326352161 17.5809561724
81.5324829911 17.5780610033
81.5290445506 17.5729674627
81.5224917039 17.5656186793
81.5178595393 17.5576911042
81.5101904188 17.5477362714
81.5082318303 17.5399277192
81.5068019174 17.518501674
81.5082939496 17.5099894985
81.5069700157 17.4984727001
81.502418694 17.4855078675
81.5025541134 17.4745100495
81.5046746051 17.4688952235
81.5041818379 17.4623456184
81.5022539607 17.4573675746
81.4908306828 17.4407625409
81.4810798631 17.4280938509
81.4661021928 17.4139754149
81.4604076694 17.4069128198
81.4549460196 17.3992754997
81.4503743044 17.3903038814
81.4425056572 17.3835347859
81.4289775002 17.3807623104
81.4271712469 17.3749702983
81.4245203945 17.3702257422
81.4153209741 17.3699965898
81.394075334 17.3636946573
81.3806611078 17.3657167711
81.3728185949 17.3687866478
81.3586766973 17.3770030732
81.3521399962 17.3841801235
81.3517503211 17.3938550641
81.3461593814 17.3984274736
81.3391580345 17.4005105376
81.3335189502 17.3990579348
81.3312842826 17.3975536494
81.3204456176 17.383202879
81.3104441082 17.3681598864
81.3076508923 17.3605830907
81.2980191968 17.3460080829
81.2906348909 17.3382178079
81.2760238512 17.3284601479
81.2710778785 17.3303867839
81.2663635128 17.3310959183
81.2431240661 17.3312237402
81.2275638773 17.3301188119
81.1991133403 17.3356962288
81.1903549688 17.3305490542
81.1870177172 17.3228491256
81.1807810306 17.313797078
81.1794351237 17.3048178368
81.1799764186 17.2750795734
81.1834923648 17.2688012022
81.1894351669 17.2630569925
81.1768755142 17.2507752886
81.1716587056 17.2410522954
81.1544128472 17.2401020807
81.1270327073 17.233012875
81.093337421 17.222025339
81.0710474215 17.2124691402
81.0626824585 17.2184933184
81.0553794119 17.2221524375
81.0527118105 17.2128811444
81.0487903748 17.2082892341
81.0436767155 17.2056004145
81.0403105375 17.2007000441
81.0350102087 17.1950193156
81.0142381483 17.1927756599
81.0065516802 17.1903253503
81.0001020764 17.188012688
80.993981587 17.1876950965
80.97513777 17.1928007067
80.9648053915 17.1964523781
80.9565373308 17.2015475054
80.9478368473 17.2085693996
80.9394379576 17.2131953922
80.9294215315 17.2139823228
80.9226172912 17.2134028758
80.914123405 17.2094218843
80.9164093946 17.2010189545
80.9157771295 17.1920165934
80.9172615116 17.1862251259
80.9218295299 17.1819840338
80.9236690447 17.1780528736
80.9227979784 17.1689952359
80.9209991507 17.1617419581
80.9221259586 17.1542004397
80.9181942945 17.1507016115
80.9127877884 17.1493991821
80.9049553338 17.1490198501
80.8976601736 17.1492775621
80.8855566476 17.1533940728
80.8791021633 17.1544990881
80.8756062958 17.1328371037
80.8722822686 17.1262311837
80.8638571849 17.1196417164
80.8730390699 17.1040919372
80.8712392228 17.0939198621
80.8713961528 17.0898307573
80.8653112032 17.0768338465
80.867722066 17.0592026663
80.8637829762 17.0523998556
80.8594109675 17.0485138848
80.8537381758 17.041194992
80.8413567146 17.0340610675
80.8381613239 17.0406787463
80.8320926121 17.0460935706
80.8120569124 17.0508176764
80.8016742302 17.0513003312
80.7941264122 17.0558593721
80.7890175347 17.0570261657
80.7749156115 17.0585014536
80.7553890538 17.0630848158
80.7345019353 17.0727257185
80.7213743205 17.0735527794
80.7039161855 17.0764103352
80.6927409289 17.0767769815
80.6901399719 17.0723535459
80.6843851943 17.0693174686
80.6764912937 17.0679563892
80.6693305781 17.0647546143
80.6579155192 17.0625896642
80.6483189925 17.0631242965
80.6426500384 17.0668688842
80.6464471725 17.0735845915
80.646477338 17.0799074832
80.6530863722 17.0850666017
80.6641147513 17.0919395656
80.6653703735 17.0957292137
80.6549519128 17.1024151733
80.6450954121 17.1049067795
80.6338952323 17.1096342008
80.6384165996 17.1179032646
80.6325744415 17.1197519968
80.6252063692 17.1235539761
80.6215605895 17.124480049
80.612511109 17.1233422046
80.6037418238 17.1273777455
80.5888597084 17.1387220987
80.5820961033 17.1430390085
80.5687759773 17.1457567536
80.5576600006 17.1313513433
80.550258381 17.1281396942
80.54400246 17.1275110131
80.537777084 17.1213728564
80.5280143579 17.1158649878
80.5203075024 17.1139204474
80.5046912947 17.115546778
80.5051427066 17.1089907406
80.5009868748 17.10014455
80.4973139481 17.0950371311
80.4953827496 17.0906146883
80.4932218238 17.0753290017
80.4932712247 17.0640738596
80.4908067553 17.0580361198
80.4836785796 17.0505773296
80.4803633376 17.0458668239
80.4728407174 17.0449465888
80.4614849577 17.0447837977
80.4548544929 17.0247940152
80.4412456322 17.029515677
80.4291119937 17.0325802903
80.4263583475 17.0363122674
80.4228563008 17.0494685235
80.409421527 17.0618227376
80.4074333446 17.0674030993
80.4083012751 17.0728566002
80.4058795511 17.0814785116
80.4036093494 17.0851496283
80.4017213149 17.0853858508
80.3986289779 17.0837769183
80.3875771931 17.0737272642
80.3826758813 17.0706816255
80.3755056381 17.0641417172
80.376272649 17.0602874732
80.3801514856 17.0551236454
80.3869221576 17.0417560989
80.3857772426 17.0355120886
80.3864420458 17.0309903593
80.392323976 17.0274315414
80.397269617 17.0217500639
80.396465229 17.01499766
80.3950712156 17.0106440512
80.3905314742 17.0077398894
80.3797595583 17.0035321011
80.3797805345 17.0008422474
80.3801868442 16.9948256594
80.3782972499 16.9906609102
80.369640488 16.9821745688
80.3668348529 16.9783460846
80.3690046075 16.9782239408
80.3894157937 16.9702780602
80.4062528553 16.9648095361
80.4209840941 16.9620051038
80.4512052774 16.9528307603
80.4617746711 16.9462545319
80.4719337724 16.9381626733
80.4785717353 16.9344819438
80.4855883475 16.9291576523
80.4965496273 16.9254548703
80.49430604 16.9350380214
80.4956605976 16.9448401141
80.50000341 16.9561485718
80.5184968948 16.9504443488
80.5294285828 16.9444337377
80.5404785514 16.9581935031
80.5782712332 16.935018557
80.5929613386 16.9346739298
80.597948311 16.9248516767
80.5991116743 16.9198225288
80.5981700085 16.9153211301
80.5947009014 16.9125155342
80.5909229272 16.9112913438
80.590047275 16.9049785421
80.5921822897 16.8988343324
80.594604418 16.8953828436
80.5955869576 16.8821909633
80.5853342258 16.8813336303
80.5737759748 16.877270143
80.5736809532 16.8581698289
80.5728473392 16.8508444919
80.5712798814 16.8445990825
80.5634506579 16.8330800611
80.5648843407 16.826711172
80.5701213445 16.8254447255
80.5758787244 16.825426709
80.5806604296 16.8204439151
80.5947509117 16.8150369798
80.6025631732 16.8063234833
80.6066959449 16.8004532462
80.6130265735 16.7961970784
80.6064536977 16.7935197099
80.5782433423 16.7791639276
80.5717187209 16.7712425618
80.5554150343 16.7760401711
80.5389557905 16.778410891
80.5269698983 16.7771102296
80.5198732149 16.7782627793
80.498399056 16.7841446668
80.4934985543 16.7895729575
80.4878838471 16.7931996339
80.479870394 16.7965481938
80.4652185667 16.7982325472
80.4638836821 16.8146439407
80.4613923451 16.8234363667
80.453547487 16.8275148551
80.4406080242 16.8319513149
80.4408752509 16.8352728188
80.4316076371 16.8373880518
80.4301602215 16.8451757566
80.4274125985 16.8503675047
80.4084305806 16.8577457176
80.4089124722 16.8450743154
80.4078844485 16.839610065
80.4029645674 16.8332008253
80.3881372785 16.8275589318
80.3865786977 16.8205161276
80.3846148105 16.8186670104
80.3816746379 16.8191274291
80.3758182973 16.8347478532
80.3734226774 16.846868152
80.3698943951 16.8583192809
80.3673323682 16.8628349773
80.3596002881 16.8612215212
80.3436095888 16.8636311808
80.3459610705 16.8749538444
80.3359646035 16.8788645583
80.3278627944 16.8787731225
80.3270780092 16.8852601136
80.3246138883 16.8917989151
80.3247486665 16.9024482474
80.3218820626 16.9197524726
80.3239784909 16.9201411939
80.316433241 16.9315443623
80.312513038 16.9471615565
80.3099222329 16.9635173673
80.2975003348 16.9843996907
80.284675289 17.0007926937
80.2706459609 17.0181228415
80.2587328487 17.0148597223
80.2495947696 17.0102872191
80.2441899792 17.0097999684
80.2406854689 17.0123767387
80.2262549131 17.0270434268
80.2216390003 17.0265838259
80.2096673334 17.0205376218
80.2039541608 17.0254178027
80.2045077978 17.0330546932
80.2026401411 17.0498426578
80.1904793876 17.0522448153
80.1789046782 17.0377179587
80.1755525788 17.0309489518
80.1574727461 17.0153696001
80.1508297462 17.0088073946
80.1489450054 17.0006208144
80.1422351987 16.992704425
80.1352653907 16.9926607016
80.1285014939 16.9941306456
80.1230284324 16.9931815545
80.1211378564 16.9896356547
80.1141341374 16.9886211687
80.1078075728 16.9900852321
80.096008671 16.994699943
80.0922770378 16.9849610464
80.092585645 16.9704922002
80.0541713209 16.9725378536
80.0453747643 16.94373968
80.0368082758 16.9346855629
80.0269029419 16.9260887825
80.0178632758 16.9145413052
80.0110792262 16.8987695916
80.0033728293 16.8846217104
80.000016616 16.8705790538
80.0024747282 16.8695157415
80.0222162946 16.8603262784
80.041499542 16.8598624701
80.0427543512 16.8551859701
80.0427943508 16.8465609725
80.0450859885 16.8398492228
80.0502575814 16.8335344527
80.0781298632 16.8211523792
80.0733969919 16.8100588345
80.0661298451 16.7894576993
80.0600725997 16.7788794055
80.0563996444 16.7527908462
80.0518462726 16.7473355633
80.041253928 16.7394016043
80.0318122537 16.7261152415
80.0251705306 16.7194688838
80.0108764615 16.7105783133
80.0021561835 16.7020750977
80.0000118537 16.7001801179
79.9815242093 16.6671810372
79.9666549293 16.6497111726
79.9510610556 16.6402854445
79.9321299432 16.638373989
79.9222845056 16.6407484066
79.9105285176 16.6454271885
79.8993356621 16.6571064609
79.8890487978 16.6836501983
79.8816713631 16.6961524947
79.8701916272 16.7056337618
79.8528914764 16.7038549486
79.8342412545 16.6988425996
79.8185614502 16.6978319206
79.7916060483 16.732085348
79.7831214263 16.7367410904
79.7713144462 16.7343387737
79.7586928119 16.7273232182
79.7420040609 16.7052283323
79.7309347492 16.6998090881
79.6911946917 16.6975223879
79.6767859945 16.6911296825
79.663644403 16.6812184194
79.6561757511 16.6691367208
79.6413974326 16.6679857772
79.6249197932 16.6717159111
79.6079888288 16.6703228826
79.5936674818 16.6584026103
79.5820791991 16.6506397713
79.5716683184 16.6451080677
79.5620270173 16.6416190666
79.5447431968 16.6385698195
79.5201089968 16.6406212072
79.5051620153 16.6374583633
79.478036557 16.6256733265
79.4585259064 16.6160648004
79.4510949721 16.6006284737
79.442438548 16.5925784973
79.4345235036 16.5894307786
79.4106303329 16.5873184133
79.3533601267 16.5863562962
79.3411406162 16.5852938425
79.3275687973 16.5826312782
79.3028866814 16.5740781868
79.2901446518 16.5721588633
79.2738427941 16.5681709003
79.2685136703 16.5531325088
79.238170724 16.5259943762
79.2330024022 16.5149373391
79.2318613025 16.4988883986
79.2386582791 16.488440749
79.2428994568 16.477479399
79.2439875954 16.4653617656
79.2341447152 16.4593518027
79.22684819 16.4449903728
79.2228257567 16.4226115538
79.2204140274 16.4006489303
79.2211425433 16.38130603
79.2193133523 16.369746567
79.2311250637 16.3573324712
79.2357367104 16.3438134933
79.2377559658 16.3072898491
79.2330311445 16.2572114428
79.2266689161 16.2467845677
79.2154838923 16.2378092896
79.1999567924 16.2298372425
79.1845260136 16.2242414112
79.1706461712 16.2273259495
79.1590744272 16.2316785074
79.1503605818 16.2363140907
79.1410278826 16.2433936558
79.1308479393 16.2449022103
79.0763563737 16.2450445955
79.0618079742 16.2494392628
79.0502470682 16.2518012171
79.0386331052 16.2525792495
79.0278154696 16.2510893304
79.0178447423 16.2472589221
79.0000845648 16.2350985701
78.9856940762 16.229849551
78.9666172323 16.2239813884
78.9486815696 16.2165548071
78.9330668629 16.2090746225
78.915631477 16.1977613192
78.9130127592 16.1886056332
78.9131691222 16.1716821685
78.928477844 16.1404985096
78.9294988578 16.1287180034
78.9249066554 16.1203713555
78.9209779509 16.1156939376
78.918110964 16.1120814281
78.9088142726 16.1044758057
78.8966818339 16.1053958642
78.8802483376 16.1169574846
78.8769630726 16.1283957707
78.8755728023 16.1420042534
78.873852894 16.150589645
78.8704571849 16.1597992586
78.8639400233 16.1652857082
78.853758192 16.1662083836
78.8453231989 16.1634040692
78.8395886675 16.1584288863
78.8379766452 16.1488216834
78.8387563925 16.1396675615
78.8414544881 16.1268553078
78.8456194616 16.1175914498
78.8478082696 16.1095814923
78.8469101704 16.1010038764
78.8440470271 16.0941459177
78.8290999493 16.068978441
78.8213122694 16.0589716726
78.815521122 16.0529734777
78.7975421695 16.0394721875
78.7825510797 16.0303744807
78.7614042253 16.0277423755
78.7464241797 16.0278470978
78.7333843245 16.0297270847
78.7210479755 16.033324088
78.6938964613 16.0469758548
78.6822949873 16.055598451
78.6756401746 16.0623432154
78.6649996748 16.0779454942
78.653915581 16.0892012162
78.6436770771 16.0978889939
78.624161194 16.1053040476
78.6106158002 16.1028240038
78.5996860409 16.0936077843
78.5835291424 16.0767152202
78.5741987509 16.0682390796
78.5662146504 16.0627366926
78.55395815 16.0625470567
78.5398777336 16.0686434623
78.5278394757 16.0713714065
78.5025532961 16.0793345753
78.4578775097 16.0871969931
78.4277576901 16.0889641036
78.4124349157 16.0870446335
78.3909849274 16.0779011656
78.3767544009 16.0659108465
78.3597975288 16.0605570709
78.3470904388 16.0588040406
78.3377984285 16.0531190531
78.3302226376 16.0432642023
78.3228669573 16.0351785428
78.298790385 16.0344862307
78.287634176 16.0380559085
78.2747067129 16.0407043751
78.2632024156 16.0372302654
78.2579060934 16.031615321
78.265242536 16.0110512808
78.266318043 16.0007215481
78.2595331755 15.9844482333
78.257673974 15.9768572532
78.2549386083 15.9743206266
78.2539376633 15.9660759132
78.2505971352 15.9529942941
78.2494643588 15.9431028005
78.2445497011 15.9351058562
78.2344528757 15.9295201056
78.2119353502 15.9230833592
78.2031893324 15.9182538771
78.1865224382 15.9064493647
78.1857040604 15.9009575375
78.188003494 15.8936767308
78.1856085487 15.8858081238
78.1803502031 15.8785564946
78.1771799237 15.872474254
78.1751928278 15.8592211075
78.1711891167 15.8550429984
78.1574255035 15.8550725006
78.1548905021 15.8559919351
78.1443936917 15.8562441352
78.1322727309 15.8549276406
78.1333483607 15.8409333403
78.126236756 15.836278428
78.11600698 15.8331755175
78.1075559447 15.8338987209
78.0699838327 15.8504732123
78.0647596121 15.8562955901
78.0551176287 15.8765949651
78.0469434823 15.8780258834
78.0460423351 15.9038878307
78.0424830514 15.9078634409
78.034972278 15.9084537735
78.030430197 15.9043484416
78.0231313227 15.9009084596
78.0209002833 15.8945749721
78.0127786233 15.8777415168
78.0080388711 15.8650117641
77.9997707718 15.8667490604
77.9789605575 15.8798340631
77.9691510117 15.8815985024
77.9500379408 15.8805843679
77.9342815167 15.8821553346
77.9134833186 15.8904940432
77.8935542384 15.9014830517
77.8822378407 15.9015379559
77.8727686243 15.8979287725
77.861487837 15.8812981295
77.8559251785 15.8793518956
77.8455600418 15.8794567368
77.8396356059 15.8810142875
77.8311033573 15.8792899604
77.8234779111 15.8749817723
77.8149580903 15.872517338
77.8048892793 15.8707935109
77.7954728646 15.8720478248
77.7845592861 15.8747346829
77.7758410699 15.8786911817
77.7656466639 15.882186382
77.7552202819 15.8812614711
77.7443722035 15.8838847889
77.7374916071 15.887554942
77.7303814226 15.8901211958
77.7216075238 15.8918920027
77.7127867359 15.8894122096
77.7049202202 15.8857396783
77.6979486893 15.8806203772
77.6889464271 15.8791769469
77.6643028279 15.881768618
77.6535653096 15.884158781
77.6449094378 15.8883390753
77.6373193466 15.8969864865
77.630989896 15.9042940269
77.6240556862 15.9089075446
77.6190741558 15.9129685048
77.6115975598 15.9168537765
77.6038995365 15.9138538827
77.5936018478 15.9121001127
77.5852403826 15.9152984207
77.5767541984 15.9173963624
77.5538884972 15.9187097717
77.5367553734 15.9211346385
77.514409428 15.9258354273
77.5195306914 15.9483865587
77.5208448595 15.9623941039
77.5198166316 15.9680693091
77.5139361358 15.9723539683
77.5104215951 15.9775713893
77.5104001249 15.9836543537
77.5132937427 16.0007055725
77.5149824164 16.0071147845
77.5065622097 16.010390567
77.5051435955 16.0161920638
77.5034260176 16.018724032
77.5036682558 16.0219926905
77.496899838 16.0303803937
77.4955438947 16.0354366381
77.5004860292 16.0524979441
77.4993030029 16.0545620663
77.5010294421 16.0595573479
77.5043517295 16.0590389491
77.5077522263 16.0779923154
77.4977897563 16.0843720716
77.4976712597 16.0885072458
77.5026702577 16.1019455533
77.5082578904 16.1062470247
77.5142018661 16.1082574126
77.5074938514 16.1141822918
77.5001967275 16.119347878
77.49496745 16.1208473553
77.4914077477 16.1204458754
77.493313526 16.1311308398
77.4928009863 16.1520389284
77.4914960194 16.1577185672
77.4882998967 16.1631761536
77.4930598175 16.1832812606
77.49960964 16.1917248366
77.4996122868 16.1999418981
77.4983762213 16.2107414824
77.4999835051 16.2175703896
77.5070093406 16.2202737675
77.5134838974 16.2195232938
77.5158614308 16.2217609337
77.5154489458 16.2279090426
77.5068975439 16.2293458924
77.4982725361 16.2275720169
77.4934040755 16.2288930176
77.4935364832 16.2463518458
77.4921740913 16.2543340299
77.5036036901 16.2623736963
77.5048431815 16.265190666
77.5058666296 16.2723141278
77.5177608376 16.2752397549
77.5240013042 16.2754052109
77.5291177665 16.2743087807
77.5305323041 16.2715551909
77.5385030425 16.2671833303
77.5444729547 16.2871723005
77.5479244553 16.2915932056
77.554231369 16.2952122631
77.5697589614 16.3022652213
77.5740382677 16.2993326199
77.5791397195 16.2935193949
77.5854988015 16.2906506999
77.5951348169 16.2914448985
77.5971017882 16.2947118032
77.5931841551 16.3002321679
77.5958099158 16.3091888635
77.5956492332 16.3165417778
77.5914353324 16.324997566
77.5891835924 16.3325789062
77.5964027118 16.3420483072
77.5912207682 16.3424585645
77.5765911512 16.3404618765
77.5592351839 16.3460414523
77.5541819007 16.3491505946
77.5490079685 16.3542131712
77.5397953922 16.3573776149
77.5332632225 16.3627800249
77.5234560474 16.3745008774
77.514712355 16.3745624549
77.499015628 16.3801408093
77.485872041 16.3821014193
77.4657598895 16.379749831
77.4533892123 16.3800965823
77.442497086 16.3787157906
77.4395814557 16.3769419819
77.4321462622 16.3693587326
77.4265490302 16.3671171228
77.4160824992 16.3669435909
77.4054284469 16.3702752252
77.3924034633 16.3760175525
77.3774197291 16.3841088742
77.3567172899 16.3807743695
77.3470830534 16.3838667449
77.3368442084 16.3924264442
77.3110280717 16.3980992594
77.298586988 16.403661638
77.2886480516 16.4070440596
77.2821664805 16.4147333494
77.2787116921 16.4217454842
77.2731734771 16.4270781247
77.2682985448 16.4340248197
77.2620982028 16.4512615402
77.2563180241 16.4572269391
77.2389910662 16.4719711347
77.2426779472 16.4768009499
77.2483311695 16.4761237605
77.2553626822 16.4718181528
77.2892891914 16.4754684657
77.2959543556 16.4776030586
77.2997641053 16.4852971634
77.3008274487 16.4898394179
77.3005888707 16.4954111336
77.3130885252 16.493296932
77.3176150355 16.4915130847
77.3284468381 16.4849197858
77.3339917564 16.4846852031
77.3477336608 16.4860757775
77.3476763716 16.4888902157
77.351965531 16.4895302511
77.3557198687 16.4873449928
77.3622654776 16.4871776993
77.3704210842 16.4881497842
77.3713093384 16.4909675189
77.3714282513 16.4978004069
77.3732214888 16.5061352979
77.37703133 16.5100408955
77.3832233965 16.5147547408
77.3853093546 16.5155600007
77.3928725735 16.5161385864
77.3976908259 16.5188961507
77.4047824412 16.519989033
77.4162022571 16.5178695703
77.4195470907 16.5218893191
77.4198516235 16.5480268577
77.4057417294 16.5507824331
77.4046117928 16.5542318385
77.4012220357 16.5568777152
77.4006855845 16.5595240388
77.3989536319 16.5622222283
77.3967502168 16.563424067
77.3944361778 16.5637165065
77.395561807 16.5691649502
77.4017023239 16.5673292459
77.4062869469 16.5702631695
77.4214743651 16.5679126928
77.4251596697 16.5691730688
77.4409530669 16.5852057725
77.447507601 16.5860678444
77.4606684332 16.5850332029
77.4646639272 16.5874980259
77.4684710518 16.5882474534
77.4684771409 16.591228153
77.4656203184 16.5946803903
77.4630603391 16.5960645593
77.4646116338 16.599570406
77.4684858083 16.5991598684
77.4689597057 16.6014607045
77.4678980187 16.6088186109
77.4581269926 16.6114056525
77.4580740914 16.6177776797
77.4598025554 16.6239887525
77.4655820756 16.6287500758
77.4667253734 16.6331771715
77.4701260537 16.6399041806
77.4756123667 16.6474833593
77.4736497977 16.6508716164
77.465662599 16.6527724513
77.4589920814 16.6488069764
77.4527306351 16.6427749545
77.4482585492 16.6397274381
77.4425430501 16.6401350221
77.4371141038 16.6415669691
77.4403964839 16.6464525446
77.4366397155 16.6469764513
77.4344384709 16.6486363289
77.4322386377 16.6539813085
77.4253321633 16.6558783857
77.4209777288 16.6586340613
77.4206872557 16.6666827957
77.4413075133 16.6704744064
77.4506099833 16.6780554642
77.4659213376 16.6762710597
77.4692645439 16.6821929583
77.4717214769 16.7006943479
77.4716699785 16.7062627815
77.472978092 16.712588717
77.4710201237 16.71580372
77.4652343163 16.7170158687
77.4604663605 16.7145439405
77.452604053 16.717418244
77.4495580209 16.7176440617
77.441509196 16.7113829713
77.4373918825 16.7129363928
77.4341162399 16.7155242358
77.4295289343 16.7155739745
77.4275072323 16.718336898
77.4282235397 16.7216075197
77.430844033 16.722184061
77.4316246549 16.7249437018
77.4304315142 16.7265529277
77.4297828559 16.7308605555
77.4319225742 16.7332782882
77.4353839011 16.7402303585
77.4394439663 16.7533299076
77.4413052901 16.7668919622
77.4393469228 16.7813707841
77.4416108294 16.7869486786
77.4486496218 16.7837834044
77.4714851248 16.7803933193
77.4753050542 16.7829174524
77.4757862477 16.7889533885
77.4759099052 16.800045964
77.4698971166 16.8045818797
77.4668583308 16.8082589636
77.4635199397 16.8214782163
77.4607248223 16.8274578372
77.4645002041 16.8477989235
77.4643913552 16.858200456
77.4616629483 16.882915044
77.4565231053 16.8851106038
77.4562915124 16.8852095264
77.4582970197 16.889747759
77.4598628724 16.9082553303
77.4579556816 16.9098621495
77.4574169275 16.912618079
77.4641608822 16.9165250515
77.469416894 16.9176773038
77.4717981905 16.9207170653
77.4719230352 16.9277846857
77.4686473013 16.9284805721
77.4675671509 16.9326202444
77.4700189698 16.9381339691
77.468350435 16.9433637884
77.4687009754 16.9499186783
77.4681006246 16.9562330571
77.4732178528 16.9573896927
77.4777933138 16.9630133815
77.4832440519 16.9715754592
77.4840341126 16.9787032165
77.482399343 16.9937639419
77.4860320305 17.0006961014
77.4872668689 17.0021905127
77.4976273344 17.0093476059
77.5034683523 17.0108359126
77.5022558122 17.0186986267
77.4960659635 17.0251358395
77.4972694209 17.0364602501
77.4959033461 17.0423028329
77.4907892502 17.0481156427
77.4870615796 17.0568714846
77.4820525154 17.0644064726
77.4794062312 17.0732885108
77.4818289133 17.0756707727
77.4808965922 17.0796243947
77.4723864409 17.0844885305
77.4678021273 17.090076843
77.4642259055 17.0961927035
77.4665644476 17.1074059459
77.4562686742 17.1109343212
77.4523003817 17.1148101158
77.4424835629 17.1178745617
77.4376200148 17.114446547
77.4273420792 17.1173394744
77.4155848952 17.1237751812
77.4075039921 17.1264606405
77.4026467016 17.1351454617
77.3800358413 17.141081443
77.3790962773 17.1518746602
77.3705382642 17.1544879858
77.3636350731 17.1647646634
77.3685601431 17.1680889658
77.3671936993 17.1726138245
77.3720241462 17.1796070662
77.3711843584 17.1863201706
77.3743988024 17.1931883765
77.3803971432 17.1961174867
77.3854023219 17.1968521872
77.3952049571 17.1955117147
77.3971587531 17.2100604868
77.4025173225 17.2118948801
77.402728815 17.2146495226
77.3968810783 17.2145938674
77.3882629578 17.2160632113
77.3849569744 17.2194188951
77.3840188392 17.2228603354
77.3876919384 17.2264022949
77.395938607 17.2316527462
77.3995385708 17.2359323978
77.4025339989 17.2349830992
77.4091711812 17.2405019003
77.4186701102 17.2330068557
77.421506333 17.2359061977
77.4237538717 17.2447137642
77.4242169904 17.2524212983
77.426333938 17.2563425047
77.441121189 17.2644679297
77.4462545298 17.2716894408
77.4534659103 17.2729661166
77.4583082927 17.2789874711
77.4565938298 17.2897132785
77.4507793542 17.2918966704
77.4377661008 17.291317372
77.4415145346 17.2997420932
77.444186123 17.3008598966
77.4517458899 17.3164925928
77.4534130049 17.3179453369
77.4551452959 17.3302540012
77.4562761181 17.3309580358
77.4588704802 17.3409217936
77.4601202054 17.3479940317
77.4567397907 17.3518110701
77.4535031239 17.3530482853
77.4536186847 17.3660325074
77.4553433508 17.373459031
77.4831350067 17.3726129265
77.4791474367 17.3711434177
77.4762049969 17.3661801051
77.4782750995 17.3621774862
77.4864345467 17.3574826899
77.4962247374 17.3585428633
77.5029881392 17.357110661
77.5136414095 17.3623186878
77.5247282955 17.3651135822
77.5319329479 17.3751703067
77.5340904748 17.3809343268
77.5304896039 17.3818787891
77.525224087 17.3893562504
77.5374907501 17.4018770575
77.5394175409 17.4071223214
77.5374925337 17.409113864
77.5306144877 17.4089959999
77.5145377943 17.4155242638
77.5139933484 17.4302203208
77.5272352545 17.4396478932
77.5373642815 17.4439233529
77.552775517 17.4379146419
77.5617353641 17.4382766737
77.5765460369 17.4325394641
77.5759359984 17.4415546896
77.5771704734 17.4571944921
77.5944454995 17.4511273124
77.5999303803 17.4457221662
77.6085345012 17.4461350512
77.61468319 17.4472722707
77.6155081149 17.4559539793
77.614156352 17.4676662736
77.6150053724 17.4729599968
77.6197131369 17.4744285048
77.6306584609 17.4742346635
77.6381202405 17.4752707653
77.644546506 17.4790534923
77.6467053248 17.4864838355
77.6483412147 17.4979289261
77.6520748403 17.5023827556
77.6568852719 17.5062720626
77.6530885271 17.4945794472
77.6522183323 17.4842274454
77.6690644754 17.4793669766
77.6882204642 17.4759537556
77.688894344 17.4883149035
77.6911746934 17.4946497648
77.6922037364 17.5016061754
77.6898199945 17.5087105065
77.6874374959 17.5070815802
77.686215792 17.5097207853
77.6831259394 17.5081470775
77.6702318036 17.5129806067
77.6653486014 17.5178284717
77.6607464554 17.5243454059
77.6539943155 17.5240636483
77.6494059377 17.5217828437
77.6372352536 17.5260481968
77.6252776294 17.5252072766
77.6206154478 17.5322968766
77.611982741 17.5340001187
77.6072680056 17.5336210947
77.6032351676 17.5369192036
77.5957037939 17.5355939358
77.5964127001 17.5519695904
77.5958145629 17.5579458828
77.5937797809 17.5656276768
77.5893590791 17.564900235
77.5893363295 17.5612243609
77.5647253272 17.5563688027
77.5600134499 17.5549990207
77.5566814681 17.5528436946
77.5522580679 17.5522983073
77.5477914756 17.5574221502
77.5405232065 17.5741371759
77.5359092378 17.5758827709
77.5312411354 17.5760173956
77.5176784232 17.5600444868
77.5134485681 17.5519601074
77.5053842424 17.5436778136
77.5005830309 17.5461609572
77.4992929381 17.5493106638
77.4993856676 17.5528136905
77.4937349411 17.5690248789
77.477771651 17.5678470338
77.4757652153 17.5718523052
77.4727863212 17.5709079292
77.4688355015 17.5773667781
77.4648655135 17.5797372987
77.4435254846 17.5841447102
77.4456688259 17.5984705819
77.444091569 17.6067338342
77.4449033813 17.6092695537
77.4501102821 17.6098890674
77.4494060381 17.6149337712
77.4524159752 17.625420712
77.4568329956 17.6333920752
77.4544167374 17.6349764013
77.4511120048 17.6497128553
77.4485909175 17.6510089909
77.4492231522 17.6600375413
77.4526701937 17.6686867063
77.4545742004 17.6834112328
77.4549750792 17.6902876711
77.4539188179 17.6938381197
77.4582036792 17.6966381264
77.4614534881 17.7014954744
77.47517059 17.7065581342
77.4777744091 17.7039433761
77.4823088242 17.7055856274
77.4847257636 17.7093997313
77.4881121353 17.7062117588
77.4929891933 17.7093599236
77.4953888295 17.7154185085
77.4979329056 17.718595467
77.5091353283 17.7170859761
77.5131631137 17.7225258928
77.5262927489 17.7266003998
77.5312895084 17.7296943728
77.5377235935 17.7277910432
77.5431100064 17.7280094415
77.5478775272 17.7359829772
77.5556601788 17.7369693161
77.5584139599 17.7437178864
77.5658416148 17.7496985846
77.5697604817 17.766681305
77.5582200496 17.7638235405
77.5407059563 17.7729815882
77.5382111857 17.7772147161
77.5313052164 17.7791676661
77.5267291415 17.7821170956
77.5130036644 17.7825706295
77.5081246363 17.7850607694
77.5106621302 17.7954246336
77.5145335073 17.8039027513
77.5217229098 17.8101732791
77.5297730606 17.8141485395
77.5296852842 17.8292637985
77.5474310185 17.8287290178
77.5485295716 17.8194844054
77.5534913016 17.8205063499
77.5580501693 17.8329564126
77.5629412875 17.8410978761
77.5672252349 17.8444634817
77.5659005569 17.8515832615
77.569792758 17.8520142169
77.5711909834 17.8685755151
77.5765175982 17.8752370761
77.5815089945 17.8736626085
77.5850583094 17.8781797744
77.5965697182 17.872234448
77.6005230091 17.8729038622
77.6015899259 17.879517949
77.5962913751 17.8819450456
77.5889827257 17.8949297245
77.5868269519 17.9007786717
77.588946297 17.9106252991
77.6036067686 17.9060848459
77.6082681891 17.9079113309
77.6204402133 17.9053039171
77.6227785171 17.9159075364
77.6225072309 17.9242349046
77.6233700053 17.932466161
77.6206189296 17.9404902108
77.6238421457 17.946839503
77.6281102148 17.9460764902
77.6327065464 17.950889476
77.6328308129 17.9562217366
77.6275686853 17.9601175575
77.633571238 17.9653313694
77.6356689057 17.9559121287
77.6394736231 17.9529070313
77.6444837404 17.9520271024
77.6478637343 17.9487812977
77.6513055731 17.9555849574
77.6466990853 17.9596775354
77.6481350253 17.9650743688
77.6559397432 17.9666883832
77.6572816467 17.9717353676
77.6512854131 17.9728246101
77.6474903254 17.9758119488
77.6527730708 17.9807729488
77.6536637375 17.9882168729
77.6516146692 17.9896692529
77.6500344376 17.9955475853
77.6461528258 17.9982379789
77.6420675321 17.9988693216
77.6365639487 17.9974678684
77.6326339285 17.9948471361
77.6252671528 18.0006550236
77.6277158365 18.0034698638
77.6260972673 18.0069685609
77.6196479542 18.008381612
77.6138405241 18.0127681767
77.6104423489 18.0202784139
77.603240953 18.0180001657
77.5959857916 18.0124364614
77.590985186 18.0155885398
77.5886916465 18.0270286832
77.5781831132 18.0329412388
77.5614706958 18.0373891459
77.5567532781 18.0368525726
77.555697141 18.0491107862
77.5516934409 18.0501536085
77.5493746199 18.0559161028
77.5510619979 18.0657815722
77.5603433646 18.0643288535
77.5641165013 18.0732730181
77.5709949242 18.078442955
77.5811391662 18.0790224423
77.5935044403 18.0824568367
77.6011890214 18.0864558191
77.6042832671 18.1015518056
77.6003174399 18.1231440851
77.5971966866 18.1299585571
77.6014621464 18.1539140936
77.5928294701 18.1555201375
77.5830200119 18.1641600941
77.5811948976 18.1703059158
77.5760937555 18.1809668653
77.5736389055 18.1911487264
77.5679296886 18.191969352
77.5678997036 18.2025260079
77.5780172854 18.2019039492
77.5885925959 18.218714591
77.5847089531 18.2246989348
77.5803843 18.2350458664
77.5761377757 18.2424778016
77.585105383 18.2582407609
77.5955673425 18.2636919654
77.6026841066 18.2748224288
77.6066762201 18.2799131387
77.60148244 18.2831258462
77.5874270363 18.2849624664
77.5779116892 18.2887227201
77.5782348121 18.2911745085
77.574238724 18.292337832
77.5645493043 18.2849739494
77.5535023311 18.293192239
77.558582925 18.3001436764
77.5737998431 18.3100227782
77.5704810974 18.3197775076
77.556903483 18.3330132558
77.5457061507 18.3356753762
77.5308043843 18.3411525126
77.5229533447 18.3509890057
77.5248439173 18.3663595607
77.5339517756 18.3774826657
77.5450566406 18.386930154
77.5528181845 18.3894302662
77.5586952432 18.419533116
77.5476130302 18.4220785032
77.5386368848 18.422828101
77.5394459544 18.4251005392
77.5293762458 18.4289893649
77.5319110231 18.4420973497
77.5379629086 18.4440239885
77.5499182932 18.4422000847
77.5636773154 18.4367057089
77.5704544196 18.440266708
77.577669624 18.4410068163
77.58620094 18.4447403595
77.5887681189 18.4471192945
77.5868360744 18.4488514202
77.5871955242 18.4552032856
77.5625840174 18.4596336575
77.5532762099 18.459592086
77.5523545626 18.4624276041
77.5496735859 18.4649885621
77.5499987038 18.4673287685
77.561584825 18.466889846
77.5639049022 18.4691070146
77.5741507139 18.4684867448
77.5800380433 18.4853927554
77.5943215389 18.4827362687
77.5966976416 18.475144315
77.6046460508 18.4758583322
77.6073436395 18.4868974005
77.6064222829 18.493008606
77.5974542225 18.4954868786
77.5898083385 18.5045184273
77.590609991 18.5114354177
77.6000442138 18.5165800489
77.6050202221 18.5235304657
77.6039805585 18.5265458714
77.596842639 18.5247187984
77.5968372672 18.5295905865
77.6017547422 18.5366021892
77.6008272586 18.549085841
77.6144451438 18.5493248107
77.6169019755 18.5439648934
77.6194055359 18.5445076119
77.6199198087 18.5502319499
77.632684561 18.5522147914
77.6380378356 18.5467656466
77.6441159125 18.5555079542
77.6524724972 18.5542027789
77.6532047065 18.5512508474
77.6558700603 18.5512197717
77.6531359142 18.5429348018
77.6489599426 18.5379093012
77.6612501945 18.5288354756
77.6657717817 18.5348798637
77.6796182152 18.5429678349
77.6864859251 18.5424516817
77.7161493213 18.5560909957
77.7317543318 18.5532118845
77.7403407695 18.5564790743
77.7392116553 18.5648364427
77.7510188816 18.5907193122
77.7519408569 18.6069284606
77.746801614 18.6229906781
77.7398371281 18.6324641999
77.7335109551 18.644268924
77.7335565102 18.6471349469
77.7339088228 18.6496432004
77.7347210659 18.656852326
77.7369698292 18.6572400528
77.7370373587 18.663657789
77.7319043706 18.6657218671
77.7366548118 18.6774996106
77.7485035302 18.6853959678
77.7533258676 18.6912806203
77.75375461 18.6993261991
77.7614882015 18.7085632773
77.7682445689 18.709434011
77.772661704 18.7031270736
77.7732706504 18.6921100388
77.7903306907 18.685664564
77.7904157427 18.6958568013
77.8061305905 18.7176387475
77.8066363045 18.7307537777
77.8143201466 18.7417497923
77.8271362312 18.7699652621
77.8315005002 18.7874492347
77.8414094519 18.8088832788
77.8632172199 18.8154985639
77.911669763 18.8309839411
77.9328697139 18.8232228339
77.9467175003 18.8238057412
77.9493919758 18.8336111752
77.9482845393 18.8437727522
77.9337683787 18.847955959
77.9364888943 18.8523905989
77.9287139826 18.8556025114
77.9294483208 18.8606543501
77.9101610166 18.8687362397
77.9032763538 18.8693341621
77.9027257343 18.8851216527
77.8917052257 18.8864957372
77.8866338986 18.8977233307
77.885596198 18.9098623927
77.8732575833 18.9116386404
77.8606242754 18.9073830749
77.8444347255 18.9125964301
77.8450676094 18.9227333247
77.8482561126 18.9315833127
77.852652632 18.9326523436
77.857692489 18.9535368301
77.8344195311 18.9514333787
77.8312863047 18.9469465604
77.8165673026 18.9506639904
77.8190905681 18.9604415507
77.8167493279 18.9612585734
77.8210165059 18.9835384451
77.7909511385 18.9854226823
77.7853208116 18.9774660929
77.7711439231 18.9825438067
77.7722089386 19.0004832302
77.769515691 19.0084691965
77.7690881417 19.0164664427
77.768037849 19.0206969397
77.7659042061 19.0215737247
77.7639933831 19.0237047893
77.7611313378 19.0296018891
77.7646831736 19.0522328825
77.7632977723 19.0603125359
77.7654416718 19.0630557836
77.7747567067 19.0571865159
77.7817485452 19.0554022209
77.786902123 19.0558695103
77.794944344 19.0517084922
77.7983677925 19.0512452274
77.8009975441 19.0523677275
77.7994959763 19.0620688417
77.800970552 19.0659218003
77.7973418389 19.0722401128
77.7982697076 19.0743978792
77.8010912932 19.0756265306
77.8051390316 19.0854308971
77.8035938236 19.0955817732
77.8040595313 19.0998744349
77.8064649533 19.1029563112
77.809591385 19.1043408454
77.8190212318 19.104670444
77.8262340381 19.0974237418
77.8293673119 19.0927270824
77.8324950403 19.0859735548
77.837679887 19.0875781253
77.8460886094 19.0878245395
77.8504986006 19.0895734416
77.8520528097 19.0911316905
77.8520920949 19.0936504223
77.8480618017 19.0971110036
77.8491038989 19.1152243295
77.8425253309 19.1198530847
77.8378017445 19.133727878
77.834948003 19.1366338403
77.8415720068 19.1392901287
77.8531387799 19.1562510464
77.8526326494 19.1603966531
77.8540722488 19.163275691
77.854274297 19.1686093086
77.8577757349 19.1703886618
77.8581238731 19.1732450393
77.8569087291 19.1777593587
77.8623184563 19.1817127181
77.8484070248 19.1891129063
77.8504360903 19.1978894057
77.8565734051 19.2054925985
77.8562304569 19.2106074575
77.8623527677 19.2193582007
77.8654282459 19.2271718738
77.8662076826 19.2348354444
77.8693160533 19.2387993219
77.8719852858 19.2469768763
77.8713056382 19.2561166763
77.8885836642 19.2610887821
77.8958400314 19.2579728742
77.9043729128 19.2569961566
77.9096926542 19.2680852418
77.9046388871 19.2779880244
77.8970144522 19.2792371015
77.8793068951 19.2806015118
77.8658103984 19.2849037481
77.8647432008 19.2884381596
77.8665474312 19.2961607174
77.8647514644 19.3029176976
77.8750334053 19.3065210098
77.8791456592 19.3096842712
77.8919767544 19.3132011338
77.8972039616 19.3219456744
77.903482733 19.3185902384
77.9097569752 19.3165869159
77.9162537609 19.3187585902
77.9260569573 19.3267282425
77.9303450976 19.3327077629
77.9412635794 19.3365542625
77.9446603702 19.3432971661
77.9529622753 19.342091556
77.9667896462 19.3326007084
77.9707273624 19.3281677946
77.9810009023 19.3219061269
77.9896185197 19.3098832977
78.0000214634 19.3066164002
78.0157883388 19.3020337312
78.0224322804 19.2972615786
78.0314798603 19.279651636
78.0370817219 19.2750901531
78.0499756782 19.2718505562
78.0536890171 19.2637462347
78.0518484633 19.2566504254
78.0522904722 19.2485423183
78.0553814486 19.2427902074
78.0618235552 19.2408036206
78.0794209074 19.2476080166
78.0865606664 19.2558256673
78.0994533933 19.2509196281
78.1037096399 19.2465567004
78.1310957784 19.2475035573
78.1436756542 19.2405739699
78.154158415 19.2311998307
78.1745119981 19.237496743
78.1878065129 19.2427061171
78.1909015644 19.25051326
78.1877416477 19.2623102974
78.1876219294 19.2800728739
78.1976700942 19.3040328166
78.1999977087 19.3154565809
78.1995409394 19.3260293124
78.2016439532 19.3327894284
78.1915947489 19.3396431205
78.1867147095 19.3464721609
78.1840526716 19.3540194386
78.1858154846 19.3617541037
78.1889227387 19.3692135447
78.1892829979 19.3772710039
78.1914507221 19.3855296947
78.1920248685 19.3965798084
78.1866076678 19.4127031788
78.202582203 19.4084102707
78.209951799 19.4153057969
78.2195760599 19.4279920856
78.2287741534 19.4349776615
78.2381528293 19.4338468348
78.2503513933 19.4299561847
78.2565684191 19.4310236471
78.2663995643 19.4410662944
78.2715080153 19.4489039973
78.2778236285 19.4548035602
78.2865870156 19.4539587667
78.2957583483 19.4497858955
78.3019486291 19.4498200699
78.3135564732 19.4574044373
78.3166088616 19.4668800216
78.3166974029 19.4802240042
78.3146577677 19.4873776556
78.308244272 19.4946975514
78.304044176 19.5050418981
78.3033287362 19.5144614851
78.3000788633 19.5317207423
78.2996384321 19.5381510731
78.2960538232 19.5439621741
78.2892133347 19.551226327
78.2836931085 19.5590177184
78.2899436146 19.5611775171
78.3011197346 19.5592132972
78.3038885881 19.5621320241
78.3045121063 19.5676055176
78.3107482342 19.5682759819
78.3157873218 19.5726006844
78.3166759461 19.5793864307
78.3146660215 19.5875243608
78.3156118441 19.6049547343
78.3135112466 19.6121708452
78.3035683476 19.6241557953
78.3000940167 19.6325621197
78.2969986057 19.6448731532
78.2921438395 19.655156473
78.2772087077 19.6608486453
78.274272758 19.6638008267
78.2779506997 19.6708128571
78.290379252 19.6903141297
78.3095508391 19.6890997663
78.3206616572 19.6912218534
78.3247343309 19.6973805328
78.3273276815 19.7043104478
78.337151786 19.7091757346
78.3499409249 19.7142410558
78.3489589717 19.7249811442
78.3500715897 19.735062331
78.3578721579 19.7383969675
78.3654789898 19.7546054171
78.3694751078 19.7679484766
78.3724212886 19.7816707424
78.3716769932 19.7951184822
78.3651561074 19.8062929461
78.3562802235 19.8108843256
78.3438480596 19.8140342064
78.3405991247 19.8191581709
78.3460155942 19.8334376818
78.3436314554 19.8396765528
78.3077347942 19.8462735509
78.2986832383 19.8499912869
78.2987696539 19.8559705677
78.3022424019 19.8736972438
78.3121922364 19.9088683148
78.3147769769 19.913107003
78.3241010373 19.9158385348
78.3329781102 19.9164620201
78.3397337252 19.9104944492
78.3392035789 19.9046913912
78.3312215444 19.8997769995
78.327572287 19.8953681512
78.3298536381 19.8908811056
78.3408798575 19.8836150511
78.3513269031 19.881840092
78.3704216862 19.883346116
78.3791490844 19.879732945
78.3888479877 19.8797026234
78.3896726349 19.874371881
78.3888833431 19.8641205967
78.3906909388 19.8562134484
78.3906445468 19.8532146127
78.3939503691 19.8467045685
78.4023841763 19.8369434927
78.4137789741 19.8304346811
78.4334470084 19.8236999095
78.4493845357 19.8198438195
78.4694820338 19.8168468617
78.4810361137 19.8170111543
78.4891560984 19.8078626262
78.494337221 19.7991964313
78.4988079625 19.7938519026
78.5085592349 19.7931251464
78.5145152683 19.8018872828
78.5172923514 19.8149757731
78.5241296453 19.8205875034
78.5311945233 19.8223505635
78.5628887265 19.8163396144
78.5786902601 19.8145431503
78.59000101 19.8124497174
78.5967810221 19.8161712861
78.6003075077 19.818109052
78.6086960044 19.8182726739
78.6193998331 19.8140485591
78.6243989959 19.8095114908
78.6402961413 19.8046032594
78.6534374181 19.8022989617
78.691529266 19.7908347555
78.7010923092 19.7906060625
78.7069816598 19.7864899442
78.7143965534 19.7736478386
78.7216778795 19.7677605608
78.7299446164 19.7699356429
78.7370839874 19.7738144848
78.7435843275 19.7803915673
78.7483269485 19.7806244631
78.7575108274 19.7782686383
78.7685031834 19.7766231383
78.7785019201 19.7803605879
78.7901885291 19.7797576785
78.8022689174 19.769614029
78.8085209607 19.7611275453
78.8129583353 19.7590541338
78.8225026805 19.7614731588
78.8306491248 19.7614523644
78.8436750499 19.7631645299
78.8497196442 19.76010317
78.8510162114 19.759449287
78.8589793626 19.739141134
78.8623312122 19.7324567142
78.8628154465 19.7209057014
78.8670809945 19.707098061
78.868904801 19.697974095
78.8694217041 19.6879214986
78.8686411188 19.6807281125
78.8645524787 19.6701559059
78.8642279692 19.6575682484
78.8834131737 19.65808101
78.896458813 19.6565636359
78.909280029 19.665855279
78.9214127812 19.6690378276
78.9405240424 19.6635130999
78.949130691 19.6664844506
78.9597530783 19.6647628618
78.967233245 19.6601360784
78.9745298352 19.6506174417
78.9735799033 19.6407754711
78.970251651 19.630965366
78.968442996 19.6187541441
78.9712080158 19.6059638544
78.9769278754 19.5987293473
78.9839090654 19.5919052065
78.9861234214 19.5865826582
78.9834555642 19.581438062
78.9745777164 19.5749554149
78.9702863293 19.5717884594
78.9600370613 19.5642205886
78.9551350189 19.5589818839
78.9601386488 19.5533510891
78.9704472313 19.5518611138
78.9791411383 19.5514410913
78.9840903559 19.5524694498
78.9919789415 19.5585933124
78.9984785583 19.56358655
79.0012144659 19.5625760675
79.005711717 19.560929621
79.0178466513 19.545360803
79.0240183201 19.5415683955
79.0445139657 19.5466186644
79.0572335992 19.5469065835
79.0658290386 19.5403786581
79.0691127835 19.5329192478
79.0795984718 19.5302768476
79.1023999659 19.5321847278
79.1086376375 19.5296684251
79.1081352741 19.52109459
79.1105361493 19.5144810977
79.1186140035 19.5115414565
79.1322715946 19.5082597335
79.1460967135 19.5029108213
79.1628397447 19.4873922806
79.1749775344 19.4696536122
79.1836889762 19.4625897726
79.1949471878 19.4606235023
79.2246595115 19.4664467655
79.2288826189 19.4697411192
79.2266293511 19.4775165585
79.21470541 19.4867018097
79.2127809729 19.4935580983
79.2140016851 19.500534338
79.2216385628 19.5124567068
79.2293643453 19.5188767718
79.2379321311 19.522609203
79.2425751684 19.5286683384
79.2443025491 19.5346252415
79.2452942447 19.543897121
79.2441029453 19.5527698391
79.2457095043 19.5613077125
79.2560487878 19.579489946
79.2546187972 19.5886512703
79.2497258567 19.5951127062
79.243634301 19.6013038132
79.2430229759 19.6112343179
79.2498047694 19.6142912781
79.261168164 19.6129655037
79.2738285115 19.6084480578
79.2992214922 19.5985467833
79.3108426989 19.5919956063
79.3156416743 19.5838758401
79.3202862073 19.5674206364
79.3275289814 19.5736431529
79.3357193015 19.5755816373
79.3469358819 19.5756818732
79.3751174826 19.5731778956
79.3772852528 19.5635134019
79.3868191412 19.5578366498
79.3950955094 19.5509255509
79.4079787743 19.5418621574
79.4197606764 19.5355356092
79.4293466787 19.5349113159
79.4364470387 19.5371729743
79.4474469559 19.5355997714
79.4643922578 19.5210878601
79.4713445254 19.511164232
79.4766576415 19.4996247958
79.4862841566 19.5059966838
79.4995633022 19.507387723
79.5196798379 19.520266351
79.5221109448 19.5245526557
79.5222313199 19.538986944
79.5210907137 19.5429196162
79.5212536062 19.5441166933
79.5324971714 19.5482266454
79.5412798615 19.5502474495
79.548958347 19.5507050224
79.5510420343 19.5449032097
79.5515024391 19.536212024
79.5540021613 19.5283055965
79.5588110859 19.5222823555
79.5719324419 19.5131736134
79.5797811511 19.5089291655
79.5890126912 19.5053472071
79.5976967861 19.5040459507
79.6044236423 19.5060848815
79.6072159736 19.5102626873
79.6088049447 19.5168303177
79.6093090162 19.5233698497
79.6135723199 19.5417328163
79.6172680169 19.5514386076
79.6221764874 19.560878843
79.6277626257 19.5673534133
79.6461031389 19.5772554846
79.6590145707 19.5789576641
79.6714713366 19.5794473465
79.6844347634 19.5788599331
79.6912138331 19.5814648113
79.7021264929 19.5834071383
79.7115650933 19.5835428899
79.7193831636 19.5856570335
79.7363763902 19.5988988399
79.7468048427 19.605471914
79.7607500511 19.6046704947
79.7727898793 19.6025189198
79.7840494152 19.6000598038
79.7919520213 19.5959874934
79.7928305868 19.5920498469
79.7998317879 19.5825143279
79.8117712732 19.5792089061
79.8176565147 19.5762994444
79.8231538445 19.5714830737
79.8261149726 19.563983399
79.8271856205 19.5548486889
79.8297276977 19.5468272793
79.8348001032 19.5395436316
79.8628419056 19.5197185217
79.8704170279 19.5162162396
79.8768435634 19.507598366
79.8848663373 19.503358614
79.9089111768 19.4991796676
79.917712102 19.4950489024
79.9244846903 19.4882734082
79.9302449681 19.4803329058
79.9395786963 19.471890874
79.9439887997 19.4697385989
79.9469122237 19.4672986438
79.9517179906 19.4616328584
79.9529216231 19.4537591151
79.9524870448 19.4436207178
79.9659891758 19.4287858775
79.9767633554 19.412381371
79.9798044706 19.4039524759
79.979358191 19.3945312297
79.9775158035 19.385082315
79.9740086506 19.377548185
79.9732976125 19.3638794138
79.9712941647 19.353684562
79.9639224714 19.3375924893
79.9641525381 19.3275017058
79.9704233251 19.3096223676
79.9685778092 19.3005784327
79.9557278867 19.2919518694
79.9519597942 19.2872258502
79.938691689 19.2624354176
79.9269484488 19.2295691673
79.9261184776 19.2181983871
79.9292953311 19.2066070414
79.942065339 19.187095623
79.9492540599 19.1791511582
79.9500388006 19.1738809232
79.9475262413 19.1676845166
79.9329461763 19.1642124714
79.9291216402 19.1604048199
79.912777505 19.1450694588
79.8779745426 19.1259702545
79.8698931906 19.1190957156
79.864814336 19.1073896177
79.866838872 19.0942693445
79.8678906974 19.0633147982
79.863800209 19.0455903835
79.8663733943 19.0380349737
79.8778292984 19.0389606
79.887912785 19.0448072735
79.8976775153 19.0488744176
79.9097754984 19.0514160973
79.9229547108 19.0508107159
79.9328412432 19.0459636678
79.9399309159 19.0331899561
79.9413559014 19.0252129276
79.9396614223 18.9992626635
79.9382354416 18.9783851654
79.9390956897 18.9751818244
79.9427925165 18.9612626854
79.9478560186 18.9413272963
79.9482672538 18.9194769259
79.9470618019 18.9004766083
79.9478986874 18.8811562797
79.9459438886 18.8626890387
79.9402833858 18.8488510448
79.9324544525 18.8413608004
79.9277702417 18.8400186877
79.9110271048 18.8386741823
79.900918233 18.8346387592
79.916052487 18.8105386981
79.9232232927 18.8012137937
79.9389588627 18.7883455405
79.9470636584 18.7857148537
79.957152928 18.7838620392
79.9885750595 18.7782721152
79.9999662575 18.7775361164
80.0161503264 18.7726232959
80.0194066026 18.7708127549
80.0215661286 18.7641891015
80.0236056296 18.7610870278
80.0257937577 18.7550942722
80.0367440516 18.7528000574
80.0399561146 18.7505555944
80.0534758219 18.7250844525
80.0603873506 18.7219825354
80.0690355017 18.7207100811
80.0726284856 18.7174714863
80.0750529404 18.7129326647
80.0818627635 18.7067994453
80.0860607222 18.7055858503
80.0892706604 18.7067011588
80.0916144766 18.7050984579
80.0941159473 18.7018279518
80.107748789 18.689266081
80.1137556611 18.6818452876
80.1180102314 18.6805229578
80.1231946774 18.6801929932
80.125624056 18.683464365
80.1285025318 18.6855470738
80.1380752313 18.6897501333
80.1438130892 18.6911531631
80.1494839814 18.6906107252
80.1559554909 18.6976006145
80.1594413236 18.6996454408
80.1653258014 18.7003065552
80.169233015 18.6984003563
80.1718739621 18.6946788222
80.1746531621 18.6844720686
80.1782241157 18.6817541163
80.1829038631 18.680323872
80.1962144332 18.6800200812
80.1982196677 18.6834032366
80.1989270289 18.688063544
80.2013656295 18.6929486536
80.209171857 18.7018613817
80.2151519284 18.7048808579
80.2216339643 18.7055549156
80.2272931522 18.7036308125
80.2326204378 18.7006013535
80.2372715997 18.701988694
80.242850009 18.7048723892
80.2489959695 18.7046786404
80.2539599006 18.7057827869
80.2676744055 18.7185638346
80.2748477592 18.7224368196
80.2782287265 18.7179800047
80.2852225992 18.7154547243
80.2961736998 18.6995403153
80.3036684644 18.690202386
80.3068024556 18.6837866527
80.3151810952 18.6569145359
80.3223867669 18.6409661428
80.3267189367 18.6264348524
80.3388858175 18.6013671958
80.3441097179 18.5952976132
80.3462254677 18.592999052
80.3492878802 18.5912349304
80.3559684422 18.5932924278
80.3603458004 18.5957451825
80.3633915004 18.5985130052
80.3649436369 18.603144644
80.3671769679 18.6069764198
80.3699670887 18.6085406243
80.3743938411 18.6094515282
80.3779836356 18.6078666402
80.3890275258 18.5984362761
80.3968624712 18.6040991095
80.4007250087 18.6078021388
80.4095669671 18.6120166246
80.4234825879 18.6136449351
80.4250477105 18.6155785918
80.4577056492 18.6312183774
80.4705106549 18.6275884457
80.4752631066 18.627701691
80.479691144 18.6285934198
80.4875783745 18.6325541197
80.4909993224 18.6330290942
80.495912519 18.6316478977
80.5056692535 18.6226095895
80.5182499851 18.6206438813
80.5213872367 18.6181234952
80.5228081115 18.6122947632
80.5255645756 18.6084499274
80.5293647713 18.605771102
80.5361207936 18.5987373261
80.5368847105 18.5948536499
80.5395807549 18.5911190125
80.5480329771 18.5880190436
80.5653957565 18.5778755718
80.5695649225 18.5746875285
80.5755696756 18.5665978068
80.5890876726 18.562617996
80.603210632 18.554283703
80.6086200451 18.5502525025
80.6116857359 18.5459510209
80.6184916027 18.5387854462
80.6215228528 18.5313190266
80.6289965383 18.5284160296
80.634661845 18.523467873
80.640358426 18.524154243
80.6426737258 18.5206329945
80.6441016124 18.5125655503
80.6411997098 18.5084914474
80.6422839828 18.5039803315
80.6445140665 18.4993128575
80.6559704554 18.4844822345
80.6584994055 18.4776989663
80.6701020166 18.4711912951
80.6738525138 18.4680967826
80.6775584097 18.4666717813
80.6809420244 18.4637920099
80.6818932053 18.4618017365
80.688273866 18.4590432403
80.6902311315 18.4555186731
80.6908595435 18.4501405986
80.6996855426 18.4459805669
80.7027389321 18.446310023
80.7066594527 18.441555996
80.7030285341 18.440121764
80.7004134364 18.4344106475
80.6987928182 18.4249296171
80.7208446174 18.4113474186
80.7260891869 18.4154285055
80.730284072 18.4159489538
80.7343536386 18.4146263262
80.7365930526 18.409446728
80.7349459548 18.4056439959
80.7318190268 18.4009107262
80.7235466411 18.392951371
80.72407574 18.3886083097
80.7264553241 18.3849233327
80.7305725532 18.3814934644
80.7320576795 18.3776799131
NaN  NaN
