74.0582997984 14.8157072391
74.0568114621 14.8121245947
74.0535087537 14.8121529715
74.050962285 14.8150391168
74.0517120802 14.8182634598
74.0554051542 14.8200347307
74.0572177285 14.8178723213
74.0582997984 14.8157072391
74.0874826678 14.7896626584
74.0845223101 14.7875214213
74.0815943304 14.7882649742
74.0797826293 14.790425248
74.0805280146 14.7925716717
74.0812765381 14.7943743478
74.082759038 14.7961500902
74.0864214867 14.7950470164
74.0878665783 14.7914526651
74.0874826678 14.7896626584
74.0940459165 14.8316140933
74.0925560418 14.8280407566
74.0892557268 14.8280609193
74.0867072809 14.8309499906
74.0874581022 14.83417201
74.0911517104 14.8359515714
74.0929642857 14.8337795336
74.0940459165 14.8316140933
74.0969377519 14.8721578487
74.0954451014 14.8685840713
74.0921437312 14.8686043361
74.0895946304 14.8714937657
74.0903480406 14.874716205
74.0940431738 14.8764867532
74.0958558859 14.8743235414
74.0969377519 14.8721578487
NaN  NaN
74.484821872 14.0108919092
74.4836660318 14.0102295613
74.483428555 14.0104636489
74.4811961361 14.0100646321
74.4799337526 14.0104912706
74.4767354564 14.0114233148
74.4767380773 14.0118801944
74.4760819548 14.0148275739
74.4807833209 14.0152461432
74.483249165 14.0154563866
74.483458776 14.0152212669
74.485284782 14.0131617055
74.485070502 14.0124694592
74.484821872 14.0108919092
NaN  NaN
74.1003844439 14.8384260942
74.0994395675 14.8377452021
74.0973729714 14.8379866992
74.0951918914 14.8390367407
74.0915983161 14.840744354
74.0912598945 14.842997121
74.0913901507 14.8436698736
74.0916227619 14.8443582631
74.0926688713 14.8452437701
74.0953377573 14.8459198775
74.0965092662 14.8456373492
74.0981088351 14.8452036775
74.1001915871 14.8433933014
74.1005198798 14.8404475936
74.1003844439 14.8384260942
74.1952137574 14.8710897203
74.1918444609 14.8701709502
74.1894335226 14.8701858158
74.1865688999 14.8725562375
74.1880399251 14.8753717663
74.193815031 14.8767311448
74.1981381857 14.876701689
74.198107741 14.8729416154
74.1952137574 14.8710897203
NaN  NaN
74.4742854978 14.0849017745
74.4720420599 14.0838202314
74.4706440929 14.0838371231
74.4689744514 14.0852233363
74.4681604074 14.0879743229
74.4690200698 14.0901666658
74.4718290218 14.0909698823
74.4748908274 14.0890186807
74.4748639369 14.0862695653
74.4742854978 14.0849017745
74.3990532461 14.4612813353
74.3976632712 14.4610636099
74.3923632539 14.4629241813
74.3907308571 14.4689227408
74.3899166129 14.4745003118
74.3905223032 14.4760802913
74.3917978846 14.4769853916
74.3955087986 14.4771634494
74.3957422422 14.4771656785
74.3975966177 14.476252266
74.4010182644 14.4730443573
74.4010114907 14.4723523624
74.4019274926 14.4716528287
74.4026110561 14.4694379518
74.4026904011 14.4653178311
74.4023183041 14.463275989
74.3997331685 14.461501098
74.3990532461 14.4612813353
74.4896329079 14.0237862843
74.487945977 14.0224332558
74.4862578483 14.0224460718
74.4848747964 14.0235567375
74.4846034903 14.0249235626
74.4832340233 14.0271460929
74.48409095 14.0290537989
74.486345899 14.0304081673
74.487737282 14.0298454367
74.489397706 14.0279112161
74.4896571472 14.0262598546
74.4896329079 14.0237862843
74.4703132211 14.2759601139
74.4738102073 14.2753503239
74.4782066666 14.2762076137
74.4789111316 14.2759707029
74.478937591 14.2758352647
74.4807511667 14.2742284791
74.4820237234 14.2653099693
74.479924124 14.2646361692
74.4797114376 14.2644165135
74.4737170656 14.2658428368
74.4694129437 14.2675656153
74.461176636 14.2708590969
74.4585133797 14.2720759886
74.4586300118 14.2725375448
74.4583047515 14.2750494675
74.4607577347 14.2759259594
74.4657234525 14.2767758818
74.4703132211 14.2759601139
NaN  NaN
74.6911961969 13.3365081987
74.6898765949 13.3353504998
74.6880029666 13.3355285145
74.68650276 13.3370764921
74.6860753593 13.3386709044
74.6865370172 13.3404546425
74.6871239125 13.3409117718
74.688743763 13.3411303366
74.6909051966 13.3399151681
74.6915979164 13.3387070057
74.6915326177 13.3376954088
74.6911961969 13.3365081987
74.6969405439 13.3278233638
74.6956209769 13.3266657475
74.6937571057 13.3268351217
74.6922474262 13.3283918287
74.6918293646 13.3299865569
74.6922907208 13.3317792453
74.6928779832 13.3322273243
74.6944884569 13.3324454759
74.6966589105 13.3312306302
74.6973423288 13.3300220955
74.6972862758 13.3290108704
74.6969405439 13.3278233638
74.6851637752 13.345196018
74.6838437046 13.3440495494
74.6819703374 13.3442184372
74.6804699307 13.3457663925
74.6800424713 13.3473608306
74.680503731 13.3491536891
74.6810998904 13.3496111972
74.682710934 13.3498204771
74.6848725584 13.3486053299
74.6855650741 13.347403953
74.6855093621 13.3463858796
74.6851637752 13.345196018
74.675043111 13.3763544409
74.6741306443 13.3759260033
74.6720463734 13.3763840933
74.6683945079 13.3782584174
74.6681999074 13.3791562089
74.6676262673 13.3808700795
74.6673224995 13.3848305135
74.6683608357 13.385719544
74.6695365212 13.3859332454
74.6711186653 13.3854611067
74.672355101 13.3829642083
74.6737283137 13.3822620406
74.6737259278 13.3821439994
74.6745341329 13.3808946516
74.6749888725 13.3803376294
74.67541079 13.3781712483
74.675043111 13.3763544409
74.7429044846 13.6396827656
74.7392399529 13.6392424941
74.734839656 13.6395311252
74.7309364689 13.6400511733
74.729483397 13.6410217459
74.7287710976 13.6427117301
74.7322082399 13.6441222964
74.7373357243 13.6443074962
74.7424532751 13.6432936388
74.7448883773 13.6420727377
74.74463488 13.6408694846
74.7429044846 13.6396827656
74.6880236901 13.6528414485
74.6838493444 13.652192535
74.6804159297 13.6531553789
74.6790400502 13.6538581822
74.6787480891 13.6588302317
74.6782791852 13.6590694262
74.6782114153 13.6598024171
74.6776568397 13.6667625331
74.6799807637 13.6674250136
74.6803412025 13.6676517093
74.6869767217 13.6639738893
74.6904089449 13.6607588985
74.6905830878 13.6600955805
74.6912773863 13.6566592937
74.6880236901 13.6528414485
NaN  NaN
74.4016195943 14.3112410293
74.399133468 14.3102552939
74.3970914957 14.3110767997
74.3952570362 14.3122998212
74.3940285491 14.312907163
74.3944605026 14.3147254019
74.3953126416 14.3177381285
74.3975738171 14.318521881
74.400446886 14.3180896582
74.4026828714 14.315658404
74.4024535779 14.3130429156
74.4016195943 14.3112410293
74.3322281424 14.0151643491
74.3310660978 14.0142732539
74.3285414497 14.0147580747
74.3277020216 14.015131897
74.3250896643 14.0168381829
74.3249761151 14.0178973124
74.3261237936 14.0223514914
74.3294311706 14.0198815927
74.3295974103 14.0197449567
74.3315667141 14.017656476
74.3322281424 14.0151643491
NaN  NaN
74.8630379684 12.7582811
74.8607906294 12.7697839406
74.8596855722 12.7733256331
74.855442947 12.7771917534
74.85500607 12.7779594336
74.854705234 12.7782338708
74.8526730926 12.782011759
74.8519731317 12.7824733533
74.8499547271 12.785445836
74.849848714 12.7855665455
74.8492992144 12.7868802158
74.8482574311 12.7879068595
74.8481449775 12.7879548982
74.8468170861 12.7918305552
74.8456834419 12.7925369109
74.8407478266 12.80350728
74.8401254148 12.8041120407
74.8385144093 12.8084530898
74.8380486991 12.8086921767
74.8375855899 12.8089223051
74.836747059 12.8131485624
74.8366455095 12.8137064094
74.8361800037 12.8139364514
74.8347194658 12.8173343459
74.8342559842 12.8175735099
74.8316063496 12.8243203484
74.8305202784 12.827446572
74.830025883 12.8289434475
74.8295623545 12.8291826043
74.8283712409 12.8312907027
74.826620903 12.8376104902
74.824015114 12.8488357023
74.8224495002 12.857112176
74.8217702265 12.859164126
74.8188835399 12.8677644908
74.8170723719 12.8729142489
74.8149076341 12.8791768464
74.8101781294 12.8859287387
74.8071249801 12.8946867054
74.8054203859 12.9041640154
74.8045622884 12.9105287119
74.8026082011 12.9313536459
74.7991419959 12.9586488119
74.7969007854 12.9686635535
74.7915088728 12.9929379643
74.7902457268 13.0047426266
74.7847712864 13.0224485733
74.7843603988 13.0254945284
74.7828775105 13.0303707142
74.7827473586 13.0308802952
74.7828475007 13.0337341523
74.7826267982 13.0406139593
74.7816152054 13.0542942828
74.7786072751 13.0570082436
74.7772947407 13.061032305
74.7755384488 13.0650539324
74.7724263815 13.0695314683
74.7724664022 13.0735414146
74.7707121685 13.0775608892
74.7716233277 13.0788947371
74.7730095354 13.081542073
74.7732891783 13.0776365465
74.7742815844 13.0749307686
74.7751811715 13.0740050062
74.7756479234 13.0737659224
74.7761011569 13.0721735587
74.7760892476 13.0715114361
74.7765559881 13.0712723883
74.7770201645 13.0710400035
74.778018939 13.0684069979
74.7818952655 13.0581360347
74.7835090073 13.0701155904
74.7828766045 13.0721070547
74.7817281392 13.0760126735
74.7812104447 13.0777817545
74.7793757926 13.0904140964
74.7792850282 13.091407829
74.779874507 13.0918371709
74.7826912977 13.0963402831
74.7838828522 13.0965625789
74.787237844 13.0971670079
74.7876446907 13.0972408386
74.7885490155 13.0974049285
74.7899296954 13.0991704891
74.7899601388 13.1022830268
74.7877320572 13.104529587
74.7859278784 13.1045479661
74.7840294174 13.103146604
74.7815141147 13.1036285854
74.7810210106 13.1035223073
74.7778319583 13.1027446464
74.7767940894 13.1020656261
74.7752717266 13.0998324749
74.7752497472 13.0995574793
74.7743425382 13.0898707582
74.7734989205 13.0876057334
74.7732871983 13.0873963176
74.7716827061 13.0860553732
74.7700690315 13.08630027
74.769845165 13.087205344
74.767317205 13.0888196807
74.7671145014 13.0897164692
74.766779485 13.0906242957
74.7663130037 13.0908543157
74.7630555939 13.118764107
74.7562280868 13.1489894291
74.7557858875 13.1512533766
74.7541373869 13.1639541058
74.7517209132 13.1734833487
74.7517455715 13.1759980322
74.7490973292 13.1855281997
74.7477378948 13.1869020739
74.7470342894 13.1869103799
74.7468704598 13.187020007
74.7456600415 13.1878212778
74.743785561 13.1931795173
74.7431794398 13.1937852781
74.7409801981 13.1998888605
74.7405139959 13.2001007385
74.7400586475 13.2003311752
74.7387380134 13.2037761445
74.7363356063 13.2142250463
74.7356137757 13.2187711841
74.7301556604 13.2425595483
74.7284585158 13.2519040469
74.7236933886 13.2649567554
74.7221917631 13.2686292117
74.7217265684 13.2688683876
74.720947321 13.2707806296
74.7204236544 13.2719427457
74.7182238762 13.2772765813
74.7172822248 13.2793167056
74.7170255428 13.2794297215
74.7165956111 13.2805612345
74.7161280571 13.2808002799
74.7141264516 13.2878421546
74.7121225225 13.3094331463
74.7120202964 13.31065167
74.7098694991 13.3189109454
74.7065466561 13.3270479075
74.7062773533 13.3277886515
74.7053752993 13.3287238007
74.7042366708 13.3300901634
74.7039634086 13.3306924327
74.7006355482 13.3380401756
74.7007473807 13.3397701307
74.7029912441 13.3443046958
74.7046928199 13.3412512517
74.7061959769 13.339802982
74.7095742778 13.3320396721
74.7109313582 13.3302299971
74.7116039208 13.3297829609
74.7128181894 13.3269860435
74.7134867017 13.326221435
74.7136499898 13.326129941
74.7192485255 13.312252923
74.7194219846 13.3093566586
74.7202366977 13.2982978428
74.7204442935 13.2882171074
74.721022512 13.2870841653
74.7228538818 13.2859337295
74.7250246082 13.2857163577
74.7258072541 13.2907381335
74.7236947744 13.2972388337
74.7252432352 13.3051234256
74.7238501079 13.3137575066
74.724218731 13.3153811032
74.7250439119 13.3162685586
74.7251855437 13.3183169845
74.7249863109 13.3191056391
74.7247255021 13.3208989297
74.7234067983 13.3244358986
74.7230654495 13.3251263887
74.7219193588 13.3256036518
74.7209958906 13.326737664
74.7196037409 13.3317052268
74.719136367 13.3319352291
74.7181013293 13.3353760914
74.7171951538 13.3360571809
74.716295209 13.336756665
74.7142757367 13.3406195333
74.7101643728 13.3447320046
74.7101673673 13.3451970317
74.7090118738 13.3463361092
74.70901495 13.3467989121
74.7078771638 13.347475984
74.7000779426 13.3489328941
74.6959686617 13.3521289432
74.6946302003 13.3575975731
74.6947882341 13.3699870368
74.6955592328 13.3781875757
74.6948941913 13.3839106246
74.6948588675 13.3842268736
74.6948960593 13.3880774255
74.6941649894 13.3976815105
74.6907993718 13.4191930869
74.6903644019 13.4223029943
74.6874126827 13.4368350416
74.6859192347 13.4417254313
74.6863682157 13.4504013928
74.6882336969 13.4539027719
74.6908476512 13.4509751262
74.6920768099 13.4482504389
74.6949508154 13.4367547629
74.6957170606 13.4322617914
74.6963091459 13.4244028224
74.697719716 13.4205689359
74.6996747231 13.4155301558
74.7052557595 13.4120722156
74.7088612008 13.4077338682
74.708944506 13.405985768
74.7093718509 13.4043909598
74.7108725719 13.4028424275
74.7127466985 13.4026731694
74.7140582329 13.4038215017
74.7144043041 13.4050092061
74.7144605135 13.4060206588
74.7155928291 13.4058603775
74.7169678178 13.4052939091
74.717518741 13.4037966077
74.7203308866 13.4027316566
74.7215523953 13.4026018087
74.7253078017 13.4018934733
74.732219864 13.4027433306
74.7329171232 13.4025057395
74.7334538801 13.4020422219
74.7344574815 13.40003298
74.7376398948 13.3915685598
74.7381074404 13.3913384193
74.7385303833 13.3899702888
74.741959001 13.3884625474
74.743026546 13.3870204264
74.7454148597 13.3904351237
74.7454673687 13.3926440548
74.7450787666 13.3936596413
74.7431156306 13.399753034
74.7427795408 13.401396616
74.7404984429 13.41035252
74.7390369251 13.4133091843
74.7374276762 13.41424617
74.7325971247 13.4149449717
74.7238572606 13.4161831073
74.717629465 13.4183840708
74.7142306972 13.4196906163
74.7066951987 13.4258832549
74.7052624325 13.4315675908
74.7051452676 13.4320238226
74.7051670281 13.43338797
74.7068084869 13.4358484812
74.7098135915 13.4367189769
74.7118965667 13.437160798
74.7128242525 13.4380523965
74.7128276937 13.4385061979
74.7146633002 13.4400799951
74.716287016 13.4402894185
74.7167630674 13.4407492031
74.717416912 13.4489084415
74.7185189184 13.4531776796
74.7215716614 13.4563274495
74.7216728632 13.4570140523
74.7220104878 13.4583672065
74.7223618505 13.4585752009
74.7237514975 13.4587895264
74.7267196502 13.4584604617
74.7301120557 13.4584940083
74.7413274316 13.4550203385
74.7457232395 13.4540261663
74.7496472088 13.4558028201
74.7503596969 13.4566931627
74.7507101607 13.4585072806
74.7501593052 13.4596419505
74.7487939642 13.4605540627
74.7432980935 13.4635817742
74.7405191904 13.4640519575
74.739378279 13.464729398
74.7400268215 13.4719723339
74.7394768018 13.4728983245
74.7355862361 13.475215424
74.7328070722 13.475685475
74.7318996834 13.4754662135
74.7295859681 13.4741313589
74.7222992673 13.4711667359
74.7218466583 13.4702721019
74.7181967127 13.4687247286
74.7163572331 13.4673617354
74.716141279 13.4672494289
74.7148496281 13.4625442608
74.713869959 13.4607069035
74.7123388721 13.4559612614
74.7115111371 13.4553024067
74.7104524344 13.454621453
74.7091112812 13.4515752479
74.7064513451 13.4440022547
74.7050490577 13.4424329435
74.7018327871 13.4436144556
74.7018451327 13.4440777377
74.7009340802 13.4449856429
74.6986759707 13.4599437627
74.6982687021 13.4634203397
74.6983275653 13.4710501221
74.6973706115 13.4757975641
74.695408409 13.481299807
74.6949496651 13.4785806752
74.69584791 13.4646402268
74.6950316163 13.4633827403
74.6910368234 13.4620715086
74.6893649988 13.4629854131
74.6884799153 13.465500545
74.688014922 13.4657148114
74.6855154525 13.4725786202
74.685231242 13.4739362541
74.6830772406 13.4891466827
74.6817245695 13.5020275983
74.6810959594 13.5260636993
74.6786200308 13.5408697084
74.6785116855 13.5418732838
74.6778769914 13.5480359847
74.6769170618 13.5542094538
74.67485869 13.5677930295
74.6724325019 13.5943570524
74.671977272 13.5997669976
74.668823204 13.610871774
74.6681117313 13.6144430457
74.6679386625 13.6199931381
74.6670372775 13.6206747532
74.6661032085 13.6235796263
74.6637494954 13.6309557761
74.6657273375 13.6318462368
74.6672810373 13.632661944
74.6695824649 13.6328697327
74.6723292136 13.6310464901
74.6725511723 13.6303487595
74.6732520029 13.6301113808
74.6751768915 13.6239699301
74.6757539676 13.6233897319
74.6763431634 13.6196753954
74.6773017362 13.6110855564
74.677768161 13.6108463498
74.6778111329 13.6105755745
74.6778619309 13.6103413839
74.6780734513 13.6087717379
74.6785418345 13.6085416406
74.6785388155 13.6080785072
74.6810555358 13.6073884044
74.6824477231 13.6082955464
74.6844760344 13.6195990528
74.6846855212 13.6222897034
74.6818693573 13.6275425852
74.6814031455 13.6277750211
74.6808354182 13.6300353098
74.6808690694 13.6328898493
74.6811276628 13.6350285859
74.6834488962 13.6374908939
74.6855481067 13.6383696543
74.6871645017 13.6385882135
74.6938487065 13.6392092087
74.6956939295 13.6387301487
74.6961552497 13.6382635867
74.6975050762 13.6357596824
74.6979549869 13.6355288202
74.6980095275 13.6327252004
74.6981241934 13.6298671026
74.6974170569 13.6276165683
74.6950698139 13.624924332
74.6945833812 13.6235739981
74.6946801186 13.6210626241
74.6954737004 13.619257826
74.7030484976 13.6160093941
74.7066272876 13.6152807654
74.7087973804 13.6147930746
74.7101898741 13.6156977015
74.711724699 13.6190021328
74.7137089001 13.6204550171
74.7148677536 13.6212216165
74.7167174106 13.6215255671
74.7193590167 13.6209687638
74.7236239196 13.6214746391
74.7211732927 13.6254659927
74.7138214144 13.6304646102
74.7110550697 13.6319678442
74.7070062673 13.6345883617
74.7043764654 13.6384526764
74.7076286923 13.6382635542
74.7120729187 13.6392507731
74.7139104175 13.6384261446
74.7148662517 13.638075376
74.7236741255 13.6359763454
74.7260830283 13.6353813306
74.7281565545 13.6349964707
74.7352866879 13.6357907725
74.7353635762 13.6360863811
74.739210938 13.6365992186
74.7436044108 13.6367914506
74.7482161233 13.6363717735
74.7488332716 13.6363194161
74.7503090231 13.6361485204
74.755798969 13.6331457364
74.7578675289 13.6335592539
74.7604525917 13.636014021
74.7602454627 13.638530603
74.7588701834 13.6392319081
74.7581909944 13.6394523079
74.7577387365 13.6406025783
74.7577429812 13.6410385664
74.7566052497 13.6422070258
74.7540957322 13.6437999204
74.7494745439 13.6451296675
74.7406707463 13.6476662953
74.7290601829 13.6465608369
74.7238053848 13.6472128404
74.7142313727 13.6485097502
74.7114745578 13.6489692406
74.7112201078 13.6490665992
74.7046182392 13.6517841029
74.7018552886 13.6536074404
74.7018586962 13.6540616096
74.7006953643 13.6549744667
74.6999160426 13.6563441534
74.6998415905 13.6602096182
74.7039459424 13.6651618523
74.7077867476 13.6689443416
74.7072822546 13.6723446505
74.7051917922 13.6737570422
74.7034564812 13.6735411491
74.6955595976 13.6668077888
74.6934814942 13.6672942398
74.6904069605 13.6689993051
74.6880304806 13.6703600545
74.6872837466 13.6707592791
74.6872901244 13.671195395
74.6870658573 13.6718931473
74.6795061474 13.6751419619
74.6794102337 13.6769636519
74.67951209 13.6776325749
74.6823424762 13.6812378176
74.69060801 13.6878109131
74.6916965652 13.6886660412
74.6920501784 13.6888289365
74.6968934347 13.6907100361
74.7133320844 13.6967312711
74.699371986 13.6962341107
74.695962502 13.6972142506
74.6926523526 13.698327384
74.6922167671 13.6996871912
74.6913268018 13.7017499211
74.6892273797 13.7024149632
74.6865699378 13.6996084137
74.6845489551 13.6993249488
74.6818467725 13.7005056976
74.6817611963 13.7007363999
74.6813024827 13.7023314291
74.6806303222 13.7027788363
74.6803167092 13.7037435159
74.6786585914 13.7062682522
74.6681992803 13.7138143989
74.6757224844 13.7019027683
74.6770110056 13.6998684677
74.6771347573 13.6982292806
74.6778069024 13.6909936224
74.6774672445 13.6898686326
74.6766423613 13.6889822574
74.6718771932 13.680351596
74.6717124263 13.6799890562
74.6712230703 13.6781751945
74.6696212698 13.6684517465
74.6691059725 13.6535157954
74.6690543508 13.6487331777
74.6673346836 13.641587091
74.6657035741 13.6389321112
74.6628541733 13.6430396022
74.6611146063 13.6488113052
74.6600762436 13.6508658042
74.6592411776 13.6515680128
74.6571785304 13.6536345066
74.6562108722 13.6545202425
74.6562162086 13.6549835662
74.6562194306 13.6554376626
74.6550834965 13.6563534896
74.6543806536 13.6568177198
74.6543897487 13.6574809506
74.6539558804 13.6588495897
74.6530535943 13.6595470548
74.6528232775 13.6602172852
74.6505353609 13.6625182199
74.6496279386 13.6629884882
74.6472061346 13.6686714825
74.646600959 13.6693686294
74.6453293841 13.6729922636
74.6429613226 13.6877289772
74.6405144526 13.696126709
74.6402164363 13.6985925805
74.6399699154 13.701287444
74.6395548118 13.7133802566
74.635867374 13.7233785637
74.6345015342 13.7247536022
74.6344002353 13.7263392004
74.6330262964 13.7267875549
74.6324596855 13.7290483646
74.6324184729 13.7296280992
74.6314173659 13.749225164
74.6288054827 13.7660337766
74.6280223203 13.7787192329
74.6272916278 13.7823186642
74.6270192733 13.783403108
74.626867346 13.7841400268
74.6228748746 13.7984256354
74.6222944479 13.7990057945
74.6200222163 13.8060067725
74.61941213 13.8123385973
74.6161572112 13.8258533265
74.614329027 13.8352675547
74.6123101775 13.841174784
74.611868414 13.8414149324
74.6110383182 13.8428443548
74.6093657901 13.8486874108
74.6065381649 13.8585509234
74.6123655937 13.8551958793
74.6145469069 13.8533989262
74.6150798038 13.8523171994
74.6155134623 13.8511568164
74.6167688299 13.8505041082
74.6211771225 13.8481110789
74.6239350688 13.8478528092
74.6247699098 13.8489764848
74.6242095813 13.8512383646
74.624424691 13.8519232484
74.6239831922 13.8521543724
74.6238852257 13.854185926
74.625171695 13.8555331556
74.626558997 13.8562049588
74.6266969049 13.8577933129
74.6263575841 13.8589209059
74.6247485815 13.8602942332
74.6225985987 13.8604570599
74.6192334755 13.8619669655
74.6190077068 13.8628648578
74.619029125 13.8642194287
74.6181166529 13.8649009179
74.6174168509 13.8651382794
74.6164981529 13.8649086229
74.614182806 13.8631162161
74.6118618482 13.8633702273
74.6118742468 13.8638249888
74.6084471173 13.8661409846
74.6084498678 13.8666044704
74.6084535965 13.8670430204
74.6079964167 13.867437051
74.6069451847 13.8682745107
74.6052536287 13.8697876794
74.6052567622 13.8702421039
74.6052595021 13.8707055943
74.6031930603 13.8722910268
74.6022978761 13.8738907521
74.6018350231 13.8750206091
74.5984030802 13.8784538551
74.5892429326 13.9082171814
74.5870718697 13.9204808705
74.5866046309 13.9207109691
74.5861765416 13.9220716488
74.5827662768 13.9257421924
74.5823842778 13.9259323061
74.5795421328 13.9273408433
74.5788632189 13.9293987152
74.578395898 13.9296287917
74.5779355418 13.9298590553
74.5766810245 13.933122186
74.5750332457 13.939630779
74.5725325508 13.9423403747
74.5725351819 13.9428039623
74.5716349087 13.9446308845
74.5712155861 13.944999077
74.5710792384 13.9450938929
74.5668439628 13.9485401498
74.556463655 13.9515863275
74.5543962747 13.9515628046
74.5517740083 13.9518636352
74.5516343219 13.9518651692
74.5493482212 13.9527830649
74.5376258356 13.9601351988
74.536424714 13.9664745672
74.5379369861 13.9675907318
74.5386374018 13.9675899708
74.5400302963 13.9684902499
74.5400546206 13.970983827
74.5402972871 13.9716701253
74.5391584583 13.972574547
74.5375478065 13.9730543295
74.5331831015 13.9731570579
74.530135394 13.9735527539
74.5301471692 13.9740167734
74.5229274813 13.979373481
74.5225634802 13.9803912873
74.5220066097 13.9812267901
74.5211022621 13.981905943
74.5191981556 13.9845467597
74.5189739836 13.9854426345
74.5185132488 13.9856750876
74.5182862556 13.986582249
74.5171450427 13.9877136344
74.5169169514 13.9879481153
74.5167099415 13.988528784
74.5158027131 13.9894532366
74.5124145448 14.0000024192
74.5107159325 14.0127023406
74.5093156359 14.0136125999
74.5092237976 14.0161452946
74.5059652846 14.0255183588
74.5081442144 14.0279057522
74.5104253396 14.0281425656
74.5154758181 14.0267665824
74.522331756 14.024884032
74.5225881812 14.0248165086
74.5244420086 14.0247936946
74.5249221231 14.0252459974
74.5252637421 14.0268384481
74.5249438614 14.0277398941
74.5244761161 14.0279698617
74.5236450125 14.0336403593
74.5236023272 14.0338932792
74.5219975259 14.0354913663
74.5213137137 14.0357108533
74.5173830358 14.034161532
74.5164234511 14.0343477997
74.5162141383 14.0344012066
74.5140661894 14.0351990361
74.5131987152 14.0355274134
74.5115711894 14.0399086242
74.5095967562 14.0477835135
74.505119631 14.0514540192
74.5073396389 14.0478112378
74.5083134038 14.042959622
74.5100951676 14.0345457269
74.5078715819 14.0308838874
74.5057460016 14.0338028773
74.5051628041 14.034589716
74.5046985392 14.0347311377
74.5039940312 14.0351747313
74.5010519616 14.0410988908
74.4990678793 14.0486187841
74.4982710208 14.0633526213
74.4970585551 14.0683385507
74.4965890278 14.0685502209
74.4931119226 14.0774569641
74.4929284588 14.0780841249
74.4924341627 14.0801336625
74.490113318 14.08301585
74.4897023451 14.0835661047
74.4886624843 14.0858608033
74.4835694281 14.0992045258
74.4833836189 14.0997134183
74.4831789642 14.1024333688
74.4840538046 14.1198657712
74.4836315849 14.124175677
74.4832870151 14.1253309272
74.4826101797 14.1257687932
74.4811459668 14.1298615585
74.4807056973 14.1300925178
74.4779977953 14.1391595835
74.4780576475 14.1408009636
74.4781066184 14.142132783
74.4776668022 14.1525554889
74.4745920417 14.1693390676
74.4689515427 14.1827419675
74.4672060556 14.1915947324
74.4649683592 14.1981959813
74.4626788632 14.2011618711
74.4617661643 14.2018316956
74.4549759566 14.204154056
74.4537981663 14.2057300304
74.4493154937 14.2153148009
74.4488445655 14.215546825
74.445574349 14.2239572762
74.4442629924 14.2323454973
74.4397611339 14.2476651787
74.4381089702 14.2534573812
74.4374302579 14.253922424
74.4361864067 14.2566534951
74.4357990634 14.2577528932
74.4355049125 14.2586830741
74.4345930518 14.2591459826
74.4324129163 14.2621343229
74.4326931336 14.2662091206
74.4341964772 14.266860637
74.4346629654 14.266858161
74.4378476061 14.2654958112
74.4491534189 14.2594790259
74.4498358705 14.2588048144
74.4498239741 14.2583495281
74.4500573861 14.2576512386
74.4525707508 14.2555805911
74.4534849976 14.2528617405
74.4581585467 14.2500098157
74.4582753103 14.2487340179
74.461043281 14.2501705471
74.4624885894 14.2512197862
74.4631908588 14.2536958922
74.4701674134 14.2556620387
74.4766720999 14.2534799712
74.479008705 14.2525459855
74.4896777258 14.2479141968
74.4966100516 14.2443513902
74.4979855909 14.2434214429
74.4986933685 14.2436212504
74.4991669705 14.2438462236
74.5031222585 14.2430054003
74.5159263472 14.2404473806
74.5271142116 14.2397621986
74.5176834526 14.245198583
74.512164138 14.2491822372
74.511480623 14.2514666715
74.5110328777 14.2518180613
74.509224634 14.2533070457
74.506209368 14.2557074947
74.5052800301 14.2564976384
74.5049278728 14.2566160962
74.5004590201 14.2581038328
74.4910296139 14.2636207185
74.4903856115 14.2654905862
74.4899100113 14.2670574798
74.4899696486 14.2729521921
74.4883297885 14.2778451715
74.4872804947 14.2791195853
74.4851671468 14.2813950879
74.4847517607 14.2818090372
74.4799051757 14.2839049866
74.478995483 14.2841408439
74.4736757185 14.2832709693
74.4722972775 14.2837367496
74.4707507974 14.2886082767
74.4687652467 14.2919278056
74.4652447656 14.2879015402
74.460735959 14.2836349112
74.4572338613 14.2829774484
74.4569958312 14.2832116329
74.4557450852 14.2827087605
74.4493576158 14.2798706946
74.4452098767 14.2805913316
74.4435882105 14.2810725202
74.4378248716 14.2847124336
74.4378274601 14.2851673971
74.4378296429 14.2856314367
74.4356398751 14.2875826264
74.434881484 14.2893182852
74.4313508859 14.2978179911
74.4260275275 14.3049590625
74.4270844153 14.2964480026
74.427288302 14.2934354276
74.4287826316 14.2893719527
74.4323263864 14.279626714
74.4313931238 14.2730226131
74.4275882796 14.2785137461
74.4259912814 14.280742349
74.4255504372 14.2809732004
74.4226930431 14.2894257953
74.4184698328 14.3019764821
74.4176749143 14.3043748879
74.4140601238 14.3118682501
74.4104995507 14.330627683
74.4087415121 14.3450379125
74.4081857825 14.3495158054
74.4045942923 14.3642971364
74.4034747199 14.3674886098
74.4034926087 14.3695116526
74.4043391897 14.3717579013
74.4056428903 14.3753868383
74.4050207439 14.3817188969
74.4032221042 14.3878803679
74.3983797423 14.4047919473
74.3974011745 14.4082918176
74.3974502419 14.4134946749
74.4030204969 14.4190412962
74.3944959238 14.4194116136
74.3921292623 14.419797559
74.3871118705 14.4212909459
74.3866475983 14.4224241776
74.3866507627 14.4228611516
74.385300626 14.4237915863
74.3814401748 14.4428130686
74.3804737824 14.4452579299
74.3799615781 14.448755766
74.3754759635 14.4641930176
74.3707271092 14.4741250682
74.3702548805 14.4743638132
74.3700764773 14.4747277891
74.3675354915 14.4799035434
74.3668374819 14.4803496884
74.3668398388 14.4808048979
74.3663709382 14.4810187104
74.3663845197 14.4819386119
74.3628412101 14.4854664491
74.3624092123 14.4868286571
74.3622924102 14.4869424036
74.3618201228 14.4871811294
74.3592006912 14.4957856366
74.3579826406 14.498992341
74.3575409794 14.4992231595
74.357068548 14.4994641487
74.3564718001 14.5066458256
74.3564575684 14.5094330845
74.3567032992 14.5105578395
74.3620813792 14.5150416381
74.3643210852 14.5206887786
74.366071996 14.5218016708
74.3700328442 14.5229209071
74.3707084924 14.5226832223
74.3727678549 14.521973688
74.3732298785 14.5210767887
74.3755250922 14.5190018457
74.3755110518 14.5185460993
74.3762095132 14.5169528927
74.3771391694 14.5160445805
74.3781379607 14.514704304
74.3783542885 14.5098243217
74.3783450922 14.5094780608
74.3772934416 14.5072091705
74.376575553 14.5063141998
74.3755371609 14.5056593679
74.3750698599 14.5056616545
74.373301153 14.5024796184
74.3731314111 14.4972775433
74.3732405605 14.4968380637
74.3778476483 14.4938564102
74.377845293 14.4934011862
74.3795642858 14.4908965371
74.379876639 14.4900007013
74.380327804 14.4872556114
74.3798771827 14.4867943393
74.3776589291 14.486150565
74.3752030667 14.4845804076
74.3750619675 14.4820967937
74.3753979535 14.4807376952
74.3781526693 14.4784327277
74.3781495292 14.4779957237
74.3781378889 14.4775401591
74.381120831 14.4743360942
74.3804627038 14.4639455527
74.3807809908 14.4627883363
74.3856337835 14.4593634997
74.3857885693 14.4532418058
74.3853286091 14.4520975877
74.3871756607 14.4509565393
74.3901581547 14.4502577761
74.3959652257 14.4510655798
74.3964212593 14.4511060043
74.3986198866 14.4505586725
74.4053939113 14.4487277389
74.4077186172 14.4482943477
74.4081904445 14.4485196936
74.4102725757 14.4500860624
74.4109995019 14.4516728463
74.4110328906 14.4559563934
74.4102967288 14.4592955449
74.4102504122 14.4594576025
74.4099184441 14.4614152763
74.4099454894 14.465280061
74.41188735 14.4709278186
74.4131589947 14.4715867994
74.4212285845 14.4725470609
74.4220749624 14.4726388946
74.4269113457 14.4718993097
74.4315121182 14.4678146534
74.4324200719 14.4650644676
74.4335589655 14.4639319361
74.4347029375 14.4630180229
74.4350952793 14.461981888
74.4414747179 14.4566321623
74.438141627 14.4636806044
74.4377544655 14.4668376844
74.4361993911 14.4716109158
74.4336605835 14.4739183586
74.4265144936 14.4768969508
74.4212833625 14.4779785439
74.415669329 14.4812911469
74.4076231115 14.4874813876
74.4058237224 14.4911119476
74.4010052452 14.4959136016
74.4006062866 14.4967037169
74.3999197726 14.4982996753
74.3990794184 14.4994299915
74.3980835786 14.5007067403
74.3978825758 14.5016251859
74.3978343758 14.5018326739
74.395323242 14.5048052527
74.3946437771 14.5070842368
74.393704972 14.5079922769
74.3932446952 14.5082224504
74.3896378268 14.517761406
74.3887269449 14.5186682541
74.3882665693 14.5189006911
74.388266284 14.5195925771
74.3873737861 14.5216493641
74.386904125 14.5218792011
74.386703723 14.5227794779
74.384727117 14.5243800156
74.3845079751 14.5245968316
74.3845103531 14.525052094
74.3788600546 14.5296368245
74.3777648994 14.5323572247
74.3772959327 14.5325688323
74.3765946489 14.5330331667
74.376482761 14.5343943603
74.3770838758 14.5355192861
74.3781384064 14.5370965589
74.3781427865 14.5380162007
74.3776005231 14.540528238
74.3762219323 14.5414396659
74.374812568 14.5412209128
74.3745260075 14.5413144345
74.3729317828 14.5415574208
74.3690626642 14.542856556
74.3681590937 14.5471639443
74.369522786 14.5570927789
74.3694100684 14.5577893866
74.3685085264 14.5586874848
74.3675660895 14.5591583461
74.3634198018 14.5578632626
74.3617565667 14.553640062
74.3600766462 14.5476659797
74.3571333362 14.5446310262
74.3558235228 14.5422765832
74.3553580598 14.541038481
74.3523021713 14.5359757682
74.3520923659 14.525807896
74.3520911807 14.5253253435
74.3517196181 14.5239658131
74.3503215683 14.5228528801
74.3452580087 14.5212825636
74.3452526808 14.520845381
74.3452496439 14.5204083641
74.3410317811 14.5165768788
74.3361378157 14.5141321383
74.3308234281 14.5141764362
74.3246474746 14.517766599
74.3209347518 14.5199194252
74.3188622218 14.5196991672
74.3146605451 14.5179181182
74.3108139987 14.5191254763
74.3102714682 14.5193066704
74.3086579218 14.5202422453
74.3080995159 14.5231720963
74.3104240533 14.5250911414
74.3118166376 14.5257650055
74.3119590073 14.5258820991
74.3130058147 14.5272319622
74.3131477903 14.5304010504
74.308552064 14.5342827718
74.3081028762 14.5367732158
74.3085810911 14.5379186382
74.3123278433 14.5414982869
74.3142010724 14.5451248316
74.3142521153 14.5512220777
74.3120909813 14.5562264373
74.3119955828 14.5564411381
74.3112963822 14.5569030062
74.3093909536 14.5596822614
74.3080862039 14.5607689793
74.3077674634 14.5625932541
74.3047396952 14.5705589557
74.3018949491 14.5735493393
74.3014643634 14.5749117428
74.3012955336 14.5750940178
74.300832543 14.5753238843
74.2994721742 14.5812294483
74.2985630491 14.581901524
74.2976552086 14.5825986704
74.2976569216 14.5830630903
74.2976589578 14.5835206616
74.2943262245 14.5873863998
74.2946049881 14.5919227081
74.2968222277 14.592567886
74.3007384911 14.5916478479
74.3014487486 14.592331415
74.3014974263 14.5924539834
74.301916457 14.5936769616
74.302489193 14.5948012736
74.3035547109 14.5954874563
74.306801107 14.5956698656
74.3091410914 14.5949926392
74.310016196 14.5947470611
74.3107224258 14.5949660613
74.3142143928 14.5962734348
74.3149060433 14.5969562091
74.3148984346 14.5970833859
74.3149078517 14.5974206846
74.3153754678 14.5974185555
74.31889162 14.6007959809
74.3254172559 14.6027458026
74.3267882 14.6031729246
74.3270015973 14.6032131841
74.3293094734 14.603426628
74.3415630853 14.6008403221
74.3512500513 14.5957422053
74.3541364609 14.5948465046
74.3578936405 14.5937502917
74.3662706578 14.5918347342
74.3739113101 14.593047259
74.3841420752 14.5923204641
74.3904842163 14.5941941486
74.3994842905 14.6017929851
74.4124032797 14.6074463392
74.420748273 14.6144177401
74.4258359059 14.622055476
74.4295628885 14.6245824984
74.424781783 14.6259007215
74.4193053435 14.6233903265
74.4144558858 14.6170294515
74.4102897457 14.614505613
74.4021889442 14.6107276225
74.3914411216 14.6037758334
74.3827086495 14.6012925681
74.3772470323 14.6000582785
74.3698299064 14.5994828644
74.3637138623 14.5982498829
74.3604599281 14.5985327493
74.3568475338 14.6002561507
74.3542056146 14.6021380167
74.352992981 14.6032584377
74.3527086495 14.6034635753
74.3513083483 14.603916521
74.3490122034 14.6055181511
74.3481191949 14.6082399302
74.3476533314 14.6087088881
74.3457962982 14.6089549938
74.3430352035 14.6078249076
74.3430298793 14.607387623
74.3425669413 14.6071623698
74.3409392989 14.6069484581
74.3397675815 14.6071871359
74.3364448957 14.6093539545
74.3323895005 14.6110890463
74.3296178846 14.611797687
74.3254929987 14.6109142021
74.3231378861 14.6100318641
74.3208363202 14.6105106132
74.3194454938 14.6109568121
74.318998127 14.6127831299
74.3187760651 14.6139103673
74.3169326441 14.6157433124
74.3135553873 14.6148707296
74.3125172298 14.6141970447
74.3108258003 14.6044762217
74.3082195891 14.6022133931
74.3054623635 14.6013377015
74.3000353746 14.6024897224
74.2966628458 14.6035928315
74.2846867762 14.6085219006
74.2846884425 14.6089864276
74.2846927662 14.6094441594
74.2826160003 14.6112560635
74.2821913226 14.6133108499
74.2810474573 14.6146702136
74.2805745904 14.614908719
74.2794345921 14.6185287871
74.2787585971 14.6194331213
74.274594992 14.6223894825
74.2741272908 14.6223914435
74.2741300629 14.6228286559
74.2737115692 14.6231080136
74.2723382946 14.6242465595
74.2717726321 14.6269855818
74.2720290506 14.629242714
74.2751582714 14.6296739561
74.2802278314 14.6287134827
74.280936087 14.6289440998
74.282317709 14.6305194896
74.2828254796 14.6352771248
74.2838963624 14.6357269882
74.2847198749 14.6363901225
74.2850603663 14.6373096657
74.2851771458 14.6395567222
74.2833752296 14.6436266788
74.2819997324 14.6504228879
74.2801200788 14.6562383423
74.2801249412 14.6571310576
74.2803700016 14.6575915428
74.2829853476 14.6586966791
74.2855815931 14.6629543315
74.2826383441 14.664044732
74.2763775251 14.6643207966
74.274997018 14.6652315256
74.2745627545 14.6693011852
74.2794664394 14.6731358106
74.2793188446 14.6747670442
74.2790999832 14.6768166284
74.2759184689 14.6887583175
74.275445336 14.6889968897
74.2740515646 14.6912824168
74.2733813141 14.6928793497
74.2701897274 14.6965350066
74.2686921607 14.6974957849
74.2558958259 14.7056978625
74.2555568154 14.7072555928
74.2557986356 14.708408251
74.2577601254 14.7088322504
74.2582240197 14.708593352
74.2598501587 14.708814977
74.2622892022 14.7104054729
74.2640716274 14.7126508039
74.2654681315 14.7133277435
74.2651413508 14.7162727449
74.2652417776 14.7171716336
74.2625375624 14.722413403
74.258397932 14.7257195525
74.2575997816 14.7259497511
74.2571394018 14.7271087681
74.2570043889 14.7272036596
74.2565630596 14.7283542944
74.2510553049 14.7333640242
74.2503480961 14.7336000781
74.250350032 14.7340555973
74.2503526368 14.7344951742
74.2493705851 14.7354809066
74.2469285017 14.737911564
74.2464613682 14.7390612167
74.2464726302 14.7395171138
74.2417721107 14.7432857878
74.2415596931 14.7438853543
74.2365819326 14.7472830129
74.2342497411 14.747759443
74.2288837141 14.7470878043
74.2280110645 14.7469140892
74.2248644798 14.7451124453
74.2240364576 14.7446581151
74.2237869689 14.7433045433
74.2245255933 14.7360513015
74.2241662009 14.7351397545
74.2227689156 14.7344804796
74.2213876648 14.7347168688
74.2095884452 14.7343453236
74.2038786182 14.7327982108
74.2036599778 14.7312181697
74.2036466544 14.7303158502
74.2047748607 14.727596488
74.2052482497 14.7273581216
74.2066913902 14.7205638514
74.204826853 14.7194507999
74.2001961095 14.7201760778
74.1951187408 14.7238209585
74.1921607551 14.7301786508
74.185687699 14.735764386
74.1854614644 14.73646353
74.1831937093 14.7386177985
74.1828740258 14.7393131876
74.1824370159 14.7402361225
74.1805503915 14.7437174242
74.1796991927 14.745520979
74.177248934 14.7477225375
74.1758658466 14.7486597909
74.1668821444 14.7521034338
74.1665477586 14.754845576
74.1666693076 14.7555086756
74.1713282723 14.757730111
74.1714687898 14.7578928961
74.1736739826 14.7598082146
74.1751668831 14.7612484208
74.1755242443 14.7615406402
74.1759932493 14.7643288919
74.1771603964 14.7666601347
74.1738012319 14.7667800174
74.1707013413 14.7672404959
74.1633854609 14.7657340042
74.1625816039 14.7650434003
74.1609328031 14.7614423005
74.1604332623 14.7580606509
74.1594532789 14.7507971732
74.158908256 14.7501853382
74.157206134 14.7470193974
74.1560728534 14.7494468465
74.1543392495 14.7501466198
74.1525580359 14.7599676892
74.15168448 14.7649154598
74.1512119352 14.7651286795
74.1510527902 14.7652930338
74.150852078 14.76621188
74.1486965139 14.7681812816
74.1484743375 14.7691083683
74.1441052721 14.7735755042
74.1436685728 14.7744825007
74.1365524219 14.7774945306
74.1360448767 14.7777039796
74.1330783949 14.7781007607
74.1321170123 14.7781938827
74.1295722578 14.7779813863
74.1255863504 14.7741459513
74.1241899215 14.77346748
74.1230350866 14.7737053032
74.1221214916 14.7739392218
74.1207408258 14.7746392972
74.1198149516 14.7769042689
74.1195921348 14.7784963557
74.1199582176 14.7796204043
74.1200988371 14.7825619141
74.1193934309 14.7832347601
74.1170793924 14.7848420809
74.1131675762 14.7839724447
74.1094482497 14.7844519856
74.1078352658 14.7855957556
74.1078656272 14.7894621106
74.1081098186 14.7905881278
74.1074180108 14.7928490357
74.1062694193 14.793752032
74.1004865161 14.7942475577
74.0953977916 14.7969965046
74.0953988217 14.7974611912
74.0949557941 14.7976913933
74.0944256829 14.8020042624
74.0952320114 14.8031236085
74.1005121448 14.8033844805
74.1009131644 14.8034235885
74.1028877379 14.803294508
74.1075195994 14.8021347243
74.1146490483 14.7989125727
74.1188341089 14.8007909445
74.1200174024 14.802023455
74.1204857202 14.8020219541
74.1231793719 14.8058690989
74.1245752117 14.8127385173
74.1254604922 14.8178653202
74.1251169524 14.833463761
74.1259494479 14.8341467433
74.1263025568 14.8343774584
74.12793019 14.8345938185
74.1357804532 14.8327230104
74.1370016501 14.8329706483
74.1460138536 14.8346998168
74.1503512711 14.8377065828
74.1508932872 14.8380656055
74.1555718735 14.8398331384
74.1590437011 14.8384880581
74.1619793544 14.8381281284
74.1615657215 14.8356900241
74.1616398025 14.8338980689
74.1610484557 14.8327717295
74.1580172641 14.831202968
74.1577737938 14.830541639
74.1561515085 14.8218568819
74.1560208286 14.8167971511
74.1567544634 14.8128270792
74.1607658637 14.8154512094
74.1651252799 14.8187042519
74.1657191642 14.8194388586
74.167738505 14.821836756
74.1699203289 14.8244894315
74.17016652 14.8250870198
74.1706227581 14.8261418006
74.1709971687 14.8286237638
74.1709319723 14.82911089
74.1706052756 14.8326602936
74.1706193497 14.8406380079
74.1708296702 14.8407034285
74.1718785217 14.8413720943
74.1766690358 14.8423871334
74.1775859004 14.8430755303
74.1788740055 14.8451136912
74.1786625691 14.8478296013
74.1774075025 14.8494761966
74.1761685896 14.8532761541
74.1761847395 14.8550991873
74.178400272 14.8562042874
74.1790895439 14.8559677191
74.1808515408 14.8562823038
74.1814872602 14.8566449897
74.1822506803 14.8567577031
74.1870379499 14.8612303275
74.188890002 14.862459675
74.191677088 14.8635692723
74.2046788315 14.8668945215
74.2158077517 14.8683783243
74.2169588042 14.8679117407
74.2207280586 14.8649595588
74.220716832 14.8645035453
74.223437745 14.862634796
74.2234358968 14.8621791226
74.2236616929 14.8619899477
74.2266409658 14.8603797308
74.2309931392 14.8597035629
74.2312763077 14.8596533383
74.2331452625 14.8601013897
74.2385057 14.8624583821
74.2432902102 14.8657057623
74.2480561356 14.869289442
74.2501454928 14.8712973385
74.2501697499 14.8746811953
74.2490231301 14.8753783263
74.2487982297 14.8760482394
74.2341583297 14.8716434229
74.2236845279 14.8721668181
74.2210500051 14.8723168393
74.2140977993 14.8737021634
74.2086921168 14.8757914912
74.2074611743 14.8794738017
74.2091735081 14.8839618513
74.211712528 14.8867971388
74.2100584299 14.8888519877
74.2058555453 14.8872486363
74.2029119721 14.8852285361
74.2004139277 14.8846387242
74.1930120467 14.8829068451
74.1914292156 14.879740533
74.1911039737 14.8796773582
74.1891924138 14.8791814635
74.1849976676 14.8803777
74.1814614549 14.8813997371
74.1790778155 14.8810989065
74.1773281452 14.880210729
74.1762608534 14.8788669935
74.1764443305 14.872074208
74.1748204234 14.870270698
74.1731842779 14.8693619741
74.1715711002 14.8700602106
74.1711142927 14.8716569883
74.1704066218 14.8718836094
74.1701844242 14.8728109813
74.1690312752 14.8734867007
74.1667217762 14.8730428251
74.1656737663 14.8716907009
74.1640963365 14.8661620264
74.1627091039 14.8628780931
74.1622264348 14.8624418035
74.1602877708 14.8611060849
74.1540675296 14.8577409606
74.1464344169 14.8577925329
74.1424973256 14.8571321252
74.1415031639 14.8505859284
74.1379841852 14.8460720309
74.1375371354 14.8458466424
74.128976177 14.8481626652
74.1242157506 14.8473203136
74.1236239653 14.8468680563
74.1235726975 14.8407473563
74.1210261729 14.838420713
74.1143182583 14.8430707922
74.1143197435 14.8435264441
74.1143208372 14.8439911872
74.1125007989 14.8457965086
74.1072010635 14.8655501756
74.1061757207 14.8680394156
74.105711059 14.8682779281
74.1052397384 14.868507061
74.1029754188 14.8739279396
74.0965252667 14.8800963697
74.0960888819 14.8844048988
74.0979891437 14.8868972755
74.0977970344 14.8923321814
74.0968622853 14.8932555125
74.0883323077 14.8957986789
74.0880197084 14.8959841261
74.0963047465 14.904068384
74.0971767545 14.9063412804
74.1061082883 14.913749785
74.1103896866 14.9122151607
74.1158341272 14.9152389149
74.1196266405 14.9158098883
74.1251762387 14.9152445301
74.1265599255 14.9185496349
74.1293486863 14.9222580599
74.1325671186 14.9230537767
74.1389133503 14.9200321002
74.1424333439 14.9211177891
74.1471382049 14.9198680291
74.1566725161 14.9158694595
74.1631481577 14.9118791844
74.1687464262 14.9115351217
74.1707154795 14.9158088316
74.1671911801 14.920542671
74.1592556805 14.9393572176
74.1593850461 14.9420373927
74.1629525822 14.9447741688
74.1632029873 14.9498950414
74.1654684215 14.9536024121
74.1737184506 14.9556456946
74.1799482674 14.9559804405
74.183682122 14.9543235023
74.1858965784 14.9476018184
74.190863282 14.9458803279
74.1976457174 14.9404650487
74.1975519929 14.9347149557
74.196578526 14.9300371189
74.2053620947 14.9240457448
74.2128333416 14.9340049154
74.2182904803 14.9439564368
74.2353352839 14.9490857293
74.2375434286 14.9601014422
74.2447186453 14.9634331609
74.2503437121 14.9610430277
74.2558342833 14.9601785303
74.2581200793 14.9658653593
74.2603867687 14.9694414177
74.2639241918 14.9692671172
74.2647438123 14.9741529997
74.2677257617 14.9778417336
74.2647485915 14.9830468332
74.2554470717 14.9933677875
74.2644198159 14.9974946338
74.2653764414 15.0003467807
74.2650458321 15.0003473588
74.2648089908 15.0014113109
74.266695387 15.0040655833
74.265623019 15.0050941287
74.2702126225 15.0122353289
74.2756881796 15.01816488
74.2836521194 15.0242084293
74.2829097848 15.0327160657
74.2869772084 15.0363427877
74.2962437525 15.0424554723
74.2951071073 15.0466565373
74.2888597552 15.0568691481
74.2891191067 15.0652665412
74.2828488511 15.0684175794
74.2810535767 15.0719159494
74.2775971931 15.0965642754
74.2720913217 15.098452905
74.2748463237 15.1043832666
74.2795181604 15.1062841131
74.2820527297 15.1081255809
74.2844350024 15.1191721823
74.2869145111 15.1225067794
74.2852429125 15.1258396406
74.2835049422 15.1325002841
74.2850225835 15.1379102243
74.2833445534 15.1456585072
74.2863956784 15.1502104086
74.2916682276 15.1488383183
74.2952700459 15.1524063158
74.3047536754 15.1645537559
74.3120387359 15.1778434238
74.3158517186 15.1865855216
74.3108627365 15.1935851066
74.309656623 15.1988157212
74.3094565102 15.2057115104
74.3083233078 15.2081157208
74.3054809755 15.2095522082
74.3045285945 15.2114459595
74.3039194008 15.2159227697
74.3005312333 15.2214920102
74.3005113029 15.2256887819
74.2959374788 15.2306209293
74.2880507102 15.2344558002
74.2723579887 15.2396604658
74.2644141775 15.2409632073
74.2571251086 15.2443436012
74.2553477316 15.2461726599
74.2528412902 15.2524374982
74.25109193 15.2600755073
74.2615692293 15.2608437818
74.2638613081 15.2633766485
74.266388475 15.2702194745
74.2702716086 15.2768901472
74.2766358311 15.2837362764
74.2828537711 15.2815117682
74.2892942156 15.2855417687
74.2937958752 15.2847497191
74.2960882053 15.2883129145
74.303617462 15.2856829647
74.3122588514 15.2843801245
74.3280616217 15.285324892
74.335601893 15.2953910633
74.3344083825 15.2992440303
74.3218584309 15.3157135707
74.3171880292 15.3320150326
74.3222928 15.3458146487
74.3197894525 15.3496623843
74.3164426374 15.359655759
74.3174903037 15.3644226635
74.3224524687 15.3678807437
74.3222117521 15.3696572602
74.3066136398 15.3772756759
74.2994273702 15.3828921255
74.2836145645 15.3836046111
74.2798870313 15.3849768768
74.2762512985 15.3910013735
74.2781597528 15.4038756237
74.2750508726 15.4113993359
74.2709444018 15.4172435793
74.2691926245 15.4262627069
74.2762691044 15.4356417316
74.2735949551 15.4382761221
74.2765498997 15.439829881
74.2761164503 15.4454589847
74.2734814432 15.4531002284
74.2660901448 15.4675623886
74.249776732 15.4918247178
74.2497768114 15.4918255806
74.2506955609 15.4990618729
74.2542864173 15.5031443906
74.2616198655 15.5082190299
74.2754541933 15.5152494998
74.2773189684 15.5217414419
74.2851947205 15.5250931041
74.3214086316 15.5175143537
74.3297508084 15.5174158554
74.340299665 15.5188129702
74.362234974 15.4942695161
74.3754771649 15.4819974803
74.3862446409 15.485457587
74.4048732796 15.4746256145
74.4115634875 15.4755608263
74.420614386 15.4619628767
74.4233024949 15.4167594088
74.4264932804 15.397057719
74.431581407 15.3981539688
74.434770161 15.4012597911
74.4349470376 15.4038440126
74.4393159759 15.4065000176
74.4431104855 15.4051284334
74.4471905647 15.406217504
74.4495470972 15.4086957974
74.4531656455 15.4079513787
74.4547812337 15.4023859115
74.4577325098 15.4038261597
74.4593716913 15.4111239766
74.4619121054 15.4131917314
74.4675935348 15.4137688089
74.4700958039 15.4102190623
74.4702362399 15.403032481
74.4739015486 15.4029850115
74.4744561179 15.3973539569
74.4798462937 15.3958711511
74.4864629339 15.4008144591
74.4942738558 15.4011656621
74.4999469034 15.4046264882
74.5054515037 15.4049740694
74.5153488571 15.4033205934
74.5344905093 15.4191972747
74.5443199963 15.4172563204
74.5628897689 15.4053278974
74.5676230476 15.4034340302
74.5763575679 15.3918385788
74.5803302102 15.3914395334
74.5881098155 15.3809370885
74.5919025352 15.3800270236
74.5959350263 15.3771552075
74.5976660712 15.3724962649
74.6143392956 15.3587317701
74.6304755179 15.3677588689
74.6380944193 15.3739155156
74.6364908856 15.377995755
74.6383170237 15.3818400907
74.6418709053 15.381556239
74.6458259918 15.3849522262
74.6457600425 15.3902342657
74.6516663825 15.394842561
74.6542252158 15.3901334814
74.6917972683 15.3991231787
74.699172342 15.4099209778
74.7039699192 15.4094117972
74.7072363052 15.4064266897
74.7125568668 15.409533198
74.7178800112 15.4115448048
74.7272914235 15.4113235357
74.7339868901 15.4087908033
74.7363006398 15.4089704876
74.7426223922 15.411496336
74.7490827465 15.4130530474
74.7541818152 15.4098936656
74.7670688518 15.4162227858
74.7714075138 15.4092720263
74.7665681603 15.403637444
74.7653876084 15.3991040605
74.7701865034 15.4010605525
74.7825075674 15.3938862469
74.7863176623 15.3849756263
74.7904751891 15.3796399565
74.7990637445 15.3768257693
74.8211927759 15.3838384826
74.8291977547 15.3748782873
74.8228725902 15.3718910037
74.8219944202 15.366780899
74.8258139752 15.3506412294
74.826299651 15.3433999074
74.8347242256 15.333401879
74.8415216165 15.3354177431
74.8468560574 15.335415701
74.8495075018 15.3400728094
74.8551299707 15.3404774951
74.8593494869 15.3293871974
74.8667075481 15.3212334414
74.8774289639 15.314906101
74.8779708249 15.3119199649
74.8781555356 15.3069282887
74.8761509859 15.3004867485
74.8821942127 15.2980186027
74.8858634879 15.3006629909
74.8897606984 15.307269038
74.8949192896 15.300496148
74.8974026779 15.3011831975
74.8987667474 15.2990034577
74.9059701467 15.2750994998
74.9090288997 15.2507389627
74.9073774352 15.2474117095
74.8876365422 15.2330386645
74.8863363635 15.2271179989
74.8817965416 15.2213748717
74.8732266011 15.213043285
74.8739523097 15.208151778
74.8735455122 15.2031587539
74.8759806174 15.198444036
74.8770521852 15.1932138871
74.8739227385 15.1903405229
74.8659442742 15.1855129858
74.8631119276 15.1778653969
74.8500523325 15.1690663397
74.8486450404 15.1613143245
74.8438039782 15.1584936179
74.8420965573 15.1536098836
74.8354194397 15.1480272659
74.8361921035 15.1444056349
74.8357311794 15.1402683462
74.8310599351 15.1381964262
74.8287620131 15.1333098924
74.8361067558 15.1280811277
74.8397719459 15.1289477831
74.8430307958 15.1265908417
74.8445164635 15.1215361067
74.8509663488 15.1230325336
74.8534534851 15.1209100553
74.851384099 15.1171695117
74.853583624 15.1132090733
74.8561877899 15.1117129628
74.8574917386 15.1086665307
74.8570850346 15.1061930146
74.858629385 15.103615541
74.8647225679 15.1030953647
74.8698661995 15.1014953149
74.8769047203 15.1017237252
74.8825343309 15.0994817552
74.8858426673 15.099024198
74.8895099978 15.1000081384
74.8919384103 15.0981110418
74.8925308702 15.0964432077
74.8900503731 15.0921351885
74.8811346965 15.0839720545
74.880208372 15.0723695566
74.8864858781 15.0673795361
74.8868491853 15.0619870723
74.8902385431 15.0555050847
74.8903079698 15.0479923807
74.8931481005 15.0448408339
74.9072145504 15.049396401
74.9095321993 15.0445217166
74.9114348745 15.0376843197
74.9204039935 15.0420981808
74.9274817773 15.0502324832
74.9317974138 15.0515387543
74.9373632051 15.0504321608
74.9398414528 15.0519018442
74.9397654581 15.0630261127
74.9404723435 15.0662341918
74.9453277665 15.0643732083
74.9497592659 15.0649082366
74.952773907 15.0666607979
74.9609956038 15.0648982545
74.9691475731 15.0702561856
74.9804499394 15.0680753441
74.983639978 15.0703004342
74.9864754859 15.0710047108
74.9909767919 15.0705382182
74.9967112544 15.0723929408
75.0001569616 15.0698137845
75.0078795898 15.069503438
75.0117187254 15.0684119279
75.0201847031 15.0699039366
75.0226622129 15.0687835719
75.0337311672 15.0737115818
75.0343600688 15.0753829613
75.0398926634 15.077327024
75.0561734937 15.0807909189
75.0571493418 15.0750726102
75.0584747721 15.0729849038
75.062762609 15.071538213
75.0714896921 15.0704884812
75.0813176657 15.0725966993
75.0813341763 15.0726002463
75.0809576791 15.0659154599
75.076895295 15.0575220075
75.0752734197 15.0513716344
75.0755272944 15.0456200218
75.0777463808 15.0386843569
75.0768675294 15.0287658579
75.069580607 15.0157521249
75.0752544932 15.0007485519
75.0755382605 15.0007444967
75.0755709216 15.0006180589
75.0792244371 14.9740391864
75.0847014978 14.9682929059
75.0865879403 14.9564107412
75.1009957595 14.9550648022
75.0990831363 14.9483370117
75.1005938818 14.9404950453
75.1060175097 14.9322478346
75.1041431422 14.9294328499
75.1038458726 14.9260174001
75.0895217974 14.9255712614
75.0856369458 14.9243461434
75.0870959305 14.9210973336
75.0844642175 14.9193589264
75.0792483698 14.9208879012
75.0707062767 14.9181078177
75.0707232447 14.9142520606
75.0736203458 14.8948008562
75.0737785632 14.8768585988
75.0763458886 14.8688948091
75.0743722053 14.8643888523
75.0756875365 14.85672208
75.0756733214 14.8497572135
75.0712795706 14.8406781158
75.070204447 14.83600715
75.0753792892 14.8244597672
75.0795529264 14.8212131072
75.0932436569 14.8176652908
75.0946152441 14.8088444799
75.0823554367 14.8060079264
75.0719633877 14.80585721
75.0680752753 14.8069658457
75.0580463485 14.8116700566
75.0578626555 14.8056657449
75.0593137961 14.8014501915
75.0686233536 14.79687637
75.0710752377 14.7915700425
75.0712730962 14.7850280173
75.0686260821 14.7825583762
75.071294481 14.779814387
75.0685019851 14.7778134572
75.0644004044 14.7723956786
75.0555481855 14.7735462458
75.0520155787 14.7698871372
75.0424497364 14.76883576
75.0454743737 14.7533335078
75.0480623736 14.7466599275
75.0478987813 14.7428338741
75.0460917552 14.7402675691
75.0464487479 14.7378345416
75.0409733072 14.7355934273
75.041216602 14.7310027396
75.0397940428 14.7276459796
75.037788025 14.7267735144
75.0320810895 14.7264821115
75.0253725318 14.7238155907
75.0200496645 14.7193319063
75.0180791594 14.7153642003
75.0176860622 14.7116989442
75.0192874224 14.7092794134
75.0322974384 14.7067647932
75.0346209729 14.6879517494
75.0365828489 14.6773676965
75.0320018073 14.6722639155
75.0343540817 14.6646506377
75.038326613 14.6568426702
75.0421032856 14.6591573781
75.0472596172 14.651569696
75.0510776703 14.6497587431
75.0512474267 14.6486173288
75.0506130194 14.642292871
75.0478302335 14.6388790009
75.0426761568 14.6354885383
75.0377095491 14.6266030135
75.0307429161 14.6164197556
75.0269876673 14.6083952815
75.0261824599 14.5992114295
75.0270811695 14.5810013035
75.0246751013 14.5722136563
75.0243221482 14.5640999131
75.0265787984 14.5590890466
75.033528779 14.5546059578
75.0429980026 14.5458261789
75.0491432532 14.5445097908
75.0565331159 14.546514781
75.0624942556 14.5418078246
75.0528423854 14.5318547555
75.0451929777 14.5282000507
75.0392134901 14.5264363177
75.0426380158 14.5159002222
75.0427765983 14.5008170345
75.0249036891 14.4976957344
75.0150573899 14.4949902186
75.0078869864 14.4913458079
75.0082104675 14.4864993152
75.00003942 14.4804674258
74.9919406504 14.4758027553
74.9875082249 14.4869978933
74.9937903763 14.4953815895
74.9931555523 14.4997850772
74.9934652107 14.5039710724
74.9867106596 14.5111934073
74.9800574665 14.515497449
74.9767083079 14.5214178866
74.9769498463 14.5236243925
74.9832540873 14.5231924951
74.9835503821 14.5252484147
74.9806343919 14.5354803802
74.9790267776 14.5524688632
74.9720807308 14.5540548962
74.9671257532 14.5500229764
74.9575979638 14.5507173621
74.9530361181 14.538872836
74.9486123731 14.533957861
74.9438530093 14.5314385881
74.9445486755 14.5279016552
74.9387006795 14.5208955539
74.9309458175 14.5287861454
74.9140004513 14.530468905
74.9058340865 14.5294418226
74.9052357116 14.5168075057
74.9028311948 14.5108588916
74.8977807104 14.5064120108
74.8932692935 14.4947710702
74.8925898896 14.4793932934
74.8950451375 14.4749136281
74.9061049802 14.4735814514
74.9173305037 14.469787961
74.9206146238 14.4657239356
74.9215978863 14.4613651745
74.9102895914 14.4601096894
74.9019403671 14.4643065636
74.8932306787 14.4639331189
74.8873232116 14.4605458854
74.8818314327 14.454722842
74.8778056341 14.4491063199
74.8813532658 14.4369331305
74.8859899879 14.4312869638
74.9140727246 14.4330060149
74.9215510911 14.4327252662
74.9346634386 14.4081914397
74.9387169062 14.4047302068
74.9488891617 14.4029319579
74.9515140301 14.3951485722
74.9530046028 14.3797443661
74.945975391 14.3738667707
74.9431950359 14.3688951181
74.9415232668 14.3618310778
74.9468156928 14.3560457527
74.9577225269 14.3507885087
74.9621968037 14.3447628067
74.9683828824 14.3415395628
74.9732090098 14.3399631521
74.976019655 14.3351938377
74.9735748783 14.3236600751
74.9786817844 14.3235079312
74.9773575669 14.3207487341
74.9718145835 14.3205172486
74.9669010138 14.3223974889
74.9594606376 14.3238459882
74.9545513073 14.3209045552
74.9503705876 14.3208630923
74.9420890428 14.3232341707
74.9350209351 14.3232435312
74.9262479031 14.321732541
74.9178556162 14.3130273953
74.9152370526 14.3050074554
74.9116741494 14.2978707923
74.9104060792 14.2891709243
74.91489914 14.2784229924
74.9212613481 14.2790266348
74.9271526448 14.2820921023
74.9294385628 14.280810254
74.9308723303 14.2691315169
74.938339209 14.2668943843
74.9406181644 14.2612349498
74.9389487061 14.2564923291
74.9378645978 14.2494691666
74.9357961839 14.2454356838
74.929827275 14.2388279194
74.9235733682 14.2340175452
74.9187374159 14.2313418166
74.911672898 14.2310043299
74.9050876861 14.2335187616
74.9003175196 14.2328478619
74.8977795632 14.2286905499
74.8964588462 14.2221389392
74.8823778882 14.217320602
74.8781409246 14.2169952739
74.8782080031 14.2200102318
74.8806770586 14.2208049053
74.8803376672 14.224282935
74.8774532783 14.2246853516
74.8777154972 14.2295307945
74.8808568513 14.2362473634
74.8771023278 14.2411596758
74.8740495622 14.243502478
74.8705746837 14.2425377752
74.8687438262 14.2220910586
74.8633746627 14.2205609427
74.8599508311 14.2160691731
74.8568169569 14.2137385244
74.8495435791 14.2183106742
74.8413916279 14.227398562
74.8340408591 14.2307737254
74.8273326562 14.2297036342
74.8216938467 14.2335351228
74.8126976544 14.2344718849
74.8043886119 14.2322108422
74.793205138 14.2328539016
74.7850827224 14.2320741933
74.7831534093 14.2380664387
74.7756918714 14.2401318647
74.7670978048 14.2383812944
74.7638759663 14.2442538122
74.7618802003 14.2460300964
74.7594676203 14.2454081664
74.7463871064 14.2584308351
74.740223098 14.2632819524
74.7307762227 14.2670194347
74.7221752512 14.2449708086
74.7170703679 14.2340378238
74.7289573892 14.1785701997
74.7494188204 14.1582802469
74.7485712658 14.1513771922
74.7465696299 14.1504109815
74.743278145 14.1525302986
74.7317058734 14.1548408957
74.7257061643 14.1549104677
74.7196008338 14.1594248513
74.7118038091 14.168230658
74.7037040525 14.1744652551
74.6974162403 14.1762395994
74.6908132336 14.1706088062
74.666574763 14.1875417458
74.6512296325 14.1729122472
74.6266178291 14.1648685498
74.6290907917 14.1464302515
74.6439119473 14.1441211984
74.6467700973 14.1178807346
74.6555814392 14.1150727284
74.6400609124 14.0974764543
74.6527773633 14.0814216873
74.6580985019 14.0693749807
74.6603003052 14.0616653743
74.6575741482 14.0524917314
74.6559531976 14.0439409686
74.6659436367 14.040438154
74.6775190021 14.038134041
74.6695042363 14.0133312857
74.6662071668 14.0005862448
74.6669743266 13.9961676325
74.6676919693 13.9844441526
74.6726658749 13.9795495492
74.6771479644 13.9714828872
74.6855608889 13.9654811877
74.6884187118 13.9598607779
74.6969457144 13.9567823919
74.7009757001 13.95030986
74.7013676483 13.93977323
74.6930315768 13.9361859907
74.6982614455 13.9298943994
74.7080340432 13.9275157837
74.7111458666 13.9290385207
74.7170891593 13.9069883293
74.7262286675 13.9094856296
74.7360473569 13.9142993262
74.7460098159 13.9154850928
74.7518427666 13.9143321792
74.7559776591 13.9116565877
74.7652093778 13.915604158
74.7762729763 13.9162212238
74.7901500314 13.9150172712
74.7917986133 13.9142907862
74.7948652434 13.906941311
74.798208609 13.9099174651
74.802086414 13.9106933975
74.8142035715 13.9073519639
74.8183803448 13.9070432271
74.8219003094 13.9088007683
74.8363815575 13.9015647773
74.8466389551 13.894746747
74.8558456255 13.8852194398
74.8592736809 13.8804717018
74.8630999528 13.8646787438
74.8678233028 13.8597137963
74.8737769219 13.8588444909
74.8777675023 13.8619322195
74.8784431843 13.8675755242
74.8888763236 13.8679163094
74.894061213 13.8671551573
74.9007502199 13.8652023547
74.909387818 13.861537403
74.914490965 13.8573157837
74.9165989279 13.8519822769
74.9167545838 13.8451264838
74.9190575145 13.8370859639
74.9192730311 13.8309343145
74.9218121953 13.8220871817
74.9274333645 13.8104464245
74.9287639843 13.8049862474
74.9289263446 13.7989400138
74.9332002154 13.7948869828
74.9359402434 13.790768642
74.9333741643 13.7764634241
74.9333462897 13.7719187706
74.938650902 13.7738604355
74.9411146508 13.7660563612
74.9447298277 13.7638966838
74.9502936563 13.7618711596
74.9581698963 13.757276483
74.9729457104 13.7536081395
74.9808853785 13.7488965535
74.9902999058 13.7456391076
74.9941629405 13.7417364603
74.9971121313 13.7414983388
74.9987624775 13.7392261609
74.9985583622 13.7348076556
74.9983981067 13.7297572876
74.997171863 13.7249628341
74.9932201225 13.7204642315
74.9916831123 13.713048253
74.9999535312 13.7116147101
75.0016647223 13.7119419772
75.0194481967 13.6994224824
75.0199627678 13.6964300778
75.0171548276 13.6962580667
75.0152447722 13.6946937014
75.0129771283 13.6941566128
75.0121827295 13.6821793675
75.0246945312 13.6743991683
75.0269459139 13.6713920109
75.0267513202 13.6681029658
75.024912172 13.6658693751
75.0217409988 13.6646520831
75.0173315118 13.6649399786
75.0144398711 13.6626086014
75.0134460319 13.6534492342
75.0173618163 13.6436361435
75.0172752167 13.6367285278
75.0204643624 13.6324854834
75.025749288 13.6300988206
75.0318738225 13.6210296425
75.0350208489 13.6192203425
75.0360968389 13.6150564165
75.0500765885 13.6100634571
75.0529451202 13.6126358309
75.0564127507 13.6114499353
75.0593932688 13.6077984266
75.061163624 13.6010710997
75.0600248288 13.592712242
75.0570066117 13.5917961936
75.0547820054 13.5863572269
75.0511226088 13.5854712825
75.0467536445 13.5859314931
75.0413448502 13.5834373578
75.0358651207 13.5784760845
75.0347962353 13.5733740894
75.0377958351 13.5671258462
75.0418838547 13.563563262
75.0430196723 13.5579770055
75.0468504291 13.5565907525
75.0491116071 13.5456291202
75.0491571677 13.5406818695
75.0625841092 13.5290150392
75.0618521273 13.5258202168
75.0594713328 13.5226277954
75.0627578455 13.5215130656
75.0667154992 13.5262002468
75.0706312551 13.524026859
75.0767224364 13.5154841448
75.0783425841 13.5109587076
75.078249493 13.5024633059
75.0798812961 13.4961779259
75.0834508566 13.4940606102
75.0878374296 13.4968580087
75.0923037593 13.4942311688
75.0981281994 13.4887442758
75.1020927578 13.4920032317
75.1055464262 13.4843890856
75.1083552488 13.4755325817
75.1115989227 13.4715298554
75.1121873494 13.4623237227
75.1171883626 13.4595398772
75.1275284509 13.4646564916
75.1354486029 13.4634181606
75.1402336452 13.4632645046
75.1410597005 13.4613982275
75.1444645085 13.4587728197
75.1461442301 13.4555674797
75.1533907655 13.4548135919
75.1546540298 13.4490082073
75.1533396287 13.4405120462
75.1510595574 13.4389857531
75.153233564 13.4339054144
75.1514647821 13.4287830734
75.1508167976 13.4211173104
75.1457638077 13.4188534029
75.1440936964 13.4102846632
75.1404471172 13.4079047648
75.1469556201 13.3977026403
75.1415524224 13.3887045541
75.1360268273 13.3901575801
75.1321853451 13.3920711298
75.1281611477 13.3876121188
75.1279269057 13.3837509047
75.1296742042 13.3788160968
75.1270586301 13.3691865323
75.1172129505 13.3624800231
75.1160722473 13.3604842337
75.1127238433 13.3581072576
75.1076138517 13.3607319921
75.1024738362 13.3613916378
75.0994888263 13.3585708875
75.091287071 13.3622168179
75.0889949968 13.3508064555
75.0843068656 13.3467231315
75.080067653 13.3445417704
75.0943356823 13.3198880896
75.1054290201 13.2954353435
75.1150818368 13.2845562434
75.1202326855 13.2834410162
75.1240925116 13.2876100075
75.1298892279 13.2865616774
75.1340449513 13.290751742
75.138485701 13.2899496627
75.1515277389 13.2689647978
75.1583726208 13.2502903237
75.1667391078 13.22914934
75.1685076599 13.212677024
75.1671779035 13.2053267248
75.1686144104 13.2071838296
75.1687462203 13.1998510318
75.1731488939 13.1999150765
75.176084113 13.2017861073
75.1835837022 13.1945214586
75.1997903053 13.1785460011
75.19984462 13.1784924474
75.2000053685 13.180122915
75.2019408644 13.1814046105
75.2099167297 13.1736065313
75.2110935382 13.1658900551
75.2106912262 13.1578877765
75.2156684662 13.1568160629
75.2230444445 13.1519215027
75.2364944882 13.1385325826
75.243537717 13.1372044753
75.2538897523 13.1287495779
75.2587665018 13.131235574
75.2638040756 13.1300488136
75.2704384096 13.1272035681
75.277681856 13.1278337982
75.2829294208 13.1338911858
75.2861695842 13.134822375
75.288231478 13.1307112769
75.2909417095 13.1276547787
75.2918317161 13.1289484234
75.295490535 13.1258708079
75.2981421066 13.132062409
75.3105131974 13.1322581463
75.3142412722 13.1340090612
75.317369491 13.1387905731
75.3181624771 13.1447945035
75.3244859634 13.1476291391
75.3245101114 13.1536059478
75.3236125625 13.1591426614
75.326617277 13.1628846007
75.3272054666 13.1667564674
75.3292742686 13.1703455782
75.3331628432 13.1699189164
75.3356378554 13.1748402027
75.3436195509 13.1812975855
75.3493593652 13.1803751699
75.3520950475 13.1833487067
75.3582417769 13.1810565879
75.3596789 13.1828934671
75.3648804366 13.1808469743
75.3705353373 13.182794766
75.3770550308 13.1813727501
75.381633529 13.178788934
75.3869163952 13.174570886
75.3912877232 13.1687574745
75.3984245482 13.1652399113
75.4057822449 13.1569519239
75.4098537731 13.1471085338
75.410046873 13.1440146317
75.4082045454 13.1380163305
75.4099449821 13.130668716
75.4109506791 13.1159969087
75.4085679259 13.1102719188
75.4172337943 13.1066897934
75.4210672294 13.1075823498
75.4245519218 13.1068617707
75.4285887464 13.1136202047
75.4339347154 13.1200962271
75.4414550209 13.114516025
75.4420439832 13.1052220157
75.4452432445 13.1033363568
75.4537949608 13.1087233979
75.4641723659 13.1023308953
75.4693448179 13.096661972
75.4733708954 13.090551278
75.4724281178 13.0866653493
75.4685248535 13.0809370102
75.4724901917 13.0773011099
75.4761501322 13.0781821352
75.4800999357 13.0777649692
75.4827652282 13.0863721071
75.4873661032 13.0923486337
75.5033553109 13.0783563905
75.5130025137 13.0685444942
75.5188014258 13.0592783173
75.5175754704 13.0550421962
75.5228854647 13.0530601487
75.5257328926 13.0483393882
75.5248933383 13.0435854278
75.5251360804 13.0380202514
75.5219536037 13.0331277351
75.5208498317 13.0288346315
75.5274466591 13.0242537427
75.5296795184 13.0215800669
75.5316870385 13.0172299775
75.5322265968 13.0062654291
75.5313004916 13.0004041072
75.5260859541 12.9925180832
75.5157443907 12.9806488967
75.5159584445 12.9790361429
75.5206200541 12.9770163926
75.5227031051 12.9741732576
75.5251533217 12.968048473
75.5289462634 12.9670229004
75.534789451 12.9596538972
75.5404448804 12.9569352846
75.5496629803 12.9481307689
75.5549549332 12.9448433683
75.5544663077 12.9299658131
75.5552918937 12.9213840196
75.5569880387 12.914944397
75.5559139056 12.9094403765
75.5606700799 12.8890842434
75.5605370001 12.8794347033
75.5640433374 12.8786962574
75.5647944824 12.8739172622
75.562957377 12.8677383941
75.5719475032 12.869852108
75.5776180879 12.8726532467
75.586085577 12.8746707574
75.5959581837 12.8764909132
75.6033352284 12.8761668188
75.6024424124 12.8707169827
75.6047260692 12.8668316591
75.6082310803 12.8657547716
75.6145510316 12.8611256115
75.6170379523 12.8584553681
75.6232285056 12.8571635987
75.621884484 12.8494750323
75.6166322287 12.8338549009
75.6162323931 12.8305307877
75.619422982 12.8201991633
75.6182332766 12.8102095172
75.6144854716 12.7981931323
75.6228261656 12.7954915759
75.6257145653 12.7883274437
75.6240887079 12.7811095543
75.6293646744 12.7812069492
75.6346237381 12.7758511643
75.637015114 12.7708132244
75.6410451323 12.7698945649
75.6371797429 12.7620162601
75.6430896942 12.7613629662
75.6517641286 12.7533132125
75.6576010763 12.7520324913
75.6597489304 12.7504521267
75.6592790945 12.7460293122
75.6525608281 12.7273185228
75.6511193817 12.7201555382
75.6422082242 12.7157394429
75.6387443129 12.7152042639
75.6330268796 12.7087281825
75.6275060643 12.7074240628
75.6299298953 12.7008926539
75.6336098241 12.6918743895
75.6357381603 12.6929370065
75.6379464056 12.6960702307
75.6728045769 12.7004905827
75.6673537053 12.6958502789
75.6597709462 12.6860067536
75.654229858 12.6751027287
75.6487786954 12.6664934812
75.645240572 12.6524015736
75.6443535801 12.6395965437
75.6430139815 12.6320222893
75.642921846 12.6296078992
75.6541715015 12.6215245603
75.6559588073 12.6155182777
75.6579018155 12.604108065
75.6643900217 12.5947064645
75.6655933518 12.5889385615
75.6653304302 12.5743977617
75.6726613437 12.5549257462
75.6711295863 12.5499422067
75.6675147442 12.5470036724
75.6581937101 12.5419044108
75.6448461398 12.5379986285
75.635694094 12.5284614482
75.6327135976 12.520563962
75.6279679508 12.5201705531
75.6256887642 12.51646683
75.6206686521 12.5132583741
75.6179345023 12.5104113648
75.6127882124 12.5105434114
75.605551112 12.5120766507
75.6024562495 12.5210253414
75.5989314819 12.5242981636
75.5958175425 12.5318714743
75.5926706034 12.5371438096
75.5885430636 12.5351849757
75.5794364979 12.5205299722
75.5728379304 12.5130851083
75.5692372601 12.510660406
75.5627496687 12.5077528194
75.5588906288 12.5037776172
75.5575035299 12.5011001599
75.5676383083 12.492741587
75.5662081274 12.4866665003
75.558170264 12.4899362214
75.5382858656 12.4954287893
75.5346535275 12.4953021298
75.5290089562 12.4976182148
75.5244408428 12.4893461462
75.5162291843 12.4880696768
75.5092985249 12.4859735961
75.5043318383 12.4866184334
75.5003648839 12.4836243806
75.4998755598 12.4818994855
75.496364713 12.4822934909
75.4947411878 12.4788619188
75.4976532888 12.4778431224
75.4933670054 12.4681299899
75.4938888555 12.4636919506
75.4915621503 12.4601005151
75.4872975814 12.4609023884
75.4830883229 12.4657895093
75.4809320748 12.4665694316
75.4746575598 12.4654964626
75.4706435172 12.4672124955
75.4652000406 12.4718883855
75.4636090947 12.4753542125
75.4633281245 12.485188619
75.4662227574 12.4906146676
75.472165544 12.4977811411
75.4685927668 12.5014560766
75.4653296313 12.5027007061
75.4634558887 12.5072683574
75.4560320097 12.5124766248
75.4500871729 12.5181884316
75.4424770521 12.5226553047
75.4361079713 12.5281474664
75.4338801216 12.5234560258
75.4336716773 12.5167957926
75.4290682899 12.5142020987
75.4220967042 12.5135477168
75.4187583033 12.5093952021
75.4166666377 12.5016596697
75.4110741461 12.4991401366
75.4063839887 12.4945439697
75.4031136765 12.495506535
75.399416167 12.5027398535
75.3970055514 12.5024838055
75.393954782 12.4974649149
75.3886150449 12.4968386961
75.3851151456 12.497571837
75.3831082532 12.4963945627
75.3815413933 12.4927913739
75.3792426039 12.49132885
75.3742489867 12.4904102194
75.3719973426 12.4883678611
75.3725498055 12.4858868808
75.3750158962 12.4820634192
75.3740831116 12.4736846045
75.3647281005 12.4697779442
75.3613809281 12.4648713285
75.3576062777 12.4629040055
75.3427736624 12.460912319
75.3386475079 12.4626301129
75.342425356 12.4694846075
75.3401924123 12.4781880588
75.341215582 12.4845055928
75.3408451462 12.4877838499
75.3374275434 12.4898956587
75.3366704602 12.4950836163
75.3298454159 12.4966027773
75.3223992166 12.496065987
75.3159147285 12.4968334496
75.3118067589 12.5006228352
75.3090229933 12.502212061
75.3066125576 12.5015474348
75.3059768393 12.5023068364
75.3062912913 12.5220811923
75.3016686451 12.5216742018
75.2977189341 12.5244305699
75.2933398103 12.5254584533
75.2873551641 12.5246172699
75.2826553551 12.522893065
75.2811387312 12.5281446049
75.2738606217 12.5446126504
75.2723398091 12.5582583208
75.2739885123 12.5635853274
75.2782680993 12.5688203545
75.2849455785 12.5689156364
75.2882429419 12.5697388598
75.2928784951 12.5796270527
75.296450557 12.5796944917
75.3046864113 12.578267851
75.3113409032 12.5764044617
75.3177972639 12.5734485254
75.3209716402 12.5785286948
75.3279418114 12.5792445894
75.3300899641 12.5819227666
75.3294885572 12.5899811747
75.3201255169 12.5899247965
75.3097886748 12.5926387386
75.3071357917 12.5996847116
75.3029713185 12.6038195354
75.2998033519 12.6031637308
75.2953702915 12.6002855744
75.2925789079 12.6013590297
75.2902762118 12.609319084
75.2824190086 12.6127552113
75.278077582 12.6163723683
75.2716521645 12.6136879108
75.26914822 12.6103837469
75.2634781835 12.5976951588
75.2601203569 12.5956635634
75.257472139 12.5904045562
75.2514773747 12.5838766152
75.2507753968 12.5795688646
75.2412790465 12.5786500552
75.2399134229 12.5771750796
75.2394466005 12.5687876354
75.2375492952 12.5665055509
75.2325021592 12.565480527
75.2240913226 12.5673020297
75.2180570488 12.5757149106
75.2151573458 12.5780499647
75.211947578 12.5886089605
75.2086030112 12.5876172357
75.2044743552 12.5851944225
75.2056042769 12.5912700512
75.2085549417 12.5931286812
75.2100553745 12.5961604477
75.2106029717 12.6019000657
75.2083519809 12.6045735987
75.2034669531 12.6073400411
75.1997035659 12.6107728104
75.2004413055 12.6177272263
75.2037866911 12.6276831394
75.2024051561 12.6297184666
75.1953259592 12.630024472
75.1907747915 12.6316389907
75.1834625664 12.6320157843
75.1783527134 12.6267828339
75.1708504626 12.6211275814
75.1636043673 12.6221956263
75.159964215 12.6216044996
75.1556621415 12.6241267093
75.1483983973 12.6331779642
75.143649913 12.6378320612
75.1418947844 12.642340869
75.1510259468 12.6464262163
75.1519809254 12.6479745077
75.1523520607 12.6538881569
75.1557998226 12.6582178811
75.1620203588 12.668603596
75.1618647396 12.6702185297
75.1564251394 12.6705644526
75.1513689179 12.6733851489
75.1512842188 12.6808611524
75.1451359809 12.6774172456
75.1398038554 12.6772525149
75.1372711341 12.675673173
75.1324638418 12.6753336115
75.1274515548 12.6778019886
75.1213051214 12.6780501812
75.1131350403 12.6803835184
75.1090891118 12.6894016221
75.104837638 12.6960072498
75.0996476354 12.6977966447
75.0919949349 12.6991486086
75.0864091893 12.7022049749
75.0827144944 12.6976517439
75.0853092433 12.694108447
75.0877765062 12.680395376
75.087070512 12.675290937
75.0852447768 12.6749115833
75.0834370747 12.6708487539
75.0797485801 12.6710052008
75.0755190503 12.6698507988
75.070567683 12.6624396286
75.0662906677 12.6623672079
75.0611249136 12.6658846502
75.0585096249 12.6630338888
75.0555411088 12.6644567634
75.0479857602 12.6644789634
75.0449187792 12.6676814275
75.0432524837 12.674946617
75.0448119261 12.6918236439
75.0487429483 12.6927016431
75.0522956139 12.6913984961
75.0547208422 12.6879744228
75.0569783532 12.6911095809
75.0523184535 12.7025495966
75.0559022844 12.7077946557
75.0529872595 12.7142031261
75.0497696108 12.7190758208
75.0463376609 12.7207204356
75.0431578882 12.7198954196
75.038169705 12.7229504292
75.0314044344 12.721299474
75.0256983311 12.7186664864
75.0229563497 12.7199655453
75.0190225378 12.71908435
75.0142517707 12.7121311479
75.0070034759 12.7135358037
75.0039319676 12.7160406484
75.0029661909 12.7180122667
75.0107666714 12.7236115628
75.0120910661 12.7271635312
75.0000752232 12.731713364
74.9928628677 12.7374395017
74.989948542 12.7353957187
74.98817304 12.7362232389
74.9867255562 12.7330898982
74.9845488939 12.734170426
74.9841839755 12.7402236577
74.9858281293 12.7427664226
74.9896434231 12.7415869459
74.9915557389 12.7424594492
74.9950843063 12.749135386
75.0000717122 12.7558463745
75.0040998986 12.7582909639
75.0069454508 12.7613643911
75.0084542251 12.7647353115
75.0076285206 12.76939911
75.0050423672 12.7736304546
75.0039240192 12.777833704
75.0050720971 12.7897856164
75.0037273698 12.7899108294
75.0000611106 12.7877660698
74.9957506538 12.7922679818
74.9920071689 12.7947385302
74.9891458238 12.7950801065
74.9885433077 12.793501548
74.992317432 12.7878944811
74.9870116335 12.7821811182
74.9816189014 12.7795070174
74.9703061523 12.7768155086
74.9686273259 12.7771867761
74.9682549104 12.7805104846
74.9668769221 12.7811050691
74.9649682845 12.7790460056
74.9629721084 12.7790732737
74.9598317808 12.7832777485
74.9537542851 12.7835146567
74.9368159693 12.7764119488
74.9287912628 12.7755354856
74.9084469738 12.7672202791
74.9073825643 12.766750131
74.9044445558 12.764112779
74.9007256779 12.7637022472
74.897070327 12.7595724148
74.8938133849 12.7602714388
74.8910419034 12.7586923584
74.8879504315 12.756538215
74.8848573598 12.752932931
74.8791292038 12.7534190193
74.8772408999 12.7544019207
74.8768750151 12.7564963041
74.8750799666 12.7594405598
NaN  NaN
