# Indonesia
# from http://www.rjruss.info/2010/12/free-countries-of-world-in-polygon-kml.html
122.94890913 -10.90925628
122.85589155 -10.90966969
122.82612593 -10.8991277
122.81847782 -10.81107106
122.84565962 -10.76177174
123.0614604 -10.69841644
123.14579634 -10.63991872
123.2653756 -10.51816904
123.33968631 -10.48623301
123.35849654 -10.47248707
123.37110558 -10.47486419
123.38309452 -10.56757171
123.41286014 -10.62265879
123.41813114 -10.65128753
123.31074751 -10.69841644
123.21483605 -10.80611012
123.00523644 -10.87633839
122.94890913 -10.90925628

121.88303104 -10.59030934
121.83311161 -10.60219492
121.72614139 -10.57315276
121.704644 -10.55568613
121.79631799 -10.50742034
121.86701135 -10.43889739
121.94948693 -10.43300628
121.99837284 -10.44695892
121.98131961 -10.52840097
121.88303104 -10.59030934

123.41627079 -10.30267832
123.32594038 -10.33750823
123.32552697 -10.2641277
123.39529016 -10.17142018
123.45874881 -10.13989756
123.49388879 -10.17700123
123.49678267 -10.1939511
123.40510868 -10.22712737
123.41627079 -10.30267832

120.01244754 -9.37472462
120.05761275 -9.4197348
120.22111698 -9.5063445
120.24798872 -9.54287973
120.25832401 -9.60313445
120.29108687 -9.64788624
120.36477746 -9.65465586
120.4436357 -9.6455608
120.50368371 -9.67398284
120.55556685 -9.71904469
120.63256473 -9.80648122
120.70036421 -9.90311614
120.78449344 -9.95701466
120.83265588 -10.03752654
120.80423384 -10.10847829
120.6979871 -10.20661183
120.64041955 -10.22790252
120.56176802 -10.23560231
120.43919152 -10.29404835
120.39454308 -10.26350758
120.25543013 -10.24232024
120.14484256 -10.2001006
120.05192834 -10.12289601
119.99839155 -10.03974863
119.93069543 -9.96647145
119.81276981 -9.91748219
119.60110314 -9.77351165
119.47036177 -9.76054087
119.41651493 -9.77108286
119.36256473 -9.77180633
119.0854757 -9.70695241
119.04237756 -9.66907358
119.00837447 -9.62049774
118.97736861 -9.57280039
118.95876509 -9.51936696
118.99411177 -9.47203135
119.03142215 -9.44019866
119.18562463 -9.38443979
119.29590213 -9.36723154
119.42395633 -9.36986704
119.61474572 -9.3524004
119.79509647 -9.38051238
119.85080366 -9.35958343
119.94206424 -9.30144744
119.97379357 -9.32160125
120.01244754 -9.37472462

124.93684981 -9.05345224
124.97328169 -9.06430429
125.10035404 -9.0039979
125.12443526 -9.01541839
125.14898156 -9.04254852
125.14944665 -9.12290537
125.10050907 -9.18982635
124.97751916 -9.19494232
124.96015588 -9.21380421
124.95860558 -9.25468027
124.96826908 -9.29426442
124.9969495 -9.32599375
125.03363976 -9.38185597
125.06810794 -9.51192555
124.99798303 -9.56535898
124.96304976 -9.66566294
124.84181685 -9.75976572
124.7083883 -9.91412322
124.6018315 -9.99292978
124.5081938 -10.08615407
124.42757857 -10.14868255
124.32680952 -10.16981821
124.17601769 -10.18330576
123.97106896 -10.2948235
123.85758752 -10.34360605
123.74731001 -10.34717173
123.64416385 -10.31089487
123.60478641 -10.27012217
123.61408817 -10.21503509
123.64829797 -10.16780283
123.69015588 -10.12878712
123.71640751 -10.07860931
123.59941206 -10.01515065
123.58928348 -9.96683318
123.63579227 -9.83805552
123.66586795 -9.70529876
123.70937951 -9.614865
123.87681115 -9.45316945
123.97716678 -9.37291595
124.03638797 -9.34160003
124.05240767 -9.37539642
124.09013146 -9.4164275
124.11555627 -9.42314544
124.1345732 -9.41384368
124.28231612 -9.42789967
124.31931644 -9.41374033
124.37569543 -9.34991994
124.41300581 -9.31431487
124.43822391 -9.23855722
124.44442508 -9.19034311
124.57547652 -9.15535817
124.64585982 -9.1167042
124.70818159 -9.06182383
124.88977258 -8.96844451
124.92227705 -8.94250294
124.91509403 -9.03154144
124.93684981 -9.05345224

115.60992557 -8.76985198
115.58191695 -8.80416513
115.5008883 -8.74287689
115.48052779 -8.71538502
115.5405758 -8.67538747
115.56145308 -8.66990976
115.61323286 -8.71321461
115.60992557 -8.76985198

122.97733117 -8.54521453
122.94549849 -8.60397064
122.88782759 -8.58733082
122.90353723 -8.53069345
122.93278609 -8.49710377
123.01050744 -8.44832122
123.08946903 -8.43979461
123.13794152 -8.45689951
123.15313439 -8.47581308
123.03004113 -8.49483001
122.97733117 -8.54521453

119.46405724 -8.74101653
119.42488651 -8.750525
119.38550907 -8.7360556
119.40163211 -8.64706878
119.37889448 -8.586504
119.41992557 -8.53906504
119.43015751 -8.4549358
119.44648726 -8.42920094
119.47056848 -8.45571095
119.48173058 -8.47297088
119.5020911 -8.48108408
119.54694624 -8.48263437
119.55728153 -8.51885955
119.55552453 -8.55337941
119.5363009 -8.58939788
119.48286747 -8.62825856
119.44400679 -8.67177011
119.46405724 -8.74101653

123.31746545 -8.35478688
123.29720829 -8.39860849
123.02497684 -8.39550791
123.03262495 -8.33783701
123.10827925 -8.27479176
123.13349735 -8.25381113
123.21710982 -8.23541432
123.33606896 -8.269004
123.31746545 -8.35478688

116.64076704 -8.61389251
116.51426314 -8.82101165
116.55932499 -8.85439463
116.58650679 -8.88612396
116.37721724 -8.92901539
116.28988407 -8.90617441
116.23934452 -8.9121172
116.02674767 -8.87310149
115.87461226 -8.82561085
115.85735233 -8.78788706
115.86934126 -8.74277353
115.91440311 -8.75801808
116.03160526 -8.7652011
116.0764604 -8.74494394
116.07770064 -8.61136037
116.06116418 -8.43741749
116.21981083 -8.29520395
116.30435347 -8.23794647
116.40150516 -8.20420176
116.64696821 -8.28274993
116.68748254 -8.30414398
116.71890181 -8.33602833
116.73409468 -8.38692962
116.64076704 -8.61389251

124.28660526 -8.32946543
124.22573042 -8.39127044
124.18438928 -8.49875742
124.14666548 -8.53141692
124.06574019 -8.55167409
124.01726769 -8.44387705
123.92776411 -8.44894134
123.97148238 -8.35406341
124.0137537 -8.31861338
124.06873742 -8.31778655
124.09581587 -8.35613047
124.11049198 -8.36429534
124.23957971 -8.20337493
124.26562463 -8.20172129
124.28712202 -8.20864593
124.3044853 -8.22879974
124.28660526 -8.32946543

123.92476688 -8.27241465
123.78389693 -8.29959645
123.69780399 -8.42444671
123.62917769 -8.42248301
123.59155724 -8.47793182
123.5826689 -8.5016513
123.58783654 -8.52387217
123.58018843 -8.54495615
123.55300663 -8.5667636
123.48872114 -8.5323471
123.43384077 -8.57606536
123.41068973 -8.58660735
123.32997114 -8.53565439
123.25328332 -8.53859995
123.23013228 -8.53069345
123.32501021 -8.43901946
123.4546147 -8.35370167
123.47590539 -8.32223073
123.42515913 -8.31339406
123.3949801 -8.3005783
123.39125939 -8.28047617
123.47321822 -8.26709197
123.52995894 -8.26523162
123.57316044 -8.29153493
123.60054894 -8.29132822
123.77593876 -8.19045582
123.84549523 -8.21334848
123.89613814 -8.23923838
123.92476688 -8.27241465

138.89511926 -8.38868662
138.84550988 -8.40170908
138.59425907 -8.37153004
138.56718062 -8.33024057
138.56335656 -8.30910491
138.62102746 -8.26848724
138.6766313 -8.19924082
138.76272424 -8.1734026
138.79621057 -8.17360931
138.89759973 -8.33752695
138.89511926 -8.38868662

117.55637007 -8.36729258
117.53363244 -8.36801605
117.49043094 -8.34868906
117.50593387 -8.30703786
117.48216271 -8.23923838
117.4905343 -8.18342783
117.54613814 -8.15190521
117.66509728 -8.14828786
117.6692314 -8.18921559
117.55637007 -8.36729258

119.07379683 -8.23882497
119.02997521 -8.2400652
119.02088016 -8.19986094
119.0365898 -8.15779632
119.07875777 -8.14022633
119.09777469 -8.1391928
119.12826379 -8.17717498
119.13487837 -8.19707041
119.10676639 -8.22342539
119.07379683 -8.23882497

124.57557987 -8.14084645
124.59955773 -8.20172129
124.67686568 -8.16802825
124.75220991 -8.15955332
124.92408573 -8.16601287
125.05027958 -8.1795521
125.12459029 -8.20482187
125.13172163 -8.32646819
125.09678836 -8.35282317
124.44421838 -8.44460052
124.38065637 -8.41509328
124.35554162 -8.38589609
124.42602827 -8.29577239
124.39357547 -8.25298431
124.43067915 -8.18322112
124.50860721 -8.1354721
124.57557987 -8.14084645

127.82344364 -8.09878183
127.99842004 -8.13908945
128.09887902 -8.13485198
128.11923954 -8.17071543
128.02353478 -8.25536142
127.82085982 -8.19024912
127.78623661 -8.12027923
127.82344364 -8.09878183

122.78292443 -8.6117221
122.64153771 -8.64722381
122.55379113 -8.68091684
122.47017866 -8.72546193
122.417262 -8.73471201
122.32145389 -8.73827768
122.18575158 -8.73026784
122.09418094 -8.74468556
121.83869266 -8.86038909
121.73833703 -8.87041432
121.65131392 -8.89873301
121.62123823 -8.85377451
121.58454797 -8.82059824
121.49959191 -8.81222666
121.41463586 -8.81481048
121.32833622 -8.91687143
121.19087691 -8.89547739
121.13754683 -8.90446909
121.08618045 -8.92596649
121.03522749 -8.93542327
120.98179406 -8.9283436
120.78097945 -8.84881357
120.55050256 -8.80189137
120.31950891 -8.82028818
120.1208647 -8.77698333
120.01213749 -8.8101596
119.90940474 -8.85759857
119.87912235 -8.80757578
119.84139855 -8.76354746
119.80791223 -8.69760833
119.8070854 -8.62293589
119.81814416 -8.57048431
119.84759973 -8.52283864
119.86609989 -8.47317759
119.87478153 -8.41979583
119.91829308 -8.44506561
119.96376835 -8.43550547
120.0991606 -8.37752451
120.23114221 -8.28988128
120.35413211 -8.25779022
120.42492883 -8.24890187
120.48559696 -8.26611012
120.54719527 -8.25985727
120.61024051 -8.24047861
120.70956262 -8.307813
120.75131717 -8.32150726
120.88608931 -8.3266749
121.00866581 -8.36553558
121.11821984 -8.42356821
121.27665978 -8.47793182
121.37195113 -8.55084726
121.44450484 -8.57782236
121.49845503 -8.58510874
121.54796105 -8.57529022
121.61038618 -8.52619761
121.68345666 -8.50588877
121.74712202 -8.50661224
121.86287723 -8.49395151
121.91176314 -8.48216928
121.96654016 -8.45519419
122.02007694 -8.47188567
122.06710249 -8.49669036
122.26305952 -8.62489959
122.32321089 -8.62836191
122.4334884 -8.6007667
122.46656131 -8.56645355
122.48361454 -8.51353688
122.51379357 -8.46961191
122.55585819 -8.43152638
122.60350386 -8.40248423
122.75005822 -8.35308156
122.85051721 -8.30440236
122.91914351 -8.22192677
122.75853316 -8.18595997
122.79232954 -8.12658375
122.84576297 -8.09325246
122.9169731 -8.10560312
122.97826135 -8.15190521
123.00595991 -8.32905202
122.95542036 -8.35411509
122.92358768 -8.38093515
122.90219364 -8.41628183
122.81113976 -8.48113576
122.8467965 -8.5621644
122.82002811 -8.59575408
122.78292443 -8.6117221

130.86222456 -8.31871673
130.77520145 -8.34992929
130.83338911 -8.270761
131.02014774 -8.09134043
131.08743045 -8.1245167
131.17641727 -8.13071787
131.04371219 -8.21205657
130.90811323 -8.24574961
130.86222456 -8.31871673

118.24242639 -8.31778655
118.29234582 -8.35721567
118.33792443 -8.35354664
118.43321577 -8.29324025
118.49067997 -8.27143279
118.55217492 -8.27045094
118.61191288 -8.2806312
118.6706173 -8.32347096
118.69180464 -8.39349253
118.7138188 -8.41493825
118.74833866 -8.33111907
118.79422733 -8.3058493
118.84569706 -8.29303354
118.92620894 -8.29763274
118.98780724 -8.33773366
119.0438245 -8.4566928
119.0420675 -8.56092417
119.06253137 -8.59978484
119.10108198 -8.62820688
119.12971073 -8.66815276
119.10418257 -8.71001067
119.07886112 -8.73042287
119.00630741 -8.7496465
118.97147749 -8.74117156
118.93933475 -8.71311126
118.9032646 -8.7027243
118.82120243 -8.71212941
118.74585819 -8.73548716
118.75619348 -8.77362436
118.81810184 -8.79078094
118.83670536 -8.80886769
118.8326746 -8.83336232
118.80828332 -8.83832326
118.72787479 -8.80530202
118.67361454 -8.8119166
118.47858768 -8.85646168
118.42691125 -8.85542816
118.39786909 -8.81341522
118.39993615 -8.70375783
118.37895552 -8.67461232
118.23395145 -8.80783416
118.18992313 -8.84054534
118.13152876 -8.85594492
118.07065392 -8.85062225
117.86126102 -8.93149586
117.79542525 -8.92012705
117.73165653 -8.91997202
117.50789758 -9.00756357
117.3879049 -9.03195485
117.32640995 -9.03371185
117.26501835 -9.02616709
117.21024133 -9.03407358
117.16125207 -9.06921356
117.06130985 -9.09897918
116.95816369 -9.07639658
116.87114058 -9.04616587
116.78845829 -9.00632334
116.76799442 -8.95547373
116.77212853 -8.89434051
116.80695845 -8.81093475
116.78308394 -8.66469044
116.80127404 -8.59792449
116.83507043 -8.53239878
116.8862301 -8.50826588
116.9530994 -8.5034083
117.06368696 -8.44439381
117.16486942 -8.36718922
117.22357385 -8.37452728
117.35669234 -8.42847747
117.4346204 -8.43493703
117.56711877 -8.42641041
117.62179243 -8.45958668
117.64339318 -8.53549936
117.67284875 -8.56324961
117.71212284 -8.58257659
117.80607059 -8.71114756
117.89319706 -8.70442962
117.96957482 -8.72799407
118.10414025 -8.65027272
118.20594282 -8.65218475
118.23488163 -8.59193003
118.17400679 -8.52748952
118.1005229 -8.47524464
118.06104211 -8.46428924
118.01784061 -8.46738983
117.97908329 -8.45891489
117.81485558 -8.34207448
117.76638309 -8.27902923
117.73837446 -8.20461517
117.75522098 -8.14947641
117.86828902 -8.10084889
117.92099898 -8.08906666
118.11747277 -8.12229461
118.15064904 -8.15004485
118.20284224 -8.267247
118.24242639 -8.31778655

115.44786828 -8.15516082
115.54936079 -8.20833587
115.69095422 -8.36357187
115.70428674 -8.40708343
115.6613953 -8.44821787
115.56000614 -8.514157
115.33376672 -8.61570119
115.29500939 -8.66365691
115.24715702 -8.75755299
115.23609826 -8.79755055
115.22018192 -8.81956471
115.19424035 -8.83542938
115.14494103 -8.84902028
115.0915076 -8.82938323
115.13977339 -8.76892181
115.14163374 -8.69688486
115.10566695 -8.62949879
115.05502404 -8.57301645
114.95208459 -8.4963803
114.84211714 -8.42852915
114.73132287 -8.39390594
114.61319055 -8.37835133
114.57091922 -8.34538177
114.50177616 -8.26083913
114.47893517 -8.21474375
114.46756636 -8.16632293
114.47531782 -8.11945241
114.50425663 -8.1166102
114.62001183 -8.12772064
114.83302209 -8.18260101
114.93844201 -8.18709686
114.99817997 -8.17443613
115.15403609 -8.06576059
115.19103641 -8.06751759
115.3401746 -8.11547332
115.44786828 -8.15516082

129.8388245 -7.95460459
129.77981001 -8.04648528
129.71345747 -8.04069752
129.5919145 -7.91739756
129.59873579 -7.8313563
129.60896773 -7.80339935
129.65547652 -7.79482106
129.81298628 -7.8197291
129.84357873 -7.88938893
129.8388245 -7.95460459

126.80097375 -7.66790374
126.81440962 -7.71653126
126.81275598 -7.73787363
126.69286665 -7.75347991
126.57731815 -7.80763681
126.51820031 -7.86995859
126.47210493 -7.95036712
126.31294152 -7.91770761
126.17103804 -7.91233327
126.1084062 -7.88401458
126.04008996 -7.88587493
125.95161991 -7.91088633
125.82614953 -7.97925425
125.79824426 -7.98457692
125.80837284 -7.88070729
125.84320275 -7.81673187
125.97528771 -7.66335622
126.08535851 -7.69735931
126.21361942 -7.70676442
126.35934696 -7.67679209
126.46290653 -7.60785573
126.60956424 -7.57178558
126.72635298 -7.66221933
126.80097375 -7.66790374

127.41943729 -7.6230486
127.35525516 -7.6465097
127.37499556 -7.57250905
127.37065474 -7.51277109
127.47524784 -7.53106455
127.4740076 -7.57850351
127.46398238 -7.59690032
127.41943729 -7.6230486

138.53534794 -8.2736032
138.29629276 -8.4051714
137.98282352 -8.38196868
137.87182254 -8.37964324
137.68775109 -8.41173431
137.65033736 -8.3861028
137.68516727 -8.26223439
137.83254846 -7.93217702
138.00752486 -7.64160044
138.08183557 -7.5662562
138.18539514 -7.49530446
138.29546594 -7.43851206
138.54382287 -7.37960093
138.76985558 -7.3904013
138.80199833 -7.41463755
138.89946008 -7.51158253
138.96260868 -7.5879603
138.98906701 -7.69611907
138.89294885 -7.88215423
138.78597863 -8.05909433
138.6117257 -8.19831064
138.53534794 -8.2736032

131.32555545 -7.99951141
131.3092257 -8.01088022
131.18499556 -7.99785776
131.11378544 -7.99739267
131.12339725 -7.92184173
131.08681034 -7.86499765
131.13683312 -7.78169524
131.1377633 -7.68490529
131.19005985 -7.67183115
131.1973979 -7.61674407
131.26002974 -7.47049977
131.29682336 -7.43804697
131.34922326 -7.42543792
131.41102827 -7.34017181
131.44616825 -7.31536712
131.48265181 -7.25066823
131.53525842 -7.22059254
131.5309176 -7.16509205
131.56068322 -7.13573984
131.64346887 -7.11279551
131.70082971 -7.14023569
131.73607303 -7.19702809
131.64388228 -7.26689463
131.69111454 -7.43887379
131.62445194 -7.62614918
131.58032027 -7.68226979
131.4984648 -7.73063893
131.47355676 -7.77663095
131.37702518 -7.86913177
131.34777632 -7.94809336
131.3434355 -7.98147633
131.32555545 -7.99951141

131.98205285 -7.20209238
131.96954715 -7.2513917
131.92686242 -7.22503672
131.88448775 -7.16746917
131.82288944 -7.15920094
131.77751753 -7.14390472
131.75074914 -7.11682627
131.92231489 -7.10452728
131.98205285 -7.20209238

114.41258264 -7.13346608
114.39759647 -7.17315358
114.34685021 -7.1632317
114.29879113 -7.09760263
114.32214888 -7.08034271
114.34891727 -7.07341806
114.38354048 -7.08065276
114.41258264 -7.13346608

128.6701103 -7.18328216
128.62504846 -7.20860361
128.55022098 -7.15630706
128.52975711 -7.13460296
128.57729943 -7.08323659
128.62773563 -7.06876719
128.65832808 -7.0910914
128.67321089 -7.11336395
128.66690637 -7.1380136
128.6701103 -7.18328216

120.77436486 -7.11899668
120.67235558 -7.12468108
120.64083296 -7.11579274
120.63339155 -7.01822763
120.74552941 -7.06013722
120.78170292 -7.06308278
120.77436486 -7.11899668

113.84455529 -7.1053541
113.82553836 -7.11992685
113.65583296 -7.11176198
113.54638228 -7.19341074
113.47072798 -7.21842213
113.19849654 -7.21831878
113.16604374 -7.20736338
113.14185917 -7.20757008
113.12697635 -7.22410654
113.04047001 -7.21180755
112.76379439 -7.13966725
112.72586389 -7.07279795
112.76875532 -7.00127776
112.86807743 -6.8998886
113.06734175 -6.8799415
113.97467655 -6.87301686
114.07358524 -6.96014332
114.08299035 -6.98939219
113.88537967 -7.04902679
113.84455529 -7.1053541

115.37707157 -6.97078867
115.29583622 -6.98779022
115.22028527 -6.95254689
115.22214562 -6.9051596
115.24054243 -6.86123463
115.35371382 -6.83844533
115.4144853 -6.83973724
115.4791842 -6.87022633
115.52424605 -6.90185231
115.5460535 -6.93864593
115.42409712 -6.94060963
115.37707157 -6.97078867

134.67439497 -6.74982024
134.6574451 -6.76532317
134.63140018 -6.73292205
134.62912642 -6.71281992
134.66343957 -6.65773284
134.69764937 -6.62569345
134.73568322 -6.62331634
134.72607141 -6.66868825
134.67439497 -6.74982024

105.25283166 -6.64042124
105.19040653 -6.66248707
105.14276086 -6.64305674
105.12136682 -6.61494476
105.19226688 -6.54559498
105.22564986 -6.52905853
105.26058312 -6.52389088
105.27742964 -6.56145965
105.25283166 -6.64042124

134.71614953 -6.54941904
134.66085575 -6.5589275
134.63367394 -6.47727874
134.67904585 -6.4560914
134.72855187 -6.50590748
134.71614953 -6.54941904

134.81950239 -6.43412892
134.79511112 -6.44234547
134.79531782 -6.39304616
134.82291304 -6.34958628
134.85185184 -6.32457488
134.88585493 -6.32348968
134.81950239 -6.43412892

134.53683231 -6.4422938
134.5203992 -6.51272877
134.50427616 -6.5913803
134.41249881 -6.67969533
134.3559648 -6.8148292
134.32278853 -6.84872894
134.20000532 -6.90877695
134.0908647 -6.83374277
134.05913537 -6.76935394
134.10698775 -6.47159433
134.15422001 -6.48141286
134.18481245 -6.4793458
134.19463098 -6.45981211
134.12455773 -6.42642913
134.11122521 -6.25538014
134.11463586 -6.1907846
134.16806929 -6.1763152
134.23421512 -6.22638966
134.31772424 -6.31609995
134.41497928 -6.38674163
134.53683231 -6.4422938

107.3739425 -6.00764332
107.47471154 -6.12174489
107.56297489 -6.18272308
107.66674116 -6.21579599
107.77608849 -6.21889658
107.88378218 -6.2333143
108.00883915 -6.27698089
108.13761682 -6.29672129
108.19745812 -6.28907317
108.25450891 -6.26659393
108.29502323 -6.26499196
108.3301632 -6.28607594
108.41915002 -6.38276255
108.5158883 -6.47118092
108.53800581 -6.51624277
108.60363488 -6.72920135
108.67784224 -6.79054127
108.77964481 -6.80831797
108.89943078 -6.80842132
109.01838993 -6.81725799
109.29423872 -6.86702239
109.40368941 -6.8602011
109.50063439 -6.81017832
109.58693404 -6.84257944
109.82102827 -6.90242075
109.93626672 -6.91585662
110.06711144 -6.89875172
110.19847294 -6.89513437
110.26089807 -6.9123943
110.32115279 -6.93838755
110.37272586 -6.94774098
110.42626265 -6.94722422
110.52093387 -6.89725311
110.58356571 -6.80568247
110.63431196 -6.69013397
110.67399946 -6.56977955
110.70076786 -6.51805145
110.73694136 -6.4723178
110.78417362 -6.44265553
110.83481652 -6.42420705
110.97227583 -6.43567921
111.00069787 -6.46472137
111.15438358 -6.66904998
111.18156538 -6.68667164
111.34207238 -6.69953908
111.38651411 -6.69287282
111.48449263 -6.65184173
111.54030318 -6.64827606
111.64355269 -6.69876393
111.68809777 -6.74165537
111.73760379 -6.77348805
111.98988814 -6.80594085
112.08734989 -6.89337737
112.13675256 -6.90505625
112.31234907 -6.8944109
112.43358198 -6.90304087
112.53920861 -6.92645029
112.58695764 -7.05057708
112.62602502 -7.17801116
112.64876265 -7.22126434
112.75190881 -7.26503427
112.79428348 -7.30451507
112.78291467 -7.43169077
112.79449019 -7.55245859
113.01359826 -7.65772348
113.24841597 -7.71818491
113.49770308 -7.72381764
113.74750695 -7.70299204
113.87628462 -7.6772055
114.03730838 -7.63214365
114.07069136 -7.63297047
114.38271366 -7.7710499
114.40927534 -7.79244394
114.44420861 -7.8955901
114.44327844 -8.0045757
114.38498742 -8.26331959
114.38137007 -8.33432301
114.38695113 -8.4051714
114.44885949 -8.5593222
114.4817257 -8.60376393
114.59500044 -8.68479258
114.59923791 -8.72721893
114.58383833 -8.76964528
114.45919478 -8.74049977
114.38323042 -8.7053598
114.33930545 -8.64737884
114.27698368 -8.61461598
114.15967818 -8.62644988
113.9403634 -8.56836557
113.69252323 -8.47798349
113.25337691 -8.28672902
113.13369429 -8.28833099
113.01897261 -8.31272226
112.8977397 -8.36145314
112.7716492 -8.39607635
112.67883833 -8.40920216
112.58602746 -8.39964202
112.35151981 -8.35359832
112.11515181 -8.32388437
111.50991743 -8.30512583
111.33855838 -8.26171762
111.05537154 -8.23954844
110.83016564 -8.20197967
110.60723351 -8.14942474
110.03868941 -7.89052581
109.85265425 -7.82841074
109.28162967 -7.70490407
109.19357303 -7.69487884
108.9866606 -7.70412892
108.85622928 -7.66790374
108.74119754 -7.66707692
108.57056196 -7.70722951
108.51795536 -7.73601328
108.45170617 -7.79693979
108.33553755 -7.79404591
108.22050581 -7.78231536
107.91747521 -7.7241277
107.80440718 -7.68836761
107.69578332 -7.63550262
107.59790816 -7.56666961
107.54685184 -7.5419166
107.28495568 -7.47163665
107.07122196 -7.44750376
106.63145552 -7.41556772
106.53533736 -7.39422536
106.45523889 -7.36864552
106.41131392 -7.31174977
106.41689497 -7.23935109
106.4484176 -7.17677093
106.49151574 -7.11382903
106.51973107 -7.05367767
106.19820031 -6.92779388
105.94436568 -6.85896087
105.83470829 -6.84583506
105.72484419 -6.84609344
105.60092411 -6.86030446
105.47845096 -6.85374155
105.42078006 -6.83322601
105.36186893 -6.82619801
105.3029578 -6.84102915
105.25541548 -6.83524139
105.24321984 -6.7779839
105.27339888 -6.72935638
105.3356173 -6.67411427
105.37086063 -6.66434743
105.38698368 -6.75075042
105.40465702 -6.76801035
105.45974409 -6.78687225
105.48372196 -6.78154957
105.58087365 -6.67101369
105.60805545 -6.61670176
105.65508101 -6.46952728
105.70603397 -6.49794931
105.75740034 -6.48032765
105.78685591 -6.45691823
105.86829797 -6.11642221
105.93609745 -6.01694508
106.02880497 -5.93431447
106.0750037 -5.91416066
106.16585086 -5.96475189
106.34971561 -5.98407887
106.45906294 -6.0175652
106.56872033 -6.02190602
106.67589725 -6.03833913
106.82513879 -6.09828379
106.8779521 -6.09197926
106.93159224 -6.07342742
107.01158736 -6.00847015
107.04631392 -5.90423878
107.16206913 -5.95715545
107.33187788 -5.97808441
107.3739425 -6.00764332

124.05127079 -5.97374358
124.04207238 -6.02154428
124.00569217 -5.96666391
123.9723092 -5.93932708
123.9758232 -5.88020924
124.0229521 -5.90212005
124.05127079 -5.97374358

120.52828169 -6.29847829
120.4872506 -6.4648764
120.46802697 -6.40617197
120.46079227 -6.25403655
120.43557417 -6.18013926
120.45159387 -6.09487314
120.44642622 -5.87628183
120.47732873 -5.77530608
120.5341728 -5.9037737
120.54926232 -5.96919606
120.52828169 -6.29847829

112.71945601 -5.81106618
112.69795861 -5.84651621
112.60215051 -5.84362233
112.58602746 -5.80362477
112.64855594 -5.73086435
112.69000044 -5.72621347
112.72731083 -5.75277516
112.71945601 -5.81106618

132.80711877 -5.85075368
132.74634728 -5.94707855
132.70490279 -5.91312713
132.68144169 -5.91255869
132.66728234 -5.85602467
132.68133833 -5.73882252
132.63017866 -5.60704762
132.69787479 -5.60901133
132.71647831 -5.64833709
132.737769 -5.66172129
132.80432824 -5.78884531
132.80711877 -5.85075368

134.74694868 -5.70698984
134.73909387 -5.74564381
134.7383704 -5.81680226
134.75501021 -5.88268971
134.71222212 -5.94966237
134.75211633 -6.05006968
134.75811079 -6.09998911
134.75583703 -6.17063079
134.74446822 -6.20236012
134.71418583 -6.29506764
134.68390344 -6.32814056
134.66116581 -6.33728729
134.63760135 -6.36529591
134.44112756 -6.33485849
134.3561715 -6.27046966
134.28051721 -6.20080983
134.26439416 -6.17166432
134.17540734 -6.09037729
134.15484012 -6.06288543
134.15308312 -6.0195289
134.22512007 -6.00847015
134.30191125 -6.00981373
134.29860396 -5.97069468
134.34304569 -5.83297698
134.2261536 -5.74440358
134.20537967 -5.70719655
134.24723758 -5.68197845
134.34128869 -5.71288095
134.45632043 -5.5575416
134.49032352 -5.5250888
134.50644657 -5.4384791
134.5708354 -5.42731699
134.61651737 -5.43858245
134.64607629 -5.49242929
134.65785851 -5.53929982
134.64545617 -5.58131276
134.70074995 -5.60301686
134.74694868 -5.70698984

132.92628462 -5.9020167
132.84504927 -5.98800628
132.92163374 -5.78522796
132.93765344 -5.68259857
133.00876021 -5.62141367
133.11469689 -5.31063161
133.13846805 -5.31786631
133.17288456 -5.3481487
133.11965783 -5.57593841
132.97103641 -5.73582529
132.92628462 -5.9020167

102.36721968 -5.47868336
102.28588098 -5.48354095
102.13550256 -5.36055104
102.11080122 -5.32251719
102.15348596 -5.28624033
102.19844445 -5.28882415
102.37176721 -5.36644215
102.40546024 -5.40478607
102.36721968 -5.47868336

123.62680057 -5.27156422
123.62276981 -5.37305674
123.5826689 -5.36737233
123.55011275 -5.33181894
123.54091434 -5.29833261
123.54277469 -5.27109913
123.56065474 -5.24975677
123.62680057 -5.27156422

122.04302127 -5.43796233
121.97956262 -5.46473073
121.85936323 -5.35031911
121.80851363 -5.25616465
121.82070926 -5.20293792
121.85667606 -5.1562741
121.87372928 -5.14464691
121.86628788 -5.09596771
121.91362349 -5.0722999
121.96571333 -5.07560719
121.99992313 -5.14082285
122.04105757 -5.15880625
122.0618315 -5.22133473
122.04302127 -5.43796233

122.64515506 -5.26944549
122.61931685 -5.3358497
122.56391971 -5.38747446
122.51968469 -5.39119516
122.47369266 -5.38070485
122.39194055 -5.33543629
122.37126997 -5.38308196
122.30698449 -5.38091155
122.28310998 -5.31951995
122.32899865 -5.13772226
122.39628137 -5.06981943
122.39008019 -4.99850595
122.33447635 -4.84657724
122.36889286 -4.76720224
122.52443892 -4.70715423
122.65993452 -4.63387705
122.70189579 -4.61868418
122.73972294 -4.67501149
122.75987674 -4.93391041
122.61404585 -5.13865244
122.64515506 -5.26944549

123.17979943 -4.55119476
123.20305383 -4.76622039
123.19571577 -4.82270273
123.13949182 -4.73991709
123.11923465 -4.72348398
123.10383508 -4.73996876
123.08388797 -4.74901214
123.05515588 -4.74828867
123.01794885 -4.83169443
123.01464155 -4.91024261
122.98652958 -4.96305592
122.97164676 -5.13849741
122.98105187 -5.18578135
123.02466678 -5.1624236
123.05143517 -5.15642913
123.14993045 -5.22402191
123.20191695 -5.27332122
123.18734419 -5.33305918
123.12068159 -5.39321054
123.04337365 -5.41935882
122.98570275 -5.3935206
122.96875288 -5.40576792
122.93464644 -5.43667042
122.90880822 -5.47744313
122.91624963 -5.51930104
122.85020715 -5.63795013
122.81206994 -5.6713331
122.73310835 -5.63495289
122.68442915 -5.66616546
122.64505171 -5.66337493
122.58490034 -5.54462249
122.58645064 -5.4889153
122.64215783 -5.42628346
122.64257124 -5.38111826
122.67016646 -5.33088877
122.73145471 -5.26195241
122.76649133 -5.21012094
122.76762821 -5.17720306
122.79367313 -5.05245615
122.80380171 -5.00010792
122.82147505 -4.94445241
122.84938032 -4.83128102
122.85330773 -4.61837412
122.94684208 -4.44267425
123.03830936 -4.39471852
123.07458622 -4.3868637
123.06890181 -4.4335792
123.17979943 -4.55119476

133.57079308 -4.24589039
133.6218494 -4.29932383
133.50289025 -4.25741424
133.33297814 -4.16961598
133.32088586 -4.11106658
133.46433963 -4.19979502
133.57079308 -4.24589039

123.24232792 -4.11297861
123.14455611 -4.23328135
123.07613651 -4.22718353
122.99469445 -4.14801523
122.97092329 -4.06135386
122.96906294 -4.02998626
123.02487349 -3.980997
123.21194217 -3.99753346
123.24697879 -4.04094166
123.24232792 -4.11297861

128.56262333 -3.58546559
128.39157433 -3.63786549
128.42836795 -3.54045542
128.451519 -3.51477223
128.53626835 -3.54133392
128.56262333 -3.58546559

128.27561242 -3.67465911
128.24987756 -3.71114267
128.19179325 -3.73527557
128.1432174 -3.73274342
128.15892704 -3.6977068
128.14683475 -3.67719126
128.11086795 -3.68638966
128.05226688 -3.71455332
127.97805952 -3.77098398
127.93434126 -3.74307871
127.9250395 -3.69930877
127.92751997 -3.67941334
128.01619673 -3.60086517
128.11913618 -3.58753265
128.26434696 -3.51229176
128.3291492 -3.51590911
128.31364627 -3.56365814
128.291012 -3.59766123
128.27747277 -3.63316294
128.27561242 -3.67465911

128.72240685 -3.54691497
128.72013309 -3.58918629
128.7133118 -3.60251881
128.65874149 -3.58779103
128.61957075 -3.58856618
128.58515425 -3.51218841
128.59497277 -3.49482513
128.66649295 -3.51673594
128.69357141 -3.5244874
128.72240685 -3.54691497

116.42413944 -3.46443939
116.38775923 -3.63672861
116.32657433 -3.53906015
116.39530399 -3.42330495
116.42692997 -3.3999472
116.42413944 -3.46443939

127.60629927 -3.3150945
127.62924361 -3.35922617
127.53105838 -3.3313209
127.48775353 -3.28822275
127.53043827 -3.26155771
127.55451948 -3.25432301
127.60629927 -3.3150945

116.30331994 -3.86813567
116.09341027 -4.05406748
116.05878706 -4.00693857
116.07697717 -3.81749277
116.01837609 -3.69987721
116.02240685 -3.61244069
116.06354129 -3.45792816
116.11738814 -3.33958913
116.23934452 -3.26031748
116.26973026 -3.25111907
116.26208215 -3.39477955
116.28647342 -3.4488331
116.29515506 -3.49498016
116.28202925 -3.53471933
116.30518029 -3.71858408
116.31861616 -3.76302581
116.28926395 -3.82090342
116.30331994 -3.86813567

126.86112512 -3.08787322
127.02545617 -3.16600799
127.06286991 -3.21701263
127.09232547 -3.27752573
127.12467492 -3.31085703
127.1635356 -3.33803883
127.22730432 -3.39100718
127.24425419 -3.47110565
127.22957808 -3.63300791
127.15516402 -3.64721893
127.08509077 -3.67088673
126.94091353 -3.7645761
126.86991011 -3.78286956
126.79415246 -3.78912241
126.74030562 -3.81372039
126.68635542 -3.82359059
126.54662235 -3.77170745
126.41112674 -3.71062591
126.2145496 -3.60515431
126.17837609 -3.57936777
126.14664676 -3.5227304
126.05652307 -3.42103118
126.03399214 -3.3558672
126.02644738 -3.17050384
126.05011519 -3.12812916
126.08825239 -3.10544321
126.21961389 -3.14812794
126.30622359 -3.10322112
126.55509728 -3.06518727
126.8083118 -3.06911468
126.86112512 -3.08787322

127.98787805 -2.93651295
127.93775191 -3.02002207
127.84959191 -3.01635304
127.83429569 -3.00441579
127.93837202 -2.95232594
127.98787805 -2.93651295

106.88642704 -3.00524261
106.86968387 -3.02529306
106.81428674 -3.01444101
106.77428918 -2.9868458
106.74917443 -2.96043914
106.74286991 -2.93279225
106.7968201 -2.89889251
106.91061161 -2.93403248
106.88642704 -3.00524261

107.47336795 -2.89951263
107.43285363 -2.92524749
107.40928918 -2.90054616
107.40246789 -2.87295094
107.41931441 -2.83812103
107.47440148 -2.83471038
107.49972294 -2.84504567
107.47336795 -2.89951263

129.75469527 -2.86587127
129.98434533 -2.97666554
130.10340783 -2.99294362
130.30360233 -2.97852589
130.37904992 -2.98932627
130.56994266 -3.13081634
130.6255465 -3.22801971
130.64166955 -3.31194223
130.67112512 -3.39152394
130.71804732 -3.41131601
130.77344445 -3.41875742
130.84558475 -3.53327239
130.8599508 -3.57027272
130.80507043 -3.85769704
130.5803813 -3.74881479
130.36313358 -3.62520477
130.26970259 -3.57926442
130.01958866 -3.47467132
129.98114139 -3.43885955
129.95313277 -3.39157562
129.84419885 -3.3271351
129.62664107 -3.31716155
129.5449923 -3.31886688
129.51171268 -3.32847869
129.52039432 -3.36320525
129.52163456 -3.43369191
129.46768436 -3.4532256
129.33280887 -3.40868052
129.21209273 -3.39266082
129.10760298 -3.34920094
128.9674565 -3.3260499
128.95205692 -3.30419077
128.96404585 -3.27163462
128.95784468 -3.24114552
128.92539188 -3.22931162
128.86255334 -3.23494435
128.80178185 -3.26564015
128.7512423 -3.30047007
128.67693159 -3.39658823
128.63900109 -3.43343353
128.5166313 -3.44914316
128.46588504 -3.43989308
128.4192729 -3.41601857
128.27995324 -3.2405254
128.23303104 -3.20264658
128.18063114 -3.1716924
128.13205529 -3.15737802
128.08213586 -3.18404306
128.05578088 -3.2385617
128.04399865 -3.30331227
128.03004601 -3.3405193
127.969998 -3.44428558
127.92038863 -3.50603891
127.90230187 -3.49627207
127.92783003 -3.39726002
127.92793338 -3.34144948
127.89713423 -3.28227996
127.8779106 -3.22207692
128.11334842 -2.93454925
128.19851118 -2.86592295
128.56985803 -2.84220346
128.79051639 -2.85667287
128.91071577 -2.84964487
128.9911243 -2.82856089
129.05768355 -2.83848276
129.07432336 -2.89506845
129.11628462 -2.93702972
129.17436893 -2.93351572
129.27958215 -2.88902231
129.37115279 -2.82055104
129.42737674 -2.79073374
129.48422082 -2.7857728
129.5430286 -2.790372
129.60049279 -2.80613331
129.75469527 -2.86587127

100.425116 -3.18290618
100.46511356 -3.32853037
100.34615441 -3.22920827
100.34842818 -3.15882497
100.33199507 -3.11303965
100.25995812 -3.05691904
100.20435428 -2.9868458
100.17934289 -2.82024098
100.19856652 -2.78551442
100.24559208 -2.78324066
100.45457157 -3.00193532
100.46883426 -3.03893564
100.46428674 -3.1168637
100.43390099 -3.14130665
100.425116 -3.18290618

108.20717329 -2.99769785
108.19177372 -3.10301442
108.16727909 -3.14280527
108.08356327 -3.19489511
108.05524458 -3.22683115
107.97710982 -3.22176686
107.96729129 -3.16657643
107.94114302 -3.12926605
107.85815067 -3.08632293
107.83665327 -3.09665822
107.82177046 -3.16078867
107.65960982 -3.20554046
107.61444461 -3.20936452
107.63676883 -3.12482187
107.59491092 -3.05836598
107.59160363 -2.97661386
107.58385217 -2.94075042
107.56349165 -2.92007985
107.60493615 -2.86313242
107.59811486 -2.79967376
107.64162642 -2.73156422
107.66632775 -2.56630299
107.83779016 -2.53023284
107.87468713 -2.55968841
108.07436486 -2.59699879
108.21513146 -2.69694101
108.29057905 -2.82995615
108.20717329 -2.99769785

100.20404422 -2.74096933
100.13273075 -2.82137786
100.01490848 -2.81972422
99.99186079 -2.76980478
99.99682173 -2.64929534
99.96819299 -2.60981455
99.96932987 -2.59410491
99.98793338 -2.52537526
100.01191125 -2.51028574
100.20197717 -2.67968108
100.20404422 -2.74096933

134.37425825 -2.12353932
134.3452161 -2.13873219
134.33508752 -2.09522064
134.35079715 -2.03692962
134.36950402 -2.02767954
134.39100142 -2.03072845
134.41901004 -2.05170908
134.37425825 -2.12353932

99.84303267 -2.3430608
99.84789025 -2.36972584
99.68510949 -2.28177256
99.60707808 -2.25748463
99.53741825 -2.16157317
99.55891564 -2.1154778
99.56180952 -2.05119232
99.57214481 -2.02576751
99.62206424 -2.01656911
99.68645308 -2.06338795
99.73482222 -2.17769622
99.81574751 -2.28435638
99.84303267 -2.3430608

126.05507613 -2.45127125
126.03791955 -2.46946136
125.97787154 -2.41540781
125.93756392 -2.26275563
125.90325077 -2.22213795
125.8628398 -2.07713388
125.87327844 -2.03589609
125.92278446 -1.97481455
125.96278202 -1.97574472
125.99265099 -2.01181487
125.97601118 -2.16808441
126.06572147 -2.36579844
126.05507613 -2.45127125

123.84818241 -1.95548756
123.86606245 -1.99569183
123.80353397 -1.99434824
123.77728234 -1.91869394
123.78348351 -1.87828297
123.84818241 -1.95548756

126.02427697 -1.78970957
126.33175174 -1.82288584
126.28813683 -1.85885263
125.95647749 -1.91662689
125.83886193 -1.90618825
125.47919396 -1.94008799
125.43258182 -1.93812428
125.42596724 -1.88221038
125.38720991 -1.84303965
125.44477746 -1.8089332
125.52084517 -1.80087168
125.7203162 -1.81379079
126.02427697 -1.78970957

123.15251428 -1.81647796
123.07882368 -1.89895355
123.07086551 -1.85492523
123.08585168 -1.81482431
123.1064189 -1.78671233
123.13752811 -1.77265635
123.15251428 -1.81647796

130.35331506 -1.69049082
130.36540734 -1.74981536
130.42504195 -1.80459238
130.40426802 -1.88985849
130.38060021 -1.90267425
130.39331262 -1.94163828
130.41884077 -1.97124887
130.37264204 -1.99186777
130.33894901 -1.98179087
130.28417199 -2.00938608
130.24799849 -2.04778167
130.13348351 -2.06390472
130.0933826 -2.02835133
129.88647017 -1.98639007
129.75438521 -1.8944577
129.73764204 -1.86691416
129.99364709 -1.75891041
130.10578495 -1.73048838
130.19962935 -1.73224538
130.31796838 -1.69204111
130.35331506 -1.69049082

124.96956099 -1.70547698
125.06299198 -1.74097869
125.09585819 -1.74082366
125.1267607 -1.69932749
125.14577762 -1.69255788
125.18794559 -1.71291839
125.19766076 -1.78030446
125.25822554 -1.77089935
125.30535445 -1.79394704
125.32023726 -1.81007008
125.31403609 -1.87714609
125.13471887 -1.88892832
125.00676802 -1.94308522
124.83447879 -1.89440602
124.63914188 -1.97822519
124.52059614 -2.00695729
124.41776004 -2.00520029
124.3297034 -1.85885263
124.38086307 -1.68749358
124.41755334 -1.65927825
124.4829757 -1.64429209
124.66394657 -1.63592051
124.96956099 -1.70547698

135.47424279 -1.59178883
135.86915409 -1.64201832
135.9761243 -1.63550709
136.2015369 -1.65493743
136.38963911 -1.72160003
136.71861128 -1.73400237
136.81669315 -1.75384612
136.89255415 -1.7997348
136.70858605 -1.8376653
136.621873 -1.87301198
136.46084924 -1.89047861
136.3260771 -1.87249521
136.22809859 -1.89368255
136.1925452 -1.85916269
136.04919478 -1.82412607
135.86574344 -1.75219248
135.48757531 -1.6683733
135.46969527 -1.61623178
135.47424279 -1.59178883

108.95307092 -1.61959075
108.83793583 -1.66165537
108.80372603 -1.56781097
108.87720991 -1.53980234
108.95689497 -1.56409026
108.95307092 -1.61959075

106.04565148 -1.66940683
106.08006799 -1.73823984
106.12719689 -1.80019988
106.16171675 -1.86701751
106.20884566 -2.1887033
106.36594201 -2.46481048
106.81842085 -2.57333099
106.74431685 -2.61792775
106.70659305 -2.65797698
106.67879113 -2.70396901
106.61202518 -2.89548187
106.61853641 -2.93615122
106.65760379 -3.00116017
106.66721561 -3.07175018
106.61057824 -3.07138844
106.54680952 -3.05552378
106.49606327 -3.02901377
106.44872766 -2.99423553
106.39736128 -2.96658864
106.34165409 -2.94876027
106.25008345 -2.89403493
106.12585331 -2.85538095
105.99872928 -2.82489186
105.93723433 -2.74360483
105.90798547 -2.64330088
105.93909468 -2.49343922
105.90757206 -2.45194305
105.86240685 -2.41540781
105.80680301 -2.30745574
105.78582238 -2.18136525
105.7053105 -2.13263437
105.59906376 -2.10312713
105.55276167 -2.07899424
105.342852 -2.12514129
105.29251916 -2.11428924
105.24766402 -2.07935597
105.13335575 -2.04261403
105.13769657 -1.97269581
105.19102665 -1.91693694
105.31618696 -1.86050628
105.37478804 -1.81317067
105.38646691 -1.75074554
105.36424605 -1.70506357
105.37313439 -1.65731455
105.41271854 -1.61106414
105.45953739 -1.57473561
105.58542118 -1.52677988
105.6404049 -1.61044402
105.6675867 -1.68041391
105.70086633 -1.73100514
105.75450646 -1.65865814
105.72040002 -1.53391123
105.81610477 -1.50605763
105.91005252 -1.50497243
105.98095259 -1.53918222
106.02735803 -1.59313242
106.04565148 -1.66940683

123.59755171 -1.7043401
123.52861535 -1.71085133
123.48251997 -1.68139577
123.48665409 -1.5348414
123.528512 -1.50280202
123.54856245 -1.50817636
123.56137821 -1.55189463
123.58204878 -1.59091033
123.61636193 -1.62744557
123.59755171 -1.7043401

128.15303592 -1.66051849
128.09174767 -1.70113616
128.06125858 -1.71240163
127.91377404 -1.68511647
127.74107141 -1.69080088
127.56165083 -1.72852467
127.45767785 -1.69669199
127.39215213 -1.64480885
127.39504601 -1.58982513
127.45674767 -1.45370941
127.59182987 -1.35076995
127.64671024 -1.33237314
127.74293176 -1.36027842
127.9050924 -1.4390333
128.03283654 -1.53163747
128.1486951 -1.60367441
128.15303592 -1.66051849

123.21235558 -1.17124603
123.23426639 -1.23367116
123.19798954 -1.2877247
123.23778039 -1.38932057
123.33854943 -1.25403167
123.43477095 -1.23677174
123.48934126 -1.25930267
123.52685835 -1.28607106
123.54721887 -1.33743743
123.51187219 -1.44740488
123.44872359 -1.49887461
123.36697147 -1.50714284
123.32862756 -1.44306406
123.27488407 -1.43717295
123.23736698 -1.57690602
123.22052046 -1.59830006
123.17297814 -1.6159734
123.13039676 -1.57747446
123.12295536 -1.55602874
123.18290002 -1.49277679
123.15034387 -1.30446787
123.10517866 -1.33981455
122.98435917 -1.51065683
122.89041141 -1.58724131
122.85847538 -1.54827728
122.81082971 -1.43210866
122.83222375 -1.28297047
122.9079814 -1.18220143
122.97247359 -1.18912607
123.15830204 -1.1575001
123.21235558 -1.17124603

109.710234 -1.18065114
109.51086633 -1.28276377
109.46363407 -1.27749277
109.42818404 -1.24121592
109.45030155 -1.044122
109.47603641 -0.98531422
109.6146326 -0.97911305
109.6994853 -1.00732838
109.74341027 -1.03931609
109.76056685 -1.10520355
109.75074833 -1.1449944
109.710234 -1.18065114

134.96533329 -1.1160556
134.91737756 -1.1342457
134.86177372 -1.11419524
134.80885705 -1.03761077
134.82787398 -0.97880299
134.88926558 -0.93849538
134.94083866 -0.97890635
134.956755 -1.03058278
134.99623579 -1.03409677
134.96533329 -1.1160556

99.16390099 -1.77797902
99.07181359 -1.7835084
98.87430627 -1.66372243
98.82769413 -1.60997894
98.81632531 -1.53825205
98.62698286 -1.26136972
98.60176476 -1.19780771
98.67607547 -0.97053476
98.86903527 -0.91565439
98.93259728 -0.9539983
98.95481815 -1.05621429
99.0649923 -1.24069915
99.10147586 -1.34012461
99.12886437 -1.3842046
99.14043989 -1.41846608
99.13062137 -1.44234059
99.21030643 -1.55923268
99.26725386 -1.62775563
99.27149133 -1.73849822
99.16390099 -1.77797902

131.00185428 -1.31552663
130.96661096 -1.3434319
130.84517134 -1.31728362
130.7823328 -1.25547861
130.73933801 -1.17253794
130.71205285 -1.1044284
130.70440474 -1.05021982
130.66802453 -0.98397064
130.67298547 -0.95978607
130.89715783 -0.89002288
130.93942915 -0.91534433
131.03306685 -0.9176181
131.07389123 -0.968261
131.04619266 -1.1881959
131.00185428 -1.31552663

130.90532271 -0.77747161
130.87979455 -0.82842457
130.83245894 -0.86284108
130.40240767 -0.92392262
130.43909794 -0.88743906
130.45728804 -0.8511622
130.48426314 -0.83255869
130.52694787 -0.83731292
130.54813521 -0.82625416
130.56952925 -0.82191334
130.59371382 -0.82666758
130.63546838 -0.81157806
130.72321496 -0.82243011
130.81344201 -0.81385182
130.80703413 -0.76506927
130.90532271 -0.77747161

135.38298221 -0.65138112
135.59568241 -0.6904485
135.67330041 -0.68827809
135.74905806 -0.73251312
135.84124881 -0.71163584
135.89354536 -0.72579518
136.06872847 -0.87772389
136.15471805 -0.97828623
136.2826689 -1.06468922
136.37527307 -1.09404144
136.30540653 -1.17310638
136.16474328 -1.21475758
136.11037967 -1.21682464
136.00258264 -1.16969573
135.91504276 -1.17837737
135.83876835 -1.11946624
135.82564253 -1.02830901
135.74709435 -0.82305023
135.64570519 -0.88196136
135.52385217 -0.78729013
135.49108931 -0.78501637
135.4834412 -0.80103607
135.43166141 -0.76889332
135.38773644 -0.7049179
135.38298221 -0.65138112

127.30037479 -0.78098561
127.28900598 -0.80155283
127.18451623 -0.7753012
127.15640425 -0.76093515
127.20911421 -0.61934173
127.25820682 -0.62347584
127.30130497 -0.75840301
127.30037479 -0.78098561

130.62668338 -0.52870127
130.56911584 -0.52999318
130.46545292 -0.4865333
130.52591434 -0.44875783
130.5641549 -0.44095469
130.59743452 -0.41821705
130.61593469 -0.41728688
130.65696577 -0.43656219
130.68425093 -0.46917002
130.62668338 -0.52870127

121.86432417 -0.40684824
121.9068022 -0.45128997
121.88127404 -0.50265635
121.84685754 -0.48984059
121.75611372 -0.49082244
121.72180057 -0.49469817
121.68097619 -0.52498056
121.65524133 -0.5262208
121.6723979 -0.47878183
121.74929243 -0.40705495
121.79735152 -0.41770029
121.86432417 -0.40684824

133.47260786 -0.72620859
133.72365197 -0.74140146
133.85025923 -0.73142791
133.97448937 -0.74434702
134.02492557 -0.76972015
134.11153527 -0.84682138
134.08673058 -0.89736094
134.07195113 -1.00185068
134.11618615 -1.10241302
134.1882231 -1.20313038
134.24713423 -1.31056569
134.25953657 -1.36296559
134.23721236 -1.4741216
134.21695519 -1.52905364
134.14543501 -1.62083099
134.10585086 -1.72097991
134.13127567 -1.84448659
134.14543501 -1.96871673
134.14274784 -2.08286997
134.15566695 -2.19521453
134.19483768 -2.30905771
134.36206262 -2.62102833
134.45993778 -2.83233327
134.4912537 -2.71425262
134.48329553 -2.58304616
134.51791874 -2.53560719
134.56690799 -2.51044077
134.62747277 -2.5366924
134.6447327 -2.58981577
134.64907352 -2.70588104
134.70209354 -2.93361907
134.76978967 -2.94400604
134.84337691 -2.9092278
134.85536584 -2.97878427
134.85267866 -3.1076653
134.88678511 -3.20988128
134.91717085 -3.24993052
135.03737023 -3.33312957
135.09214725 -3.34858082
135.25151737 -3.3685796
135.3716134 -3.37488413
135.48664514 -3.3451185
135.56074914 -3.26874074
135.6277218 -3.18600677
135.85912886 -2.99526906
135.92620487 -2.90406015
135.99069706 -2.76422373
136.01302127 -2.73430307
136.24329146 -2.58309783
136.26954308 -2.52950937
136.30251265 -2.42569142
136.35243208 -2.32523244
136.38994917 -2.27329762
136.61226118 -2.22430836
136.84325484 -2.19764332
137.07207808 -2.10509083
137.17109012 -2.02550913
137.175741 -1.97310923
137.12551151 -1.88128021
137.12344445 -1.84092091
137.17646447 -1.80211191
137.38058638 -1.68563323
137.61654097 -1.56584726
137.80619348 -1.48316497
137.91109663 -1.48383677
138.00783491 -1.55654551
138.11087772 -1.61592173
138.64975956 -1.79110483
138.73616255 -1.84546844
138.81140344 -1.91781544
138.91920047 -1.96783823
139.03950321 -1.99207448
139.14885054 -2.03889332
139.25261682 -2.0992514
139.48185347 -2.21180267
139.78953495 -2.34828012
139.86839318 -2.356445
140.15457726 -2.34998545
140.20397993 -2.37566863
140.25100549 -2.41199717
140.2946204 -2.42036875
140.62255904 -2.44584523
140.67299523 -2.47204518
140.72053755 -2.50811533
140.7474093 -2.60712737
140.97349369 -2.60976287
140.97354536 -2.80339446
140.97364872 -3.00668955
140.97375207 -3.20998463
140.97385542 -3.41327972
140.97395877 -3.6165748
140.97401045 -3.81986989
140.97406213 -4.02316497
140.97416548 -4.22646006
140.97426883 -4.42975514
140.97432051 -4.63305023
140.97437219 -4.83634531
140.97447554 -5.03964039
140.97457889 -5.24293548
140.97463057 -5.44623056
140.97468225 -5.64952565
140.9747856 -5.85282073
140.97488895 -6.05611582
140.97494063 -6.2594109
140.9749923 -6.34612396
140.94403812 -6.45226735
140.87463667 -6.61148244
140.86233768 -6.7400534
140.91954349 -6.8400473
140.97519901 -6.90536631
140.97519901 -7.07259124
140.97530236 -7.27588633
140.97540572 -7.47918141
140.97550907 -7.68247649
140.97556074 -7.88577158
140.97561242 -8.08906666
140.97571577 -8.29236175
140.97581913 -8.49565683
140.9758708 -8.69895192
140.97592248 -8.902247
140.97602583 -9.10559376
140.97612919 -9.11871958
140.92455611 -9.08502654
140.78658003 -8.97371551
140.66152307 -8.84674651
140.58101118 -8.72830413
140.4897506 -8.62045542
140.1016606 -8.3005783
140.00295861 -8.19552011
139.98332157 -8.16652964
139.99262333 -8.13934783
140.03737512 -8.0839507
140.11695682 -7.92370208
140.03375777 -8.02271413
139.93474572 -8.10121063
139.79077518 -8.10632659
139.64938846 -8.1253952
139.51854374 -8.17278248
139.38563195 -8.18911224
139.31917606 -8.16580617
139.27907515 -8.10694671
139.25830122 -8.04658864
139.24879276 -7.98240651
139.19298221 -8.08617278
139.08322147 -8.14286183
138.93346317 -8.26244109
138.89057173 -8.23779144
138.86473351 -8.1922645
138.85615523 -8.14508392
138.88509403 -8.09475107
138.90545454 -8.04121429
138.93594364 -7.91310841
139.00301965 -7.83755747
139.04570438 -7.69136484
139.07360965 -7.639275
139.0879757 -7.58718515
139.04890832 -7.52827402
138.98296919 -7.50817189
138.93790734 -7.47246347
138.88550744 -7.37319305
138.85315799 -7.33965504
138.79362674 -7.29888234
138.74794478 -7.25144337
138.79838098 -7.21573496
138.86483687 -7.20131723
138.91930383 -7.203591
139.01800581 -7.22591522
139.0625509 -7.22710377
139.17685917 -7.19041351
139.11257368 -7.20178232
139.04901167 -7.20054209
138.84571659 -7.13630828
138.7200395 -7.06985239
138.60139042 -6.93647552
138.60015018 -6.91079233
138.68376265 -6.88655608
138.86452681 -6.85844411
138.80850956 -6.79038624
138.72665409 -6.73116505
138.6981287 -6.62569345
138.6422148 -6.56042612
138.521602 -6.45376596
138.43871301 -6.34338511
138.36832971 -6.11859262
138.29629276 -5.94899057
138.31386275 -5.8875473
138.37463423 -5.84362233
138.28275353 -5.83855804
138.19965783 -5.80703541
138.2435828 -5.72445648
138.33959761 -5.67567392
138.25216109 -5.68817962
138.16648156 -5.71205413
138.12741418 -5.7164983
138.08710656 -5.70916025
138.06591922 -5.67598398
138.0631287 -5.62885508
138.07553104 -5.54575937
138.06085493 -5.46524749
137.98499393 -5.42762705
137.92225874 -5.37011118
137.88680871 -5.34887217
137.84029992 -5.35052581
137.79523807 -5.31197519
137.75906457 -5.25616465
137.30668908 -5.01437062
137.27981734 -4.94538258
137.23785607 -4.97566497
137.19589481 -4.99044443
137.14370161 -4.95075693
137.08923465 -4.92445363
137.0297034 -4.92869109
136.97461633 -4.90734873
136.91694543 -4.89510141
136.85679406 -4.89318939
136.61887577 -4.81872365
136.39377323 -4.70126312
136.21063195 -4.65067189
136.09746057 -4.58473276
135.97974165 -4.53083424
135.71660526 -4.47838266
135.45016157 -4.44308766
135.35394006 -4.44179575
135.27311812 -4.45316456
135.19560347 -4.4506841
134.75418338 -4.19540252
134.67966597 -4.07913055
134.68690067 -4.01112436
134.70653771 -3.95474538
134.88647505 -3.93851898
134.75976444 -3.92213755
134.7076746 -3.92983733
134.60339155 -3.97608774
134.54685754 -3.97929168
134.46717248 -3.94859588
134.39100142 -3.90994191
134.26615116 -3.94580535
134.20238244 -3.88704925
134.18047163 -3.82508921
134.14708866 -3.7968222
134.09995975 -3.79971608
134.0369145 -3.82193694
133.97386926 -3.81800954
133.93314823 -3.77558318
133.90400272 -3.72013437
133.86069787 -3.6803952
133.80850467 -3.65000945
133.72303185 -3.57792083
133.67828006 -3.47947723
133.68344771 -3.30920338
133.69719364 -3.24817352
133.78163293 -3.14890309
133.84147424 -3.05474863
133.76737023 -3.04430999
133.70039758 -3.08751149
133.67197554 -3.13184987
133.66071008 -3.18559336
133.65316532 -3.36439381
133.59942183 -3.41607024
133.51818648 -3.41193613
133.54226769 -3.5163742
133.50919478 -3.61554127
133.41514367 -3.7321233
133.4071855 -3.785195
133.42227502 -3.84255584
133.40088098 -3.8989865
133.24874556 -4.06228403
133.1979993 -4.07008717
133.08513797 -4.06900197
132.96855594 -4.09489186
132.91439904 -4.05690968
132.87006066 -4.00745534
132.8370911 -3.94890594
132.79089237 -3.82808644
132.75389204 -3.70359791
132.8697506 -3.55094573
132.82975305 -3.41302134
132.75141157 -3.29463063
132.55349084 -3.13071299
132.34823205 -2.97506357
132.25500777 -2.94348927
132.10204553 -2.92958831
132.05388309 -2.91455047
132.00634077 -2.85610442
131.9712008 -2.788615
132.06690555 -2.75952117
132.23061649 -2.68040455
132.32332401 -2.68422861
132.575505 -2.72717173
132.65291629 -2.76618743
132.72505659 -2.78908009
132.89724247 -2.65818369
133.0337716 -2.48744476
133.11883101 -2.4502894
133.19107466 -2.43778371
133.26497196 -2.45432016
133.41142297 -2.51395477
133.52655806 -2.54170501
133.60872359 -2.54713104
133.65161502 -2.60061614
133.70008752 -2.62464568
133.71093957 -2.54403045
133.75331424 -2.45070281
133.83465295 -2.42166066
133.87764774 -2.41504608
133.90482954 -2.39091318
133.89893843 -2.30445851
133.79103804 -2.29365814
133.84974247 -2.21965748
133.90245243 -2.18363901
133.92053918 -2.14746551
133.92157271 -2.10204192
133.71031945 -2.18916839
133.48780073 -2.22560027
133.35623254 -2.21573008
133.22487105 -2.21448984
132.96276818 -2.27257415
132.86323937 -2.27024871
132.63100549 -2.24663258
132.50264123 -2.21841725
132.40331913 -2.24043141
132.30761437 -2.24224009
132.2073621 -2.17573252
132.12219933 -2.09237843
132.07992801 -2.03320892
132.023394 -1.99031748
131.9983826 -1.93254323
131.93616418 -1.71498545
131.93037642 -1.55964609
131.82981408 -1.55654551
131.73142215 -1.5411976
131.29372277 -1.39345469
131.24080611 -1.42973154
131.1792078 -1.44833506
131.1178162 -1.4552597
131.05673465 -1.44766326
130.99585982 -1.42471893
131.00102746 -1.3839979
131.04619266 -1.28410735
131.09053104 -1.24731373
131.15181929 -1.21884002
131.19078332 -1.16582
131.25413863 -1.00691497
131.25899621 -0.95265472
131.25207157 -0.89720591
131.25723921 -0.85545135
131.29640995 -0.83359222
131.46156782 -0.78181243
131.80428592 -0.70378102
131.89089562 -0.65716888
131.96241581 -0.58244476
132.04602827 -0.5369695
132.08447554 -0.4911325
132.12840051 -0.4540805
132.39381066 -0.35548187
132.50801558 -0.34742034
132.62511437 -0.35889251
132.85641808 -0.41739023
133.0771798 -0.51185475
133.26848596 -0.63577483
133.47260786 -0.72620859

104.47417118 -0.33470794
104.56780887 -0.43185963
104.59013309 -0.4665862
104.54393436 -0.52053639
104.50652062 -0.59665578
104.48533329 -0.61293385
104.4138131 -0.58368499
104.3631702 -0.65861582
104.32978723 -0.53903655
104.25713016 -0.4632789
104.30229536 -0.38571258
104.31872847 -0.38013152
104.34074263 -0.38261199
104.36358361 -0.40281748
104.47417118 -0.33470794

127.56702518 -0.31889495
127.68247033 -0.46834319
127.60495568 -0.61014332
127.65859582 -0.68941497
127.80432336 -0.69447926
127.83791304 -0.72408986
127.86333784 -0.75990163
127.88018436 -0.80868418
127.84225386 -0.84775156
127.76112186 -0.88371836
127.66758752 -0.83204192
127.64288618 -0.78398284
127.62386926 -0.76599944
127.49788211 -0.80248301
127.46274214 -0.805997
127.43824751 -0.73902435
127.46863325 -0.64300954
127.38057661 -0.59960133
127.29996138 -0.50027923
127.2970675 -0.46028167
127.3295203 -0.3909319
127.32507613 -0.33584482
127.3711715 -0.33160735
127.45519738 -0.40633148
127.49168094 -0.33594817
127.52733768 -0.30659596
127.56702518 -0.31889495

127.24993859 -0.49531829
127.18730676 -0.52115651
127.11919722 -0.52053639
127.10441776 -0.41387623
127.12643192 -0.27858733
127.18968387 -0.25574635
127.2900395 -0.2843751
127.25303918 -0.31868825
127.28053104 -0.39103525
127.24993859 -0.49531829

103.73654178 -0.34793711
103.60631717 -0.38287038
103.4613131 -0.35765228
103.47898644 -0.29750091
103.54895633 -0.22753102
103.61096805 -0.23052825
103.72393273 -0.27662363
103.76424035 -0.31775807
103.73654178 -0.34793711

130.81333866 -0.00408213
130.98655806 -0.04656015
131.02583215 -0.03994557
131.27687626 -0.14980967
131.31687381 -0.20427663
131.30271447 -0.24107024
131.3397148 -0.29036956
131.25754927 -0.3657138
131.21786177 -0.37408538
131.17776086 -0.3459734
131.09776574 -0.33005706
131.00536828 -0.36075286
130.94645715 -0.33760182
130.89664107 -0.26845875
130.80837772 -0.22649749
130.68352746 -0.0806666
130.62213586 -0.0859376
130.63825891 -0.14298838
130.69127892 -0.18060882
130.76135217 -0.29140309
130.80155643 -0.30215179
130.84310428 -0.29832773
130.89922489 -0.34447479
130.89633101 -0.41604664
130.75019006 -0.44384857
130.69975386 -0.39155202
130.6886951 -0.29657073
130.60652958 -0.32861012
130.5749036 -0.36178639
130.55082238 -0.36643727
130.49625207 -0.26742523
130.3404993 -0.26225758
130.23662967 -0.20970265
130.28768599 -0.15471893
130.29492069 -0.1014922
130.36251346 -0.07286346
130.43093306 -0.09849497
130.49955936 -0.06009938
130.54834191 -0.0699179
130.58430871 -0.04542327
130.72238814 -0.02981699
130.81333866 -0.00408213

98.45924116 -0.53045827
98.39970991 -0.57681203
98.30968957 -0.53185353
98.33997196 -0.46787811
98.35475142 -0.3793047
98.40880497 -0.30897308
98.42709842 -0.22649749
98.32291874 -0.001
98.37449182 0.00707998
98.41541955 -0.017518
98.48435591 -0.16768971
98.54419722 -0.2576067
98.520116 -0.37971811
98.45924116 -0.53045827

104.77864872 -0.17595794
104.80748417 -0.1924944
104.8431409 -0.14061126
104.90897668 -0.21171803
104.94969771 -0.24727142
105.0054049 -0.2828248
104.95062788 -0.28447845
104.92851037 -0.3170346
104.91424767 -0.32333913
104.70227095 -0.2087208
104.56656864 -0.24561777
104.47355106 -0.21213144
104.44709273 -0.18918711
104.49701216 -0.12634857
104.54269413 0.01772533
104.63560835 -0.01844817
104.65844933 -0.06283823
104.65276493 -0.07601572
104.71353641 -0.10299082
104.77864872 -0.17595794

129.54891971 -0.1870167
129.50561486 -0.18980722
129.46923465 -0.13141286
129.37011926 -0.0664039
129.30883101 0.0454239
129.54199507 -0.13926767
129.54891971 -0.1870167

127.45344038 -0.00583913
127.4485828 -0.03663828
127.417887 0.00635651
127.39680301 0.01658845
127.41954064 0.12443716
127.43132287 0.14257559
127.44940962 0.06898835
127.45344038 -0.00583913

104.68924849 0.05953156
104.69813683 0.0346752
104.65090458 0.06268382
104.62237918 0.07963369
104.60346561 0.09523998
104.49918257 0.23207917
104.54383101 0.22329418
104.65989627 0.10309479
104.68924849 0.05953156

103.28447635 0.54193106
103.17213179 0.53619497
103.13957564 0.5490624
103.15332157 0.64311351
103.18742801 0.69975088
103.23817427 0.698614
103.2951217 0.613968
103.28447635 0.54193106

127.41974735 0.64207998
127.38398726 0.63102123
127.37365197 0.63484528
127.36290327 0.6751529
127.38264367 0.7435725
127.42481164 0.74439932
127.44258833 0.73344392
127.44589562 0.68331778
127.41974735 0.64207998

127.37261844 0.79132152
127.33840864 0.75845531
127.3060592 0.76941071
127.28642215 0.81188874
127.29283003 0.84248119
127.31980513 0.86201488
127.35380822 0.84744212
127.37261844 0.79132152

103.45015099 0.66445588
103.42968713 0.65086498
103.34442101 0.77788565
103.3657117 0.85111115
103.38607222 0.86955964
103.43309777 0.82501455
103.4703048 0.77814403
103.49748661 0.72269522
103.45015099 0.66445588

103.82862918 0.80103669
103.83400353 0.77220124
103.7424329 0.82997549
103.74005578 0.8718334
103.75194136 0.89136709
103.80661502 0.84635692
103.82862918 0.80103669

104.23935347 0.83400625
104.17672163 0.80486074
104.09817346 0.89622468
104.10106734 0.91746369
104.10830204 0.93353506
104.12277144 0.9439737
104.17052046 0.89674144
104.22705448 0.87989492
104.23935347 0.83400625

103.02754113 0.74662141
103.00873091 0.70812246
102.97152388 0.7365445
102.77629032 0.77959097
102.7105579 0.78439688
102.54157596 0.83157746
102.49041629 0.85664053
102.45393273 0.88950674
102.46643843 0.9503299
102.49144982 0.98686514
102.50664269 1.08877106
102.54922407 1.13021556
102.63324995 1.05440624
102.72616418 0.98919058
102.78011437 0.95937328
102.94413537 0.89271068
103.00242639 0.85927603
103.02754113 0.74662141

103.42389937 1.04836009
103.42968713 0.99337637
103.36333459 1.00681224
103.31537886 1.07130443
103.35496301 1.11724478
103.3799744 1.13362621
103.40488244 1.07254466
103.42389937 1.04836009

103.16644738 0.87017976
103.13719852 0.84165436
103.08665897 0.84816559
103.03343224 0.88201366
102.96397912 0.94268179
102.88636112 0.99678701
102.78796919 1.03094514
102.72647424 1.04128042
102.70187626 1.05373444
102.72554406 1.15884431
102.7901396 1.16545889
102.99942915 1.06779043
103.06753869 1.01477041
103.16644738 0.87017976

104.02479292 1.18054841
104.08804488 1.13703685
104.13982466 1.16556224
104.1377576 1.12820018
104.12731896 1.09238841
104.06613407 0.98955231
103.96360803 1.01322012
103.93983687 1.04649974
103.93218876 1.07140778
103.94696821 1.08701406
103.9553398 1.13745026
103.99978153 1.13724356
104.02479292 1.18054841

104.58537886 1.21610179
104.59106327 1.14106761
104.64811405 1.10458405
104.66289351 1.04949698
104.65286828 0.96102692
104.59912479 0.85896597
104.57514693 0.8319392
104.50424686 0.85260977
104.48068241 0.88676789
104.47117394 0.91348461
104.48109582 0.93250153
104.42859256 0.9564794
104.46238895 0.99554678
104.43923791 1.05042715
104.29392378 1.016114
104.25196252 1.01487377
104.24421105 1.07740225
104.25020552 1.10262035
104.36182661 1.18147858
104.42838586 1.19605134
104.50011275 1.18023835
104.58537886 1.21610179

102.42716434 0.99012075
102.38086226 0.95978669
102.32525842 1.00701895
102.27957645 1.07569693
102.25549523 1.14716543
102.23420454 1.26395417
102.22862349 1.3478767
102.25632206 1.39707266
102.27647586 1.39526398
102.35864139 1.34565461
102.41290165 1.26080191
102.44287398 1.23424022
102.44886844 1.15626048
102.42892134 1.06727367
102.42716434 0.99012075

97.48152307 1.46507884
97.69835738 1.18375235
97.78641402 1.1459252
97.90320275 1.01828441
97.93193485 0.97394603
97.90206587 0.88423574
97.87643436 0.62833405
97.82041711 0.56446198
97.68399133 0.59608796
97.68254439 0.64104645
97.60389286 0.8339029
97.4612659 0.94138988
97.405352 0.94697093
97.36886844 1.05693838
97.2968315 1.1873697
97.07917036 1.4254947
97.24422489 1.42363434
97.32442671 1.4816153
97.34272017 1.52791739
97.35594933 1.53975129
97.48152307 1.46507884

102.49186323 1.45918773
102.49940799 1.33092683
102.42520064 1.36446483
102.36690962 1.41546947
102.2742021 1.45314159
102.16134077 1.46544058
102.07865848 1.49856517
102.02088423 1.55819977
102.01830041 1.58563996
102.02398482 1.60796418
102.04217492 1.62537914
102.46953902 1.51003734
102.49186323 1.45918773

124.8888424 0.9952884
124.69815637 0.82558299
124.63986535 0.7435725
124.58901574 0.65525747
124.51408491 0.55712393
124.42757857 0.47061758
124.38437707 0.44498607
124.27802697 0.3984256
124.21673872 0.38039053
124.10139693 0.37455109
123.75382124 0.30551138
123.63961633 0.29744986
123.52592818 0.30034374
123.31043745 0.31760366
123.26547896 0.32659536
123.17948937 0.4155305
123.08254439 0.48586213
122.99686486 0.49351024
122.90953169 0.48596548
122.28073286 0.48105622
122.06090132 0.46803376
121.84199995 0.43656281
121.72273075 0.45087718
121.60459842 0.48612051
121.51571496 0.4984195
121.42579797 0.49480215
121.01300663 0.44167878
120.909137 0.44679475
120.70036421 0.51469758
120.57902795 0.52834016
120.45996545 0.51030508
120.34906782 0.44922354
120.30700321 0.40824413
120.19228153 0.26851105
120.12737593 0.16655345
120.07828332 0.03973949
120.036012 -0.08991668
120.01327437 -0.1962151
120.01213749 -0.3071644
120.03177453 -0.43206634
120.06288374 -0.55552134
120.0974036 -0.64993418
120.24065067 -0.8682671
120.26979618 -0.89922129
120.42534224 -0.96061289
120.51753299 -1.03941945
120.60507287 -1.25847584
120.66739465 -1.37009694
120.72857954 -1.3714922
120.79699914 -1.36368906
120.91585493 -1.3778484
121.0336772 -1.40652882
121.14850223 -1.33950449
121.21258101 -1.21248382
121.27686649 -1.11812265
121.43137902 -0.93859873
121.51933231 -0.8555547
121.57555627 -0.82852793
121.6327104 -0.84031015
121.6811829 -0.88785247
121.73771691 -0.92567962
121.85316206 -0.94598846
121.96964074 -0.93327606
122.09366418 -0.87503672
122.13810591 -0.83922495
122.17489953 -0.79374969
122.28000939 -0.75700774
122.52970991 -0.75664601
122.65879764 -0.7698235
122.88875777 -0.75519907
122.88555383 -0.72207448
122.8411121 -0.68703786
122.82943322 -0.6588742
122.87222131 -0.64073577
123.02042932 -0.59975636
123.1715312 -0.57071421
123.28149865 -0.59148813
123.37968387 -0.64853891
123.41740767 -0.70745005
123.43415083 -0.77819508
123.39632368 -0.96159474
123.37792687 -1.00412444
123.2995854 -1.02603525
123.22579146 -1.00174733
123.15272098 -0.9070761
123.04936812 -0.87240122
122.90281376 -0.90092661
122.85248091 -0.92816009
122.80741906 -0.96598724
122.72463342 -1.06427581
122.65569706 -1.17522511
122.50666223 -1.3478244
122.33416629 -1.49789275
122.25065718 -1.55530527
122.1576396 -1.59395924
121.85863976 -1.69328135
121.77988488 -1.76697194
121.71869999 -1.86278004
121.65100386 -1.89543955
121.57266239 -1.90572316
121.51385461 -1.88779144
121.39468876 -1.83373789
121.35541467 -1.87817962
121.34880008 -1.9459791
121.40750451 -1.97011199
121.50196903 -2.04499114
121.5750395 -2.15087615
121.62185835 -2.17361378
121.72593469 -2.20797861
121.7697563 -2.2408965
121.84820113 -2.33158864
121.9719145 -2.54242848
122.01397912 -2.65642669
122.08260542 -2.74954762
122.29168827 -2.90762583
122.30336714 -2.95222259
122.29044803 -3.00420908
122.30657108 -3.05154469
122.38119185 -3.14234018
122.39907189 -3.2008379
122.31731978 -3.27509694
122.31277225 -3.38273895
122.26264611 -3.52743296
122.25138065 -3.57626719
122.25293094 -3.62045053
122.28807092 -3.66158497
122.329102 -3.6941928
122.38532596 -3.71145273
122.43452193 -3.73987477
122.52919315 -3.85263274
122.57859582 -3.88229502
122.61001509 -3.92348113
122.6067078 -3.98466603
122.6499093 -4.0204778
122.68970015 -4.08445322
122.75036828 -4.10000783
122.77879032 -4.08166269
122.79822066 -4.05417083
122.84793338 -4.06455779
122.8772856 -4.10910288
122.89433882 -4.16630869
122.89981652 -4.22935394
122.89733605 -4.34908823
122.87232466 -4.39197967
122.81754764 -4.38991261
122.71967248 -4.34076832
122.7150216 -4.37627003
122.72173954 -4.41073821
122.6718201 -4.42215871
122.61476932 -4.4173528
122.4714189 -4.42210703
122.20714562 -4.49636606
122.1142314 -4.54023935
122.05418338 -4.62013112
122.05004927 -4.67532155
122.07320031 -4.79169687
122.03806034 -4.8324179
121.91703413 -4.84797251
121.7480522 -4.81670827
121.64573286 -4.78565073
121.58868208 -4.75960581
121.51437137 -4.68121266
121.4864661 -4.58101206
121.54124312 -4.2829424
121.55674605 -4.24465016
121.58341109 -4.21059539
121.61152307 -4.15633514
121.6180343 -4.09272145
121.53741906 -4.01484507
121.41577274 -3.98425262
121.31272993 -3.9193987
120.91430464 -3.55575164
120.89177372 -3.52061167
120.89094689 -3.46035695
120.90696659 -3.40402964
121.03791467 -3.20517872
121.05434777 -3.16709319
121.07036747 -3.01015187
121.06675012 -2.88096079
121.05217736 -2.75161468
120.99016564 -2.67032765
120.87937137 -2.64557464
120.7650631 -2.64159555
120.65364872 -2.6675888
120.54388797 -2.73264943
120.34141971 -2.86964365
120.26101118 -2.94932871
120.25408654 -3.0528366
120.30049198 -3.15427744
120.36043664 -3.24688161
120.39237267 -3.34816741
120.4366077 -3.70731862
120.43516076 -3.74783294
120.38296756 -3.85237436
120.3625037 -4.08574513
120.38462121 -4.41518239
120.42007124 -4.61739227
120.40498172 -4.72720469
120.31010379 -4.96321095
120.28147505 -5.09266041
120.27930464 -5.14609385
120.39092573 -5.39253875
120.4166606 -5.49005218
120.43040653 -5.59102793
120.31165409 -5.54162526
120.25646366 -5.5441574
120.20075646 -5.55935027
120.07704308 -5.57547332
119.95157271 -5.57759205
119.90764774 -5.59624725
119.81845422 -5.66177296
119.76440067 -5.68828297
119.71727176 -5.69334726
119.55738488 -5.61107838
119.46312707 -5.52167816
119.37620731 -5.42483652
119.36039432 -5.31419728
119.39067671 -5.20061248
119.43356815 -5.07917287
119.51955773 -4.8773764
119.51552697 -4.74188079
119.54487919 -4.63082814
119.59407515 -4.52318613
119.61174849 -4.42355397
119.62363407 -4.03432708
119.61143843 -3.99975555
119.49361616 -3.76855519
119.48007694 -3.72974619
119.47925012 -3.66742441
119.49196252 -3.60778981
119.49454634 -3.55414967
119.46746789 -3.51301523
119.41982222 -3.47539479
119.36215132 -3.45896168
119.23998823 -3.47529144
118.99462853 -3.53761321
118.92217818 -3.48273284
118.86771122 -3.39808685
118.83277795 -3.28016123
118.81252079 -3.15665455
118.82182254 -3.04064096
118.8580994 -2.92850311
118.82895389 -2.85005828
118.78368534 -2.76474049
118.78327193 -2.72081552
118.80900679 -2.68236826
118.85334517 -2.65022552
118.90750207 -2.6314153
118.95814497 -2.5974122
119.09219364 -2.48289723
119.13529178 -2.38233489
119.13818566 -2.25846649
119.17229211 -2.1400241
119.24081506 -2.03093515
119.3218437 -1.92964935
119.34819868 -1.82526295
119.30830448 -1.65963999
119.32411747 -1.58424407
119.31037154 -1.49567067
119.30902795 -1.40818247
119.35915409 -1.243438
119.50818892 -0.90671437
119.65350305 -0.72791391
119.71138065 -0.68073333
119.78672489 -0.76393239
119.84429243 -0.8619109
119.84522261 -0.77323414
119.82982303 -0.68631439
119.77173872 -0.48363942
119.72181929 -0.08846974
119.73587528 -0.05100433
119.78651818 -0.05699879
119.83829797 -0.0221172
119.86558312 0.04010122
119.81173628 0.18691397
119.80925581 0.23869375
119.91322879 0.44508942
119.9980815 0.52022696
120.03518517 0.56658072
120.05647586 0.69251618
120.10060754 0.74011017
120.15652144 0.77416494
120.22979862 0.86123973
120.26958947 0.97079377
120.29387739 0.97916535
120.32250614 0.98314444
120.36653446 0.88754304
120.41604048 0.84868236
120.51660282 0.81752147
120.60248905 0.85441844
120.62646691 0.90237417
120.65891971 0.94366364
120.71100956 0.98665843
120.75493452 1.03564769
120.80361372 1.14928417
120.86800256 1.25284374
120.91213423 1.28896556
120.96546431 1.31180655
121.02458215 1.32575918
121.08173628 1.32761953
121.20844689 1.26250723
121.28172407 1.24979483
121.35675825 1.25454906
121.40409387 1.24359365
121.44006066 1.21439647
121.47272017 1.15553701
121.51323449 1.10473908
121.55064823 1.07967601
121.59178267 1.06794546
121.86742476 1.08851268
122.10823693 1.03115184
122.43658898 1.0180777
122.54934696 0.98448802
122.65745405 0.94056306
122.78984907 0.86289338
122.83832157 0.84568513
122.89247847 0.84997427
122.96007124 0.92299307
123.0127812 0.93896109
123.06652469 0.94180329
123.27808801 0.92805736
123.84663211 0.83819204
123.93076135 0.85043936
124.27368615 1.0222635
124.4108354 1.18509593
124.53372196 1.23046784
124.57537316 1.30405508
124.60017785 1.39242178
124.64368941 1.41614126
124.74673221 1.44141104
124.78765995 1.46755931
124.86062707 1.57602814
124.94703006 1.67214631
124.98930139 1.70103343
125.11094771 1.68568553
125.1648979 1.64367259
125.23373091 1.50228587
125.22163863 1.47872142
125.14092004 1.4083898
125.11745894 1.37888255
125.02805871 1.18023835
124.96677046 1.08262157
124.8888424 0.9952884

101.70813846 2.07842642
101.76229536 1.99651927
101.77356083 1.94344758
101.73408003 1.88257274
101.71940392 1.78914175
101.60271854 1.71570954
101.50081262 1.73317617
101.4677397 1.75937613
101.40345422 1.90133128
101.40965539 2.0216857
101.45027307 2.06783275
101.54473758 2.06075308
101.64075239 2.12669221
101.70813846 2.07842642

127.73269982 0.84816559
127.80535689 0.82594473
127.88101118 0.8321459
127.91863163 0.87679434
127.92907027 0.93472362
127.96731083 1.04257233
128.05526411 1.11564281
128.11696577 1.1270633
128.16078739 1.15781078
128.15313928 1.23790925
128.1574801 1.31661245
128.22248905 1.40063833
128.42413049 1.51753042
128.53926558 1.5592333
128.68840376 1.57256582
128.70514693 1.52771068
128.6880937 1.46373526
128.71692915 1.36730703
128.70266646 1.10639273
128.66876672 1.06944408
128.51456424 0.9792687
128.34599572 0.9071284
128.29886682 0.87679434
128.25721561 0.8049641
128.26062626 0.73380565
128.39798221 0.63882437
128.61119917 0.5499409
128.65522749 0.50823802
128.68375288 0.43847484
128.6916077 0.36034007
128.74328413 0.3232364
128.81542443 0.30535635
128.86327681 0.26835602
128.89955366 0.21626618
128.54040246 0.3379125
128.44645471 0.39155264
128.33276655 0.39796052
128.2206287 0.41423859
128.10611372 0.46090241
127.98312381 0.47185781
127.92441939 0.4381131
127.9013717 0.37227733
127.88741906 0.29832836
127.91460086 0.20629263
127.91222375 0.15053376
127.88896935 0.04950633
127.97785282 -0.24830495
128.08947391 -0.48524139
128.25349491 -0.73168629
128.33462691 -0.81628061
128.42547407 -0.89271006
128.27809289 -0.8700241
128.23344445 -0.78770355
128.04637577 -0.70605478
128.01082238 -0.65732391
127.88896935 -0.42353973
127.85331262 -0.37992482
127.7408647 -0.30034311
127.69156538 -0.24189707
127.67482222 -0.16293548
127.68743127 -0.07994313
127.68133345 0.0348819
127.68546756 0.14903514
127.70872196 0.28809642
127.66862105 0.33677562
127.61622114 0.38292267
127.55534631 0.48963451
127.53705285 0.61086742
127.54180708 0.68068228
127.56702518 0.74253897
127.60071822 0.79602407
127.60795292 0.84821727
127.52041304 0.9240266
127.42853234 1.13998241
127.42026411 1.25196524
127.5371562 1.46745596
127.53467573 1.57204906
127.55793013 1.63421581
127.57064253 1.70015493
127.63172407 1.84371206
127.73145959 1.96613353
127.89992476 2.13733755
127.96421024 2.17469961
128.03645389 2.19903921
128.04275842 2.15707795
128.03128625 2.11987092
127.90674605 1.94566966
127.89010624 1.90629222
127.88679894 1.83296337
127.94643355 1.78965851
128.01092573 1.70124014
128.02374149 1.58352123
128.0259119 1.45810253
128.01175256 1.33175365
127.98767134 1.28958568
127.885352 1.16277171
127.65280806 1.01384024
127.63296431 0.97720165
127.63441125 0.93611888
127.67740604 0.88656118
127.73269982 0.84816559

97.33414188 2.07563589
97.32835412 2.05326
97.22510461 2.15847321
97.10831587 2.21691926
97.15658166 2.23221548
97.25280318 2.21604076
97.29145715 2.20084789
97.32866418 2.14855134
97.33414188 2.07563589

128.45389611 2.05176138
128.29586958 2.03470816
128.25990279 2.08250886
128.21794152 2.29748281
128.33038944 2.46935863
128.47208622 2.57048941
128.56861779 2.59612092
128.60210412 2.59761953
128.68850711 2.47369945
128.6231881 2.22441234
128.54753381 2.09708161
128.45389611 2.05176138

125.40746708 2.65162141
125.39723514 2.62955557
125.36002811 2.74680939
125.39082726 2.80535879
125.435269 2.7838614
125.44643111 2.76298412
125.40395308 2.70701854
125.40746708 2.65162141

96.46370405 2.3600113
96.40096887 2.35070954
96.34061079 2.37205191
96.29048465 2.42956778
96.02197391 2.59575918
95.9384648 2.59844636
95.87976037 2.64092438
95.80855025 2.65560049
95.7329993 2.76649811
95.71718631 2.82597769
95.77217004 2.85496817
95.80627648 2.91599803
95.89578006 2.88907461
95.99789269 2.78138093
96.10155562 2.74122834
96.12977095 2.7209195
96.18000044 2.66133657
96.41729862 2.51519562
96.44303348 2.46563793
96.45936323 2.41582184
96.46370405 2.3600113

108.88744185 2.90540436
108.838866 2.85300446
108.78656945 2.88566397
108.86708133 2.99191071
108.88568485 2.99899038
108.88744185 2.90540436

105.76029422 2.86302969
105.71853967 2.85920563
105.70613732 2.88886791
105.70789432 2.94007925
105.70417362 2.98090363
105.69218469 3.01134105
105.69218469 3.06250072
105.73063195 3.03697256
105.76029422 3.01304637
105.79450402 2.99594147
105.82220259 2.98436595
105.83677534 2.97651114
105.80938683 2.90395742
105.76029422 2.86302969

106.28522342 3.15712027
106.28367313 3.08823558
106.21453006 3.1285432
106.20099084 3.20486929
106.22372847 3.22957062
106.27116743 3.21628978
106.28522342 3.15712027

117.65837935 3.28052359
117.6457703 3.24776073
117.56029748 3.32822093
117.53755985 3.38635692
117.54789514 3.43198721
117.6367786 3.43606965
117.68091027 3.40754426
117.65837935 3.28052359

125.65809777 3.43601797
125.63318973 3.40542552
125.51154341 3.46113272
125.51753788 3.54960277
125.50120812 3.59321768
125.46854862 3.63910635
125.45531945 3.6841682
125.46885868 3.73326081
125.54347945 3.67042227
125.58564741 3.57110017
125.64352502 3.47653229
125.65809777 3.43601797

126.85182336 3.76845246
126.83549361 3.75692862
126.79963016 3.78390371
126.77751265 3.81341096
126.77885624 3.84317658
126.80448775 3.85790436
126.856991 3.8124291
126.85781782 3.78721101
126.85182336 3.76845246

126.71932499 3.87464753
126.72180545 3.83253124
126.66124068 3.92839102
126.63746952 4.04192414
126.6855286 4.00143566
126.7396855 3.91774567
126.71932499 3.87464753

117.88472212 4.18615306
117.91789839 4.09049999
117.92285933 4.05427481
117.73682417 4.00401948
117.62509973 4.12148001
117.64907759 4.16899649
117.74540246 4.16692943
117.88472212 4.18615306

108.31600386 3.6896459
108.17957808 3.65305899
108.10040978 3.70452871
108.18619266 3.76798737
108.2163717 3.77214733
108.2361121 3.78457551
108.24324344 3.81036205
108.0885242 3.8521166
108.04449588 3.8889619
108.00232792 3.98285798
108.0034648 4.04259593
108.20200565 4.20046743
108.24830773 4.21715892
108.25554243 4.15173656
108.39289839 3.98616527
108.3987895 3.87599112
108.39351851 3.83620026
108.31600386 3.6896459

116.55312381 4.35983755
116.58909061 4.33844351
116.63864831 4.3391153
116.69781782 4.35495413
116.84349369 4.34014883
117.10063561 4.33707408
117.27752404 4.29932445
117.45089847 4.19289684
117.53735314 4.1713736
117.57445682 4.17059846
117.56618859 4.16230439
117.49745894 4.13339142
117.4653162 4.07608226
117.5593673 3.98833568
117.56598189 3.92994131
117.63905236 3.87798066
117.72824588 3.79674531
117.73175988 3.77026114
117.76204227 3.73388093
117.77723514 3.68923249
117.7143966 3.64484243
117.62985396 3.63631582
117.56732547 3.67827709
117.50965458 3.73036693
117.49487512 3.66556468
117.45043338 3.62851268
117.28785933 3.63931306
117.17158736 3.63895132
117.0559355 3.62267324
117.1138131 3.61264802
117.16641971 3.59197744
117.3462537 3.42661286
117.38470096 3.36537629
117.32186242 3.24357494
117.35245487 3.19375886
117.42201135 3.16518179
117.50686405 3.10456533
117.56722212 3.09846752
117.61063032 3.06436107
117.61238732 3.0048815
117.63791548 2.95082795
117.56918583 2.92927888
117.63719201 2.9149645
117.69765344 2.88731761
117.66458052 2.85925731
117.63884566 2.82530589
117.66675093 2.80690908
117.74974328 2.77559317
117.78591678 2.74675772
117.80493371 2.66893301
117.88575565 2.54175731
118.03417036 2.37763296
118.06662316 2.31784333
118.0663131 2.26275625
118.04161177 2.21542064
117.95706913 2.15997183
117.88926965 2.08700471
117.88110477 2.06064973
117.78922407 2.02685334
117.83128869 2.00199698
117.86467167 1.96840729
117.92844038 1.86681143
118.08036909 1.70186026
118.15685021 1.64031363
118.47166304 1.41645132
118.63899133 1.31898957
118.85251835 1.09585073
118.96341597 1.04427766
118.98491336 0.98211091
118.89241255 0.88687124
118.75743371 0.83922557
118.53481164 0.81354239
118.3114661 0.84708039
118.1961243 0.87436555
118.09545861 0.92914256
118.01629032 1.03916169
117.91159387 1.09869294
117.95190148 1.03197866
117.97732629 0.96381745
117.96430383 0.88955842
117.92306603 0.83137075
117.85257938 0.78868602
117.77692508 0.75401114
117.7450924 0.72961986
117.55337284 0.34101309
117.52216027 0.23590323
117.4637659 -0.20045257
117.46293908 -0.32370086
117.54892866 -0.55438445
117.55688683 -0.67525563
117.5738367 -0.7275005
117.56246789 -0.77085703
117.52174686 -0.79669524
117.35710575 -0.8671819
117.24073042 -0.92567962
117.14647261 -1.00898203
117.0701982 -1.11264495
117.00322554 -1.18767913
116.91392866 -1.22359425
116.84943648 -1.21827158
116.79703657 -1.18375172
116.76055301 -1.1171408
116.73988244 -1.04422536
116.72613651 -1.09817555
116.72872033 -1.15078216
116.75931278 -1.20716115
116.77099165 -1.26664072
116.75342167 -1.32730885
116.71518111 -1.37578135
116.61162154 -1.42864634
116.5544674 -1.47391489
116.54506229 -1.55313486
116.51757043 -1.59809336
116.47788293 -1.63276824
116.33215539 -1.7124533
116.29959924 -1.74433766
116.27551802 -1.78485198
116.35323937 -1.77865081
116.42434614 -1.78485198
116.42961714 -1.86412363
116.45194136 -1.92313812
116.42351932 -2.05258758
116.31396529 -2.13986907
116.36863895 -2.15816253
116.41814497 -2.18668792
116.52811242 -2.20787526
116.5654228 -2.29970428
116.54919641 -2.41086028
116.52935266 -2.51054412
116.45039107 -2.53824269
116.40129846 -2.51984588
116.3525159 -2.52160288
116.31675581 -2.55188527
116.30724735 -2.60330332
116.37546024 -2.57798187
116.37173954 -2.70681121
116.35323937 -2.83274668
116.3306051 -2.9021998
116.28885054 -2.9587855
116.22580529 -2.97692392
116.16627404 -2.93454925
116.1540784 -2.98379689
116.17226851 -3.02529306
116.25722456 -3.12637217
116.20503137 -3.14854135
116.16710086 -3.18300954
116.15004764 -3.23323903
116.05754683 -3.34827077
116.01672245 -3.43281341
115.99935917 -3.52329884
115.95615767 -3.59497405
115.25821577 -3.90684132
114.69349572 -4.16971933
114.65256799 -4.15183929
114.62528283 -4.11173838
114.60595585 -3.70328786
114.53619266 -3.49446339
114.52554732 -3.3766928
114.44596561 -3.48180267
114.39718306 -3.47115732
114.34436974 -3.44438893
114.30457889 -3.4100241
114.30168501 -3.36475555
114.34436974 -3.23520273
114.29269331 -3.30620615
114.236366 -3.36108652
114.17797163 -3.35436858
114.12763879 -3.32729013
114.10903527 -3.28517384
114.08226688 -3.27892099
113.95876021 -3.39431447
113.79577274 -3.45622283
113.70513228 -3.45529266
113.6336121 -3.4198943
113.6373328 -3.33204437
113.6300981 -3.24605478
113.61004764 -3.19572194
113.56632938 -3.17768686
113.52602176 -3.18404306
113.40902632 -3.22894988
113.36716841 -3.22367889
113.34319055 -3.24646819
113.03395877 -2.93351572
112.97153364 -3.18714365
112.75800663 -3.32212249
112.60029016 -3.40046396
112.44391727 -3.37111175
112.28496057 -3.32103729
112.12662398 -3.38144704
111.95485152 -3.52965504
111.90741255 -3.5525477
111.85811323 -3.55187591
111.82204308 -3.53249725
111.83434208 -3.42015268
111.83599572 -3.30775644
111.82307661 -3.05717742
111.80943404 -3.00803314
111.76013472 -2.93920013
111.69471236 -2.8894874
111.65833215 -2.92576426
111.62546594 -2.97547698
111.49493127 -2.97330657
111.36760054 -2.93367075
111.25918338 -2.95640838
111.04431278 -3.05573048
110.93010786 -3.07113006
110.86871626 -3.04870249
110.82964888 -2.9951657
110.85207645 -2.94622812
110.89930871 -2.90860768
110.81114872 -2.93847666
110.73580448 -2.98870615
110.70314497 -3.02090057
110.66810835 -3.0048292
110.57405724 -2.8914511
110.37758345 -2.93382578
110.35091841 -2.94674489
110.30254927 -2.98539886
110.25604048 -2.96612355
110.23257938 -2.92509246
110.22431115 -2.68867278
110.12436893 -2.23392018
110.09656701 -2.00137623
110.07496626 -1.94639251
109.95983117 -1.86283172
109.96375858 -1.74283904
110.02349654 -1.64253509
110.03610558 -1.525643
110.01925907 -1.39882903
109.98329227 -1.2748056
109.93812707 -1.1811679
109.87342818 -1.10106943
109.78743859 -1.01135914
109.68170861 -0.94428314
109.45381555 -0.86873219
109.33351281 -0.87534677
109.28886437 -0.84578786
109.25878869 -0.80744394
109.27098433 -0.73204803
109.31170536 -0.68021657
109.36627567 -0.66740081
109.3727869 -0.63815195
109.25703169 -0.57748382
109.16060347 -0.49490488
109.13032108 -0.44539886
109.12112267 -0.3909319
109.12174279 -0.26504811
109.14964807 -0.18556976
109.16473758 -0.14252329
109.19460656 -0.0094048
109.25754846 0.0311612
109.24731652 0.05575918
109.22023807 0.07384593
109.18075728 0.11746084
109.14851118 0.16769033
109.07482059 0.25285309
108.94449263 0.35563752
108.92278853 0.53283601
108.90583866 0.79395702
108.91679406 0.91265778
108.95865197 1.13460806
109.03089562 1.2044746
109.08846317 1.22390493
109.13156131 1.25387726
109.09611128 1.25816641
109.06541548 1.24715933
109.01022505 1.23966625
109.05549361 1.43846548
109.07585412 1.495878
109.16670129 1.60708568
109.27315474 1.70547761
109.31811323 1.82107779
109.37847131 1.92272533
109.6288953 2.02752513
109.53897831 1.89621532
109.54890018 1.84836294
109.57081099 1.80629833
109.63581994 1.77663605
109.65401004 1.61488882
109.73576216 1.52293061
109.81803104 1.43895641
109.87849247 1.39784781
109.94489668 1.33805817
109.99166385 1.28255768
110.04085982 1.23573884
110.11475711 1.19016022
110.31526167 0.99601187
110.39908085 0.93906444
110.46140262 0.88206533
110.505741 0.8619632
110.61477827 0.87813793
110.93806603 1.01735423
110.99604699 1.02634593
111.10131188 1.0505305
111.28672692 1.04319245
111.48314904 0.99575349
111.54671105 0.99435822
111.60737919 1.02262523
111.69130171 1.01420197
111.76974654 0.99947419
111.80902062 1.01166983
111.92312219 1.11326569
112.07846154 1.14334138
112.12858768 1.24359365
112.16734501 1.33816153
112.18574182 1.4390856
112.25064741 1.4796516
112.34159794 1.5147399
112.47616336 1.55907827
112.94300825 1.56701061
112.98822513 1.54758027
112.99799198 1.49623973
112.98822513 1.45712067
113.00657027 1.43389212
113.06863366 1.43179922
113.12625288 1.40813142
113.35900353 1.32715445
113.45822228 1.30214305
113.51320601 1.3083959
113.62224328 1.23594554
113.68167118 1.2605952
113.76032271 1.31139313
113.83525353 1.37986441
113.90238122 1.43427969
113.999998 1.45526032
114.12598514 1.45236644
114.27470991 1.47089244
114.38705448 1.50006379
114.51252486 1.45200471
114.54590783 1.4671459
114.5674569 1.51414562
114.63220747 1.61705923
114.66093957 1.68627981
114.68615767 1.8190624
114.70352095 1.85079173
114.75106327 1.86898184
114.79994917 1.89394156
114.81271325 1.93378408
114.8305933 1.98000865
114.81581384 2.01894684
114.78796024 2.05160635
114.75871138 2.16240062
114.7683232 2.21294017
114.78640995 2.25050894
114.83632938 2.26937084
114.96908613 2.35081289
115.08654667 2.44615591
115.15083215 2.49292308
115.17904748 2.52320547
115.18085615 2.56689789
115.12985152 2.61239899
115.08075891 2.63423229
115.0770382 2.68701976
115.07889855 2.72342581
115.09367801 2.75781647
115.08654667 2.79119945
115.08633996 2.84111888
115.11755252 2.89486237
115.18995121 2.97444408
115.24695031 3.0259138
115.31020226 2.99392609
115.38420292 3.00873139
115.45437951 3.03431122
115.49313683 3.12812979
115.4991313 3.17313996
115.48972619 3.20864167
115.51422082 3.34240611
115.5199569 3.36165559
115.56610396 3.44573314
115.57065148 3.502293
115.54450321 3.63368032
115.56088464 3.7330541
115.5684294 3.93877798
115.59607629 3.97551992
115.62749556 4.08197337
115.67881026 4.19302603
115.7824215 4.25374584
115.83683679 4.33327587
115.86076297 4.34805532
115.89621301 4.34870128
116.02158003 4.29069448
116.13444136 4.35518667
116.23624393 4.36255056
116.32032149 4.35371389
116.36770877 4.32733308
116.41452762 4.3082128
116.5147799 4.37079295
116.55312381 4.35983755

126.81658003 4.03350088
126.77627241 4.01257193
126.71126346 4.02027171
126.70444217 4.07101797
126.7701746 4.16222687
126.8135828 4.25850007
126.76728072 4.28258129
126.72211551 4.34417959
126.72056522 4.41580313
126.75735884 4.54788809
126.81244592 4.53719107
126.86515588 4.47983023
126.88675663 4.37252412
126.92106978 4.29100454
126.84768924 4.18000357
126.81658003 4.03350088

96.4925395 5.2293452
96.61521935 5.22019847
96.84269901 5.27445873
96.96775598 5.26913605
97.08568159 5.22991364
97.19037805 5.20733104
97.45113732 5.2360373
97.50022993 5.22833751
97.54715213 5.2058841
97.58745975 5.17038239
97.70672896 5.04013194
97.9083704 4.87998668
97.96655806 4.77748648
97.99983768 4.66224803
98.02071496 4.63519542
98.24840132 4.41456289
98.27330936 4.32232046
98.24126997 4.19455048
98.30731245 4.0928771
98.52828088 3.99753408
98.65871219 3.92813264
98.68651411 3.88552542
98.70573775 3.83475332
98.7779814 3.75943492
98.86862186 3.71034231
99.15118859 3.58122875
99.52150191 3.31116771
99.73234175 3.18306184
99.90669803 2.98819001
99.96943322 2.89491405
100.02131636 2.79424836
100.12725305 2.64759064
100.30719038 2.46661978
100.352769 2.41148102
100.40113814 2.33164094
100.45705204 2.25743358
100.52381799 2.18916901
100.6036064 2.13697582
100.68525516 2.12007762
100.81682336 1.98928457
100.88793013 1.94825349
100.87666467 2.05057282
100.81692671 2.14017976
100.81775353 2.1942333
100.82819217 2.24260244
100.87707808 2.28332347
100.93598921 2.29474396
101.04616336 2.25748526
101.22517053 2.10224925
101.30082482 2.0118155
101.3576689 1.88701691
101.40510786 1.75741242
101.47662805 1.69307526
101.57501997 1.67054434
101.68426395 1.66124258
101.78482629 1.62140005
102.01995405 1.44213451
102.09808882 1.35790192
102.15720666 1.25888988
102.19792769 1.14168773
102.22335249 1.01869782
102.23906213 0.99032746
102.38995731 0.8420161
102.46922896 0.77928091
102.56638065 0.74884349
102.84946415 0.71546052
102.94930301 0.6641975
103.0317786 0.57893138
103.06650516 0.49201162
103.00749068 0.4153238
102.78631555 0.29775991
102.54994754 0.21647289
102.77959761 0.24448151
102.89586958 0.27858796
103.0028398 0.33196971
103.10867313 0.39982087
103.27662154 0.49454377
103.33894331 0.51371573
103.41232385 0.50694611
103.47888309 0.48017772
103.57872196 0.38705679
103.67266971 0.28892324
103.74274295 0.17440827
103.78677127 0.04697419
103.7064661 -0.01958506
103.58947066 -0.06872934
103.42855025 -0.19177093
103.41160038 -0.24039845
103.44446659 -0.27171437
103.4051925 -0.3621998
103.49541955 -0.41806203
103.50916548 -0.46555267
103.43113407 -0.53355885
103.43857547 -0.57562347
103.53272993 -0.75468231
103.57758508 -0.79571339
103.72114221 -0.88676727
103.94004357 -0.97906137
104.06117313 -1.02138437
104.19852909 -1.05425058
104.25754357 -1.05342376
104.36058638 -1.03838592
104.38125695 -1.07424936
104.42569868 -1.2506727
104.44688602 -1.36239715
104.47830529 -1.60010874
104.51861291 -1.69875905
104.51592573 -1.81947519
104.56873905 -1.92179453
104.67632938 -1.98721689
104.79105106 -2.04085703
104.84520796 -2.09299855
104.84448449 -2.17180511
104.82608768 -2.23423024
104.78733036 -2.28270273
104.66847456 -2.38553883
104.64728723 -2.42987721
104.63054406 -2.54335866
104.65080122 -2.59519012
104.69834354 -2.59813567
104.73575728 -2.57090219
104.87838423 -2.41881845
104.9170382 -2.39220509
104.97078169 -2.37086273
105.02586877 -2.35753021
105.28652469 -2.35628997
105.39700891 -2.38016448
105.49529748 -2.42967051
105.58201053 -2.49194061
105.89909712 -2.88778208
106.0443079 -3.10627003
106.05578006 -3.16063364
106.05836389 -3.21721933
106.03366255 -3.26088592
105.90147424 -3.4100241
105.88504113 -3.4512619
105.84380334 -3.61368092
105.8515548 -3.73057301
105.89547977 -3.77966562
105.93051639 -3.8329957
105.92772586 -3.88131316
105.8405994 -4.12181528
105.83150435 -4.16289804
105.88648807 -4.55393361
105.89051883 -4.65976694
105.87935672 -4.79366058
105.88721154 -5.00956471
105.81610477 -5.6766041
105.80277225 -5.71639495
105.74830529 -5.81830088
105.6765784 -5.81757741
105.61849409 -5.79959401
105.57797977 -5.76068165
105.5555522 -5.71231251
105.52268599 -5.67278004
105.34936323 -5.54953175
105.30399133 -5.5700473
105.12808475 -5.72280283
105.08136926 -5.74554046
105.02266483 -5.72683359
104.93026737 -5.68115163
104.63953576 -5.52038624
104.62165571 -5.57180429
104.61814172 -5.64146413
104.67591597 -5.81623382
104.68397749 -5.89271494
104.63106083 -5.90790781
104.60160526 -5.90460052
104.48088911 -5.80310801
104.36947473 -5.69071177
104.24297082 -5.53883473
104.15047001 -5.46659108
104.06685754 -5.38597584
103.83141971 -5.07958628
103.77033817 -5.03281911
103.40570926 -4.81644988
103.33212202 -4.76518686
103.23889774 -4.67568328
103.13864546 -4.59620493
102.91891727 -4.47068288
102.53764855 -4.15214935
102.37197391 -3.96926645
102.18769575 -3.67455576
102.12754439 -3.59921152
101.8178992 -3.37798471
101.64902062 -3.2440394
101.57863732 -3.16698984
101.41420292 -2.89884083
101.36624719 -2.80851043
101.30568241 -2.72872202
101.20625695 -2.66391977
101.11851037 -2.58780039
100.94446415 -2.34523122
100.88958377 -2.24849293
100.84803592 -2.14389983
100.85527062 -1.93419687
100.4865076 -1.2991452
100.39390344 -1.10127614
100.30822391 -0.8266159
100.28910363 -0.79881398
100.0878756 -0.55288584
100.01666548 -0.47423431
99.9306759 -0.40018198
99.86008589 -0.31377899
99.72128299 -0.03296925
99.66981327 0.04506216
99.59767297 0.102423
99.33453657 0.20861807
99.23645471 0.26778758
99.15914676 0.35176179
99.1117078 0.45893871
99.05961795 0.68636669
98.93549116 1.03192699
98.79637821 1.49463776
98.70253381 1.70196361
98.59535689 1.86458934
98.56424767 1.90215811
98.08655073 2.19506013
98.00510868 2.23820995
97.91849898 2.26420319
97.7949923 2.28285838
97.70083784 2.35856436
97.66197717 2.49426667
97.64058312 2.67642609
97.61681196 2.78510163
97.5908704 2.84659658
97.39129601 2.9752709
97.31316125 3.07707347
97.24794559 3.18900462
97.18841434 3.27571768
96.96899621 3.57513093
96.89396203 3.65373078
96.80094445 3.70855948
96.52540571 3.76661795
96.44468713 3.81633067
96.31084517 3.98634614
96.23012658 4.07277497
95.98797082 4.2632543
95.57859012 4.66196381
95.49477095 4.76136343
95.43193241 4.86505219
95.3812895 4.97615652
95.20662316 5.28401887
95.22067915 5.34623729
95.24703413 5.41078115
95.24300337 5.4642921
95.22377974 5.51707958
95.2278105 5.56480276
95.27959029 5.5928889
95.39606896 5.62880402
95.51699182 5.62459239
95.62892297 5.60908946
95.73734012 5.57927216
95.8413131 5.51452159
96.02734826 5.35117239
96.13328495 5.29427664
96.25090051 5.26701732
96.4925395 5.2293452

95.36216922 5.81238455
95.34263553 5.78414338
95.28320764 5.7985611
95.21768192 5.88951162
95.24196984 5.90702993
95.28248417 5.89775401
95.35917199 5.87674754
95.36599328 5.84269278
95.36216922 5.81238455

