-9.94819861 53.91314362
-9.95243608 53.88456656
-10.02651425 53.92055919
-10.06250688 53.95970409
-10.26569861 53.97768749
-10.18102678 54.01685822
-10.13976315 54.00520519
-9.99636105 54.00362906
-9.95613095 53.98722179
-9.94819861 53.91314362
NaN  NaN
-7.401429 55.00330964
-7.44597409 54.90512442
-7.45124508 54.87711579
-7.50219805 54.82543936
-7.55041216 54.76794933
-7.60642941 54.74570262
-7.6899902 54.72800345
-7.73748084 54.7104593
-7.79727047 54.71929597
-7.87292477 54.71784903
-7.91059689 54.69831533
-7.90873654 54.68332917
-7.88615394 54.66606924
-7.81985307 54.63971426
-7.74626583 54.61583975
-7.75440487 54.59493663
-7.79380815 54.57124299
-8.0443355 54.51246105
-8.11895626 54.47695934
-8.14479448 54.45349824
-8.11823279 54.41424999
-7.91845171 54.29658275
-7.88444861 54.28376699
-7.85494137 54.21526988
-7.67877641 54.18666698
-7.60653276 54.14382722
-7.54441769 54.13359528
-7.40943885 54.13731599
-7.3551786 54.12124462
-7.32450863 54.13344025
-7.30673194 54.15599702
-7.19304379 54.21410716
-7.15544918 54.23950613
-7.17808346 54.27487865
-7.20257809 54.30180207
-7.1334867 54.35539053
-7.04969337 54.40825552
-7.0077321 54.40670523
-6.93616024 54.37432994
-6.87722327 54.32908723
-6.8692651 54.2940506
-6.85833554 54.26867748
-6.8026025 54.21436555
-6.76658403 54.195607
-6.66953569 54.18470327
-6.64684974 54.16343842
-6.66421302 54.08476105
-6.64982113 54.05863862
-6.54814775 54.05726919
-6.4402732 54.06362539
-6.40257524 54.06062816
-6.36366289 54.07711294
-6.30366655 54.09488963
-6.21801286 54.08874014
-6.17574154 54.05349681
-6.15693132 54.01721996
-6.23067359 54.00362906
-6.3076198 54.01101879
-6.34516273 53.98719595
-6.34761736 53.94130728
-6.32157243 53.8821636
-6.27010271 53.84022818
-6.22901994 53.74571198
-6.19486182 53.6408605
-6.1418418 53.57755687
-6.13093808 53.49890534
-6.13876706 53.46030305
-6.12907772 53.39084992
-6.15166033 53.36640697
-6.13471046 53.30124299
-6.07228533 53.16631582
-6.04500017 53.09117829
-6.02737851 52.92710562
-6.0714585 52.8656365
-6.13067969 52.80726797
-6.16930783 52.7381249
-6.19920264 52.66345246
-6.21723772 52.54309805
-6.34539527 52.40202139
-6.39993974 52.36693309
-6.46316586 52.34538402
-6.32500892 52.24668203
-6.43794776 52.20267955
-6.5610927 52.18880443
-6.69731177 52.21350576
-6.78221615 52.21048269
-6.8597308 52.1785725
-6.89024573 52.15924551
-6.91466285 52.16854727
-6.96577084 52.2494984
-7.00328793 52.16591177
-7.08178443 52.13929841
-7.21619483 52.14495698
-7.44088396 52.12271027
-7.52728695 52.09888744
-7.56317624 52.06162873
-7.58981544 52.01853059
-7.62490373 51.99310578
-7.6645654 51.97972158
-7.83801734 51.94799226
-7.87217546 51.93527985
-7.95248064 51.86577505
-8.05779721 51.82557079
-8.14502702 51.81350434
-8.22243832 51.85399282
-8.254271 51.87833242
-8.2902378 51.89068309
-8.40919695 51.88877106
-8.37162818 51.87626537
-8.34739193 51.8476883
-8.33560971 51.79296296
-8.34909726 51.73932282
-8.40780168 51.71203767
-8.47784909 51.70702505
-8.58830746 51.65136953
-8.73447425 51.63617666
-8.81341 51.58491364
-9.29648129 51.49822643
-9.3238698 51.49721874
-9.39058407 51.51928457
-9.46290524 51.52905142
-9.53483883 51.52217845
-9.73730709 51.47370596
-9.83533729 51.48334361
-9.71035784 51.60372386
-9.54235775 51.66444367
-9.52489112 51.68108348
-9.57984901 51.6892742
-9.89900265 51.64708039
-10.00992611 51.61111359
-10.12074622 51.60067495
-10.06945736 51.65555532
-9.926417 51.7307187
-9.84972917 51.76609121
-9.80288449 51.7801472
-9.74950273 51.82427888
-9.59881426 51.87440502
-10.08423682 51.77100047
-10.21169674 51.78360952
-10.24174659 51.81247081
-10.34106869 51.79890575
-10.37868913 51.86877228
-10.23159217 51.97450227
-10.14583513 52.0200292
-10.0440584 52.04457551
-9.94605404 52.07981883
-9.909648 52.12296865
-9.95582089 52.13666291
-10.24952389 52.12573334
-10.39023882 52.13490591
-10.38261654 52.16908987
-10.35667497 52.20694286
-10.21094743 52.27169343
-10.1320892 52.28208039
-10.06175757 52.27593089
-9.99313127 52.25931692
-9.93732073 52.23763866
-9.77211117 52.25009268
-9.84104753 52.29143382
-9.85324317 52.37551138
-9.90605648 52.40370087
-9.83846371 52.44269074
-9.76110409 52.46635855
-9.63219723 52.54692211
-9.58630856 52.55916942
-9.33125953 52.57878063
-9.0561342 52.62112946
-8.78343767 52.67962718
-8.9232741 52.71228669
-8.99027259 52.75543651
-9.09788876 52.66825837
-9.17540341 52.63492707
-9.3942531 52.6170987
-9.46349952 52.62691722
-9.56101295 52.653944
-9.59134701 52.64366039
-9.61953651 52.62273143
-9.76435971 52.57999502
-9.91657264 52.56971141
-9.7396067 52.64820791
-9.51499508 52.78117137
-9.46489478 52.82318431
-9.39363298 52.89625479
-9.41575049 52.92875926
-9.46197506 52.94725943
-9.29924598 53.09753449
-9.24188514 53.12487132
-9.13762794 53.12926382
-9.06114682 53.15308666
-9.02745378 53.15319001
-8.99719723 53.16207836
-8.93012122 53.20708853
-9.0335516 53.23571727
-9.14031511 53.25047089
-9.47076006 53.23483877
-9.5141941 53.23824942
-9.55517351 53.25204702
-9.5817352 53.27199413
-9.60175981 53.3230246
-9.62599606 53.33449677
-9.70059099 53.33449677
-9.77407488 53.31886465
-9.82538957 53.32036327
-9.8757741 53.34273916
-9.79541724 53.39498404
-9.89900265 53.40728303
-10.00393165 53.39699942
-10.09126482 53.41286408
-10.09400367 53.4456011
-10.05436785 53.47833812
-10.10625098 53.50934398
-10.11699968 53.54851472
-10.06173174 53.5678417
-10.00134783 53.56140799
-9.8782804 53.5904243
-9.72064145 53.60448029
-9.85587867 53.63310904
-9.90969967 53.65760366
-9.91233517 53.69509492
-9.90161231 53.72721182
-9.74505856 53.78149791
-9.5782212 53.80539826
-9.59052019 53.84115835
-9.57884132 53.87981232
-9.74751319 53.89102611
-9.91409217 53.86374095
-9.89623796 53.93758657
-9.85634376 54.00430085
-9.84848894 54.04830333
-9.85644711 54.09535472
-9.93447852 54.07525259
-9.94359941 54.14160513
-9.97708574 54.18713207
-10.09268592 54.15576447
-10.08971452 54.21581249
-10.05638323 54.25782543
-9.99594764 54.27604137
-9.93592546 54.26810904
-9.82456275 54.26888418
-9.71712745 54.30045848
-9.56230486 54.30854584
-9.31552405 54.29862397
-9.14589617 54.20961131
-9.10210039 54.22552766
-9.03430091 54.28180329
-9.00246823 54.28800446
-8.74679908 54.26345816
-8.58802324 54.23110871
-8.54557105 54.24118561
-8.56846371 54.30361074
-8.62313738 54.34686392
-8.5544594 54.40355296
-8.47100196 54.44192272
-8.41521725 54.46106883
-8.2865171 54.48483999
-8.23039649 54.50726756
-8.19298275 54.58013133
-8.1334515 54.64079947
-8.4565584 54.60930268
-8.76390398 54.68121044
-8.7151731 54.73200837
-8.65031918 54.76089549
-8.53825884 54.78296133
-8.52769101 54.80947134
-8.47100196 54.83153718
-8.37728675 54.88946646
-8.41172909 54.96506908
-8.39328061 55.0203887
-8.32579118 55.05643301
-8.3047072 55.1082128
-8.27457984 55.14629833
-8.13768897 55.15988923
-8.00612077 55.19528758
-7.95857846 55.19187694
-7.80316159 55.20004182
-7.75052914 55.18577912
-7.76254391 55.24835928
-7.6670717 55.25647248
-7.62981299 55.24399262
-7.61340573 55.19968008
-7.57002336 55.1713614
-7.55661333 55.12221711
-7.58568132 55.08423493
-7.63428301 55.05498607
-7.58981544 55.02506542
-7.6587518 54.97096019
-7.58438941 54.99398204
-7.47840105 55.04697622
-7.48393043 55.09028107
-7.5019655 55.14474803
-7.53144691 55.19384064
-7.51788184 55.24797171
-7.45829892 55.28179393
-7.301771 55.29879548
-7.36595313 55.36021292
-7.308799 55.36581981
-7.24668393 55.35300406
-7.15531999 55.30515168
-7.06023536 55.26763459
-6.96166256 55.23786896
-7.0564113 55.17831188
-7.17286414 55.13699657
-7.21862362 55.09201223
-7.37690854 55.02770091
-7.401429 55.00330964
NaN  NaN
