# Italy
# from http://www.rjruss.info/2010/12/free-countries-of-world-in-polygon-kml.html
12.05128543 36.75703319
12.00332971 36.74597443
11.94059452 36.78039094
11.9364604 36.82860505
11.94803592 36.84304861
12.02420698 36.8209311
12.0480815 36.77636018
12.05128543 36.75703319

12.39689741 43.93455374
12.42635298 43.89409109
12.48526411 43.90142914
12.514668 43.95297639
12.50366092 43.98977001
12.44108076 43.98240611
12.39689741 43.93455374

15.57654829 38.22030305
15.50885217 38.10666657
15.4756759 38.06294831
15.23445031 37.78482575
15.2068551 37.72054027
15.18980187 37.65072541
15.16479048 37.58954051
15.13109745 37.53186962
15.09947147 37.45861827
15.10567264 37.37549673
15.1169381 37.33472403
15.14598026 37.30800731
15.19362593 37.28286673
15.2303162 37.24434195
15.17409224 37.20920197
15.2360006 37.13871532
15.28871056 37.09690908
15.29573856 37.05518037
15.29449833 37.01327078
15.18515099 36.93480012
15.14236291 36.89159862
15.11580122 36.83925039
15.10432905 36.78524852
15.11631799 36.73646597
15.11259728 36.68783845
15.00242313 36.69388459
14.88966515 36.72354686
14.775977 36.71042105
14.61433312 36.76659333
14.55542199 36.77677359
14.50188521 36.79868439
14.36731978 36.97283397
14.25910933 37.04642121
14.14294071 37.1036787
14.02429162 37.10714102
13.90543583 37.10062979
13.80063602 37.13587311
13.587109 37.25416047
13.36097293 37.34872834
13.26495812 37.41032665
13.22113651 37.45182282
13.16987349 37.47931468
13.04037235 37.50654816
12.92410038 37.57052359
12.87118371 37.57517447
12.75728885 37.56737132
12.69899784 37.5718155
12.64019006 37.59434642
12.52681196 37.66950979
12.45436161 37.77376699
12.43555139 37.81975902
12.48681441 37.93871817
12.54768924 38.05294892
12.60163944 38.08493663
12.66437463 38.10790681
12.70230513 38.14170319
12.73434452 38.18304434
12.85071984 38.06372346
12.90270633 38.03483633
12.95551965 38.04129588
13.04905399 38.08408397
13.05680545 38.13090282
13.15995161 38.19033072
13.2911064 38.19144176
13.35167118 38.18053803
13.38350386 38.12682038
13.43352665 38.11023225
13.4913009 38.1031009
13.68157352 38.00072989
13.7349036 37.9840384
13.78885379 37.98122203
13.93664839 38.02419099
14.05002648 38.04052074
14.28773807 38.01682709
14.41620568 38.0425878
14.50591597 38.04548168
14.6367607 38.08506582
14.73721968 38.15077241
14.78961958 38.16699881
14.84584354 38.17167552
14.98195926 38.16756725
15.11879846 38.15271027
15.17605594 38.16805817
15.22401167 38.21105296
15.27961551 38.23037995
15.34069706 38.21733165
15.49872359 38.29086721
15.56838342 38.29587983
15.6346326 38.26758698
15.57654829 38.22030305

8.47889367 39.06751232
8.42142948 38.96862946
8.36096805 39.03867687
8.35859094 39.09877656
8.36675581 39.11593313
8.44065311 39.09061168
8.47889367 39.06751232

13.93830204 40.70562938
13.8936536 40.69697358
13.86771203 40.70875581
13.85355269 40.72407787
13.87122603 40.76180166
13.9620732 40.73939993
13.96083296 40.71818675
13.93830204 40.70562938

8.28603722 41.03984671
8.2527576 40.9941389
8.2056287 40.99744619
8.22402551 41.03129426
8.26733036 41.09914541
8.32024702 41.12188304
8.34370812 41.10162588
8.31890344 41.0627652
8.28603722 41.03984671

9.63200158 40.88205272
9.68202437 40.81810314
9.79436893 40.55618114
9.80522098 40.49956961
9.78279341 40.44151114
9.75416467 40.40027334
9.64295698 40.26839509
9.65949344 40.15922862
9.70073124 40.09181672
9.7067257 40.01704092
9.68605513 39.92438508
9.61701542 39.35441987
9.58363244 39.25357331
9.5624451 39.16603343
9.48637739 39.1395751
9.38808882 39.16753205
9.26416874 39.21677969
9.20691125 39.21383413
9.1493437 39.19698762
9.10180139 39.21130199
9.05632612 39.23918142
9.02263309 39.04325023
8.96661584 38.9637202
8.88134972 38.91287059
8.8011479 38.90969249
8.71856896 38.92671988
8.64849572 38.92656485
8.59537235 38.96431448
8.55330773 39.03033112
8.48623172 39.11050711
8.41812219 39.20572093
8.41078413 39.29178803
8.39910526 39.48156973
8.41863895 39.5230659
8.44706099 39.56280508
8.46101362 39.64770946
8.4511951 39.72165843
8.47103885 39.74811677
8.51072635 39.72165843
8.54049198 39.73158031
8.53863163 39.76966584
8.54772668 39.83922232
8.49584354 39.89743582
8.4077869 39.91725373
8.39931196 39.97818024
8.40861372 40.03763398
8.45512251 40.0776057
8.47083215 40.13072907
8.47124556 40.29268301
8.40913049 40.35236929
8.38535933 40.44269969
8.35321659 40.50052562
8.29554569 40.55866161
8.23022668 40.60597138
8.18991906 40.65162751
8.18082401 40.77105174
8.20376834 40.87070974
8.22423221 40.9133428
8.24521284 40.90701244
8.31011844 40.85750642
8.36324181 40.84634431
8.46845503 40.83432954
8.57191125 40.8501942
8.69893192 40.89525605
8.82119836 40.94990388
8.99813846 41.1103592
9.10717573 41.14291535
9.16308963 41.185135
9.18210656 41.24218578
9.22840864 41.25706859
9.28297896 41.20167145
9.35077844 41.19588369
9.45516483 41.15012421
9.50022668 41.10632844
9.5387773 41.05367015
9.57567427 41.03051911
9.61536177 41.01728994
9.62114953 41.0048876
9.58973026 40.99248526
9.55366011 40.93212718
9.57402062 40.9147639
9.63200158 40.88205272

10.39515913 42.85813365
10.4283354 42.81919546
10.43226281 42.79658702
10.40993859 42.77098135
10.4193437 42.7132071
10.33562788 42.76113699
10.20902062 42.73690074
10.13129927 42.74204255
10.10980187 42.78503734
10.12757857 42.81030712
10.24819136 42.81575898
10.28570845 42.82808381
10.35898563 42.82229605
10.39515913 42.85813365

12.13076379 46.98478099
12.15412153 46.93527497
12.26801639 46.83587535
12.33013146 46.75983348
12.38831913 46.70265351
12.47916629 46.67250031
12.59864221 46.6541035
12.69982466 46.64743724
12.80555464 46.62588817
13.16873661 46.57266144
13.35156782 46.55793366
13.49006066 46.55555655
13.69997033 46.52026154
13.67971317 46.4629007
13.63713179 46.44853465
13.56323449 46.4151
13.47848514 46.36921133
13.39952355 46.3175349
13.37818119 46.26159516
13.39962691 46.22495657
13.42102095 46.21229584
13.44975305 46.22350963
13.49176598 46.21661083
13.54468265 46.19656037
13.63248091 46.17702668
13.63496138 46.15775137
13.61656457 46.13310171
13.54804162 46.08912507
13.48644331 46.03954153
13.48029382 46.0092333
13.48768355 45.98708995
13.50918094 45.97378327
13.60054487 45.97977774
13.61398075 45.96169099
13.56964237 45.83412771
13.58343998 45.81237193
13.66348677 45.79198558
13.72167443 45.76126394
13.83117679 45.68041616
13.87474002 45.61483877
13.84476769 45.59285045
13.77593469 45.58197256
13.71986576 45.58757945
13.78327274 45.62724112
13.6283468 45.77095327
13.5581702 45.77069489
13.46515262 45.70994925
13.20635705 45.77136669
13.15674767 45.746562
13.12016076 45.6978828
13.03024377 45.63749889
12.90301639 45.61078217
12.76121626 45.5442746
12.61166467 45.49722321
12.4975631 45.46166983
12.43214074 45.46792268
12.53611372 45.54492056
12.49177534 45.54628998
12.35379927 45.49197805
12.27432092 45.44606354
12.24879276 45.36883312
12.22564172 45.24152823
12.28630985 45.20773184
12.39245324 45.03980927
12.52340132 44.96795319
12.49797652 44.89943024
12.46356001 44.84522167
12.38449507 44.79835114
12.31907271 44.83312938
12.27886844 44.83222504
12.24837935 44.72249014
12.30501672 44.42943309
12.3962773 44.22386424
12.48681441 44.13420563
12.69114302 43.99470511
12.90704715 43.92119538
13.29534387 43.68609345
13.50825077 43.61165355
13.56416467 43.57129426
13.69325239 43.38990998
13.80466678 43.18036205
13.92486616 42.85154491
14.01044234 42.68956513
14.18273156 42.50642386
14.54074588 42.24426931
14.8661007 42.05252391
15.16871789 41.93402985
15.40498254 41.91323009
15.96401818 41.93943004
16.06147993 41.92813874
16.16462609 41.8962027
16.18912072 41.81401134
16.15129357 41.75848501
16.03367801 41.70076244
15.91378869 41.62087067
15.90045617 41.51206594
16.01259403 41.43540396
16.55188928 41.23203136
17.10338016 41.06217093
17.27515262 40.97543203
17.47421024 40.84055655
17.95500777 40.65519318
18.03613976 40.56496613
18.32821496 40.37086945
18.46060998 40.22105948
18.48582808 40.10483918
18.42257612 39.98686188
18.39343062 39.90363699
18.34371789 39.82139395
18.21938439 39.85255484
18.07789432 39.93694245
17.86498742 40.28017731
17.47617394 40.31495555
17.39576542 40.34022533
17.25768599 40.39908478
17.24941776 40.43786795
17.21531131 40.48641796
17.17996463 40.50279938
17.03123986 40.51347057
16.92819706 40.45807343
16.8070675 40.3264794
16.66960819 40.13718863
16.52997847 39.85968618
16.52191695 39.74754833
16.59777795 39.63892447
16.82432743 39.57833385
16.99920047 39.48159557
17.11454227 39.38059398
17.12291385 39.13657787
17.17459028 38.99811087
17.09852258 38.91935598
16.95145145 38.93979401
16.75549442 38.88971955
16.61669152 38.80013845
16.55902062 38.71479483
16.57421349 38.49354218
16.54558475 38.40907705
16.28244836 38.24955191
16.14416223 38.08635773
16.10974572 38.01866161
16.05682905 37.94184459
15.72454959 37.93913158
15.64579471 38.03421621
15.64310754 38.17539623
15.70015832 38.26229015
15.8223214 38.30298534
15.90479699 38.48349112
15.87885542 38.61392243
15.9269145 38.67174836
15.97238976 38.71257274
16.0655107 38.73644725
16.19676883 38.75923656
16.209998 38.94111176
16.10747196 39.02381989
16.07150516 39.13944591
16.02365278 39.35359304
15.85436079 39.62649628
15.76372033 39.87007315
15.69282027 39.99016918
15.58512658 40.05285269
15.39092655 40.05212922
15.29449833 40.0700351
14.95085005 40.2389912
14.92697554 40.26472606
14.92914595 40.3095812
14.98609338 40.37748404
14.94764611 40.46933889
14.90692508 40.55607779
14.83953902 40.63000092
14.76574507 40.66842235
14.61123254 40.64475454
14.55697228 40.62640941
14.45940718 40.63271393
14.38271935 40.59987356
14.33993127 40.5988142
14.46054406 40.72872875
14.42809126 40.75932119
14.30892541 40.81265127
14.14717818 40.8207128
14.10232303 40.82717235
14.0758647 40.79397024
14.04434208 40.81223786
14.04764937 40.87029633
13.85975386 41.12999624
13.73335331 41.23562287
13.66968794 41.25448477
13.55475956 41.23218639
13.36190311 41.27854015
13.24687137 41.2888496
13.18341271 41.27768749
13.08863814 41.24383942
13.04099247 41.26621532
13.0242493 41.30094188
12.84916955 41.40873892
12.6308883 41.46966543
12.20569461 41.81264191
12.0752633 41.94085114
11.80706262 42.08203115
11.63735721 42.28754833
11.49845096 42.3629184
11.29629276 42.42330231
11.24968062 42.41570588
11.18890913 42.39312328
11.14126346 42.3898935
11.10322961 42.41658438
11.14178023 42.44407624
11.18477502 42.45658194
11.16782515 42.53515595
10.93776167 42.73873526
10.80309289 42.80431265
10.76516239 42.84467194
10.73715376 42.89996573
10.70842167 42.9363201
10.64465295 42.95717154
10.59018599 42.95360586
10.51484175 42.96750682
10.51732222 43.0651236
10.53230838 43.14015778
10.52083622 43.20382315
10.44755903 43.37120311
10.32053836 43.51310659
10.24581424 43.85210399
10.18803999 43.94749868
10.0476868 44.01994904
9.73091027 44.10118439
9.28938683 44.31925894
9.19595584 44.32300548
8.93033898 44.40778067
8.76580122 44.42230174
8.55196415 44.34613068
8.29234175 44.13653107
8.08160526 43.91892162
8.00502079 43.87675365
7.73330611 43.80257213
7.49311405 43.76714794
7.49053023 43.82295848
7.48200361 43.86489391
7.52267297 43.9110668
7.5896973 43.96543041
7.65150231 44.0336433
7.67713382 44.08314932
7.66504154 44.11604137
7.63723962 44.16484976
7.59946415 44.16836376
7.37089929 44.12738435
7.31855106 44.13797801
7.14936242 44.20169505
6.96725467 44.28001069
6.90023034 44.33574372
6.87485721 44.39201935
6.89387414 44.42819286
6.87857792 44.46328115
6.84292118 44.51069428
6.87516727 44.56456696
6.93190799 44.63164297
6.96033003 44.67716991
7.00787235 44.68897797
7.03071333 44.71670238
6.99267948 44.82728994
6.97283573 44.8450408
6.93986616 44.85876089
6.88932661 44.86028535
6.80111494 44.88315217
6.73822472 44.92139273
6.7246855 44.97301748
6.69140588 45.02260102
6.63476851 45.06817963
6.62768884 45.11796988
6.69228438 45.14429902
6.78034102 45.14533255
6.84230106 45.13564322
6.98120731 45.21558666
7.03236698 45.22258881
7.078359 45.23992626
7.11680627 45.34904104
7.14636519 45.38172639
7.15339318 45.40095002
7.12610803 45.42368765
7.01366011 45.50050467
6.96239709 45.5805773
6.8814718 45.67033926
6.80623091 45.71000092
6.79093469 45.74087759
6.78917769 45.7801
6.80447391 45.81456818
6.94079634 45.86836335
7.02110152 45.92577587
7.05572472 45.90378754
7.12900191 45.88040396
7.32795617 45.91233999
7.4515662 45.9444569
7.53858931 45.97817577
7.5925395 45.97223298
7.78787642 45.92184846
7.85236861 45.94747997
7.99313521 46.01589956
8.01421919 46.0518922
8.12522017 46.16095531
8.12728722 46.18759451
8.08150191 46.25601411
8.09566125 46.27102611
8.231932 46.3412027
8.29854292 46.40342113
8.37068322 46.44512401
8.42256636 46.44602835
8.43682905 46.43189484
8.44292687 46.40280101
8.4384827 46.28286001
8.4584298 46.24591136
8.56540002 46.15981843
8.64167443 46.11080333
8.81851118 46.07713614
8.82677941 46.06101309
8.77799686 45.99621084
8.88517378 45.91869619
8.90429406 45.86195547
8.95369673 45.83004527
9.02376997 45.8456774
9.04671431 45.87559805
9.01917077 45.9281013
8.99891361 45.98311087
9.00304772 46.01489187
9.02237471 46.05147879
9.07100223 46.10245759
9.20344893 46.21924632
9.2510946 46.28676158
9.25972456 46.39127717
9.26013797 46.47519969
9.304373 46.49556021
9.39935428 46.4806774
9.42762129 46.48233104
9.44059208 46.43080964
9.48105472 46.34879914
9.52870039 46.30621776
9.57960168 46.29611502
9.63949466 46.29588247
9.78775435 46.34603445
9.88444095 46.36776439
9.93926965 46.36179576
9.97167077 46.32766348
10.04102054 46.23810822
10.08055301 46.22797964
10.12835371 46.23821157
10.14520023 46.25353364
10.12990401 46.28797598
10.10964684 46.36285513
10.0818966 46.42073273
10.04561974 46.44791454
10.03823001 46.4831837
10.06122603 46.54679739
10.08701257 46.59989492
10.13750044 46.61436433
10.19553307 46.62108226
10.27227258 46.5648583
10.36306807 46.54708161
10.43060917 46.55005301
10.44249474 46.5828417
10.43825728 46.61883434
10.39794966 46.66503307
10.40601118 46.73487377
10.45283003 46.86494335
10.47939172 46.85512482
10.57974735 46.85372956
10.68930139 46.84639151
10.75978804 46.79331981
10.82893111 46.77523306
10.92732303 46.76949698
10.99326216 46.77699006
11.02509484 46.79698884
11.06349043 46.85912975
11.13392541 46.93617931
11.24440962 46.97568594
11.43318363 46.98307567
11.52754479 46.99741588
11.62552331 46.99656322
11.69936893 46.98467764
11.77564334 46.9860729
11.96948164 47.03971304
12.16941776 47.08213939
12.197168 47.0749822
12.20125044 47.06090038
12.16549035 47.0281892
12.13076379 46.98478099

