-3.08673113 5.12831778
-3.11401628 5.08865611
-3.2464113 5.11408092
-3.21488868 5.14723135
-3.08673113 5.12831778
NaN  NaN
-6.23064775 10.59749299
-6.23971697 10.55811555
-6.21778032 10.47628592
-6.19067603 10.40026988
-6.19263974 10.36944489
-6.21498979 10.32236766
-6.2412931 10.27921784
-6.23837338 10.26164785
-6.19685137 10.23214061
-6.11721798 10.20188406
-6.03456153 10.19480439
-5.9886987 10.23911693
-5.94069129 10.27508373
-5.9075667 10.30722647
-5.89619788 10.35471711
-5.84384966 10.38954702
-5.69429806 10.43321361
-5.55660621 10.43993155
-5.52355913 10.42600475
-5.46128903 10.35954886
-5.38227576 10.31399608
-5.26228309 10.31968049
-5.17531165 10.29262788
-5.09986406 10.24162324
-5.04932451 10.12832266
-4.99403073 10.04649303
-4.96989783 9.93006603
-4.88271969 9.86893281
-4.81448096 9.84115672
-4.72174761 9.7565624
-4.62583615 9.71356761
-4.5266174 9.72348949
-4.48026364 9.67922862
-4.40621131 9.64801606
-4.33221066 9.64571646
-4.26717587 9.74325572
-4.18116045 9.78175467
-3.96347348 9.85963105
-3.87766476 9.89490021
-3.79064165 9.91719859
-3.58114539 9.9243041
-3.38627357 9.90027456
-3.28969031 9.88223949
-3.22354448 9.89546865
-3.16070594 9.84916657
-3.09582618 9.75211823
-3.04262529 9.72087983
-2.98826168 9.68734182
-2.94813493 9.61073151
-2.90087684 9.53461213
-2.87514197 9.50094493
-2.81674761 9.42583324
-2.76662147 9.42472219
-2.71719296 9.45714916
-2.69585059 9.48133373
-2.68610958 9.43172435
-2.70574663 9.35139334
-2.70179338 9.30168061
-2.67422401 9.28261201
-2.68921017 9.21861074
-2.74667436 9.10962515
-2.74693275 9.04513296
-2.68988196 9.02508251
-2.64921261 8.95661123
-2.62492469 8.83961579
-2.60040422 8.80044505
-2.59800127 8.77636384
-2.55686683 8.49302196
-2.50586219 8.2087499
-2.53826331 8.17164623
-2.58275672 8.16079418
-2.61169552 8.14756501
-2.61996375 8.12110668
-2.60094682 8.082246
-2.61334917 8.04669261
-2.66884966 8.02219798
-2.78977251 7.93191926
-2.79814409 7.89600414
-2.8301318 7.81905793
-2.85690019 7.77208405
-2.89635515 7.68500926
-2.95909034 7.45453238
-2.98231889 7.26363963
-2.98578122 7.20485769
-3.01017249 7.16374909
-3.03771603 7.10460541
-3.16889665 6.94097199
-3.2357918 6.80723338
-3.22716183 6.7490974
-3.22411292 6.69075471
-3.243905 6.64869009
-3.24028764 6.53562206
-3.22403541 6.44105419
-3.20060014 6.34826915
-3.10559302 6.08562368
-3.05616452 5.92627941
-3.02531369 5.79776012
-2.99828691 5.71130545
-2.97281043 5.67629466
-2.96226844 5.64301504
-2.82119178 5.61919221
-2.79364824 5.60007193
-2.75499427 5.43253693
-2.76191891 5.35693431
-2.78961748 5.32820222
-2.7886873 5.26412344
-2.79519853 5.18454173
-2.8156624 5.15301911
-2.8947015 5.14904003
-2.94836748 5.11886099
-3.01913835 5.13082408
-3.02585629 5.15053864
-3.06396766 5.15772167
-3.16868995 5.20301606
-3.15143002 5.34830435
-3.19995419 5.35447968
-3.23762631 5.33538524
-3.31198869 5.16079641
-3.34754208 5.13064322
-3.87058509 5.22071524
-3.98419573 5.29313976
-4.12015642 5.30972789
-4.35727373 5.30143382
-4.55284319 5.27988475
-4.60891212 5.23590811
-4.11516964 5.26164297
-4.06207211 5.2566562
-4.03721575 5.23014619
-4.66154456 5.1725528
-4.8996954 5.138343
-4.97013038 5.14774811
-5.023693 5.20361034
-5.28238522 5.21025076
-5.33543108 5.19200898
-5.36752214 5.15079702
-5.26577125 5.15973705
-5.10490251 5.16216584
-5.06180437 5.13066905
-5.56474525 5.0894571
-5.91374203 5.0109606
-6.0617175 4.95282461
-6.54843197 4.76177684
-6.84515805 4.67149811
-6.92290524 4.63832184
-7.0579616 4.54473583
-7.2313877 4.48597972
-7.4261045 4.37601227
-7.54496029 4.35131094
-7.57159949 4.38642508
-7.5746484 4.5723052
-7.59118486 4.82154064
-7.58503537 4.91675446
-7.56932573 5.00646475
-7.56891232 5.08067211
-7.50979448 5.10847403
-7.49413652 5.13981578
-7.4851965 5.23642487
-7.4298252 5.32450735
-7.42892086 5.477883
-7.41243608 5.50989655
-7.39993039 5.55059174
-7.42370154 5.65133495
-7.45439735 5.84129751
-7.46943519 5.85372569
-7.48279354 5.84553498
-7.5139286 5.84202098
-7.63614336 5.90770173
-7.73037533 5.9190447
-7.796547 5.9750878
-7.8009395 6.03893403
-7.83323727 6.0763736
-7.85550981 6.15016755
-7.88863441 6.23486522
-7.98160031 6.28615408
-8.06895932 6.29840139
-8.13099687 6.28754934
-8.20386064 6.29072744
-8.28711138 6.31904613
-8.34485979 6.35129222
-8.39930091 6.41317475
-8.44989214 6.4624999
-8.49035478 6.45637625
-8.53955075 6.46808096
-8.58786821 6.49050853
-8.60357785 6.50782014
-8.40121294 6.70512075
-8.33258664 6.80154898
-8.32511939 6.86040843
-8.32449927 6.92004304
-8.30235592 6.98094371
-8.29661984 7.0740388
-8.4087577 7.41179597
-8.4371539 7.51638906
-8.46725542 7.54703319
-8.48642737 7.55850536
-8.42997087 7.60186188
-8.35175859 7.59057058
-8.23186927 7.55674836
-8.20595354 7.59023469
-8.11544227 7.76074108
-8.11781938 7.82401887
-8.12683692 7.86773713
-8.07384274 7.98442251
-8.03175229 8.02971691
-8.00986732 8.07849946
-8.01674028 8.14492951
-8.04857296 8.1697342
-8.09053423 8.16516083
-8.14060869 8.18146475
-8.21714149 8.21967947
-8.25610552 8.2537084
-8.24414242 8.40793671
-8.2369594 8.4556599
-8.20993262 8.48325511
-8.16779049 8.49067068
-8.0491414 8.49529572
-7.95312659 8.47772573
-7.86876482 8.46754548
-7.82357378 8.46764883
-7.78740028 8.42196686
-7.73895362 8.37525137
-7.69611386 8.3756131
-7.68120521 8.41033967
-7.69097205 8.56247508
-7.71957496 8.6430128
-7.78404131 8.7206308
-7.95095618 8.78680248
-7.95496111 8.87943248
-7.93816627 8.97976227
-7.90209612 9.01707266
-7.77799516 9.08084138
-7.79980262 9.11505117
-7.83938677 9.15161225
-7.91808997 9.18850922
-7.90002906 9.30868277
-7.896205 9.41585969
-7.96268673 9.40387075
-8.03100298 9.39764374
-8.08867388 9.43066498
-8.1369655 9.49569977
-8.14603472 9.67481029
-8.14585385 9.88172272
-8.15518144 9.97319001
-8.1366296 10.02207591
-8.07782182 10.06711192
-8.01353634 10.12527375
-7.99064368 10.16250662
-7.96092973 10.16346263
-7.88406104 10.18576101
-7.81422034 10.23658478
-7.7490822 10.34228893
-7.66115475 10.42745169
-7.56211687 10.42122468
-7.53284217 10.43683096
-7.49796058 10.43977652
-7.45656776 10.38391429
-7.41478736 10.34130707
-7.38504757 10.34011852
-7.3631626 10.25934825
-7.18232093 10.22568106
-7.10490963 10.20353771
-7.03974565 10.14475576
-7.01711138 10.14325715
-6.98946448 10.15565949
-6.96817379 10.17622671
-6.96383297 10.19870596
-6.99173825 10.25188101
-6.97949093 10.29957836
-6.95034542 10.34231476
-6.90383664 10.34505362
-6.83366004 10.35699087
-6.75319984 10.3571459
-6.69328101 10.34944611
-6.66932899 10.39218252
-6.69196326 10.51202017
-6.68612383 10.57801097
-6.67635698 10.63376984
-6.65413611 10.6564558
-6.5646067 10.58643423
-6.4825962 10.56121613
-6.42391761 10.55914907
-6.40753618 10.5723524
-6.43259925 10.64875601
-6.42585548 10.6718037
-6.40415137 10.68511038
-6.36565243 10.69283601
-6.26113685 10.72407441
-6.25023312 10.71792491
-6.23064775 10.59749299
NaN  NaN
