# Kenya
# from http://www.rjruss.info/2010/12/free-countries-of-world-in-polygon-kml.html
40.99442834 -2.15842091
40.95732466 -2.16725758
40.97644494 -2.10979339
41.08599898 -2.03651621
41.13064741 -2.05305267
41.1392257 -2.06979583
41.13684859 -2.08509205
41.11814172 -2.10007822
40.99442834 -2.15842091

35.28759321 5.38406444
35.32531701 5.36489248
35.37787194 5.38514964
35.42396732 5.41328746
35.46866743 5.41910106
35.74503299 5.3440152
35.79143843 5.278567
35.7884412 5.20810619
35.80032678 5.15694652
35.77924279 5.10558015
35.75614343 4.95047333
35.76306807 4.80802725
35.84559533 4.702659
35.91985436 4.61984752
35.97871382 4.50383393
36.02196699 4.46812552
36.08196333 4.44972871
36.27182254 4.44471609
36.55299401 4.43724885
36.82362349 4.4301175
36.84827315 4.42732697
36.90558231 4.41146231
37.15455936 4.25454682
37.3825041 4.11083466
37.5754639 3.98593273
37.76289432 3.8646223
37.94495039 3.74674836
38.08618208 3.64882152
38.22529504 3.61900422
38.45153446 3.60484488
38.60806237 3.60009064
38.75275638 3.55900788
38.96783369 3.52058645
39.12828902 3.50089773
39.22549238 3.47878022
39.49446821 3.45609427
39.53885827 3.46919424
39.65750736 3.5778181
39.79036747 3.75424144
39.84219893 3.85144481
40.01412642 3.94797639
40.31602014 4.08272268
40.52872033 4.17765229
40.76524336 4.27302115
40.87267866 4.19033885
41.020835 4.05745291
41.08723921 3.99195303
41.14046594 3.96296255
41.22092614 3.94355805
41.31895633 3.94309296
41.37249312 3.94616771
41.4819438 3.96327261
41.73774214 3.97903392
41.88403812 3.97774201
41.76094486 3.80162873
41.61346032 3.59047883
41.34174564 3.20166535
41.13498823 2.99707836
40.97877038 2.84241079
40.96440433 2.81466055
40.96507612 2.64231965
40.96672977 2.22095002
40.97003706 1.37815908
40.973241 0.53541983
40.97654829 -0.30731943
40.97820194 -0.72874074
40.97877038 -0.87028248
41.11581628 -1.04742929
41.24981327 -1.22054534
41.42696008 -1.44947194
41.52188968 -1.57225514
41.53759932 -1.61318288
41.53274173 -1.6953484
41.38696252 -1.86701751
41.26748661 -1.94504892
41.10687626 -1.98235931
41.05871382 -1.97522796
40.99556522 -1.95062998
40.97076053 -1.99181609
40.95215702 -2.05594655
40.91660363 -2.042459
40.88973189 -2.02349375
40.90585493 -2.13749196
40.92239139 -2.19371592
40.89820682 -2.26993865
40.82017541 -2.33634287
40.81314741 -2.39236012
40.64416548 -2.53943125
40.40449019 -2.55565765
40.27850305 -2.62862477
40.22248579 -2.68836273
40.17980106 -2.81900075
40.19478723 -3.01919524
40.12812463 -3.17329437
40.11541223 -3.25060231
39.99169885 -3.35069956
39.93681848 -3.4424769
39.89630415 -3.53585622
39.86095747 -3.57678395
39.81909956 -3.7860735
39.76142866 -3.91304249
39.74582238 -3.95521046
39.73166304 -3.99324432
39.68691125 -4.06791676
39.65797245 -4.11917978
39.63709517 -4.15287282
39.49095422 -4.47843434
39.37695601 -4.62550547
39.28755578 -4.6085556
39.22812788 -4.66550302
39.22177168 -4.69237477
39.1901457 -4.67728525
39.11542158 -4.62349009
38.9618909 -4.5129542
38.8084119 -4.40246998
38.65488122 -4.2919341
38.50135054 -4.18139821
38.34781986 -4.07086232
38.19428918 -3.96032643
38.04081017 -3.84979054
37.88727949 -3.73925465
37.79720747 -3.67445241
37.7574683 -3.63610849
37.72615238 -3.5597824
37.71101118 -3.54081715
37.67013513 -3.51678761
37.62202437 -3.51151662
37.60817508 -3.49704721
37.60869185 -3.46025359
37.62533166 -3.40723358
37.68186568 -3.30574106
37.68796349 -3.24615814
37.67685306 -3.17846201
37.65917972 -3.07004485
37.6438835 -3.04544687
37.5421326 -2.9886028
37.32896732 -2.86959197
37.11580204 -2.75058115
36.90263675 -2.631622
36.68947147 -2.51261118
36.47630619 -2.39360036
36.2631409 -2.27464121
36.0500273 -2.15563038
35.83686201 -2.03661956
35.62369673 -1.91760874
35.41058312 -1.79859791
35.19741784 -1.67958709
34.98425256 -1.56057627
34.77108727 -1.44156544
34.55792199 -1.32255462
34.34475671 -1.20359547
34.13159142 -1.08458465
34.05154463 -1.03988454
33.97940433 -1.00205739
33.90323327 -1.00205739
33.89997765 -0.83162851
33.92436893 -0.39785654
33.92152673 -0.01700123
33.94312748 0.17378815
34.03723026 0.29455598
34.08053511 0.38245759
34.11174767 0.50513744
34.16099531 0.60518301
34.27256473 0.68641836
34.29261519 0.73127351
34.41085086 0.86728587
34.48175093 1.04215892
34.53523604 1.10153514
34.60200199 1.15646719
34.64913089 1.18530264
34.72669722 1.21424144
34.78757206 1.23072622
34.79863081 1.24452383
34.80379846 1.27284252
34.78354129 1.38113048
34.80953454 1.41668386
34.85092736 1.48900503
34.89836633 1.55649445
34.94125777 1.5992567
34.96523563 1.64336253
34.97644942 1.71963695
34.97820641 1.77363882
34.97753462 1.86190217
34.96404707 2.06240672
34.91397261 2.2302001
34.88301843 2.41794058
34.90575606 2.47969392
34.86622359 2.5896872
34.84663822 2.59573334
34.81449548 2.61981456
34.77341271 2.72342581
34.74245853 2.81812287
34.72328657 2.84194571
34.58913456 2.92475719
34.52257531 3.11999075
34.44785119 3.16347647
34.40723351 3.35752147
34.39943037 3.4127119
34.44185672 3.60624014
34.43767093 3.65057852
34.39286747 3.69150625
34.26708703 3.73315746
34.16507775 3.81299754
34.17820357 3.84087698
34.18574833 3.86976411
34.13200484 3.88916861
33.97609704 4.22020783
34.17685998 4.41911042
34.38020674 4.62067434
34.63982914 4.87546499
34.87836755 5.10958507
35.08445316 5.31187246
35.26831791 5.49230073
35.26382206 5.4579359
35.26464888 5.41204723
35.28759321 5.38406444

