# Kiribati
# from http://www.rjruss.info/2010/12/free-countries-of-world-in-polygon-kml.html
-151.78264197 -11.44100677
-151.79085853 -11.45681976
-151.80667152 -11.4512387
-151.81594744 -11.43118825
-151.81912554 -11.40927744
-151.81326026 -11.3918108
-151.80276995 -11.39263763
-151.79111691 -11.41434173
-151.78264197 -11.44100677

-155.86381405 -5.62668467
-155.88712012 -5.63180063
-155.91437944 -5.63159393
-155.92791867 -5.61851979
-155.92859046 -5.60766774
-155.91936622 -5.60756439
-155.91081377 -5.60947641
-155.87228899 -5.61128509
-155.86236711 -5.61913991
-155.86381405 -5.62668467

-174.51293413 -4.67506316
-174.50110023 -4.68839568
-174.50104855 -4.69475189
-174.5067588 -4.693615
-174.52388953 -4.6896876
-174.52923804 -4.68162607
-174.51675819 -4.68684539
-174.51148719 -4.68565683
-174.52306271 -4.67397796
-174.53308794 -4.66529632
-174.54068437 -4.66167897
-174.5408394 -4.65733815
-174.53138262 -4.65945688
-174.51293413 -4.67506316

-172.21457313 -4.51109385
-172.20832028 -4.51801849
-172.19390255 -4.51605478
-172.18095761 -4.51481455
-172.18883826 -4.52163584
-172.21524492 -4.52442636
-172.2283449 -4.50706308
-172.21219601 -4.49393727
-172.1978558 -4.49171518
-172.19638302 -4.49538421
-172.19720985 -4.49951832
-172.20387611 -4.49951832
-172.21475399 -4.50261891
-172.21457313 -4.51109385

-171.23321184 -4.46349985
-171.24300452 -4.46809905
-171.25455421 -4.46649708
-171.26178891 -4.45977915
-171.26194394 -4.44918548
-171.25240963 -4.44164072
-171.23938717 -4.44412119
-171.23189409 -4.45373301
-171.23321184 -4.46349985

-154.95624671 -4.08796722
-154.9590114 -4.09385833
-154.97107785 -4.08579681
-154.9946423 -4.0711207
-155.0145894 -4.0548943
-155.01502865 -4.04807301
-154.98694251 -4.03856455
-154.9512341 -4.03107147
-154.94337928 -4.04156178
-154.95004554 -4.05592783
-154.95624671 -4.08796722

-171.08513302 -3.13546722
-171.0897839 -3.14321868
-171.09670854 -3.13691416
-171.09174761 -3.12513193
-171.08771684 -3.11505503
-171.08099891 -3.1203777
-171.08513302 -3.13546722

-171.6976021 -2.76639414
-171.66499427 -2.78551442
-171.63967282 -2.81124928
-171.62763221 -2.84700937
-171.62843319 -2.85589772
-171.64737261 -2.85553598
-171.670627 -2.84447723
-171.68731849 -2.82974944
-171.69607764 -2.82566701
-171.69829973 -2.82230804
-171.67837847 -2.82453012
-171.65538245 -2.83982635
-171.6385101 -2.84669931
-171.63972449 -2.82923268
-171.6602142 -2.79853688
-171.67264238 -2.78799489
-171.68804196 -2.77910654
-171.70597368 -2.77311207
-171.71816932 -2.77858978
-171.7247839 -2.78132863
-171.72765194 -2.7741456
-171.72514564 -2.76784108
-171.71889279 -2.76138152
-171.6976021 -2.76639414

174.77323937 -1.2118637
174.77892378 -1.2633851
174.75597945 -1.25640879
174.74843469 -1.23646168
174.74099328 -1.18457855
174.71680871 -1.13367726
174.74409387 -1.14731984
174.76662479 -1.18705901
174.77323937 -1.2118637

169.55107751 -0.87374481
169.54172407 -0.87601857
169.52291385 -0.86563161
169.52560103 -0.85260914
169.53867517 -0.84692474
169.5552633 -0.85653655
169.55107751 -0.87374481

174.50865604 -0.80175954
174.47640995 -0.82904469
174.4640076 -0.80424
174.47971724 -0.77364756
174.45274214 -0.6470403
174.40778364 -0.62978037
174.38101525 -0.59179819
174.39403771 -0.59179819
174.4387895 -0.62657643
174.4747563 -0.64218271
174.49542687 -0.72569183
174.50865604 -0.80175954

173.03277713 1.01311677
173.08652062 0.97342927
173.07949263 0.94624746
173.06140588 0.9152416
172.99112593 0.83545319
172.96993859 0.84279125
173.03856489 0.91472484
173.06502323 0.96268057
173.02564579 0.99906078
173.00993615 0.99094758
173.00373498 0.99094758
172.9900924 1.0251057
173.00373498 1.0251057
173.03277713 1.01311677

173.03835819 1.34208893
173.01127974 1.33836823
173.02864302 1.35872875
173.1433647 1.38136302
173.15328657 1.3875642
173.17189009 1.37516185
173.17147668 1.36337962
173.1631051 1.35754019
173.10636437 1.3570751
173.06171594 1.3463264
173.03835819 1.34208893

173.02936649 1.71736319
172.99329634 1.71307404
173.02037479 1.72749177
173.0278162 1.74733552
173.02368208 1.80934724
173.03773807 1.8043863
173.04269901 1.77875479
173.04517948 1.74154776
173.02936649 1.71736319

173.01872114 1.84572744
173.02368208 1.8225764
172.9666313 1.88541494
172.93273156 1.92592927
172.93479862 1.94370596
172.95009484 1.93254385
172.96911177 1.9127001
172.98151411 1.89699046
173.01872114 1.84572744

-157.34214759 1.85554597
-157.17577532 1.73984243
-157.24615862 1.73172923
-157.42010149 1.78753978
-157.57895484 1.90205476
-157.53149004 1.92685944
-157.50818397 1.88567333
-157.4358628 1.84727774
-157.39322974 1.92768627
-157.36516944 1.94608308
-157.49216427 2.02928213
-157.4418831 2.02504466
-157.32186459 1.96856232
-157.34214759 1.85554597

172.84426151 3.05123526
172.77036421 3.01252961
172.75052046 3.03304515
172.77728885 3.03387198
172.82689823 3.07107901
172.8870496 3.07397289
172.88022831 3.05350902
172.84426151 3.05123526

172.96962853 3.12921499
172.90627323 3.09588369
172.8870496 3.10125804
172.96249719 3.14880036
172.96218713 3.14290925
172.96962853 3.12921499

-159.33907996 3.92353343
-159.25934323 3.8391975
-159.2747428 3.79656444
-159.33228451 3.80046601
-159.35871701 3.81532298
-159.313681 3.82266104
-159.30623959 3.83837067
-159.32680681 3.86317536
-159.35419532 3.88053864
-159.37321225 3.88053864
-159.37775977 3.8466389
-159.40904985 3.87325226
-159.3909631 3.89955557
-159.36902646 3.91699636
-159.33907996 3.92353343

