21.56248783 42.24752493
21.56083418 42.24767996
21.38952681 42.21980052
21.33170088 42.18716686
21.29754276 42.13009024
21.28663903 42.10040213
21.25630497 42.09949779
21.20607547 42.12895336
21.14251346 42.17499706
21.05972782 42.17127635
20.77809126 42.07102407
20.75039269 42.01836579
20.74419152 41.9043159
20.72496789 41.87351675
20.69489221 41.85380219
20.57851688 41.86623037
20.56616621 41.87369762
20.58141076 41.91744172
20.57541629 42.01309479
20.52280969 42.17148306
20.48544763 42.2233662
20.40829471 42.27496511
20.3482467 42.30881318
20.24050134 42.33896638
20.18577599 42.42588614
20.10355879 42.52466564
20.06397464 42.54727407
20.07033084 42.5570926
20.08924442 42.63155834
20.06567997 42.68581859
20.02950646 42.73201732
20.05425947 42.76007762
20.13001712 42.75976756
20.19259728 42.7546516
20.21512821 42.79883495
20.34437097 42.82795462
20.46885949 42.85790111
20.48684289 42.87906261
20.45842085 42.92456371
20.47506066 42.95303742
20.62399214 43.03416942
20.64853845 43.07096304
20.65758182 43.09985017
20.63763472 43.13039094
20.60962609 43.17839834
20.62316532 43.19862967
20.70057661 43.22635407
20.76341515 43.25860017
20.80062219 43.26108063
20.82377323 43.23792959
20.82377323 43.21395173
20.8444438 43.1734374
20.89074588 43.15165579
20.96769209 43.11602489
21.05704064 43.09168529
21.12701053 43.04300609
21.22261193 42.95621552
21.23708133 42.91322073
21.32317427 42.87469595
21.40306603 42.83152029
21.39066369 42.75142182
21.66248172 42.68150361
21.72387333 42.6819687
21.75291548 42.6697989
21.75219201 42.65150544
21.73064294 42.59546235
21.61907352 42.42325064
21.60987512 42.38743887
21.52998335 42.35002513
21.51892459 42.32842438
21.54155887 42.28083039
21.56248783 42.24752493
NaN  NaN
