# Laos
# from http://www.rjruss.info/2010/12/free-countries-of-world-in-polygon-kml.html
102.12744103 22.37920279
102.18304488 22.28404064
102.30138391 22.17815563
102.44266727 22.02713125
102.48747074 21.95775564
102.5825037 21.90432221
102.6096855 21.85174144
102.63128625 21.77133291
102.64079471 21.71143993
102.66198205 21.67604157
102.69536502 21.66208893
102.73856652 21.6779536
102.771071 21.70965709
102.79820113 21.79794628
102.81592614 21.80737722
102.84522668 21.73477184
102.87623254 21.72229198
102.91767704 21.71293854
102.94961307 21.68136424
102.95922489 21.62622549
102.94857954 21.56979483
102.90961551 21.50633617
102.887498 21.43995779
102.87230513 21.33750926
102.85122114 21.2659374
102.8837773 21.20260794
103.10443566 20.89164501
103.21078576 20.84064037
103.46358687 20.77984304
103.55464074 20.73785594
103.63504927 20.69708324
103.71442427 20.71692699
103.79049198 20.80953115
103.88201094 20.86141429
104.0520264 20.9412027
104.10132572 20.94549185
104.19532515 20.91394339
104.34963098 20.82108084
104.4614071 20.73374767
104.53039514 20.68796235
104.58320845 20.64669872
104.57525028 20.6002416
104.53272057 20.5548697
104.47861535 20.52959992
104.40787031 20.48572663
104.36782108 20.44138825
104.39221236 20.42477428
104.49618534 20.41366385
104.61886519 20.37449311
104.65648563 20.32850108
104.66196333 20.28899445
104.67689782 20.22470897
104.69875695 20.20533031
104.81265181 20.21682831
104.84779178 20.20246227
104.88861616 20.16910513
104.92918216 20.08280549
104.92789025 20.01813243
104.8457764 19.94718069
104.81513228 19.90403087
104.80179976 19.83615388
104.74319868 19.75473766
104.58785933 19.61875113
104.54631148 19.61056041
104.25986901 19.68551708
104.12711226 19.68084036
104.06282678 19.6784374
104.03197595 19.67513011
104.01342411 19.64647553
104.05150964 19.56415497
104.06293013 19.48258373
104.02753177 19.42046865
103.93203373 19.36607921
103.89637699 19.33998261
103.89162276 19.30497183
103.91839115 19.26851411
104.00634444 19.2309195
104.1086121 19.19557282
104.44580082 18.98382864
104.51794112 18.93406424
104.61328413 18.86063203
104.71653364 18.80340038
104.99310591 18.72831452
105.11516564 18.67886018
105.14648156 18.65098074
105.14539636 18.61679678
105.113512 18.57302684
105.08700199 18.49623566
105.08581343 18.45011445
105.11454553 18.40528514
105.16322473 18.3387259
105.27319217 18.23537303
105.33349857 18.18963939
105.40000614 18.17925243
105.45824548 18.15429271
105.51855187 18.07744986
105.58852176 17.98370881
105.59761682 17.91828644
105.62727909 17.83441559
105.69146122 17.73785818
105.77951786 17.64445303
105.90276615 17.52864615
105.97356286 17.44699738
106.00627404 17.41526805
106.26951379 17.21677888
106.33338586 17.14368256
106.42599002 17.00252839
106.46536747 16.98185782
106.50226444 16.95408173
106.52593224 16.87661876
106.53368371 16.82104076
106.54618941 16.65074108
106.59362837 16.60007233
106.63750166 16.53795726
106.65646691 16.49261119
106.69610274 16.45899567
106.73956262 16.45253612
106.79154911 16.49031159
106.83237349 16.52627839
106.85108036 16.5156072
106.89273156 16.39651887
106.93066206 16.35311066
107.00197554 16.31182119
107.06977502 16.27983348
107.21736291 16.13635387
107.29642785 16.08403148
107.35006799 16.06739167
107.39637007 16.04300039
107.410116 15.99783519
107.39202925 15.95163646
107.36060998 15.92171581
107.18883752 15.8386201
107.16589318 15.80249828
107.18956099 15.74725617
107.23260746 15.67806143
107.2794263 15.61871105
107.33880252 15.56049754
107.45951867 15.46582632
107.56431848 15.39161896
107.62167932 15.30986685
107.65315026 15.25521902
107.63366825 15.18984833
107.5896916 15.1184315
107.55532678 15.0570399
107.49631229 15.02143484
107.48034427 14.97986115
107.5046322 14.9159374
107.52447595 14.87183157
107.51377892 14.81739045
107.51941166 14.70509756
107.4651514 14.66499665
107.4147152 14.56288402
107.37983361 14.55531342
107.29270715 14.59239126
107.26232141 14.57210826
107.20661421 14.49790091
107.10935917 14.41669139
107.06238529 14.41578705
107.03019087 14.42568309
106.99215702 14.39100821
106.93805179 14.327317
106.91319543 14.32938406
106.81991947 14.31468212
106.78348758 14.33512014
106.73821903 14.38772675
106.66545861 14.44128937
106.59920943 14.47940074
106.56370772 14.50505809
106.53115156 14.54939647
106.50143762 14.57820608
106.44697066 14.51503164
106.35498661 14.45477692
106.26791182 14.46619741
106.22538211 14.47622264
106.19075891 14.38811433
106.16523075 14.37235301
106.0083411 14.35718598
105.97888553 14.34302664
106.00415531 14.26290233
106.0967078 14.12709667
106.12471642 14.04911693
106.06683882 13.92116608
105.90447147 13.92452505
105.83150435 13.9766149
105.7640666 14.04906525
105.739727 14.08498037
105.53157433 14.15613882
105.39266808 14.10709789
105.35024173 14.10955252
105.28487105 14.16146149
105.24564863 14.20052888
105.20699466 14.25938833
105.18554894 14.31907461
105.18332686 14.34625642
105.24363325 14.36785716
105.34212853 14.41669139
105.42269209 14.47162344
105.47555708 14.53012116
105.49736454 14.59068594
105.50020674 14.66122427
105.5230994 14.84330618
105.54666385 14.93247386
105.53343469 15.04161449
105.49043989 15.12760407
105.49043989 15.25658845
105.50583947 15.31960786
105.51317752 15.36087149
105.5737423 15.41321971
105.61565189 15.48825389
105.63890628 15.58594819
105.64102502 15.65653819
105.62211144 15.69997224
105.56237349 15.7412617
105.46201786 15.7804066
105.39892093 15.82986095
105.37318607 15.88967642
105.37561486 15.94217967
105.40631066 15.98744823
105.33065637 16.03791026
105.14875532 16.09353994
105.04715946 16.16025422
105.02576542 16.23800141
104.94990441 16.33993317
104.81936974 16.46607534
104.75064009 16.64753714
104.74350874 16.88437023
104.75901167 17.07714916
104.81606245 17.30028799
104.73968469 17.46167349
104.65591719 17.5467329
104.53923181 17.60928722
104.42817915 17.69897167
104.32265588 17.81581208
104.19620365 17.98835969
104.04871911 18.21671784
103.94955204 18.31901134
103.89885746 18.29529186
103.79224898 18.31647919
103.62967492 18.38254751
103.48797814 18.41815257
103.36695194 18.42332022
103.28824873 18.40841157
103.25171349 18.3734783
103.24892297 18.33898428
103.27961877 18.30498119
103.26318566 18.27847118
103.19967533 18.25945425
103.14851566 18.22173045
103.0912065 18.13824718
103.09234338 18.14139944
103.09037967 18.13705862
103.0912065 18.13824718
103.05131229 18.02851227
102.99136763 17.98624095
102.89866011 17.97688752
102.80745121 17.9455716
102.71763757 17.89224152
102.67521122 17.85175304
102.6800688 17.82410615
102.66063846 17.81795665
102.61681685 17.83333039
102.59604292 17.86960725
102.59821333 17.92676138
102.55253137 17.96510529
102.45879032 17.98463898
102.35187178 18.04592723
102.2316724 18.14897004
102.14821496 18.20387625
102.10149946 18.21064586
102.03457849 18.16984732
101.94745202 18.08148062
101.87546675 18.04641816
101.81862267 18.0646341
101.77480106 18.03342154
101.74410526 17.95270295
101.68746789 17.88939932
101.56365116 17.82051463
101.55502119 17.81234976
101.41368615 17.7187379
101.29968794 17.62502269
101.16749963 17.49900971
101.10517785 17.4795277
101.04574995 17.50996511
100.95588464 17.541126
100.90849735 17.58386241
100.99898278 17.79718273
101.11323937 18.03352489
101.14393517 18.14261384
101.14874108 18.22214387
101.1375273 18.2868686
101.09277551 18.35453889
101.05060754 18.40704214
101.04693851 18.44197541
101.06042606 18.47902741
101.10631473 18.53354605
101.16553592 18.6182954
101.22051965 18.79275503
101.28630375 18.97713654
101.27989587 19.08891267
101.22661747 19.21154084
101.19757531 19.32791616
101.22077803 19.48661449
101.21194136 19.54834199
101.1546322 19.57921865
100.96647831 19.61079295
100.90601688 19.60536693
100.8581645 19.58505809
100.80679813 19.54193411
100.74390791 19.51475231
100.62546553 19.49984365
100.51358605 19.55348379
100.42015506 19.64448599
100.39762414 19.75610708
100.46625044 19.88891551
100.51451623 19.99635082
100.54304162 20.0886966
100.53994103 20.13236319
100.51947717 20.17791596
100.49157189 20.18409129
100.43152388 20.24072866
100.37312951 20.34036083
100.31799076 20.38588776
100.26600427 20.37730948
100.21804854 20.33958568
100.17412357 20.27276805
100.13975874 20.24543122
100.11495405 20.25767853
100.12249881 20.31664134
100.12963016 20.37221935
100.18389042 20.58910533
100.24931278 20.73025951
100.32610396 20.79568187
100.40744266 20.82322541
100.49332889 20.81299348
100.56515913 20.8251116
100.62293338 20.85955394
100.61766239 20.8792685
100.54934614 20.88422944
100.52221602 20.9219274
100.53616865 20.99238821
100.56665775 21.03817353
100.6136833 21.05933503
100.65921024 21.13039012
100.70313521 21.25139049
100.75662031 21.3126529
100.81951053 21.31420319
100.92751428 21.36621552
101.08037316 21.46866405
101.13892256 21.56746939
101.19664514 21.5220458
101.17535445 21.40753083
101.20558516 21.38329458
101.21989953 21.34241852
101.21183801 21.2782364
101.22444706 21.22371776
101.24790816 21.1973111
101.28149784 21.18413361
101.44360681 21.23079743
101.54236047 21.23425975
101.58390832 21.20356395
101.62163211 21.18444367
101.66860599 21.16963837
101.70477949 21.15013052
101.72808557 21.15638337
101.7834827 21.20413239
101.80053592 21.21260733
101.80208622 21.23596507
101.76312219 21.27888235
101.72291792 21.31492666
101.72415816 21.39502513
101.74348514 21.53382803
101.74720585 21.60576162
101.74389855 21.77799917
101.73650882 21.82652334
101.69956017 21.88248892
101.60292525 21.98971752
101.57579512 22.05526907
101.56024051 22.12092398
101.56184248 22.16242015
101.5372445 22.20985912
101.52448042 22.25365489
101.56788863 22.27639252
101.61997847 22.32744884
101.64617842 22.40540274
101.6714482 22.46232433
101.70751835 22.48658641
101.73878259 22.49526805
101.7600216 22.49030712
101.84177372 22.38847871
101.94543664 22.43940583
102.02439823 22.43919912
102.09147424 22.41224986
102.12744103 22.37920279

