27.35195357 57.52811677
27.46967248 57.52403433
27.51111698 57.50816966
27.53871219 57.42980235
27.67276086 57.36812653
27.79688765 57.31694103
27.82861698 57.29329906
27.83822879 57.24769461
27.83021895 57.19446788
27.81456099 57.16689851
27.7627812 57.1351175
27.7174093 57.05463146
27.71110477 56.97807282
27.63948124 56.84565196
27.65570764 56.84322317
27.80608605 56.86707185
27.84866743 56.85342927
27.88153364 56.82418041
27.89207564 56.7410847
27.94137495 56.70372264
27.99160445 56.64532827
28.00752079 56.59985301
28.10317386 56.54572195
28.11087365 56.51068533
28.16926802 56.3868686
28.19169559 56.31555512
28.20203088 56.26039053
28.17335046 56.19034313
28.14792565 56.14293
28.11790165 56.14582388
28.03201542 56.13329234
27.8963131 56.07616405
27.69420658 55.94154694
27.64227176 55.91172964
27.58945845 55.8092036
27.57674605 55.7987908
27.45913049 55.80349335
27.4270911 55.80594798
27.30921716 55.80390677
27.05254032 55.83054597
26.95306319 55.8129243
26.82247684 55.7092097
26.77183394 55.69401683
26.62021528 55.67965078
26.59355025 55.66750682
26.54285567 55.67241608
26.40110721 55.70378368
26.28121789 55.7504475
26.20959435 55.81212332
26.08551924 55.89689851
26.00423221 55.94015168
25.87633304 55.99436026
25.66321944 56.10484447
25.58575646 56.13016592
25.20696821 56.17840587
25.06987064 56.20039419
24.94383182 56.32560619
24.90305912 56.39821157
24.84099572 56.41118236
24.77319624 56.39588614
24.69950565 56.38128754
24.52897342 56.29630565
24.47367964 56.28405834
24.36789798 56.28302481
24.12067793 56.26426626
24.00817834 56.29527212
23.81273807 56.32924938
23.70674971 56.33459789
23.61264693 56.33382274
23.1958765 56.36715404
23.11986047 56.33067048
23.04296594 56.32405589
22.96829349 56.38043488
22.8755343 56.39645458
22.77321496 56.37728262
22.58692142 56.37511221
22.36590132 56.3928889
22.08457482 56.40676402
22.04287194 56.4007954
21.73053959 56.32599376
21.65349002 56.31454743
21.31469933 56.18814688
21.04608524 56.07006623
21.01497603 56.25894359
21.03140913 56.63659496
21.07130334 56.82371532
21.25744185 56.93275259
21.35076948 57.01765697
21.40502974 57.13098338
21.42146284 57.23583487
21.45918664 57.32244457
21.72873091 57.57100821
21.94236128 57.59782827
22.23143924 57.66681631
22.55462365 57.72425467
22.61694543 57.65115835
22.64867476 57.59534781
23.03779829 57.3921044
23.13681034 57.32383983
23.28729211 57.08974559
23.6477869 56.97104483
23.93118045 57.00851024
24.05432539 57.06612946
24.28123661 57.17232453
24.38262577 57.25004588
24.40319299 57.32500255
24.36298872 57.64531892
24.30159712 57.78412181
24.32252608 57.87060232
24.36247196 57.86618399
24.45890018 57.90786103
24.77578006 57.98524649
24.83903202 57.98873465
24.91127567 58.00457347
25.11105676 58.06343293
25.17513553 58.03211701
25.22872399 57.99656363
25.25828291 57.99615021
25.27270064 58.00937938
25.26866987 58.03222036
25.28262251 58.04849844
25.33998335 58.03942923
25.57128706 57.94276846
25.66017053 57.92018586
25.72089033 57.91382966
25.79380578 57.8685611
25.9911064 57.8382012
26.01518762 57.81476594
26.03038049 57.78556875
26.21507206 57.66273387
26.29806441 57.60108389
26.4620854 57.54447236
26.53267541 57.53101065
26.81973799 57.58873322
26.89978478 57.60878368
26.96603397 57.60914541
27.03342004 57.57875967
27.18710575 57.5383487
27.32658044 57.52548127
27.35195357 57.52811677
NaN  NaN
