25.15048587 31.65496735
25.11198693 31.62690705
25.05726159 31.56716909
25.02269006 31.51401988
24.92998254 31.4274877
24.85267459 31.33483185
24.8599093 31.19918122
24.87758264 31.06125682
24.92946577 30.92648469
24.97395918 30.77657136
24.96140181 30.67854116
24.92300622 30.55803172
24.87758264 30.4575469
24.72642907 30.25060863
24.70322635 30.20107677
24.71164961 30.13154613
24.80368534 29.88605724
24.81081668 29.80872346
24.86590376 29.57026256
24.91613325 29.37629507
24.97173709 29.2238496
24.98026371 29.18188833
24.98026371 28.9573284
24.98026371 28.73276846
24.98026371 28.50820852
24.98026371 28.28364859
24.98026371 28.05908865
24.98026371 27.83452871
24.98026371 27.60994294
24.98026371 27.385383
24.98026371 27.16082307
24.98026371 26.93623729
24.98026371 26.71167735
24.98026371 26.48711742
24.98026371 26.26255748
24.98026371 26.03799754
24.98026371 25.81343761
24.98026371 25.58887767
24.98026371 25.36431774
24.98026371 25.1397578
24.98026371 24.91519786
24.98026371 24.69063793
24.98026371 24.46607799
24.98026371 24.24151805
24.98026371 24.01693228
24.98026371 23.79237234
24.98026371 23.5678124
24.98026371 23.34322663
24.98026371 23.11866669
24.98026371 22.89410676
24.98026371 22.66954682
24.98026371 22.44498688
24.98026371 22.22042695
24.98026371 21.99586701
24.98010868 21.49755117
24.97990197 20.99923534
24.97969527 20.5009195
24.97954024 20.00257783
24.97638797 20.00079499
24.97328739 19.99903799
24.9701868 19.99725515
24.96703454 19.99547232
24.72038293 19.99557567
24.47367964 19.99570486
24.22697635 19.99583405
23.98032474 19.9959374
23.98032474 19.87111298
23.98032474 19.74628856
23.98032474 19.62146414
23.98032474 19.49663972
23.50123254 19.73321442
23.02219201 19.96978913
22.54309981 20.20636384
22.0640076 20.44293854
21.5849154 20.67951325
21.1058232 20.91608796
20.62673099 21.15266267
20.14763879 21.38923737
19.66854658 21.62581208
19.18945438 21.86238679
18.71041385 22.09896149
18.23132165 22.3355362
17.75222945 22.57211091
17.27318892 22.80868561
16.79409671 23.04526032
16.31500451 23.28183503
15.98412031 23.44523591
15.62713952 23.2857366
15.34746667 23.16070547
14.97896203 22.99616771
14.97891035 22.99627106
14.5556287 22.78253734
14.23073897 22.61846467
14.2155461 22.61967906
14.20066328 22.62373566
13.86264774 22.90209077
13.59858117 23.11954519
13.48127567 23.18018749
12.98363163 23.29124014
12.48877811 23.40167268
11.96787967 23.51786713
11.87305342 23.69483308
11.76701338 23.89259878
11.6242314 24.13971548
11.53689823 24.29084321
11.50764937 24.31433015
11.10824222 24.43401276
10.68609745 24.55136994
10.43898075 24.48021149
10.3958826 24.48558584
10.32580936 24.53023428
10.25583947 24.5910316
10.21863244 24.6762202
10.11951704 24.79021841
10.02815311 25.05102936
10.01905806 25.25856192
10.00071292 25.33209748
9.78108809 25.62427603
9.58125532 25.89012543
9.44818851 26.06714305
9.42240197 26.14708649
9.4379049 26.2455301
9.49144168 26.33374177
9.68496992 26.43823151
9.85932621 26.55197134
9.88325239 26.63082958
9.8944145 26.84792227
9.83715702 26.9158251
9.79540246 27.04478364
9.75251102 27.21932079
9.74755008 27.33086437
9.82527144 27.55296967
9.91596358 27.78569448
9.858241 28.0433015
9.81560794 28.56022085
9.84253137 28.96701773
9.82072391 29.11478649
9.80522098 29.1769274
9.74594811 29.36895702
9.67261926 29.56698111
9.64016646 29.63640839
9.5462187 29.79593354
9.3909827 29.99364757
9.31026411 30.11524221
9.42095503 30.17932099
9.51872684 30.22942129
9.63799605 30.28233796
9.80739139 30.34223094
9.89503462 30.38729279
9.93250003 30.42535248
10.05972741 30.58009756
10.12592492 30.66598379
10.21635868 30.78321178
10.25604618 30.86493806
10.25697635 30.94079906
10.24333377 31.03211131
10.17264042 31.25096101
10.11496952 31.46376455
10.15987634 31.54580089
10.19599816 31.58510082
10.27464969 31.68496552
10.30601729 31.70483511
10.47577437 31.73602184
10.5436772 31.80255524
10.59545698 31.8857543
10.60889286 31.92955008
10.68299686 31.97541291
10.77157027 32.02119823
10.82639896 32.0806778
11.00514774 32.17271353
11.16829024 32.25676525
11.3580461 32.3452353
11.50501387 32.41368073
11.53596805 32.47336701
11.53379764 32.52494009
11.45390588 32.64258149
11.45390588 32.78169444
11.45922855 32.89737214
11.4672384 32.96571422
11.50243005 33.15554759
11.50454878 33.18195425
11.65709761 33.118909
11.81347049 33.09371674
12.27990197 32.85856314
12.42707645 32.82908173
12.75356815 32.80104727
13.13804081 32.8973463
13.28345829 32.91463207
13.53636275 32.82424999
13.64777713 32.79882518
13.83536258 32.79182303
14.15565311 32.70978669
14.23709517 32.6812613
14.42385379 32.55031322
14.51335737 32.51109081
15.17657271 32.39114981
15.26690311 32.31167145
15.35909387 32.15969107
15.36312463 31.97120128
15.41407759 31.8342329
15.49634647 31.65677603
15.59577193 31.53109894
15.70594608 31.42640249
15.83224328 31.36100597
16.12307824 31.26444855
16.45101688 31.2272932
16.78153934 31.21473583
17.34925663 31.08151398
17.83046756 30.92756989
17.94932336 30.8519156
18.19044559 30.77729483
18.66979618 30.41566315
18.93644657 30.29045116
19.12372196 30.26611156
19.29167036 30.28807404
19.58984338 30.41375113
19.7132467 30.48837189
20.01317671 30.80067841
20.11156864 30.96371756
20.15094608 31.07859427
20.14112756 31.19548636
20.10381717 31.3005187
20.019998 31.41064118
19.96119022 31.55600698
19.9263603 31.81751557
19.97338586 31.99908072
20.0309534 32.10785961
20.12149051 32.21873139
20.37057092 32.43078563
20.62109826 32.58015636
21.06231164 32.77551911
21.3187301 32.77768952
21.42466678 32.79918692
21.63592004 32.93729218
21.72139286 32.94248566
21.83942183 32.90866344
22.18741092 32.91824942
22.34057987 32.87987967
22.52341109 32.79394176
22.75409468 32.74053417
22.91687544 32.68715241
23.09061161 32.61875865
23.12967899 32.44812307
23.11045536 32.39740266
23.10621789 32.33146353
23.28636193 32.21382213
23.79764855 32.15868338
23.8984176 32.12718659
24.03897749 32.03701122
24.12972131 32.00923513
24.47977746 31.99654857
24.68389937 32.01595307
24.87851281 31.98430126
24.95065311 31.95373465
25.02496382 31.88335135
25.11498417 31.71232819
25.15048587 31.65496735
NaN  NaN
