21.03171919 55.35047191
20.95777022 55.27890005
20.89978926 55.28665152
21.01404585 55.40194164
21.05766076 55.47679495
21.08794315 55.58309337
21.11481489 55.61650218
21.11574507 55.56818472
21.10385949 55.48772451
21.03171919 55.35047191
NaN  NaN
24.94383182 56.32560619
25.06987064 56.20039419
25.20696821 56.17840587
25.58575646 56.13016592
25.66321944 56.10484447
25.87633304 55.99436026
26.00423221 55.94015168
26.08551924 55.89689851
26.20959435 55.81212332
26.28121789 55.7504475
26.40110721 55.70378368
26.54285567 55.67241608
26.59355025 55.66750682
26.59086307 55.62265168
26.56657515 55.54648062
26.51923954 55.44814037
26.46957848 55.37194347
26.45764123 55.34246206
26.49531335 55.31801911
26.68129683 55.30644359
26.76020674 55.29334361
26.77570967 55.27311229
26.7344202 55.24675731
26.67504398 55.22489818
26.64843062 55.20420177
26.60119836 55.13020112
26.29175988 55.13958039
26.25078047 55.12449087
26.23129846 55.09015188
26.2158472 55.05038687
26.17517785 55.0032838
26.09301232 54.96230439
25.96444136 54.94716319
25.85927982 54.91928376
25.780835 54.83326834
25.7224923 54.71787486
25.72393924 54.6360194
25.73169071 54.59036327
25.72476607 54.56424083
25.68518192 54.53579296
25.620328 54.46039704
25.56761804 54.37706879
25.54736087 54.33182608
25.55754113 54.31069042
25.61686568 54.31009614
25.70259688 54.29299124
25.74812381 54.25968578
25.76507368 54.22118684
25.76517704 54.17979401
25.7492607 54.15697887
25.68053104 54.14046825
25.57304406 54.13987397
25.51041223 54.15961437
25.49738976 54.17524649
25.52736209 54.21514069
25.50560632 54.26495677
25.46116459 54.29278453
25.3705758 54.25121084
25.28365604 54.25126252
25.17952803 54.21426219
25.11141849 54.15493765
25.0460478 54.13307852
24.86952111 54.1451708
24.82564782 54.11899669
24.78921594 53.99822887
24.76818363 53.97463858
24.62075077 53.97983206
24.47853723 53.93185049
24.31792687 53.89298981
24.23658817 53.91996491
24.19131961 53.95045401
24.10393477 53.94502798
24.0084884 53.93164379
23.9444613 53.93898184
23.8725277 53.93570039
23.73367313 53.91226512
23.55911014 53.91980988
23.4846444 53.93980866
23.47766808 53.95895478
23.48299076 54.00595449
23.48138879 54.07902497
23.45363854 54.14346548
23.37007775 54.20046459
23.28233117 54.24030712
23.17029667 54.28144156
23.08751102 54.29945079
23.04219079 54.30417919
23.03195886 54.32787283
23.01552575 54.34836254
22.97671675 54.36634593
22.89393111 54.3905305
22.82375451 54.39577566
22.76623864 54.35678579
22.72432905 54.40559418
22.67983565 54.49300487
22.68443485 54.56292308
22.70965295 54.63260875
22.83119592 54.83846182
22.82468469 54.87127635
22.73657637 54.9288439
22.62743574 54.97070181
22.56728438 55.05912018
22.34636763 55.06423615
22.13785322 55.05937857
22.07237918 55.06366771
21.87394168 55.10071971
21.68273889 55.16035432
21.55468469 55.19528758
21.44709435 55.23440664
21.38921675 55.27554108
21.29759444 55.26445649
21.23573775 55.26412059
21.23635786 55.27120026
21.20111454 55.34380565
21.23790816 55.45501333
21.17114221 55.61774242
21.06189823 55.81344107
21.0538367 56.02293732
21.04608524 56.07006623
21.31469933 56.18814688
21.65349002 56.31454743
21.73053959 56.32599376
22.04287194 56.4007954
22.08457482 56.40676402
22.36590132 56.3928889
22.58692142 56.37511221
22.77321496 56.37728262
22.8755343 56.39645458
22.96829349 56.38043488
23.04296594 56.32405589
23.11986047 56.33067048
23.1958765 56.36715404
23.61264693 56.33382274
23.70674971 56.33459789
23.81273807 56.32924938
24.00817834 56.29527212
24.12067793 56.26426626
24.36789798 56.28302481
24.47367964 56.28405834
24.52897342 56.29630565
24.69950565 56.38128754
24.77319624 56.39588614
24.84099572 56.41118236
24.90305912 56.39821157
24.94383182 56.32560619
NaN  NaN
