6.11650557 50.12097199
6.10834069 50.09422944
6.10973596 50.03436229
6.13815799 49.97431428
6.20492394 49.91514476
6.25603194 49.87214997
6.32460656 49.8378885
6.44087853 49.8053065
6.48728397 49.79848522
6.4937952 49.75437938
6.4848035 49.70781892
6.44459924 49.68203238
6.40677209 49.64498037
6.37835005 49.59960847
6.34848107 49.51268871
6.34429528 49.45274405
6.27732263 49.47754873
6.24218265 49.49434357
6.18104943 49.49894278
6.11991621 49.48519685
6.07407922 49.45463024
6.0113957 49.44545767
5.95946089 49.45463024
5.92892012 49.47754873
5.90137658 49.48977021
5.82344852 49.50506643
5.78970381 49.53826854
5.81543867 49.55382315
5.83760786 49.57834361
5.85657311 49.61283763
5.88039595 49.64477367
5.80370812 49.73215852
5.78799849 49.75887523
5.72495324 49.8082779
5.72578006 49.83334097
5.74076623 49.8571638
5.73528853 49.87563813
5.74407352 49.91964061
5.78810184 49.96124014
5.81740238 50.01268403
5.8669084 50.08283478
5.97630741 50.16717072
6.05475223 50.15430329
6.08906538 50.15458751
6.11004601 50.12376252
6.11650557 50.12097199
NaN  NaN
