# Madagascar
# from http://www.rjruss.info/2010/12/free-countries-of-world-in-polygon-kml.html
49.93641483 -16.9028956
49.82396691 -17.08655364
49.85569624 -16.93317799
49.98592085 -16.71241627
50.02302453 -16.69536305
49.93641483 -16.9028956

48.34219689 -13.36383514
48.34354048 -13.40037038
48.21197228 -13.38528086
48.19119836 -13.25991383
48.25569055 -13.25608978
48.26974654 -13.20462005
48.30891727 -13.19821217
48.35108524 -13.30952321
48.34219689 -13.36383514

49.53829959 -12.43216074
49.58418827 -12.53675384
49.6378284 -12.63705779
49.80494999 -12.87973032
49.87647017 -12.97300628
49.93744836 -13.07222503
49.96721398 -13.27019744
50.07346073 -13.5779306
50.17381636 -14.04027964
50.20461551 -14.5144109
50.23531131 -14.73202036
50.31344608 -14.93681406
50.44129357 -15.14930755
50.48273807 -15.38567555
50.40460331 -15.62912322
50.29153527 -15.85851491
50.26228641 -15.9015097
50.20895633 -15.96042083
50.18497847 -15.95783701
50.09444136 -15.89866749
50.02044071 -15.80172251
49.92659631 -15.57357106
49.89259321 -15.4577125
49.85331913 -15.43941904
49.74376509 -15.44954762
49.66439009 -15.52158457
49.64992069 -15.56695648
49.66697391 -15.69573414
49.69704959 -15.811386
49.71048547 -15.92894988
49.71275923 -16.07674448
49.74231815 -16.12149627
49.78593306 -16.15911671
49.83099491 -16.25590667
49.83905643 -16.48648691
49.81135786 -16.60306894
49.73394657 -16.70306284
49.73859745 -16.75835662
49.76722619 -16.81514902
49.73973433 -16.84946217
49.63689823 -16.89287038
49.59524702 -16.93111094
49.53953983 -17.03291351
49.44931278 -17.24065276
49.43711714 -17.34664113
49.49365116 -17.66951548
49.47783817 -17.89849375
49.36290978 -18.33634816
49.2968673 -18.54403574
49.20333296 -18.79228932
49.06008589 -19.11960784
48.91807905 -19.53043548
48.79746626 -19.95325205
48.70827274 -20.20734507
48.60698693 -20.45751067
48.46849409 -20.89996429
48.35077518 -21.34898081
48.17590213 -21.84305918
47.93446984 -22.39392995
47.90842492 -22.46586354
47.85829878 -22.74729339
47.80414188 -22.99146453
47.73944299 -23.23336191
47.60405073 -23.63307912
47.58865116 -23.75637908
47.55795536 -23.87461476
47.42762739 -24.12524546
47.37254032 -24.21846974
47.33357629 -24.31758514
47.31166548 -24.44315887
47.27290816 -24.56439178
47.17730676 -24.78722055
47.03498986 -24.97904347
46.93814823 -25.04875498
46.72854862 -25.14988576
46.62230187 -25.1704013
46.3867607 -25.17277842
46.15866092 -25.23039764
45.92084598 -25.34134694
45.69222945 -25.46841928
45.60458622 -25.52872568
45.50795129 -25.56319386
45.20574751 -25.57053191
45.1152104 -25.54309173
44.81290327 -25.33421559
44.69580448 -25.29974741
44.47380252 -25.27111867
44.40672652 -25.2532903
44.34585168 -25.22610849
44.25614139 -25.11686452
44.07806441 -25.02462208
44.03537967 -24.99573496
44.00830122 -24.93206959
43.98990441 -24.86344329
43.94370568 -24.78675547
43.90959924 -24.64061452
43.85151493 -24.53839853
43.68749393 -24.35794443
43.6700273 -24.30032521
43.65679813 -24.10881235
43.66206913 -23.97920786
43.64604943 -23.74185801
43.6647563 -23.63023691
43.72232385 -23.52967457
43.69875939 -23.42094736
43.6375745 -23.30653574
43.61463016 -23.18819671
43.56956831 -23.08045135
43.39779585 -22.88635467
43.35748823 -22.79085662
43.32958296 -22.69189625
43.26488407 -22.38364634
43.2571326 -22.27631439
43.26664107 -22.04929982
43.29051558 -21.93251108
43.33227014 -21.85122405
43.34270877 -21.79045257
43.36978723 -21.73825937
43.41050825 -21.69645314
43.43779341 -21.64663706
43.50187219 -21.35647389
43.58310754 -21.2919817
43.70361698 -21.25498138
43.80014855 -21.17922373
43.85564904 -21.07685272
43.91114953 -20.86585784
44.06307824 -20.65620656
44.11723514 -20.54608408
44.23970829 -20.37973764
44.34812544 -20.14554005
44.38109501 -20.03510752
44.40465946 -19.92203948
44.43225467 -19.67425099
44.45292525 -19.55084767
44.44879113 -19.42868458
44.38657271 -19.30311085
44.23877811 -19.07521779
44.23402388 -19.03263641
44.24570275 -18.86318939
44.2330937 -18.74066456
44.1787301 -18.61850148
44.10876021 -18.50352142
44.04003055 -18.28844411
44.00664758 -17.93296193
44.01367557 -17.80449432
43.99352176 -17.6902894
43.94360233 -17.58140716
43.97936242 -17.3916513
44.42140262 -16.70264943
44.43576867 -16.62151743
44.41799198 -16.4112977
44.42708703 -16.28908294
44.44248661 -16.24371103
44.47617964 -16.2172527
44.55183394 -16.20448862
44.90922814 -16.17451629
44.95511681 -16.15327728
45.04420698 -16.09514129
45.16678348 -15.9828484
45.22290409 -15.95044728
45.27127323 -15.96233286
45.30238244 -16.01044362
45.34217329 -16.03669525
45.48635054 -15.98584564
45.54174767 -15.98424367
45.59828169 -15.99256357
45.62474002 -15.9457964
45.64055301 -15.88311289
45.66153364 -15.83882619
45.70018762 -15.81376312
45.88591271 -15.80006886
46.00425174 -15.78213714
46.15752404 -15.73831552
46.19049361 -15.74684214
46.31410363 -15.90461028
46.35151737 -15.91820119
46.39957645 -15.92460906
46.44164107 -15.89592864
46.34128543 -15.8133497
46.32619592 -15.76673756
46.33146691 -15.71371754
46.3852104 -15.60013275
46.47512739 -15.51352304
46.67470178 -15.3818515
46.88202762 -15.22956105
46.94228234 -15.21907073
46.9932353 -15.24315195
47.03230269 -15.42267588
47.0274451 -15.4522348
47.06051802 -15.45636891
47.09917199 -15.43414804
47.13338179 -15.36174936
47.13513879 -15.301598
47.10733687 -15.24387542
47.09379764 -15.19504119
47.09255741 -15.1500827
47.19766727 -15.04404266
47.28045292 -14.9426535
47.31869348 -14.82178232
47.3519731 -14.76607513
47.43909956 -14.70333994
47.46473107 -14.71326181
47.48509159 -14.76431813
47.49635705 -14.81832
47.47403283 -14.87196014
47.4420968 -14.92498016
47.42917769 -14.99572519
47.47837365 -15.00941945
47.52467573 -14.9922112
47.59257857 -14.86431203
47.66998986 -14.74328582
47.71598189 -14.68034393
47.7740662 -14.63667734
47.87039107 -14.64551401
47.96413211 -14.67254079
47.81147993 -14.54484832
47.77334273 -14.36987192
47.95514042 -14.06730641
47.95689741 -14.00431284
47.98314904 -13.9848825
47.99555139 -13.96043955
47.90139693 -13.85817189
47.88362023 -13.80747731
47.89602258 -13.73063445
47.94098107 -13.66242156
47.98180545 -13.61462086
48.03988976 -13.59627573
48.08588179 -13.62252736
48.1871676 -13.70650156
48.25527713 -13.71931732
48.33775272 -13.63870208
48.40503543 -13.53798471
48.50642459 -13.4687383
48.62135298 -13.42600189
48.79643273 -13.26745859
48.91032759 -12.93585093
48.91942264 -12.83900929
48.89420454 -12.72170379
48.85379357 -12.61013437
48.78630415 -12.47086639
48.80387414 -12.44001556
48.89957889 -12.45846404
48.93172163 -12.43908538
49.03569461 -12.31578541
49.20705366 -12.07962412
49.26348433 -12.08019256
49.31206017 -12.12391082
49.33014693 -12.18866139
49.36394331 -12.23630706
49.47980187 -12.34839324
49.53829959 -12.43216074

