111.38930464 2.41530508
111.35871219 2.40217927
111.31147993 2.43757762
111.30042118 2.74117666
111.33349409 2.76830679
111.35509484 2.76443106
111.37834924 2.70934398
111.37628218 2.57632884
111.38051965 2.45891999
111.38930464 2.41530508
NaN  NaN
104.22157678 2.73171988
104.17331099 2.72133291
104.14685266 2.72820588
104.12907596 2.76722158
104.16979699 2.85682852
104.18478316 2.87171133
104.22323042 2.7741979
104.22157678 2.73171988
NaN  NaN
101.31860152 2.98850007
101.26806196 2.97041332
101.26547814 2.99645824
101.27426314 3.03283845
101.31126346 3.0673583
101.32842004 3.04761791
101.31860152 2.98850007
NaN  NaN
117.88472212 4.18615306
117.74540246 4.16692943
117.64907759 4.16899649
117.66675093 4.20398143
117.66210005 4.25018016
117.70798872 4.26242748
117.76142215 4.25235057
117.88472212 4.18615306
NaN  NaN
100.28900028 5.29471589
100.26378218 5.26701732
100.19102176 5.28288198
100.20394087 5.4468513
100.24548872 5.46778026
100.31018762 5.43793712
100.33881636 5.41005768
100.28900028 5.29471589
NaN  NaN
99.84809696 6.46570384
99.91868696 6.3585786
99.88344364 6.31082958
99.8657703 6.29708365
99.82329227 6.3127416
99.78257124 6.27160716
99.74371057 6.26328726
99.70474654 6.33754629
99.6565841 6.36715689
99.64624881 6.41836823
99.7105343 6.42735993
99.74918827 6.40963491
99.82163863 6.44503327
99.84809696 6.46570384
NaN  NaN
100.5639189 6.46751252
100.62954797 6.44797883
100.7156409 6.48069001
100.75450158 6.46007111
100.79377567 6.42617137
100.8165133 6.33162934
100.87392582 6.24540721
100.98880252 6.25765453
101.0294202 6.24530386
101.05350142 6.24256501
101.07592899 6.16608389
101.08647098 6.03368887
101.07561893 5.95648428
100.99278161 5.84620677
100.98167118 5.7710434
101.02518273 5.72450878
101.08171675 5.6748994
101.11396284 5.63676219
101.14765588 5.64304088
101.19065067 5.66872407
101.22976973 5.73370718
101.25700321 5.7893627
101.40417769 5.85168448
101.5561064 5.9077534
101.57677697 5.90201732
101.60137495 5.87716096
101.6499508 5.79597728
101.67842451 5.77882071
101.71950728 5.77060415
101.7907174 5.77936331
101.8736064 5.82527782
101.91722131 5.91139659
101.93613488 5.97932526
102.05519738 6.09668244
102.0683232 6.1846874
102.10108605 6.24225495
102.2739954 6.20339427
102.34014123 6.17202668
102.53434126 5.86253653
102.79024295 5.64492707
102.89855676 5.56374339
102.98247928 5.52493439
103.09709761 5.40845572
103.19693648 5.26215974
103.41583784 4.85029857
103.4538717 4.66948273
103.46875451 4.3932722
103.42048872 3.97686351
103.361991 3.76912425
103.37335982 3.67109406
103.45356164 3.52061229
103.42948042 3.37855378
103.44498335 3.26057648
103.43950565 2.93310293
103.48518762 2.83657136
103.53727746 2.77476634
103.81219608 2.58046296
103.83234989 2.50847769
103.96774214 2.26120596
104.21857954 1.72284089
104.28844608 1.48068513
104.28038456 1.41557282
104.25010217 1.38859772
104.17641157 1.36487824
104.11491662 1.41226553
104.09424605 1.44616527
104.10055057 1.48833324
104.0761593 1.52977774
104.01600793 1.57928376
103.98148807 1.62362214
103.99120324 1.5500349
103.9915133 1.45479523
103.91513553 1.44668203
103.81684696 1.47655101
103.69458052 1.44967927
103.54978316 1.33283885
103.48022668 1.32947989
103.42731001 1.42983552
103.40002486 1.4978417
103.35682336 1.54615917
102.89690311 1.79234569
102.72709435 1.85554597
102.5482939 2.04240795
102.14563114 2.24849356
101.88993615 2.44941153
101.78120894 2.57358999
101.51972619 2.68366079
101.40686486 2.81347199
101.35136437 2.83894847
101.29545047 2.88519888
101.35425825 3.01113434
101.33017704 3.14249584
101.29989465 3.25329011
101.11540978 3.47203644
101.02476932 3.62468863
100.85123986 3.77672069
100.78178674 3.86446727
100.7154342 3.96621817
100.7570854 4.00182323
100.79553267 4.0233723
100.76028934 4.09721792
100.66107059 4.22573721
100.6145618 4.37342845
100.6145618 4.65222281
100.47338179 5.0442919
100.35266564 5.58766958
100.37405969 5.77799388
100.34326053 5.98418285
100.26326542 6.18251699
100.15836226 6.32421377
100.11908817 6.44198436
100.13800174 6.48867402
100.16125614 6.64161042
100.17675907 6.67184113
100.21665327 6.68662059
100.26145674 6.68269318
100.34543094 6.54988475
100.5639189 6.46751252
NaN  NaN
116.80768192 6.69106476
116.78804488 6.60610871
116.81243615 6.60789155
116.91330855 6.65964549
117.01852176 6.79738902
117.07794966 6.9168391
117.12848921 6.96887726
117.22987837 6.93999014
117.2524093 6.91921621
117.24527795 6.83338166
117.25499312 6.78346223
117.2940605 6.67690542
117.38036014 6.61225821
117.49921594 6.5714855
117.60970015 6.51262604
117.64566695 6.47366201
117.66964481 6.42673981
117.69372603 6.34997447
117.69558638 6.27233063
117.61590132 6.19652131
117.64980106 6.07358308
117.64453006 6.00188203
117.61724491 5.94069713
117.50117964 5.88465404
117.81764611 5.94041291
117.89578088 5.97227143
118.00378462 6.05330008
118.06176558 5.98343354
118.11581913 5.86248485
118.07230757 5.83207327
117.93474491 5.78750235
117.92802697 5.76920889
117.97360558 5.70626699
118.03117313 5.71213227
118.14465458 5.75422272
118.24914432 5.82057526
118.29978723 5.81974844
118.3531173 5.80605419
118.45636682 5.76344697
118.51414107 5.72890127
118.56302697 5.68451122
118.59485965 5.59211376
118.71371545 5.55852407
118.95731815 5.4289971
119.0025867 5.41780915
119.05002567 5.41522533
119.17838993 5.43090913
119.22345178 5.41264151
119.25559452 5.36592601
119.26634322 5.30812592
119.26282922 5.2459075
119.2497034 5.19875275
119.21962772 5.15981456
119.1321912 5.10046418
118.91246301 5.02289785
118.67206424 4.9640384
118.5513481 4.96812084
118.3818494 5.01850536
118.32004439 5.01199413
118.26051314 4.98884309
118.1853756 4.82851695
118.3241785 4.66868175
118.56251021 4.50215445
118.59516971 4.46065827
118.58628137 4.40967947
118.54835086 4.37926789
118.49801802 4.3623697
118.36407271 4.33575633
118.22868045 4.31601594
118.11726607 4.2875939
118.00822879 4.25023184
117.89557417 4.2629184
117.74106164 4.33756501
117.69651655 4.34283601
117.64980106 4.30449209
117.60380904 4.20000235
117.57445682 4.17059846
117.53735314 4.1713736
117.45089847 4.19289684
117.27752404 4.29932445
117.10063561 4.33707408
116.84349369 4.34014883
116.69781782 4.35495413
116.63864831 4.3391153
116.58909061 4.33844351
116.55312381 4.35983755
116.5147799 4.37079295
116.41452762 4.3082128
116.36770877 4.32733308
116.32032149 4.35371389
116.23624393 4.36255056
116.13444136 4.35518667
116.02158003 4.29069448
115.89621301 4.34870128
115.86076297 4.34805532
115.83683679 4.33327587
115.7824215 4.25374584
115.67881026 4.19302603
115.62749556 4.08197337
115.59607629 3.97551992
115.5684294 3.93877798
115.56088464 3.7330541
115.54450321 3.63368032
115.57065148 3.502293
115.56610396 3.44573314
115.5199569 3.36165559
115.51422082 3.34240611
115.48972619 3.20864167
115.4991313 3.17313996
115.49313683 3.12812979
115.45437951 3.03431122
115.38420292 3.00873139
115.31020226 2.99392609
115.24695031 3.0259138
115.18995121 2.97444408
115.11755252 2.89486237
115.08633996 2.84111888
115.08654667 2.79119945
115.09367801 2.75781647
115.07889855 2.72342581
115.0770382 2.68701976
115.08075891 2.63423229
115.12985152 2.61239899
115.18085615 2.56689789
115.17904748 2.52320547
115.15083215 2.49292308
115.08654667 2.44615591
114.96908613 2.35081289
114.83632938 2.26937084
114.78640995 2.25050894
114.7683232 2.21294017
114.75871138 2.16240062
114.78796024 2.05160635
114.81581384 2.01894684
114.8305933 1.98000865
114.81271325 1.93378408
114.79994917 1.89394156
114.75106327 1.86898184
114.70352095 1.85079173
114.68615767 1.8190624
114.66093957 1.68627981
114.63220747 1.61705923
114.5674569 1.51414562
114.54590783 1.4671459
114.51252486 1.45200471
114.38705448 1.50006379
114.27470991 1.47089244
114.12598514 1.45236644
113.999998 1.45526032
113.90238122 1.43427969
113.83525353 1.37986441
113.76032271 1.31139313
113.68167118 1.2605952
113.62224328 1.23594554
113.51320601 1.3083959
113.45822228 1.30214305
113.35900353 1.32715445
113.12625288 1.40813142
113.06863366 1.43179922
113.00657027 1.43389212
112.98822513 1.45712067
112.99799198 1.49623973
112.98822513 1.54758027
112.94300825 1.56701061
112.47616336 1.55907827
112.34159794 1.5147399
112.25064741 1.4796516
112.18574182 1.4390856
112.16734501 1.33816153
112.12858768 1.24359365
112.07846154 1.14334138
111.92312219 1.11326569
111.80902062 1.01166983
111.76974654 0.99947419
111.69130171 1.01420197
111.60737919 1.02262523
111.54671105 0.99435822
111.48314904 0.99575349
111.28672692 1.04319245
111.10131188 1.0505305
110.99604699 1.02634593
110.93806603 1.01735423
110.61477827 0.87813793
110.505741 0.8619632
110.46140262 0.88206533
110.39908085 0.93906444
110.31526167 0.99601187
110.11475711 1.19016022
110.04085982 1.23573884
109.99166385 1.28255768
109.94489668 1.33805817
109.87849247 1.39784781
109.81803104 1.43895641
109.73576216 1.52293061
109.65401004 1.61488882
109.63581994 1.77663605
109.57081099 1.80629833
109.54890018 1.84836294
109.53897831 1.89621532
109.6288953 2.02752513
109.69431766 1.88877391
109.71963911 1.85781973
109.86484989 1.76444042
109.98453251 1.71762157
110.11403364 1.69860464
110.2459119 1.69472891
110.2983118 1.70118846
110.34926476 1.7197403
110.39949426 1.69984488
110.67513635 1.54801952
110.78200321 1.52083771
110.89496789 1.53246491
110.93992639 1.51732372
111.09846968 1.40089671
111.14518517 1.38694408
111.22321659 1.39583242
111.12348107 1.44900747
111.05795536 1.48667959
111.0287065 1.55783804
111.04658654 1.63364737
111.11014855 1.68408356
111.15417687 1.73875723
111.16998986 1.90231314
111.19810184 1.98509878
111.25091516 2.06385366
111.26817508 2.13976634
111.20885054 2.19764395
111.19551802 2.29717276
111.20864383 2.37964834
111.24213016 2.43576895
111.29587365 2.39876862
111.35137414 2.36445547
111.40615116 2.36786612
111.44387495 2.38156037
111.4507996 2.42409007
111.44046431 2.49809073
111.44325484 2.6343098
111.51250126 2.74303701
111.62319217 2.81796784
111.72778527 2.85383129
112.11887251 2.91470612
112.73733605 3.07045889
112.92047733 3.13071361
112.9878634 3.16192617
113.04470747 3.20523102
113.14020552 3.34351716
113.32014286 3.56148835
113.44613 3.74057302
113.71216027 4.00143566
113.92393029 4.24320384
113.95255904 4.28870494
113.98780236 4.42071239
113.99038618 4.48282746
113.98428836 4.54582103
114.0125037 4.57525076
114.05363814 4.59284658
114.06381839 4.59269156
114.09513431 4.56525137
114.1688249 4.5269333
114.22411869 4.47786652
114.26101566 4.41425283
114.28762902 4.35474742
114.28959273 4.30418203
114.3229757 4.26281505
114.41656172 4.25583873
114.44710249 4.20356802
114.5122148 4.11354767
114.57174605 4.04905549
114.60833296 4.02399242
114.6540666 4.03766083
114.72501835 4.09654613
114.77617801 4.16881562
114.81043949 4.26650991
114.78351607 4.28074677
114.83111006 4.35451488
114.84025679 4.39322053
114.81829431 4.42877391
114.79013065 4.46391389
114.7792786 4.55300406
114.75989994 4.6664855
114.74672245 4.71808442
114.78423954 4.75482636
114.86454471 4.8017744
114.94474654 4.85624136
115.02680871 4.89972708
115.02882409 4.82112722
115.02675703 4.6913677
115.05156172 4.58266633
115.10701053 4.39043
115.17057254 4.36420421
115.24669193 4.3472285
115.2906169 4.35260285
115.31924564 4.36528941
115.32673872 4.38076651
115.27929976 4.45636913
115.26669071 4.63398102
115.22793338 4.75056306
115.16845381 4.86670584
115.1399801 4.89975292
115.37490116 4.93277416
115.42761112 4.96920604
115.51980187 5.04891694
115.55452844 5.09353954
115.5820203 5.19415355
115.46688521 5.25409821
115.42172001 5.33052766
115.41903283 5.41315827
115.55638879 5.56668895
115.60393111 5.60343089
115.62449833 5.54888642
115.6850631 5.53508881
115.74087365 5.53299592
115.7968909 5.53614818
115.87709273 5.6135078
115.91843387 5.72494802
116.05971724 5.88238028
116.11005008 6.00325145
116.13836877 6.12952281
116.49472945 6.52166942
116.538241 6.58269929
116.74980432 6.97711966
116.7761593 6.99021963
116.83300337 6.95205659
116.84984989 6.82668956
116.84199507 6.77209341
116.80768192 6.69106476
NaN  NaN
117.14161502 7.16819326
117.08063683 7.1152766
117.06017297 7.17883861
117.06430708 7.26069408
117.14688602 7.33702017
117.26408817 7.3516446
117.28072798 7.29061473
117.26677534 7.22079987
117.23938683 7.1847814
117.14161502 7.16819326
NaN  NaN
