4.22762861 19.14275951
4.22819706 18.96804149
4.22902388 18.70436249
4.23000573 18.41060782
4.23088423 18.13946157
4.23191776 17.83051402
4.23274458 17.58218293
4.23367476 17.28842825
4.23465661 16.99637889
4.20297896 16.9627117
4.19119673 16.79819977
4.18215335 16.58177888
4.12127852 16.35770987
4.01487674 16.19273286
3.97622277 16.03555899
3.94707726 15.94564199
3.90718306 15.89680777
3.89798465 15.83799999
3.87690067 15.75529186
3.84300093 15.7017034
3.8165426 15.67403067
3.70957238 15.64168122
3.52053999 15.48308625
3.50426192 15.35632396
3.28908125 15.3911022
3.06010298 15.42719819
3.02940718 15.42484691
3.01049361 15.40831045
3.00103682 15.34095022
2.68968631 15.32989147
2.42081384 15.320383
2.08817264 15.30935008
1.85940108 15.30172781
1.56913456 15.28645742
1.3002104 15.27227224
1.12130659 15.12610545
0.96007612 14.98694082
0.9474154 14.98210908
0.71864383 14.95490143
0.43302819 14.97900849
0.28624129 14.98019705
0.22869958 14.96368643
0.21748579 14.91149323
0.00731774 14.98482209
-0.23587155 15.05941702
-0.40542192 15.01252066
-0.43229367 15.02854035
-0.45446286 15.05964956
-0.53655087 15.07786551
-0.66646542 15.06977814
-0.76043901 15.04776398
-0.90797523 14.93740896
-1.01918291 14.84134247
-1.04956865 14.81950918
-1.20495968 14.76152823
-1.49367591 14.62605846
-1.65733517 14.52678803
-1.69505897 14.50846874
-1.76779354 14.48604116
-1.87977637 14.48149364
-1.9730265 14.45653392
-2.05715573 14.19463776
-2.11322466 14.16843781
-2.45723467 14.27411612
-2.5268945 14.25830313
-2.58673581 14.22758149
-2.77884294 14.07371491
-2.87395342 13.950725
-2.92588823 13.78675568
-2.9184985 13.73637116
-2.91710324 13.67947541
-2.95084795 13.64844371
-2.99722755 13.63710073
-3.03869788 13.63909028
-3.19842973 13.67286083
-3.24860755 13.65833975
-3.27018246 13.57746613
-3.26674598 13.40075857
-3.30173092 13.28074006
-3.39671221 13.24371389
-3.46993771 13.19640412
-3.52760861 13.18270987
-3.57577104 13.19420787
-3.85348019 13.37355093
-3.94729875 13.40217967
-4.05119422 13.38243928
-4.15103309 13.30621654
-4.19619829 13.25616791
-4.2586751 13.1973343
-4.32869666 13.1190445
-4.31024818 13.05248526
-4.2606388 12.97533234
-4.22524044 12.87947256
-4.2271008 12.79371552
-4.48062537 12.67222423
-4.45985145 12.63039216
-4.42192095 12.58158377
-4.42155921 12.49308788
-4.42869056 12.33759349
-4.4799019 12.28178295
-4.54604774 12.22646332
-4.58692379 12.15502066
-4.62723141 12.12019074
-4.69934587 12.07618826
-4.79797034 12.03210826
-4.9689935 11.99329926
-5.1059102 11.96753856
-5.15753496 11.94237214
-5.23019202 11.89028229
-5.2881213 11.82790884
-5.30199643 11.7604711
-5.2905501 11.68331818
-5.27029293 11.61985952
-5.24476478 11.57676138
-5.2293652 11.52247529
-5.25024248 11.3757659
-5.29985185 11.2059313
-5.34739417 11.130277
-5.42423703 11.08872915
-5.49048621 11.04237539
-5.46857541 10.93103852
-5.4570774 10.77141002
-5.47565508 10.6439501
-5.47901404 10.56509186
-5.50702267 10.4834431
-5.52355913 10.42600475
-5.55660621 10.43993155
-5.69429806 10.43321361
-5.84384966 10.38954702
-5.89619788 10.35471711
-5.9075667 10.30722647
-5.94069129 10.27508373
-5.9886987 10.23911693
-6.03456153 10.19480439
-6.11721798 10.20188406
-6.19685137 10.23214061
-6.23837338 10.26164785
-6.2412931 10.27921784
-6.21498979 10.32236766
-6.19263974 10.36944489
-6.19067603 10.40026988
-6.21778032 10.47628592
-6.23971697 10.55811555
-6.23064775 10.59749299
-6.25023312 10.71792491
-6.26113685 10.72407441
-6.36565243 10.69283601
-6.40415137 10.68511038
-6.42585548 10.6718037
-6.43259925 10.64875601
-6.40753618 10.5723524
-6.42391761 10.55914907
-6.4825962 10.56121613
-6.5646067 10.58643423
-6.65413611 10.6564558
-6.67635698 10.63376984
-6.68612383 10.57801097
-6.69196326 10.51202017
-6.66932899 10.39218252
-6.69328101 10.34944611
-6.75319984 10.3571459
-6.83366004 10.35699087
-6.90383664 10.34505362
-6.95034542 10.34231476
-6.97949093 10.29957836
-6.99173825 10.25188101
-6.96383297 10.19870596
-6.96817379 10.17622671
-6.98946448 10.15565949
-7.01711138 10.14325715
-7.03974565 10.14475576
-7.10490963 10.20353771
-7.18232093 10.22568106
-7.3631626 10.25934825
-7.38504757 10.34011852
-7.41478736 10.34130707
-7.45656776 10.38391429
-7.49796058 10.43977652
-7.53284217 10.43683096
-7.56211687 10.42122468
-7.66115475 10.42745169
-7.7490822 10.34228893
-7.81422034 10.23658478
-7.88406104 10.18576101
-7.96092973 10.16346263
-7.99064368 10.16250662
-7.97446896 10.22953095
-7.98568275 10.27844269
-8.00728349 10.32187674
-8.23150753 10.43799368
-8.26664751 10.48600108
-8.30158078 10.61756928
-8.3241117 10.74952505
-8.32170875 10.82693635
-8.30636085 10.89607941
-8.31274289 10.94977123
-8.33739254 10.99062145
-8.40446855 11.02992137
-8.47469682 11.04836986
-8.56352861 10.99669343
-8.60621334 10.98697826
-8.6462109 10.99049226
-8.66672645 11.00948334
-8.66391008 11.03586416
-8.56730099 11.1769925
-8.52030128 11.23595531
-8.46353472 11.2807071
-8.42529416 11.30473664
-8.40069617 11.33941153
-8.39852576 11.36654165
-8.40746579 11.38628205
-8.47071774 11.41222362
-8.56872209 11.47805939
-8.62114783 11.48508739
-8.66496945 11.51500804
-8.71142656 11.61779247
-8.73307899 11.63748119
-8.7797428 11.64822989
-8.82201413 11.67326712
-8.82005042 11.80710908
-8.81829342 11.92250255
-8.91384315 12.10856354
-8.95084347 12.22561066
-8.99895423 12.3459134
-9.0430859 12.40234406
-9.12047136 12.44993806
-9.215556 12.48288178
-9.30002112 12.49027151
-9.36518511 12.47929027
-9.39536414 12.46466584
-9.39363298 12.44223827
-9.34084551 12.36604137
-9.33154375 12.32374421
-9.34017371 12.2827648
-9.35810543 12.25542796
-9.4050018 12.25245657
-9.48683143 12.22865957
-9.58772966 12.18248668
-9.65829383 12.14310924
-9.71475033 12.04246939
-9.75402442 12.02991201
-9.82068702 12.04249523
-10.01062375 12.1164442
-10.16709998 12.17744823
-10.27487118 12.21266572
-10.33990597 12.19028982
-10.37277218 12.17954112
-10.4658156 12.1386909
-10.58950314 11.99027619
-10.61901038 11.94123526
-10.64371172 11.92552562
-10.67735307 11.89942902
-10.70923743 11.89870555
-10.73492062 11.91645641
-10.74303382 11.92725678
-10.80649248 12.03430451
-10.87615231 12.15186839
-10.93320309 12.20519847
-11.00454241 12.20749807
-11.06580482 12.17078197
-11.12926347 12.09502432
-11.209672 12.02487356
-11.26067664 12.0040738
-11.30517005 12.01541677
-11.41462073 12.10401602
-11.49244544 12.16695791
-11.50221229 12.19863557
-11.4745654 12.24718557
-11.44756446 12.31924836
-11.41808306 12.37766857
-11.38940264 12.40441112
-11.38242632 12.47923859
-11.44877886 12.53194855
-11.45056169 12.55770926
-11.4440763 12.62760163
-11.41436235 12.77549958
-11.4174371 12.83187857
-11.39038449 12.94200104
-11.43394772 12.99161042
-11.44412798 13.02824901
-11.49280718 13.08695344
-11.54877275 13.17025585
-11.56166602 13.23697012
-11.5813289 13.29001598
-11.63496904 13.36985607
-11.67444984 13.3823876
-11.75826901 13.39453156
-11.77222165 13.36706554
-11.8033567 13.32730052
-11.83167538 13.31580252
-11.87777076 13.36453339
-11.89521155 13.40631379
-11.89459144 13.444451
-11.95706824 13.51090689
-12.05421994 13.63306997
-12.04414303 13.73386485
-11.98419837 13.78809927
-11.96637 13.82897533
-11.9608923 13.87527741
-11.98809994 13.9307779
-12.02011349 13.97467703
-12.01117347 14.07182872
-12.01918332 14.2064975
-12.06837928 14.27421947
-12.11289853 14.32331208
-12.17524614 14.376668
-12.22839535 14.45860098
-12.20682044 14.57112641
-12.18653744 14.64815013
-12.28061439 14.8090447
-12.10470781 14.7453535
-12.08155677 14.76635997
-12.02156043 14.80493643
-11.9409452 14.88692109
-11.87283566 14.99515738
-11.84224321 15.12941275
-11.82875566 15.2448579
-11.79844743 15.34273306
-11.76018104 15.42554454
-11.67589678 15.51205089
-11.59672848 15.57326162
-11.50267737 15.63682364
-11.45523841 15.62540314
-11.36563148 15.53675222
-11.16931271 15.3586494
-11.00741045 15.22292125
-10.94824093 15.15114269
-10.89558265 15.15047089
-10.8150966 15.28175487
-10.73197506 15.39492626
-10.69657671 15.4226765
-10.58655758 15.4348463
-10.49315243 15.43980724
-10.41178789 15.43792105
-10.26208126 15.41603608
-10.19373918 15.39606314
-10.12955705 15.38371247
-9.941429 15.37379059
-9.75508379 15.40148916
-9.57783362 15.43724925
-9.44693722 15.45822989
-9.44032264 15.51166332
-9.44771237 15.57486359
-9.42657671 15.62305187
-9.38533891 15.66762279
-9.35056068 15.67738963
-9.33547116 15.52566763
-9.2937166 15.50282665
-9.17682451 15.49610871
-8.98704281 15.49610871
-8.78310177 15.49610871
-8.57913489 15.49613455
-8.37519385 15.49616039
-8.17125281 15.49616039
-7.96731177 15.49616039
-7.76337073 15.49616039
-7.55940386 15.49616039
-7.35548865 15.49618622
-7.15152178 15.49621206
-6.9475549 15.49621206
-6.74361386 15.49621206
-6.53967282 15.49621206
-6.33573178 15.49621206
-6.13179074 15.4962379
-5.92782386 15.49626374
-5.72388282 15.49626374
-5.51250037 15.49626374
-5.45560462 15.7893983
-5.40356645 16.05788321
-5.35989987 16.28288239
-5.50960649 16.4420458
-5.62866899 16.56865306
-5.65626421 16.80956859
-5.68473792 17.05823558
-5.71321164 17.30690257
-5.74168535 17.55556957
-5.77015906 17.80423656
-5.79863278 18.05290355
-5.82710649 18.30157054
-5.85558021 18.55023754
-5.88405392 18.79887869
-5.91252764 19.04751984
-5.94100135 19.29618684
-5.96947506 19.54485383
-5.99794878 19.79352082
-6.02642249 20.04218781
-6.05489621 20.2908548
-6.08336992 20.5395218
-6.11184363 20.78818879
-6.14031735 21.03685578
-6.16879106 21.28552277
-6.19726478 21.53418976
-6.22573849 21.78285676
-6.25421221 22.03152375
-6.28268592 22.28019074
-6.31115963 22.52885773
-6.33963335 22.77749889
-6.36810706 23.02614004
-6.39658078 23.27480703
-6.42505449 23.52347403
-6.4535282 23.77214102
-6.48200192 24.02080801
-6.51047563 24.269475
-6.53894935 24.51814199
-6.56739722 24.76680899
-6.5940881 24.99465038
-6.28718177 24.99480541
-5.95981157 24.99496044
-5.64078712 24.99516714
-5.17288286 24.99542552
-4.82262 24.99558055
-4.51700558 24.80450694
-4.24030412 24.62356192
-3.91280473 24.40946646
-3.58533118 24.19534516
-3.25785763 23.98122386
-2.93038408 23.7671284
-2.60291053 23.55300711
-2.27541114 23.33888581
-1.94791175 23.12479035
-1.6204382 22.91066905
-1.29296465 22.69654776
-0.9654911 22.4824523
-0.63801754 22.268331
-0.31054399 22.0542097
0.01698124 21.84011424
0.34445479 21.62599295
0.67192834 21.41187165
0.99940189 21.19777619
1.14554284 21.10222647
1.15913374 21.06248729
1.17277632 20.98197541
1.16409468 20.89133495
1.16574833 20.81743765
1.20884647 20.76731151
1.29023685 20.71359386
1.61063073 20.55559317
1.63600386 20.52435476
1.64737267 20.45885489
1.68540653 20.37836884
1.75320601 20.33160167
1.8323743 20.29684927
1.92880252 20.27269054
2.21932743 20.24780834
2.28082238 20.21031708
2.40618941 20.06386608
2.47419559 20.03503063
2.66777551 19.99291433
2.80792199 19.96945323
2.86569624 19.95593985
2.99251021 19.91658824
3.13027958 19.85020987
3.20366011 19.78969676
3.20340173 19.77075735
3.20272993 19.71830577
3.20164473 19.56040843
3.22706953 19.47356619
3.25585331 19.41093435
3.25440637 19.37261628
3.21962813 19.3453828
3.19234297 19.31207734
3.17725345 19.26817821
3.13787601 19.21216096
3.106095 19.15009756
3.11968591 19.10317536
3.17420454 19.07289297
3.25595666 19.01325837
3.32344608 18.988402
3.35646732 18.98664501
3.40085737 18.98842784
3.4387362 18.99615347
3.68347578 19.04162873
3.91018029 19.08374502
4.22762861 19.14275951
NaN  NaN
