# Mauritius
# from http://www.rjruss.info/2010/12/free-countries-of-world-in-polygon-kml.html
57.65129276 -20.48489918
57.52478885 -20.51321787
57.38329878 -20.50370941
57.32831506 -20.45001759
57.31766971 -20.4276417
57.36510868 -20.40645436
57.36211144 -20.33762135
57.38577925 -20.22858408
57.41606164 -20.18383229
57.48644494 -20.14393808
57.51507368 -20.0559848
57.57574182 -19.99717702
57.65656376 -19.98994232
57.73717899 -20.09846282
57.79195601 -20.21256439
57.78069055 -20.32697601
57.72498335 -20.36883392
57.70668989 -20.4348764
57.65129276 -20.48489918

