# Micronesia
# from http://www.rjruss.info/2010/12/free-countries-of-world-in-polygon-kml.html
162.98315799 5.32572175
162.99349328 5.27724925
162.92993127 5.30076203
162.92114628 5.31791861
162.9581466 5.33502351
162.98315799 5.32572175

158.31481245 6.81369294
158.25652144 6.79100698
158.18345096 6.80129059
158.16081669 6.88283601
158.12764042 6.90464346
158.13477176 6.94484772
158.18613814 6.97771393
158.29465864 6.9510489
158.33496626 6.89317129
158.30933475 6.85462067
158.31481245 6.81369294

151.64772586 7.3461669
151.63950931 7.33298941
151.57837609 7.33810537
151.56974613 7.3454951
151.5750688 7.35133454
151.60431766 7.35719982
151.60777998 7.37536408
151.59289717 7.37923981
151.60560957 7.38872244
151.62948408 7.3904536
151.64328169 7.37926565
151.65051639 7.36283255
151.64772586 7.3461669

151.88140669 7.43205313
151.86425012 7.42673045
151.85598189 7.43179475
151.86001265 7.45737458
151.86533532 7.46615957
151.8818201 7.46708975
151.9105522 7.46016511
151.91261926 7.45386058
151.88140669 7.43205313

138.1427104 9.50068655
138.06705611 9.41906363
138.06188846 9.4457545
138.0850395 9.49456289
138.11687219 9.55021841
138.14694787 9.58360139
138.18580855 9.59329072
138.21361047 9.54722118
138.18250126 9.50737865
138.1427104 9.50068655

