# Moldova
# from http://www.rjruss.info/2010/12/free-countries-of-world-in-polygon-kml.html
28.21246952 45.45045604
28.16255008 45.51375967
28.11195886 45.56915681
28.07470015 45.59897411
28.09030643 45.61274588
28.13082075 45.62827464
28.15981123 45.64713654
28.15629723 45.71307567
28.13495487 45.78885916
28.11552453 45.82552359
28.11356083 45.88303946
28.09971154 45.97259471
28.11919356 46.13868277
28.19965376 46.34755891
28.24435388 46.45127351
28.2225981 46.5080659
28.23949629 46.64082266
28.20471805 46.70640005
28.14994103 46.79207958
28.07180627 46.97842479
27.97418949 47.04322704
27.85383508 47.11448884
27.80236535 47.16830984
27.76794885 47.22758271
27.69617028 47.28641633
27.61410811 47.34054739
27.51587121 47.47562958
27.46481489 47.53668529
27.44926029 47.55311839
27.33686405 47.63975393
27.27795292 47.71796621
27.24813561 47.7822517
27.23082401 47.84173127
27.15206913 47.95929515
27.08034224 48.04766185
27.0122327 48.11050039
26.98076175 48.15504548
26.90097334 48.21111441
26.78728519 48.25581452
26.7138013 48.26346263
26.61897505 48.25984528
26.64047245 48.29415843
26.84707482 48.38715017
26.90055993 48.37193146
27.008512 48.36826244
27.22849857 48.3714147
27.3369674 48.43270295
27.40378503 48.41564973
27.45845869 48.44308991
27.54925418 48.47771312
27.56222497 48.47040091
27.57374881 48.46489737
27.71441206 48.44949779
27.82003869 48.41626984
27.8906287 48.36521353
27.96338911 48.33356171
28.03842329 48.32128856
28.08012617 48.29581208
28.08849776 48.25705476
28.15882938 48.23798615
28.29101769 48.23855459
28.3471383 48.21305227
28.32698449 48.16142752
28.34052372 48.14445181
28.38754927 48.16212515
28.42305098 48.1468806
28.44201623 48.10869172
28.46304854 48.09050161
28.53048628 48.15031708
28.6016964 48.14440013
28.77377892 48.11956961
28.86581465 47.99567536
28.92317549 47.95113028
28.97335331 47.93299185
29.03696699 47.95234467
29.09293257 47.9754182
29.12538537 47.96454031
29.19483849 47.88240062
29.21116825 47.77501699
29.21075484 47.73155712
29.1860535 47.65858999
29.15091353 47.58086864
29.12295658 47.53038076
29.13489383 47.48968557
29.15980187 47.45565664
29.20057458 47.44449453
29.33374474 47.3757132
29.3834058 47.32804169
29.45570112 47.29264334
29.51063317 47.29070547
29.53915856 47.27099091
29.54933882 47.24680634
29.54179406 47.18554393
29.51099491 47.12802806
29.51502567 47.09110525
29.56349816 47.04751618
29.56866581 46.99671825
29.5719731 46.96400707
29.59775964 46.93884064
29.71976769 46.88292674
29.8778459 46.82892487
29.91810184 46.78241608
29.94249312 46.72376333
29.93474165 46.62500967
29.92430301 46.53886506
30.13100874 46.42308401
30.10749597 46.40158662
30.07571496 46.37784129
29.87805261 46.36021963
29.83790002 46.35055614
29.75201379 46.43778596
29.70679691 46.44874136
29.66457726 46.41675365
29.61496789 46.39882193
29.5550749 46.40776195
29.4910478 46.43468537
29.45880171 46.45375397
29.43280847 46.45597606
29.39286258 46.43690746
29.33953251 46.44507233
29.30485762 46.46662141
29.25457645 46.39262075
29.22388065 46.3769628
29.20455366 46.37936575
29.20083296 46.50496532
29.18620853 46.52395641
29.14626265 46.52690196
29.04993778 46.49703299
28.95836714 46.45848237
28.92746463 46.42411754
28.93056522 46.36223501
28.94369103 46.28841523
29.00627119 46.17648408
28.97190637 46.12764985
28.9477218 46.04992849
28.84953657 45.97864086
28.7387423 45.93714468
28.72933719 45.85198192
28.66763553 45.79384593
28.56231896 45.7358133
28.4916256 45.66579173
28.50950565 45.61783601
28.51374312 45.57241242
28.50175418 45.54156159
28.49906701 45.51773876
28.47136844 45.50719676
28.31034468 45.4985668
28.26486942 45.48386485
28.21246952 45.45045604

