# Montenegro
# from http://www.rjruss.info/2010/12/free-countries-of-world-in-polygon-kml.html
19.19436364 43.53331208
19.19162479 43.52103893
19.1964307 43.48499462
19.21875492 43.44995799
19.29828495 43.41393952
19.41466027 43.34283275
19.55155114 43.21224641
19.61444136 43.1734374
19.67102705 43.16395478
19.78114953 43.10977204
19.85804406 43.09654287
19.94403364 43.08166006
20.16789595 42.96848867
20.26845829 42.93546743
20.33997847 42.89288605
20.34762658 42.85278514
20.34437097 42.82795462
20.21512821 42.79883495
20.19259728 42.7546516
20.13001712 42.75976756
20.05425947 42.76007762
20.02950646 42.73201732
20.06567997 42.68581859
20.08924442 42.63155834
20.07033084 42.5570926
20.06397464 42.54727407
20.04573286 42.54990957
19.93907271 42.50670808
19.85980106 42.48634756
19.78828088 42.4761673
19.75448449 42.49694123
19.737793 42.52515656
19.74073856 42.60690868
19.72781945 42.63452973
19.7033765 42.6479656
19.65443892 42.62858694
19.59743981 42.56543834
19.54457482 42.49195445
19.46509647 42.41536998
19.39957075 42.34191193
19.32898075 42.24925609
19.28071496 42.17256826
19.3308411 42.12928925
19.36143355 42.06911205
19.35213179 42.02402436
19.36112349 41.99774689
19.34546553 41.91886282
19.34241662 41.86907258
19.18645715 41.94862844
19.12227502 42.06048208
18.8942786 42.2494628
18.6328992 42.37808544
18.61904992 42.39836844
18.63341597 42.42314728
18.64592167 42.44273265
18.59155806 42.44420543
18.5535242 42.4284958
18.51745405 42.43291413
18.47668135 42.4811024
18.43807905 42.52296031
18.43637373 42.5597281
18.45394372 42.56448233
18.48004032 42.57918427
18.53492069 42.62013784
18.54592777 42.64158356
18.54329227 42.67419139
18.466036 42.7772342
18.45502892 42.8441035
18.44386681 42.968437
18.46014489 42.99789256
18.48846358 43.01215526
18.62359745 43.02768403
18.62184045 43.12460318
18.63000532 43.15364533
18.65687707 43.19392711
18.67424035 43.23082408
18.74922285 43.28353404
18.8510771 43.34634675
18.89562219 43.3482071
18.93468957 43.33944794
18.97866621 43.28542023
19.02667362 43.29244823
19.03669885 43.35730215
18.9738603 43.4423874
18.94021895 43.49672517
18.95070926 43.52667166
18.97417036 43.54235546
19.02832726 43.53251109
19.08005537 43.5177058
19.11276655 43.52775686
19.16433963 43.53543081
19.19436364 43.53331208

