32.88613773 -26.84931691
32.77653202 -26.85102223
32.58873986 -26.85572479
32.47773889 -26.85851531
32.35345707 -26.8616159
32.19956465 -26.83350392
32.11290327 -26.83949839
32.10597863 -26.51998301
32.07791833 -26.44980641
32.04830773 -26.34717702
32.04138309 -26.28128956
32.05998661 -26.21509205
32.06887495 -26.11013722
32.06050337 -26.0183082
31.96846764 -25.97221282
31.94826216 -25.95758839
31.92826338 -25.88539642
31.92025353 -25.77393035
31.98453902 -25.63197519
31.97937137 -25.35943369
31.98701948 -25.26347055
31.98577925 -25.07386972
31.98443566 -24.84406463
31.98319543 -24.63828908
31.98583093 -24.46067718
31.96665897 -24.37644459
31.9505876 -24.33029754
31.90795454 -24.23619476
31.85829349 -24.04023773
31.79964074 -23.89223642
31.72398644 -23.79456797
31.6999569 -23.74309824
31.67556563 -23.67426523
31.60409712 -23.55292897
31.5455994 -23.48233896
31.52963138 -23.42580495
31.53175012 -23.27945729
31.46668949 -23.01668263
31.4193022 -22.8251181
31.34798872 -22.61753387
31.3002397 -22.47857594
31.29316003 -22.45470143
31.28783736 -22.40204315
31.42953413 -22.29884531
31.57154097 -22.15347951
31.7376807 -21.98336069
31.88594038 -21.83153533
32.01632002 -21.69805511
32.19475874 -21.51537892
32.37107873 -21.33487314
32.41241987 -21.31182545
32.42978316 -21.29704599
32.35361209 -21.13648732
32.47618859 -20.95009043
32.48280318 -20.82885752
32.47763553 -20.71299896
32.49241499 -20.65977223
32.52931196 -20.61305674
32.67255903 -20.51611175
32.78087284 -20.36154754
32.86965295 -20.21721526
32.99274621 -19.98487802
33.00494185 -19.93020436
33.00675052 -19.87382537
32.97269575 -19.79538055
32.89047855 -19.6681015
32.83079227 -19.55818572
32.7776689 -19.3887387
32.8309473 -19.24146087
32.84996423 -19.15247405
32.8498092 -19.1043633
32.82619307 -19.05883636
32.76624841 -19.0243165
32.716484 -19.00188893
32.69974084 -18.94091074
32.69922407 -18.86846038
32.7219617 -18.82841115
32.85446008 -18.76366058
32.88453576 -18.7285206
32.90029707 -18.68903981
32.90169234 -18.6329192
32.94251672 -18.49266937
32.99305627 -18.35960255
32.99641524 -18.312577
32.97848351 -18.27144256
32.96468591 -18.19625335
32.95553918 -18.08287526
32.95471236 -17.76537526
32.98075728 -17.43753997
32.96928511 -17.25160817
32.88443241 -17.03782277
32.87626753 -16.88356862
32.93791751 -16.77592661
32.94799442 -16.71231292
32.90288089 -16.70419972
32.81022505 -16.69763681
32.74175378 -16.67763803
32.63586877 -16.58942636
32.45200402 -16.51573577
32.24323124 -16.44871144
31.93989058 -16.42881601
31.68760624 -16.21415211
31.48989221 -16.17973561
31.42622684 -16.1523471
31.23626428 -16.02367278
30.93876306 -16.01168385
30.6301514 -15.99917816
30.43776004 -15.9953541
30.40938968 -15.97819752
30.39812422 -15.80074066
30.39605716 -15.64307586
30.37983076 -15.50587493
30.3505819 -15.34970875
30.30567508 -15.28883392
30.2521383 -15.18320729
30.2249565 -15.06693532
30.22175256 -15.01050465
30.23188114 -14.99035084
30.44607995 -14.90751352
30.53770226 -14.86653411
30.6733529 -14.81909515
30.91514693 -14.75331105
31.13089603 -14.6946583
31.32845503 -14.63765919
31.53795129 -14.57714609
31.62306237 -14.53668344
31.7288957 -14.49606577
31.98211022 -14.41441701
32.0545089 -14.38651173
32.19992639 -14.34077809
32.27289351 -14.3230014
32.55318648 -14.22957041
32.87451053 -14.12249684
32.98716515 -14.08497975
33.2017257 -14.01335622
33.24358361 -14.04307016
33.38993127 -14.28946339
33.50527306 -14.43410573
33.63642785 -14.56820607
33.65828698 -14.56164316
33.69606245 -14.53032724
33.76143314 -14.51730478
33.96984419 -14.48712575
34.0494259 -14.48526539
34.1018258 -14.4492986
34.20874434 -14.42377044
34.33250939 -14.40857757
34.37498742 -14.42485565
34.50531538 -14.59812672
34.5241256 -14.73072845
34.55120405 -14.92239634
34.55761193 -15.01593068
34.5554932 -15.14093597
34.54086877 -15.29730885
34.43493208 -15.47719451
34.41477827 -15.56674977
34.35803755 -15.70524261
34.28305505 -15.7734555
34.2461064 -15.82942108
34.24822513 -15.88750538
34.28832604 -15.93608123
34.37596927 -16.02372446
34.40304772 -16.08031015
34.39514123 -16.13090138
34.39555464 -16.1992693
34.41643192 -16.24681162
34.44133996 -16.27445851
34.52810469 -16.31915862
34.61269901 -16.43150319
34.75883996 -16.56710215
34.93335127 -16.760372
35.01531009 -16.81954152
35.07985396 -16.83390757
35.11215173 -16.89850311
35.09422001 -16.97384734
35.04399051 -17.01689381
35.06460941 -17.07859547
35.09303145 -17.11094492
35.12455407 -17.12727467
35.20139693 -17.13109873
35.27255537 -17.118438
35.29038374 -17.09694061
35.28118534 -16.80781097
35.22981896 -16.63924245
35.17834924 -16.57330332
35.16718713 -16.56022918
35.18527388 -16.50488372
35.24278975 -16.37538258
35.29146895 -16.24717335
35.32242313 -16.19317148
35.35849328 -16.16051198
35.59930545 -16.12588877
35.70885949 -16.09581308
35.7553166 -16.05829599
35.79123172 -15.95866383
35.81996382 -15.68033457
35.83029911 -15.4189035
35.80539107 -15.2656312
35.83991092 -15.03468922
35.89272424 -14.89180389
35.86667931 -14.86374358
35.8471973 -14.67093882
35.690411 -14.465525
35.48851118 -14.20104502
35.37575321 -14.05872812
35.2474923 -13.89687754
35.01381148 -13.64345631
34.90684126 -13.55167897
34.85051395 -13.51602223
34.66158491 -13.48667002
34.61151045 -13.43788747
34.56365807 -13.36016611
34.54567468 -13.21629892
34.54257409 -13.10870859
34.5212834 -12.92577402
34.48288781 -12.66677174
34.46583459 -12.59070403
34.4120911 -12.39588388
34.36082808 -12.2105722
34.35783084 -12.1647352
34.37596927 -12.12024179
34.46294071 -11.98376434
34.52474572 -11.88697438
34.55394291 -11.83410939
34.60629113 -11.69008717
34.61859012 -11.62022064
34.65951786 -11.58864634
34.82653609 -11.57567555
34.95949955 -11.57810434
35.18263838 -11.57484873
35.41823124 -11.58316863
35.45140751 -11.58952483
35.50442752 -11.60482106
35.56432051 -11.60234059
35.63098311 -11.58198008
35.70472538 -11.532164
35.78544396 -11.45294402
35.91132775 -11.45464935
36.08217004 -11.53733164
36.17549767 -11.60926523
36.19131066 -11.67065683
36.30567061 -11.70631357
36.51868086 -11.71623545
36.67381351 -11.68429941
36.77106856 -11.61040211
36.8727161 -11.57128305
36.97885949 -11.56694223
37.05916467 -11.59221201
37.11383833 -11.64714406
37.21837975 -11.6865215
37.37289229 -11.71044769
37.54171919 -11.67510101
37.72486047 -11.58063649
37.82929854 -11.4819345
37.8550334 -11.3790984
37.88536747 -11.31667327
37.92019738 -11.29476247
38.0172974 -11.28210174
38.17656416 -11.27869109
38.31510868 -11.31109222
38.49173872 -11.4133082
38.60335982 -11.34535369
38.79476932 -11.22892669
38.98752241 -11.16727671
39.17097375 -11.1668633
39.32155887 -11.12257659
39.43917443 -11.03451995
39.56345625 -10.97855438
39.69440433 -10.95478322
39.81708418 -10.91235687
39.98870161 -10.8208379
40.16626183 -10.68746103
40.34743941 -10.55155202
40.46355635 -10.4643222
40.5167314 -10.567365
40.61171268 -10.66151946
40.55507531 -10.71619313
40.48665571 -10.76518239
40.59713993 -10.8307081
40.51611128 -10.92961679
40.50618941 -10.9984498
40.52685998 -11.0254249
40.54453332 -11.06557749
40.49140995 -11.1789039
40.42102665 -11.26561696
40.40283654 -11.33207285
40.46515832 -11.44937835
40.43311893 -11.65732431
40.49358036 -11.84444468
40.51042687 -11.94040781
40.53151086 -12.00458994
40.50143517 -12.11941497
40.50918664 -12.31289153
40.52313928 -12.3927833
40.48706913 -12.49220875
40.54835737 -12.52652191
40.58081017 -12.6355075
40.57202518 -12.75844573
40.55331831 -12.82459157
40.44769168 -12.90479339
40.43518599 -12.9359026
40.43683963 -12.98313486
40.56871789 -12.98463348
40.57326542 -13.05775563
40.56448042 -13.11521982
40.56954471 -13.22343027
40.55197473 -13.29371022
40.58287723 -13.37401539
40.54515344 -13.46289886
40.5581759 -13.53147348
40.55982954 -13.62030527
40.59052534 -13.84504608
40.59569299 -14.1228069
40.60251428 -14.16740366
40.64953983 -14.19882293
40.71558231 -14.21448089
40.71310184 -14.29065195
40.63992801 -14.39007741
40.63558719 -14.45183074
40.64612918 -14.53869883
40.72664107 -14.42072153
40.77501021 -14.42128997
40.81810835 -14.46759205
40.81211389 -14.53549489
40.8269967 -14.56908457
40.82058882 -14.63492034
40.84456668 -14.71863616
40.83516157 -14.79149993
40.77594038 -14.84245289
40.7006995 -14.92978607
40.68736698 -15.01158986
40.69439497 -15.06522999
40.64220178 -15.08238657
40.6178105 -15.11551116
40.65315718 -15.19266408
40.65098677 -15.26098032
40.55900272 -15.47342213
40.31384973 -15.76394704
40.20801639 -15.86709319
40.10879764 -15.97933441
40.10890099 -16.02527475
40.09918583 -16.06532399
39.98363732 -16.22552093
39.85971724 -16.25177256
39.79088423 -16.29456064
39.84462772 -16.4356373
39.76452925 -16.46819345
39.62541629 -16.57940114
39.24228723 -16.7926181
39.18172245 -16.84202077
39.08436405 -16.97286549
38.95599979 -17.00459482
38.88478967 -17.04159515
38.75756229 -17.05513437
38.71322391 -17.04572926
38.66991906 -17.05032846
38.63333215 -17.07828541
38.38073775 -17.17016611
38.14488651 -17.2427715
38.08690555 -17.27594777
38.04825158 -17.32137135
37.83947879 -17.39320159
37.51226362 -17.57065846
37.24447635 -17.73995045
37.05058638 -17.90924245
36.99953006 -17.93492563
36.9393787 -17.99347503
36.91922489 -18.08008473
36.89958784 -18.12897064
36.75613407 -18.30735768
36.54012658 -18.51819752
36.49801029 -18.57576507
36.41217573 -18.69296722
36.4037008 -18.7697584
36.32721968 -18.79311614
36.2629342 -18.71963226
36.23564904 -18.86132903
36.18314579 -18.87140594
36.12495812 -18.84236378
35.98005741 -18.9124887
35.85376021 -18.993414
35.65129195 -19.16384287
35.36531457 -19.49395192
34.94787235 -19.81269215
34.89082157 -19.8217872
34.8523743 -19.82054697
34.72101281 -19.70954599
34.64938928 -19.70138112
34.71346805 -19.76721689
34.75573937 -19.82199391
34.74499068 -19.92948089
34.74995161 -20.09081471
34.69817183 -20.4043873
34.70509647 -20.4730136
34.76473107 -20.56189707
34.87707564 -20.67083099
34.98228885 -20.80622324
35.11757775 -21.19519175
35.12801639 -21.39533457
35.26764611 -21.6509262
35.27291711 -21.76172047
35.32934777 -22.03736256
35.32562707 -22.26039804
35.31570519 -22.39682383
35.38298791 -22.45459808
35.4077926 -22.40255991
35.40086795 -22.31620859
35.41885135 -22.17766408
35.45636844 -22.11591074
35.49378218 -22.12474741
35.50484094 -22.1901181
35.53005903 -22.24815073
35.54029097 -22.30266937
35.54204797 -22.37656666
35.49026818 -22.65768646
35.50577111 -22.77209808
35.57543094 -22.96309417
35.4944023 -23.18519948
35.37699344 -23.70780324
35.37037886 -23.79823699
35.3988009 -23.83766611
35.46205285 -23.85110198
35.48530724 -23.78443939
35.52251428 -23.78500783
35.54194461 -23.82443694
35.48964806 -24.06555918
35.43807499 -24.1711858
35.25483036 -24.43029144
35.15592167 -24.54139577
34.99210737 -24.65063974
34.60732466 -24.82127532
33.83600223 -25.06797861
33.53007775 -25.18884979
33.34745324 -25.26093841
32.96112023 -25.49038177
32.7921383 -25.64437754
32.72258182 -25.82090423
32.65591922 -25.90177785
32.59039351 -26.00409718
32.64744429 -26.09199879
32.70346154 -26.15845469
32.76960737 -26.20299977
32.80392053 -26.24144704
32.84887902 -26.2680604
32.89404422 -26.12992929
32.91636844 -26.08688283
32.95491906 -26.08362721
32.93362837 -26.25229909
32.88918664 -26.83045501
32.88613773 -26.84931691
NaN  NaN
34.71935917 -12.11068165
34.7460242 -12.08835744
34.75625614 -12.0590569
34.75594608 -12.03078989
34.73899621 -12.01306487
34.71491499 -12.00278126
34.67993005 -12.00887908
34.66747603 -12.04758473
34.66210168 -12.10075978
34.68421919 -12.1186915
34.71935917 -12.11068165
34.64163781 -12.01368499
34.62427453 -11.98474619
34.59140832 -11.97105193
34.55399458 -11.98226572
34.54159224 -12.01864593
34.58045292 -12.06577483
34.62179406 -12.06660166
NaN  NaN
