# N. Mariana Is.
# from http://www.rjruss.info/2010/12/free-countries-of-world-in-polygon-kml.html
145.26485965 14.15810253
145.21535363 14.11133535
145.17959354 14.12097301
145.15737267 14.13688935
145.15210168 14.16360607
145.23240685 14.18947012
145.26547977 14.18024588
145.26485965 14.15810253

145.66235477 14.97050772
145.62101363 14.91955476
145.59155806 14.9988264
145.58670047 15.03081411
145.62483768 15.06014049
145.64736861 15.05949453
145.66235477 14.97050772

145.7519617 15.13315929
145.74917118 15.10724356
145.69821822 15.11352224
145.68426558 15.1251236
145.71320438 15.21529898
145.78637821 15.25689851
145.82193159 15.26537344
145.78854862 15.22263703
145.78234745 15.17462962
145.7519617 15.13315929

145.7120675 16.33910635
145.69026004 16.33215587
145.65832401 16.33579906
145.63599979 16.35150869
145.63103885 16.37796703
145.69553104 16.37962067
145.71950891 16.35977692
145.7120675 16.33910635

145.77748986 18.07894847
145.72912072 18.05693431
145.78927209 18.15542959
145.80746219 18.17263784
145.83547082 18.1367744
145.77748986 18.07894847

145.70845015 18.76252432
145.67806441 18.72523977
145.65253625 18.75265412
145.64550825 18.80678518
145.69015669 18.80161754
145.7065898 18.79048127
145.70845015 18.76252432

