23.38067142 -17.64062835
23.59487023 -17.59944223
23.79925052 -17.56016815
24.03691043 -17.52094573
24.22713138 -17.48957814
24.27493208 -17.48099985
24.73288862 -17.51774179
24.93241133 -17.54347666
25.0017611 -17.5685914
25.09214318 -17.63432383
25.25879968 -17.79359059
25.21595991 -17.78759612
24.90910526 -17.82139251
24.79221317 -17.86459401
24.53052372 -18.0527479
24.4748682 -18.02851165
24.41218469 -17.98944427
24.35895796 -17.97823048
24.24392622 -18.02344736
24.1293079 -18.07750091
24.00259728 -18.15413706
23.89836592 -18.22922291
23.86431115 -18.26947886
23.70049686 -18.42435312
23.64716678 -18.44946787
23.59972782 -18.45995818
23.58060754 -18.45287851
23.56014367 -18.38642262
23.45978804 -18.23103159
23.29866092 -18.02737477
23.25153202 -18.00747934
23.21938928 -17.99972788
23.09991336 -18.00959808
22.75275109 -18.06716562
22.46005578 -18.11568979
22.01140099 -18.19863047
21.52967329 -18.26560312
21.23253381 -18.30684092
20.97409997 -18.31882985
20.97435835 -18.52052296
20.97497847 -18.9285084
20.97559859 -19.33644215
20.9762187 -19.74437591
20.97683882 -20.15230967
20.97745894 -20.56024342
20.97807905 -20.96817718
20.97869917 -21.37611094
20.97926761 -21.78404469
20.97952599 -21.96196665
20.97099938 -22.00015553
20.8227397 -22.00015553
20.48751468 -22.00015553
20.20536136 -22.00015553
19.97736494 -22.00015553
19.97762333 -22.24262135
19.97793338 -22.52927052
19.97824344 -22.81591969
19.9785535 -23.10251719
19.97891524 -23.38916636
19.97927697 -23.67581553
19.97958703 -23.96241302
19.97989709 -24.24906219
19.98020715 -24.53571136
19.98046553 -24.75197723
19.98046553 -24.77678191
19.98041385 -25.19675628
19.98041385 -25.64158701
19.98041385 -26.08636606
19.98041385 -26.53114511
19.98041385 -26.97597584
19.98041385 -27.4207549
19.98041385 -27.86553395
19.98041385 -28.31036468
19.98041385 -28.45128631
19.87783613 -28.44942596
19.67144046 -28.50389292
19.53982059 -28.57463795
19.48287316 -28.66166107
19.40721887 -28.71447438
19.31265099 -28.7332846
19.27099979 -28.77772633
19.28226525 -28.8479546
19.24578169 -28.90164642
19.16175581 -28.9387501
19.0260535 -28.92794972
18.83877811 -28.86914194
18.60034305 -28.85524098
18.31085168 -28.88624684
18.10269901 -28.87167409
17.97609175 -28.81131601
17.84162967 -28.77689951
17.69931278 -28.76832122
17.61678552 -28.74310312
17.44795861 -28.69814463
17.41571252 -28.62104339
17.39586877 -28.56264902
17.34780969 -28.50115407
17.34259037 -28.45164804
17.38031416 -28.41392425
17.38568851 -28.35320444
17.35871341 -28.26943694
17.31204959 -28.22861256
17.24580041 -28.23088633
17.20456262 -28.19884694
17.18843957 -28.1324944
17.14937219 -28.08226491
17.05625125 -28.03100189
16.93331302 -28.06965586
16.87528039 -28.12794687
16.84117394 -28.21889739
16.81011641 -28.26457936
16.7945618 -28.34085377
16.78748213 -28.39470062
16.7557528 -28.45216481
16.72304162 -28.47552256
16.68945194 -28.46498056
16.62619999 -28.4879249
16.48708703 -28.57288095
16.44755456 -28.61752939
16.33505497 -28.53650075
16.00711633 -28.23171315
15.89094771 -28.15254485
15.71907189 -27.96578623
15.34152388 -27.38649342
15.28757368 -27.27497568
15.21574344 -26.99509612
15.13285445 -26.78756357
15.12375939 -26.66788095
15.16324019 -26.60018483
15.13905562 -26.50799407
15.09657759 -26.42582855
14.96779992 -26.31803151
14.93121301 -25.95815683
14.84522342 -25.72571624
14.86372359 -25.53358327
14.82258915 -25.35860687
14.81855838 -25.24636566
14.8371619 -25.0331487
14.76801883 -24.7879957
14.6279757 -24.54801035
14.50157515 -24.20198496
14.48338504 -24.05036631
14.49692427 -23.64284596
14.47242964 -23.47665455
14.47387658 -23.28111094
14.42385379 -23.07864267
14.40328657 -22.96805511
14.4385299 -22.88056691
14.45930383 -22.90816212
14.49568403 -22.92139129
14.51997196 -22.80517099
14.52596642 -22.7025416
14.46281782 -22.44912038
14.32184452 -22.18991139
13.9732353 -21.76761159
13.88807254 -21.60669118
13.83939334 -21.47326263
13.45057987 -20.91670745
13.28438846 -20.52396657
13.1683232 -20.18465911
13.04212935 -20.02818288
12.45818566 -18.9267514
12.32868452 -18.75105153
12.09572717 -18.54093515
12.04126021 -18.47065521
11.95134321 -18.27046071
11.77585005 -18.00174326
11.73347538 -17.75100921
11.72169315 -17.46678883
11.74303552 -17.24923105
11.90256066 -17.22659677
12.01392337 -17.16851247
12.11433068 -17.16453338
12.21334273 -17.20995696
12.31845259 -17.21341928
12.35927697 -17.20587453
12.54815433 -17.21269581
12.65657149 -17.16050262
12.78514245 -17.10825775
12.85924645 -17.06257578
12.96316776 -17.01544687
13.10114383 -16.96769785
13.1794853 -16.97167693
13.27570682 -16.98955698
13.40370934 -17.00785044
13.47600467 -17.03999318
13.56173587 -17.14122731
13.69438928 -17.23352142
13.79200606 -17.28840179
13.90419559 -17.36069712
13.93799198 -17.38875742
13.98739465 -17.404157
14.01752201 -17.40891123
14.22588138 -17.39774912
14.41470707 -17.38767221
14.61795047 -17.38798227
15.00056278 -17.38855071
15.38317508 -17.38911915
15.76578739 -17.3896876
16.14839969 -17.39025604
16.531012 -17.39082448
16.9136243 -17.39139292
17.29623661 -17.39196136
17.67884891 -17.3925298
17.83537682 -17.39278818
18.10879683 -17.39599212
18.39642785 -17.39940276
18.42826053 -17.40519052
18.46040327 -17.42462086
18.4866549 -17.44281097
18.58814741 -17.57003834
18.71806196 -17.70326019
18.82601403 -17.76630543
18.95530847 -17.80356414
19.0764897 -17.81767181
19.18945438 -17.8084734
19.37714318 -17.82547495
19.6393494 -17.86862477
19.91178755 -17.88133717
20.19435428 -17.86366383
20.39299849 -17.88743499
20.50761681 -17.9525473
20.62512902 -17.99667897
20.74553511 -18.01977833
20.90831587 -18.00608408
21.11347131 -17.95575123
21.28793094 -17.96298594
21.36880456 -17.9994695
21.41686364 -18.00070973
21.7184473 -17.94774139
21.96080977 -17.90521168
22.32425012 -17.83751556
22.62407678 -17.78160166
23.06823571 -17.69886769
23.38067142 -17.64062835
NaN  NaN
