# Nepal
# from http://www.rjruss.info/2010/12/free-countries-of-world-in-polygon-kml.html
88.10979536 27.87059886
88.15030969 27.84331371
88.1542371 27.79869111
88.14700239 27.74921092
88.1055579 27.64244741
88.06788578 27.56736156
88.02411584 27.40886994
87.98442834 27.13395132
87.99316166 27.08607311
88.1110356 26.92845999
88.15723433 26.80730459
88.16157515 26.72477733
88.11155236 26.58643952
88.05491499 26.43001496
88.02700972 26.39503002
87.99507368 26.38236929
87.84924279 26.43688793
87.74878381 26.42931733
87.63333866 26.39911245
87.51303592 26.40500357
87.41355879 26.42296113
87.28741662 26.36030345
87.16680383 26.39425487
87.08954756 26.4332189
87.0379228 26.54161022
87.01642541 26.55543366
86.76248742 26.44192638
86.70140588 26.43505341
86.54363773 26.49600576
86.41439497 26.55631216
86.36612918 26.57439891
86.24158898 26.59801504
86.12939945 26.6117093
86.00728804 26.64938142
85.85572106 26.60018545
85.79458784 26.60416454
85.73733036 26.63974376
85.7074097 26.71265921
85.69991662 26.78162141
85.64839522 26.82898286
85.56845178 26.83983491
85.45641727 26.79722769
85.29301639 26.74100373
85.24020308 26.75035716
85.19178226 26.76653189
85.17410892 26.78156973
85.15152632 26.84663036
85.12537805 26.86099641
85.08734419 26.86296011
85.02006148 26.87851472
84.93717248 26.92688386
84.6854049 27.0410371
84.6538306 27.09168
84.65481245 27.20366283
84.64075646 27.24986156
84.61021569 27.29869579
84.48081791 27.34820181
84.2297738 27.42783519
84.09107425 27.49134553
84.02482507 27.46168325
83.89718428 27.43512157
83.82881636 27.3778124
83.74696089 27.39595083
83.55162398 27.45636058
83.44713423 27.46535228
83.38393395 27.4448109
83.36941288 27.4102652
83.28972782 27.37101695
83.21386682 27.4022812
83.06400516 27.44455252
82.9327987 27.46767772
82.73337935 27.51899242
82.71084842 27.5966621
82.6773621 27.67345327
82.62992313 27.68707001
82.45138106 27.67182547
82.2877218 27.75654898
82.1118669 27.86496613
82.03698775 27.90059703
81.98763675 27.91374868
81.9452104 27.89927928
81.89684126 27.8744746
81.85260624 27.86708487
81.75721154 27.9138262
81.63551354 27.98046296
81.48601363 28.06221507
81.31083052 28.17636831
81.23900028 28.2408605
81.20623742 28.28938467
81.16892704 28.33501496
81.01658491 28.40958405
80.89612715 28.46854686
80.75076135 28.53970531
80.72621504 28.55391633
80.67133467 28.59623933
80.58699873 28.64962108
80.51790734 28.66517569
80.49578983 28.63579763
80.47915002 28.60489513
80.41858524 28.61202648
80.32484419 28.66639008
80.22655562 28.72336335
80.14966109 28.77604747
80.0706995 28.83017853
80.05163089 28.87033112
80.08460046 28.99417369
80.13048913 29.1003946
80.16955651 29.12432079
80.23296349 29.19462657
80.25595951 29.31802989
80.2548743 29.42332062
80.31688602 29.57207123
80.40184208 29.73025279
80.54906823 29.89977733
80.61288863 29.95584626
80.68409875 29.99431936
80.81990441 30.11935049
80.84817142 30.13976268
80.90765099 30.17190542
80.96614872 30.18001862
81.01022871 30.16451569
81.05560062 30.09898998
81.11032596 30.03679739
81.17719527 30.03987214
81.25512333 30.09330557
81.41712894 30.3376059
81.64192142 30.38752534
81.85488 30.36241059
82.04339562 30.32677969
82.09894779 30.24507925
82.13537967 30.15898631
82.15894413 30.1151647
82.22064579 30.06385
82.48657271 29.94148021
82.64082686 29.8312027
82.8543022 29.68338227
83.0139307 29.6180891
83.15542077 29.61266307
83.23520918 29.5546046
83.35520186 29.43913361
83.45669437 29.30632518
83.58350834 29.18359365
83.67104821 29.18762442
83.79047245 29.22741527
83.93599328 29.27950511
84.02198286 29.2538736
84.10135786 29.21997386
84.1278162 29.1563085
84.17556522 29.03639334
84.22868859 28.91174978
84.31214603 28.86810904
84.41079634 28.80392691
84.46547001 28.75292227
84.65062666 28.65954296
84.67677494 28.62153494
84.71424035 28.59554169
84.75940555 28.57923778
84.79687097 28.56022085
84.8551103 28.55360627
85.06915409 28.6096752
85.12630822 28.6026472
85.15907108 28.5922344
85.16010461 28.57184805
85.12145064 28.4842565
85.08858443 28.37227367
85.12243249 28.31594636
85.21214278 28.29264029
85.41063195 28.27602631
85.67831587 28.27744741
85.75944787 28.22065502
85.84026981 28.13536306
85.92171187 27.98971304
85.95411299 27.92821809
85.99457564 27.91041555
86.06413211 27.93470348
86.07550093 27.99457062
86.07870487 28.08358328
86.13699588 28.11433076
86.17420292 28.09169648
86.21792118 28.02208832
86.3286121 27.959534
86.40871057 27.92865733
86.4849333 27.93953522
86.51692101 27.96351309
86.55454146 28.08521109
86.61443444 28.10301362
86.69050215 28.09492626
86.71964766 28.07063833
86.75039514 28.02208832
86.84237918 27.99916983
86.93384647 27.96847403
87.02009444 27.92865733
87.14137902 27.83832693
87.29072391 27.82191966
87.46415002 27.82383169
87.55530724 27.82184215
87.62258996 27.81520173
87.68274133 27.8214029
87.86071496 27.88610179
87.93337202 27.89083019
88.02334069 27.88341462
88.10979536 27.87059886

