-68.20580543 12.14458202
-68.2543296 12.03208242
-68.28223487 12.08226024
-68.28724748 12.17171214
-68.30714291 12.20674877
-68.34843238 12.22809113
-68.37106666 12.2575467
-68.36925798 12.30193675
-68.21947384 12.23124339
-68.20580543 12.14458202
NaN  NaN
-62.93752235 17.49565074
-62.96170692 17.47503185
-62.98310096 17.4768922
-62.99715695 17.4968393
-62.99958574 17.53037731
-62.97932858 17.5211789
-62.97178382 17.51606293
-62.96542762 17.50929332
-62.93752235 17.49565074
NaN  NaN
-63.23267229 17.6231365
-63.24158647 17.61959667
-63.25450558 17.62866588
-63.2521543 17.64527985
-63.24163815 17.65181692
-63.23347327 17.64721772
-63.22691037 17.63411774
-63.23267229 17.6231365
NaN  NaN
4.22613 51.38647614
4.21145389 51.34875235
4.17259321 51.30710114
4.03999149 51.24707897
3.90206709 51.20767569
3.83075361 51.21258495
3.78191939 51.23320384
3.75566776 51.25485627
3.68182214 51.27568187
3.58027795 51.28617219
3.51712935 51.26364126
3.47196415 51.24224722
3.43248335 51.24576122
3.40282108 51.26364126
3.38008345 51.29113312
3.35011112 51.37769115
3.42576542 51.39350414
3.58947635 51.39939525
3.71649702 51.36916454
3.8834119 51.35448843
4.01105269 51.39593293
4.11151167 51.36063793
4.22613 51.38647614
NaN  NaN
3.94914432 51.73947785
4.04681278 51.68490754
4.0675867 51.66749258
4.07513146 51.64875987
3.95100467 51.62702993
3.81902306 51.69400259
3.73179325 51.67824128
3.69903039 51.70989309
3.69851362 51.72971101
3.78905073 51.74645417
3.94914432 51.73947785
NaN  NaN
4.88614139 53.07071442
4.78712935 52.99981436
4.72677127 53.01960643
4.70920129 53.03603954
4.73979374 53.09133332
4.88645145 53.18331737
4.88614139 53.07071442
NaN  NaN
5.10855676 53.3080126
4.92376183 53.23458039
4.90794885 53.24625926
5.02701135 53.31018301
5.10855676 53.3080126
NaN  NaN
4.22613 51.38647614
4.13890018 51.40151398
4.00650516 51.44321686
3.82191695 51.40939464
3.69355269 51.44988312
3.58689253 51.45391389
3.52053999 51.48615998
3.44891646 51.54075613
3.49955936 51.57664541
3.54865197 51.58909943
3.74398889 51.59602407
3.88599572 51.57421662
4.1412773 51.4557484
4.20576948 51.45670441
4.27408573 51.4716389
4.23935917 51.503885
4.17548709 51.51928457
4.08050581 51.55111726
4.00474816 51.59586905
4.18261844 51.61028677
4.15802046 51.63343781
4.13455936 51.67291861
3.94687056 51.81053295
3.97890995 51.84779165
4.02603885 51.92773509
4.08484663 51.99408763
4.13176883 52.011916
4.20876672 52.05899323
4.37630171 52.19684011
4.48285851 52.30918468
4.56213016 52.44258739
4.67829878 52.80977428
4.71271528 52.87212189
4.76873254 52.94131664
4.83911584 52.92826834
4.88800174 52.90834707
5.06122114 52.96064362
5.35836063 53.09650096
5.44600386 53.21406485
5.53199344 53.26868684
5.87357466 53.37519196
6.06219364 53.40710216
6.3532353 53.41529287
6.56355838 53.43428396
6.81625614 53.44118277
6.9123743 53.37537283
6.96818485 53.32728791
7.05799849 53.30057119
7.19731815 53.28227774
7.18894657 53.1871931
7.18992842 52.9995043
7.17954146 52.96622468
7.11706465 52.88700471
7.05086714 52.74479116
7.03298709 52.65136018
7.01314334 52.63353181
6.74845666 52.63410025
6.71073286 52.61787385
6.70541019 52.59766836
6.71879439 52.57358714
6.71243819 52.54966096
6.69161258 52.53017894
6.7029814 52.49922476
6.74881839 52.46403311
6.83248254 52.44227733
6.92203779 52.44026195
6.96813317 52.44411184
7.00182621 52.41897126
7.0351575 52.38021393
7.03262536 52.33148306
7.0196029 52.26603486
6.9772799 52.20549592
6.85506514 52.13578441
6.8003398 52.11121227
6.7490251 52.09868073
6.72447879 52.08023225
6.71295495 52.05690034
6.71564212 52.03620393
6.80240685 51.98018667
6.8003398 51.96739676
6.77522505 51.93827709
6.74184208 51.91088858
6.51756636 51.85394115
6.42496219 51.85838532
6.37214888 51.83001496
6.35571577 51.82466645
6.2971147 51.85073721
6.16652835 51.88076122
6.11722904 51.87040009
6.08984053 51.85394115
6.00757165 51.83399405
5.94876387 51.80267813
5.94850549 51.76239635
6.05273685 51.6582425
6.08937544 51.63777863
6.09113244 51.59891796
6.14156864 51.55008373
6.19324507 51.48889883
6.1988778 51.44998648
6.19283166 51.41060904
6.1662183 51.35485017
6.07583622 51.22410879
6.07475101 51.19904572
6.0824508 51.17997712
6.11335331 51.17470612
6.13691776 51.16483592
6.12999312 51.14742097
5.96106286 51.05667715
5.93920373 51.04081249
5.86840702 51.04530834
5.85750329 51.03011546
5.86716678 51.00567251
5.89471032 50.98422679
5.95512007 50.97293549
6.00684818 50.94996532
6.04844771 50.90490347
5.99392907 50.75044261
5.7974036 50.75452505
5.74707075 50.75958934
5.69363732 50.77467886
5.69358748 50.77474234
5.66909102 50.8059431
5.63948042 50.84361522
5.64754195 50.86666291
5.73663211 50.93213695
5.74996463 50.9502237
5.74081791 50.95991303
5.74975793 50.98874848
5.81828088 51.08641694
5.82711755 51.12563935
5.79647342 51.1530537
5.75239343 51.1694868
5.60878462 51.19845144
5.5404167 51.23930166
5.50873905 51.27501008
5.47685469 51.28503531
5.42977746 51.2729947
5.31086999 51.25971385
5.21418338 51.27896332
5.09987512 51.34647858
5.07341678 51.40681082
5.05946415 51.45313874
5.03093875 51.46910676
4.99259484 51.44536144
4.94391564 51.40776683
4.84805586 51.40327098
4.82066735 51.41205598
4.81606815 51.4328299
4.81059045 51.45272533
4.78418379 51.47737499
4.7556584 51.49109508
4.6339604 51.42171947
4.5887952 51.42192617
4.53169274 51.44859121
4.50342573 51.47468781
4.44089725 51.459805
4.38477665 51.42761058
4.40400028 51.36709748
4.37371789 51.35598705
4.30447147 51.36151643
4.22613 51.38647614
NaN  NaN
5.32580448 53.38573395
5.23258019 53.37780162
5.19020552 53.3917801
5.41510135 53.4314676
5.55741825 53.44355988
5.58263635 53.43808218
5.32580448 53.38573395
NaN  NaN
5.92928185 53.45885611
5.73198124 53.44262971
5.66531864 53.45487702
5.65425988 53.46650422
5.70810672 53.47337718
5.87626183 53.47508251
5.92824833 53.4650056
5.92928185 53.45885611
NaN  NaN
6.33339155 53.51073924
6.19324507 53.47678783
6.15924198 53.48391918
6.16771691 53.4937377
6.29091353 53.51497671
6.33339155 53.51073924
NaN  NaN
6.73471073 53.58251781
6.64210656 53.57921052
6.66856489 53.60566885
6.75455448 53.6255126
6.80085656 53.6255126
6.73471073 53.58251781
NaN  NaN
