-83.15752845 14.99306448
-83.18533037 14.95640005
-83.21589698 14.93237051
-83.2798724 14.81279125
-83.30198992 14.80212006
-83.30633074 14.8905126
-83.34436459 14.90208812
-83.38901303 14.87066885
-83.41371436 14.82534862
-83.37485369 14.76612743
-83.34069556 14.7653006
-83.29919939 14.74902253
-83.18773332 14.34010692
-83.21171119 14.2671398
-83.28082842 14.15360668
-83.34658668 14.05697175
-83.4123191 13.99651032
-83.49376116 13.73879995
-83.56732256 13.3203242
-83.51445757 12.94396475
-83.54122596 12.59628571
-83.51794573 12.51412018
-83.51091773 12.41182669
-83.5652555 12.39340404
-83.59589962 12.39650462
-83.62721554 12.45934317
-83.62367571 12.5145336
-83.59122291 12.57936168
-83.57807126 12.66715994
-83.59336748 12.71307445
-83.62535519 12.61289969
-83.68165666 12.56812206
-83.71837277 12.55261913
-83.75423621 12.50195038
-83.7162282 12.40673656
-83.66731645 12.33705089
-83.65124508 12.28707978
-83.66922848 12.22752269
-83.68041643 12.02433096
-83.6977022 12.02996369
-83.7155564 12.05740388
-83.76718116 12.05926423
-83.77333065 11.97738292
-83.76935157 11.93162344
-83.81319902 11.89640595
-83.82888282 11.86103343
-83.7929677 11.83617707
-83.75335771 11.82126842
-83.704601 11.82454987
-83.66431922 11.72388418
-83.65173601 11.64202871
-83.74496029 11.56647777
-83.77661211 11.50394929
-83.82937375 11.4281658
-83.85906186 11.35364838
-83.86789853 11.30003408
-83.83185421 11.13053539
-83.76793047 11.01023265
-83.71405779 10.93385489
-83.64196916 10.91721507
-83.65894487 10.83685822
-83.71294674 10.78587942
-83.81118364 10.74324636
-83.91929074 10.73536571
-84.096205 10.77569916
-84.1683453 10.78035004
-84.19658647 10.80171825
-84.20495806 10.84132823
-84.25554928 10.90073029
-84.34828264 10.97989859
-84.40184526 10.97447256
-84.48917843 10.99162914
-84.6341825 11.04563101
-84.70115516 11.05219392
-84.79735084 11.00589183
-84.9091528 10.94530122
-85.17895545 11.0399466
-85.36834958 11.10645417
-85.53872677 11.16629548
-85.58420203 11.18944652
-85.62140906 11.18448558
-85.65365516 11.15306631
-85.69055213 11.09746247
-85.70264442 11.08152029
-85.72228146 11.0662499
-85.74432146 11.06211579
-85.74519996 11.08857412
-85.82850237 11.19874828
-85.96115577 11.33135
-86.46890255 11.73830191
-86.65553199 11.98154287
-86.7556034 12.15662263
-86.85097226 12.24772818
-87.12521908 12.43412507
-87.1884452 12.50835826
-87.46013404 12.75756786
-87.6675374 12.90357962
-87.6701729 12.96566885
-87.58503598 13.04331269
-87.54330726 13.03969534
-87.49796119 12.98416901
-87.42437395 12.92112377
-87.38964739 12.92065868
-87.33859107 12.94993338
-87.33727332 12.97925975
-87.0591766 12.99145539
-87.00930884 13.00783682
-86.95889849 13.05372549
-86.93316362 13.11754588
-86.92879696 13.17940257
-86.91822913 13.22358592
-86.87355486 13.26647736
-86.79213864 13.27978404
-86.7293001 13.28435741
-86.71069658 13.31337372
-86.72958432 13.40724396
-86.76350989 13.63524038
-86.77058957 13.69875072
-86.75896237 13.74613801
-86.73364092 13.76344961
-86.6102376 13.7748701
-86.37694434 13.75564647
-86.3317533 13.7700642
-86.23821896 13.89946198
-86.15122169 13.99459829
-86.08923581 14.03723135
-86.04037574 14.05015046
-85.98376421 13.96568533
-85.78669613 13.84445242
-85.75344235 13.85204886
-85.7339345 13.85868928
-85.72770749 13.87605256
-85.73122148 13.9318631
-85.68192217 13.98255768
-85.57980954 14.02823965
-85.47707679 14.10869986
-85.3737756 14.22388662
-85.28419451 14.29163443
-85.2083335 14.31183991
-85.17947222 14.34331086
-85.19755897 14.38599559
-85.19151282 14.44661205
-85.16133379 14.52516022
-85.11730547 14.57058381
-85.05940203 14.58296031
-85.03650937 14.60766165
-85.04865333 14.64473949
-85.03733619 14.68556387
-84.98514299 14.75243317
-84.86044776 14.80974234
-84.78918596 14.79036367
-84.72980974 14.71336579
-84.64596473 14.66106924
-84.53765093 14.63342235
-84.45354753 14.64368012
-84.39365455 14.69176504
-84.33978187 14.7063378
-84.29192949 14.68737254
-84.26665972 14.69812124
-84.26397254 14.73853221
-84.23921953 14.74783397
-84.19240068 14.72602652
-84.15080115 14.72041962
-84.11442095 14.73101329
-84.10031328 14.7506245
-84.09294939 14.7709075
-84.06579342 14.78607453
-83.97225908 14.77108837
-83.86730425 14.79449779
-83.75092892 14.85625113
-83.67364682 14.88356212
-83.63548377 14.87643077
-83.58975013 14.90756582
-83.5365234 14.97701895
-83.41503211 15.00805065
-83.15752845 14.99306448
NaN  NaN
