7.30077437 4.41818024
7.20393273 4.38763947
7.14047407 4.39513255
7.22739383 4.52732087
7.27142215 4.49889883
7.32795617 4.48721996
7.30077437 4.41818024
NaN  NaN
5.8381763 13.76536164
6.18425337 13.66366242
6.24714359 13.67299002
6.29980187 13.65880484
6.3863599 13.60361441
6.51405236 13.48540457
6.58991336 13.40913015
6.62655195 13.36424917
6.80426721 13.10764985
6.87056807 13.04328685
6.93717899 13.00819855
7.00503014 12.99553783
7.05675825 13.00018871
7.10605757 13.02907583
7.17303023 13.08633332
7.27472945 13.11227489
7.35782515 13.10715892
7.78870324 13.33789419
7.83050947 13.34091726
7.95572147 13.322753
8.09504113 13.2911787
8.45600101 13.05966828
8.75060835 12.90815298
8.95762414 12.8574584
9.2015369 12.8214916
9.61587853 12.81063955
9.92924442 13.13524506
10.04515466 13.20617097
10.18462935 13.27009471
10.22958784 13.28102428
10.47587772 13.33022024
10.95884566 13.37153555
11.41194461 13.35360383
11.50103478 13.34052969
11.69337446 13.29768993
11.98999719 13.19180492
12.11799971 13.09041576
12.31907271 13.07367259
12.46319828 13.09377473
12.51012048 13.19433706
12.65476281 13.32655122
12.75997603 13.38037222
12.8716488 13.44899852
13.04843387 13.53452302
13.19385135 13.57307364
13.32386926 13.67084545
13.42691206 13.70177379
13.60633264 13.70461599
13.76348067 13.48956452
13.93235925 13.25849335
14.06392744 13.07850434
14.16009728 12.61277049
14.17032922 12.5240679
14.17761559 12.48409618
14.18490197 12.4471992
14.19745934 12.38379222
14.27285526 12.35650707
14.41537886 12.34413056
14.51893843 12.29826773
14.58095015 12.22204499
14.58704797 12.20943594
14.61970747 12.1509899
14.62714888 12.10869274
14.61820886 11.98660716
14.59738325 11.82982087
14.56182987 11.72871593
14.58167362 11.5911791
14.57542077 11.532423
14.55976281 11.49227041
14.49609745 11.44612336
14.40948775 11.4011907
14.20236861 11.26814973
14.14325077 11.24853852
14.05674442 11.24499868
13.98140018 11.21184825
13.89210331 11.14009553
13.69986698 10.87313508
13.53532922 10.60506358
13.47848514 10.3832425
13.41450972 10.17144664
13.26986738 10.03618358
13.24976525 9.9600642
13.24371911 9.91593252
13.23880985 9.8140266
13.22118819 9.64514802
13.19876061 9.56375764
13.17545454 9.53962474
13.01939172 9.48831004
12.92947472 9.42624665
12.87567956 9.30354096
12.85599084 9.17073253
12.82446821 9.01944977
12.80653649 8.88661551
12.78224857 8.81786001
12.73114058 8.7456422
12.65155887 8.66776581
12.58272586 8.62412507
12.403512 8.595548
12.31132124 8.41974478
12.23339318 8.28233714
12.23111942 8.22737926
12.15598189 7.94248709
12.02518884 7.72777151
12.01661055 7.65198802
12.01604211 7.58974376
11.85243452 7.40073721
11.80918135 7.34505585
11.76737512 7.27224376
11.80861291 7.20193797
11.85475996 7.13796255
11.86142622 7.11641348
11.78701216 7.05621044
11.65751102 6.95156566
11.58004805 6.88885631
11.56299483 6.85462067
11.55167769 6.69726594
11.52914676 6.65504629
11.47757368 6.59740123
11.40176436 6.53391673
11.32461144 6.48466909
11.23727827 6.45053681
11.15335575 6.43792776
11.10648522 6.45771983
11.07966515 6.50552053
11.03253625 6.69788605
11.00866174 6.73912385
10.95419478 6.77653758
10.84650109 6.88180248
10.73756717 6.9883076
10.60620568 7.0630834
10.5780937 7.05770905
10.5563896 7.03745189
10.51907922 6.93045584
10.48233727 6.89125926
10.41314253 6.87772004
10.29309818 6.87673819
10.20550663 6.89159516
10.18555952 6.91280834
10.16773115 6.9591621
10.14359826 6.9964208
10.03890181 6.92141246
9.8742607 6.8032543
9.82072391 6.78392731
9.77984785 6.76018199
9.72563928 6.649982
9.65990685 6.53197887
9.57402062 6.4704064
9.49020145 6.41862661
9.44214237 6.3733839
9.37336104 6.31964041
9.23874393 6.18610851
9.06015018 6.00906505
8.99715661 5.91772696
8.93504154 5.78099112
8.89881636 5.62968252
8.85912886 5.4637495
8.8009412 5.197435
8.71557173 5.04687572
8.64053755 4.9269864
8.58514042 4.83283194
8.55589155 4.75521393
8.54379927 4.75779776
8.51486047 4.72472484
8.43135135 4.74622224
8.39362756 4.81376333
8.34205448 4.82477041
8.2527576 4.92398916
8.23374068 4.9074527
8.32799849 4.65609854
8.29306522 4.55760326
8.02848189 4.55538117
7.80079553 4.52225658
7.64421594 4.52535716
7.56566776 4.56091055
7.53073449 4.65516836
7.51740197 4.64545319
7.5094438 4.59491364
7.45983443 4.55522614
7.28434126 4.54768138
7.20672326 4.61204438
7.14388472 4.68410716
7.076602 4.71614655
7.08693729 4.68586416
7.16414188 4.61558421
7.15473677 4.51440176
7.01335005 4.39730296
6.92322635 4.39068838
6.86782922 4.44112458
6.83920047 4.52349681
6.82473107 4.64524649
6.78762739 4.72472484
6.76768029 4.72472484
6.7860771 4.65199026
6.79217492 4.59263988
6.7931051 4.46915904
6.86038781 4.3733251
6.75703495 4.34355948
6.71517704 4.34242259
6.63301151 4.34025218
6.61730187 4.37580557
6.60159224 4.45518057
6.57999149 4.47595449
6.55456668 4.3414149
6.49999637 4.33193228
6.46206587 4.33317251
6.29980187 4.30387198
6.26362837 4.30942719
6.25598026 4.33446442
6.27530724 4.37169729
6.27096642 4.43210704
6.21463911 4.3854949
6.20554406 4.29229645
6.17329797 4.27741364
6.07655969 4.29064281
5.97072635 4.33859854
5.90644087 4.38774282
5.79864383 4.45595572
5.58780399 4.64721019
5.55359419 4.73319977
5.49323612 4.83877473
5.44817427 4.94584829
5.38326867 5.12898957
5.40321577 5.14227041
5.45210168 5.12656078
5.47597619 5.15384593
5.38822961 5.1737672
5.3700395 5.19503205
5.36414839 5.25929169
5.36797245 5.33776236
5.43928592 5.36530589
5.50088423 5.37863841
5.53178674 5.42638744
5.54966678 5.47423981
5.38585249 5.40173778
5.23237349 5.48379995
5.19919722 5.53353852
5.21583703 5.57167573
5.28911421 5.57748933
5.39381066 5.57449209
5.4566492 5.61169912
5.41809859 5.62472158
5.35029911 5.62327464
5.32528771 5.64795014
5.32735477 5.70750723
5.30534061 5.69435558
5.27629846 5.6415681
5.17284224 5.6027591
5.11238081 5.6415681
5.10628299 5.72812613
5.09305383 5.76709016
5.04210086 5.79752757
4.86102665 6.02629914
4.63354699 6.21716604
4.43138879 6.34860505
4.12587772 6.41139191
3.48664025 6.40893728
3.45077681 6.42707571
3.48994754 6.45728059
3.54606815 6.47743439
3.751637 6.58383617
3.71701379 6.59794383
3.50328006 6.53133291
3.43020959 6.52500255
3.33553836 6.39692251
2.77247196 6.37573517
2.70648115 6.36924978
2.70803145 6.42766999
2.73567834 6.59572175
2.75366174 6.66176423
2.77464237 6.71173534
2.75293827 6.77162832
2.73175093 6.85283784
2.72141564 6.98027192
2.74771895 7.01983023
2.75676232 7.06791515
2.75061283 7.14323355
2.75050947 7.3950528
2.7658057 7.42251883
2.78394413 7.4433961
2.78513268 7.47685659
2.75102624 7.54191722
2.71934859 7.61625377
2.72043379 7.72309479
2.70772139 7.82660269
2.68601729 7.87375743
2.70234704 8.04981904
2.71149377 8.27300955
2.70307051 8.37184073
2.72358605 8.44191397
2.73464481 8.61402233
2.73288781 8.78253917
2.77484907 9.04854361
2.89809736 9.06135936
3.04496179 9.08383861
3.11043583 9.18827668
3.14805627 9.32059418
3.13617069 9.45161978
3.16469608 9.49466625
3.22340051 9.56564383
3.3295439 9.66703299
3.32520308 9.77847321
3.35445194 9.8128122
3.40478478 9.83862458
3.47671838 9.85190542
3.55723026 9.90730256
3.6020854 10.0045576
3.64590702 10.1601295
3.57655724 10.26833995
3.57790083 10.29249868
3.60415246 10.35068635
3.64657881 10.4090032
3.68022017 10.42778758
3.75845829 10.41269807
3.77179081 10.41760733
3.78383141 10.43590078
3.83447432 10.6074407
3.82972009 10.65376862
3.75680464 10.76872285
3.74486738 10.85044912
3.73417036 10.97191458
3.71639367 11.07960826
3.69536136 11.12032929
3.6562423 11.15459077
3.63887902 11.17683747
3.48782881 11.39542878
3.49056766 11.49919505
3.55392297 11.63190013
3.59541914 11.69628897
3.65314172 11.73184235
3.66471724 11.7624348
3.64735396 11.79964183
3.61841515 11.82775381
3.61180057 11.88728506
3.6200688 11.92697256
3.64063602 11.97038076
3.63252282 12.06156383
3.63417647 12.20160696
3.64383996 12.40526378
3.64668216 12.52998485
3.76920698 12.6221756
3.94790409 12.77503449
4.03875125 12.93466299
4.08737878 13.05548249
4.14753014 13.45773184
4.19078332 13.48212311
4.24214969 13.50106253
4.42141524 13.64751354
4.55944299 13.70179963
4.66481123 13.7332189
4.82335453 13.75978059
4.92169478 13.74913524
5.10085697 13.74272736
5.24193363 13.75724844
5.36161625 13.83688182
5.41577315 13.8591802
5.49199588 13.87284862
5.8381763 13.76536164
NaN  NaN
