131.17238651 3.02622386
131.14964888 3.02188304
131.1349211 3.02524201
131.13672977 3.03942719
131.15161258 3.05407746
131.17238651 3.06058869
131.18794112 3.05562775
131.18633915 3.04211437
131.17238651 3.02622386
NaN  NaN
134.59543338 7.38203034
134.5346619 7.3606363
134.50623986 7.43711742
134.51574833 7.52579418
134.55595259 7.59395539
134.59967085 7.61576284
134.60866255 7.62356599
134.65114058 7.71208771
134.65961551 7.66330516
134.63274377 7.50129955
134.59822391 7.43830598
134.59543338 7.38203034
NaN  NaN
