-81.60328223 7.33283438
-81.65811093 7.3275117
-81.7701196 7.37035147
-81.85205258 7.45334382
-81.85861549 7.48018972
-81.85691016 7.50765575
-81.81215837 7.5924051
-81.75229123 7.62162812
-81.72875261 7.62118887
-81.67144345 7.52341706
-81.71043332 7.48553823
-81.69472368 7.42502513
-81.61343665 7.38016999
-81.60328223 7.33283438
NaN  NaN
-79.06545264 8.25422517
-79.11033362 8.20983511
-79.12754188 8.25184805
-79.09630347 8.29543712
-79.08529639 8.29582469
-79.06545264 8.25422517
NaN  NaN
-78.8983569 8.27427562
-78.9180973 8.23195262
-78.96494198 8.32628795
-78.9574489 8.35060171
-78.96060116 8.43584199
-78.91603024 8.45826956
-78.88326738 8.4602591
-78.85616309 8.44824433
-78.83916155 8.3478887
-78.85324337 8.30246511
-78.8983569 8.27427562
NaN  NaN
-82.23350216 9.38071971
-82.24445757 9.33410757
-82.32171383 9.41813345
-82.27577349 9.43190522
-82.25941789 9.43027741
-82.23350216 9.38071971
NaN  NaN
-79.35546078 9.56923534
-79.21164527 9.53192495
-79.11227149 9.53678254
-79.01672177 9.51042756
-78.97499305 9.45296337
-78.93166236 9.42846874
-78.69692217 9.43477326
-78.50434994 9.40629955
-78.08277361 9.23628408
-77.83079932 9.06812897
-77.69721575 8.88943187
-77.37423804 8.65828319
-77.3930741 8.64469229
-77.44831621 8.56585989
-77.47849525 8.49842215
-77.40728512 8.42723786
-77.38589108 8.35168692
-77.34553179 8.26952139
-77.28264157 8.1870458
-77.21230994 8.03387686
-77.19600603 7.97248526
-77.21597897 7.93253937
-77.28295163 7.9081481
-77.34563514 7.8365504
-77.36274004 7.74908804
-77.35080278 7.70583487
-77.53828488 7.56625682
-77.5865765 7.54307994
-77.61859005 7.56457734
-77.65858761 7.6345989
-77.70633664 7.69121044
-77.73201982 7.71092499
-77.74690264 7.71188101
-77.76191464 7.69880687
-77.76876177 7.66805939
-77.7439054 7.53695629
-77.76470517 7.48370372
-77.82834469 7.44280183
-77.90115679 7.22935232
-77.92978553 7.25635326
-78.17013262 7.54377757
-78.37820777 7.89987987
-78.4215643 8.06100698
-78.3676141 8.07054129
-78.31544674 8.06694977
-78.2873606 8.09180614
-78.25485613 8.13862499
-78.28121111 8.24753307
-78.18002865 8.33029287
-78.14189145 8.38610342
-78.11388282 8.37956635
-78.04773699 8.2847401
-77.9516705 8.23029898
-77.83364153 8.15118236
-77.76057105 8.13325064
-77.85291684 8.21619131
-78.01249366 8.32538361
-78.05719377 8.39713634
-78.09946509 8.49694937
-78.16183855 8.45369619
-78.19077735 8.41731599
-78.22302344 8.39664541
-78.25113542 8.4214501
-78.25609636 8.45369619
-78.35014747 8.46000072
-78.37433204 8.48927542
-78.39921424 8.50568268
-78.38787126 8.44341258
-78.3693711 8.40491364
-78.37929298 8.35861156
-78.40988542 8.35530427
-78.43600786 8.40331167
-78.46941667 8.4466682
-78.51403927 8.62815583
-78.6208803 8.71370616
-78.66984372 8.74220572
-78.71020301 8.75295441
-78.76968258 8.8110904
-78.8482566 8.84219961
-78.95520098 8.93253002
-79.0863816 8.99717723
-79.24668189 9.02006989
-79.44150204 9.0060139
-79.50707943 8.97004711
-79.55167619 8.92444265
-79.57237261 8.90328115
-79.68743018 8.85095877
-79.73104509 8.77533031
-79.75853695 8.71156159
-79.81589779 8.63918875
-79.75042375 8.59549632
-80.12577552 8.34967154
-80.20011207 8.31396312
-80.36868059 8.2887967
-80.4075671 8.26244172
-80.45901099 8.21389171
-80.46585812 8.13996857
-80.45813249 8.07702668
-80.4091174 8.02855419
-80.36558 7.99801341
-80.26093523 7.85166576
-80.07518429 7.66702587
-80.04004432 7.59982066
-80.01123471 7.50003347
-80.06730364 7.45324046
-80.11058265 7.43344839
-80.28729021 7.42564525
-80.34824256 7.38569937
-80.3729439 7.3246695
-80.43888302 7.27495677
-80.66669857 7.22570913
-80.84555071 7.2200764
-80.90120622 7.27712718
-80.9146421 7.43747915
-81.03509986 7.71115754
-81.06388363 7.89977652
-81.09395932 7.87631542
-81.15780555 7.85437877
-81.1794063 7.80753408
-81.19545183 7.66842113
-81.21901628 7.62095633
-81.26839311 7.62550385
-81.36960141 7.67531993
-81.50416684 7.72118277
-81.67570675 8.01589346
-81.69428443 8.07136811
-81.72764157 8.13756562
-81.86026913 8.16544505
-81.97331133 8.21510611
-82.09671465 8.22275422
-82.15983741 8.19479727
-82.2243296 8.23035065
-82.23546587 8.3110434
-82.36486365 8.2748699
-82.53095171 8.28740143
-82.67954729 8.32197297
-82.78114315 8.30352448
-82.86612505 8.24631867
-82.85434282 8.09953177
-82.87935421 8.07067048
-82.88330746 8.1305893
-82.91289222 8.19962901
-82.94841977 8.25686066
-83.02337643 8.31603018
-83.02732968 8.33773428
-82.99753821 8.36775829
-82.86160336 8.45348949
-82.84478268 8.48937877
-82.84261227 8.56394786
-82.85571225 8.63528718
-82.91702633 8.74031953
-82.88196387 8.80532848
-82.81191647 8.85744416
-82.74000871 8.89860444
-82.72781308 8.91604523
-82.7411456 8.95170197
-82.78305518 8.99030427
-82.88134376 9.05588166
-82.94035824 9.06009329
-82.94281287 9.24889313
-82.93986732 9.44919099
-82.92503618 9.46903474
-82.88894019 9.48099783
-82.86013058 9.51146109
-82.84400753 9.57078563
-82.80103858 9.59181794
-82.72339474 9.5460843
-82.64407142 9.50588003
-82.61128272 9.51921255
-82.58650387 9.53879792
-82.56924394 9.55817658
-82.56358537 9.57667674
-82.50033342 9.52326915
-82.37078061 9.42857209
-82.36318417 9.38193411
-82.37537981 9.33725983
-82.33972307 9.2091798
-82.27246619 9.19060212
-82.20487342 9.21540681
-82.18815609 9.191739
-82.20068763 9.16809703
-82.23546587 9.14166454
-82.24417335 9.03149038
-82.1333274 8.98007233
-82.07787859 8.93485545
-81.89414303 8.95609447
-81.82642107 8.94410554
-81.78022234 8.95723135
-81.83148536 9.04559805
-81.90016334 9.11104625
-81.89447893 9.14045014
-81.84238909 9.1187202
-81.80259823 9.07412344
-81.71221615 9.01893301
-81.5455855 8.82700674
-81.35477027 8.78054963
-81.2037459 8.78669912
-81.06308265 8.81264069
-80.83867774 8.88720978
-80.67646542 9.02187857
-80.54688677 9.08192658
-80.12709327 9.2099291
-79.97798092 9.34371939
-79.91509071 9.36131521
-79.85506853 9.37808421
-79.72308692 9.47931835
-79.65223853 9.55822826
-79.57730771 9.59786408
-79.35546078 9.56923534
NaN  NaN
