# Paraguay
# from http://www.rjruss.info/2010/12/free-countries-of-world-in-polygon-kml.html
-58.1597778 -20.16460866
-58.13781531 -20.23726572
-58.12458615 -20.29348968
-58.09151323 -20.33317718
-58.05844031 -20.38609385
-58.0253674 -20.41585947
-58.00221636 -20.46546885
-58.00883094 -20.5216928
-57.99560177 -20.59445322
-57.97906531 -20.65729176
-57.96252886 -20.67382822
-57.91511573 -20.69036468
-57.89142209 -20.74741546
-57.90850115 -20.77635426
-57.90188656 -20.80942718
-57.8848075 -20.84167327
-57.90051714 -20.87309254
-57.89224891 -20.89707041
-57.86000281 -20.9185678
-57.83023719 -20.9979428
-57.8269299 -21.13354176
-57.86000281 -21.20630218
-57.88646115 -21.26583343
-57.89307573 -21.30221364
-57.87323198 -21.3551303
-57.9063049 -21.41796885
-57.9459924 -21.49403655
-57.93607052 -21.54695322
-57.92945594 -21.5965626
-57.92614865 -21.64947926
-57.91622677 -21.69908864
-57.92945594 -21.7520053
-57.94268511 -21.79830739
-57.94929969 -21.85122405
-57.93276323 -21.9107553
-57.96252886 -21.96697926
-57.97906531 -22.00666676
-57.9856799 -22.04635426
-57.95591427 -22.1091928
-57.87984656 -22.13565114
-57.82031531 -22.14226572
-57.76409136 -22.1091928
-57.72109656 -22.09927093
-57.64172156 -22.12903655
-57.56896115 -22.18195322
-57.47635698 -22.1885678
-57.39367469 -22.19848968
-57.33083615 -22.21502614
-57.23823198 -22.19518239
-57.14232052 -22.21502614
-57.02987261 -22.24479176
-56.93726844 -22.2712501
-56.84466427 -22.26463551
-56.77521115 -22.26132822
-56.70245073 -22.2315626
-56.63299761 -22.23486989
-56.58008094 -22.18195322
-56.55031531 -22.13565114
-56.52385698 -22.10257822
-56.44778927 -22.07611989
-56.39487261 -22.09265635
-56.35187781 -22.17864593
-56.27581011 -22.2282553
-56.24604448 -22.26463551
-56.18982052 -22.28117197
-56.06745073 -22.28447926
-55.99138302 -22.28117197
-55.90539344 -22.3076303
-55.84916948 -22.3076303
-55.79956011 -22.35393239
-55.75325802 -22.41015635
-55.74664344 -22.51268239
-55.70364865 -22.59205739
-55.64742469 -22.62182301
-55.61765906 -22.67143239
-55.62758094 -22.74088551
-55.65403927 -22.81033864
-55.65073198 -22.88640635
-55.62096636 -22.95585947
-55.62096636 -23.0253126
-55.60112261 -23.09476572
-55.56143511 -23.15429697
-55.54820594 -23.25020843
-55.55482052 -23.31966155
-55.52836219 -23.35934905
-55.51844031 -23.41557301
-55.53497677 -23.4618751
-55.54159136 -23.52471364
-55.53828406 -23.5809376
-55.51844031 -23.62723968
-55.45890906 -23.68677093
-55.44237261 -23.79260426
-55.44237261 -23.86536468
-55.41591427 -23.95135426
-55.3663049 -23.99104176
-55.2869299 -24.00427093
-55.19432573 -24.0175001
-55.08187781 -23.99765635
-54.98265906 -23.9745053
-54.92643511 -23.95135426
-54.81729448 -23.88851572
-54.72138302 -23.85213551
-54.67177365 -23.82898447
-54.62547156 -23.81244801
-54.52956011 -23.85213551
-54.44026323 -23.90174489
-54.37081011 -23.97119801
-54.24182573 -24.04726572
-54.26691464 -24.06586924
-54.31825517 -24.12808766
-54.31727332 -24.20126149
-54.28099647 -24.30606129
-54.3129325 -24.5281666
-54.41297807 -24.86747405
-54.45408668 -25.06523976
-54.43625831 -25.12130869
-54.47315528 -25.22021738
-54.61056291 -25.43271087
-54.61588559 -25.57606129
-54.63193112 -26.0058025
-54.67771644 -26.3088331
-54.75510189 -26.53290211
-54.82551103 -26.652223
-54.88891802 -26.66679575
-54.93447079 -26.70250416
-54.96214352 -26.75934824
-55.01361325 -26.80668385
-55.08885413 -26.844511
-55.12962684 -26.88605885
-55.13593136 -26.9311207
-55.20799415 -26.96016286
-55.34578935 -26.97318532
-55.42666297 -27.00925547
-55.45064084 -27.0683733
-55.49671037 -27.11529551
-55.56489743 -27.15002207
-55.59724687 -27.20758961
-55.59381039 -27.2881015
-55.63292945 -27.35714121
-55.71462989 -27.41481211
-55.78999997 -27.4163624
-55.85903968 -27.36194712
-55.95148882 -27.32572194
-56.06734738 -27.30773854
-56.16408566 -27.32148447
-56.2417295 -27.3668047
-56.31053667 -27.43878997
-56.37048133 -27.5373886
-56.43714393 -27.55382171
-56.51052446 -27.48788258
-56.60336117 -27.46783213
-56.71570574 -27.4937737
-56.80518348 -27.48467864
-56.87174272 -27.44065032
-56.97395871 -27.43579274
-57.11183143 -27.47010589
-57.39127174 -27.43041839
-57.81222795 -27.31662689
-58.16825273 -27.27342539
-58.60484107 -27.31435312
-58.64176388 -27.19611745
-58.61861284 -27.13209035
-58.54771278 -27.08403126
-58.50324521 -27.02951263
-58.48523597 -26.96843108
-58.43629839 -26.92197397
-58.35643246 -26.88998626
-58.32255856 -26.85763681
-58.33465084 -26.82492563
-58.31770098 -26.79593515
-58.27168311 -26.77071705
-58.24556068 -26.73102955
-58.2393595 -26.67687265
-58.2220479 -26.64994923
-58.19130042 -26.63000213
-58.18794145 -26.59253672
-58.20520138 -26.4765748
-58.20303097 -26.38149017
-58.1814819 -26.30738616
-58.15471351 -26.2625827
-58.13561907 -26.25147226
-58.11807492 -26.22491058
-58.11112444 -26.18021046
-58.08239234 -26.13855926
-57.94309852 -26.05298309
-57.89064694 -26.00657765
-57.88620277 -25.96425465
-57.86522213 -25.90694549
-57.78248817 -25.7836972
-57.75706336 -25.7260263
-57.75481544 -25.6970875
-57.72546322 -25.66721852
-57.62583106 -25.59869557
-57.5717 -25.53415171
-57.56312171 -25.47374196
-57.58715125 -25.40511566
-57.64389197 -25.32842783
-57.8216589 -25.13639821
-57.95981584 -25.04916839
-58.13647173 -24.97713144
-58.25279538 -24.9537737
-58.30870928 -24.97914682
-58.36539832 -24.9592514
-58.42281084 -24.89413909
-58.51965247 -24.84287607
-58.72400692 -24.78665211
-59.1872603 -24.56227304
-59.37293372 -24.45395924
-59.43541053 -24.38698659
-59.60857825 -24.26683888
-59.89246273 -24.0935678
-60.11030473 -24.00923187
-60.26218177 -24.0139861
-60.50534522 -23.96360158
-60.83982093 -23.85812998
-61.03293576 -23.75570729
-61.08471554 -23.65648854
-61.20837724 -23.55706308
-61.40397254 -23.4574826
-61.50551673 -23.39200856
-61.51303565 -23.36048594
-61.57101661 -23.31940317
-61.67951128 -23.26870859
-61.7985221 -23.18199554
-61.92802324 -23.05931569
-62.06659359 -22.86945648
-62.21418148 -22.6124179
-62.37249223 -22.43914682
-62.54155168 -22.34964324
-62.62596514 -22.29047373
-62.62570675 -22.26153493
-62.65100237 -22.23373301
-62.62849728 -22.18402028
-62.56695065 -21.98868336
-62.47783464 -21.70523813
-62.38546302 -21.41176767
-62.27668413 -21.06605234
-62.2765291 -20.82079599
-62.27632239 -20.56246551
-62.12162899 -20.34992034
-62.01179074 -20.19902516
-61.91693865 -20.05536468
-61.820898 -19.80943654
-61.75681922 -19.64526051
-61.51182126 -19.60639983
-61.09600684 -19.52103037
-60.88875851 -19.47850066
-60.45162757 -19.38879038
-60.00736528 -19.29758148
-59.54088213 -19.29179372
-59.09052202 -19.28621266
-58.74113766 -19.49023122
-58.47420305 -19.64613901
-58.18016415 -19.8178598
-58.16003618 -19.8549118
-58.13993405 -19.99888234
-58.1597778 -20.16460866

