-69.96593055 -4.23596852
-69.97202837 -4.3011325
-70.0039644 -4.3272291
-70.0533154 -4.33306854
-70.12881466 -4.28661142
-70.18397925 -4.29818694
-70.23914385 -4.3011325
-70.31691688 -4.2469756
-70.34365943 -4.1936972
-70.40463762 -4.15013397
-70.5306506 -4.1676006
-70.63457191 -4.1686858
-70.72156918 -4.15891896
-70.79949724 -4.17333668
-70.86603065 -4.22956064
-70.91564002 -4.29529306
-70.97369849 -4.35048349
-71.14425656 -4.38717376
-71.23500037 -4.38820729
-71.31680417 -4.42432912
-71.43826962 -4.43760996
-71.52133948 -4.4697527
-71.66835893 -4.48732269
-71.84475644 -4.50437591
-71.94314836 -4.55331349
-71.98244829 -4.57460418
-72.08249386 -4.64230031
-72.25679847 -4.74890879
-72.35283912 -4.78601247
-72.46900774 -4.90125091
-72.60835324 -5.00956471
-72.69873532 -5.06723561
-72.83190548 -5.09374562
-72.88707008 -5.12278777
-72.90745643 -5.15766937
-72.89577755 -5.19828704
-72.91828264 -5.30251841
-72.95892615 -5.49521982
-72.97024329 -5.58968434
-72.97985511 -5.63484954
-73.06809262 -5.78956878
-73.16291887 -5.93338429
-73.20940182 -6.02872731
-73.2355501 -6.09843882
-73.20650794 -6.15647145
-73.16772478 -6.26065114
-73.13534949 -6.34431528
-73.12630612 -6.40090097
-73.13736487 -6.46580657
-73.17746579 -6.52523447
-73.24030433 -6.56409515
-73.32551876 -6.57474049
-73.49987505 -6.67948862
-73.69451433 -6.83374277
-73.75810218 -6.90572804
-73.77624061 -6.9735792
-73.80463681 -7.07987762
-73.79300961 -7.13506805
-73.75817969 -7.17279184
-73.72332394 -7.26281219
-73.72043006 -7.3092693
-73.74947222 -7.3353659
-73.80463681 -7.34120534
-73.8539878 -7.34988698
-73.89173743 -7.37314137
-73.92946123 -7.36730193
-73.96431698 -7.37892913
-73.96431698 -7.4167046
-73.95268979 -7.46021616
-73.95850338 -7.50667327
-73.98173194 -7.53571543
-74.00206662 -7.55602427
-73.98173194 -7.58506642
-73.94690203 -7.61121469
-73.89463131 -7.65477793
-73.82205176 -7.73895884
-73.76688717 -7.75347991
-73.72043006 -7.78252207
-73.71461646 -7.82897918
-73.73203142 -7.87543629
-73.77270077 -7.89574513
-73.77559465 -7.93641448
-73.72043006 -7.98576548
-73.68268043 -8.02059539
-73.64493079 -8.07284026
-73.61010088 -8.14544565
-73.61010088 -8.19190276
-73.57235124 -8.2499354
-73.54912269 -8.29933807
-73.54912269 -8.34579518
-73.4881445 -8.39220062
-73.43589962 -8.42708221
-73.39814999 -8.45901824
-73.36040036 -8.47932708
-73.35169288 -8.514157
-73.35673133 -8.56697031
-73.3024194 -8.6540451
-73.2030973 -8.71936411
-73.12253374 -8.81408701
-73.07049557 -8.88276499
-72.97404151 -8.99314585
-72.97034665 -9.12016652
-73.0898484 -9.26573903
-73.20942766 -9.41141489
-73.01378069 -9.40738413
-72.81428382 -9.41038136
-72.6054852 -9.45208424
-72.46477027 -9.49218515
-72.37903907 -9.51016855
-72.31806088 -9.55662566
-72.28901872 -9.62917938
-72.26584184 -9.68845224
-72.25997657 -9.77433847
-72.17287594 -9.84404998
-72.17910295 -9.91014414
-72.18160926 -10.00373016
-72.14295529 -10.0051771
-71.88744117 -10.00553883
-71.60800086 -10.00600392
-71.3394126 -9.98858896
-71.23794593 -9.96600636
-71.11526608 -9.85247324
-71.04173052 -9.81872853
-70.97075294 -9.76570851
-70.88453081 -9.66902191
-70.81626624 -9.62530364
-70.75851783 -9.57171518
-70.67245073 -9.51792002
-70.63692318 -9.47823252
-70.60790687 -9.46371144
-70.54111508 -9.43751149
-70.57015723 -9.48980804
-70.59224891 -9.54349985
-70.59917355 -9.62049774
-70.56723751 -9.70462697
-70.5937992 -9.76746551
-70.63692318 -9.82374114
-70.63759498 -9.97174245
-70.63852515 -10.18154876
-70.63932614 -10.36127939
-70.64035967 -10.58607187
-70.64154822 -10.84083668
-70.64232337 -11.01028371
-70.59653805 -10.97684905
-70.53326026 -10.94687672
-70.45086219 -11.02480478
-70.39228695 -11.05854949
-70.34200578 -11.06671437
-70.29038103 -11.0642339
-70.22007524 -11.04764577
-70.06628618 -10.98243011
-69.96037533 -10.92987518
-69.83978838 -10.93344085
-69.67403622 -10.95405975
-69.57861569 -10.95178598
-69.45358456 -11.16877532
-69.36203976 -11.327577
-69.25770504 -11.50859954
-69.173705 -11.65432708
-69.04616757 -11.87565724
-68.93601925 -12.06680836
-68.81871375 -12.27041351
-68.68523353 -12.5019756
-68.72812497 -12.5607317
-68.76287737 -12.60770558
-68.75905331 -12.68718393
-68.81178911 -12.72961028
-68.86770301 -12.75513844
-68.93374549 -12.82205942
-68.97860063 -12.88004038
-68.98051266 -12.96256764
-68.97229611 -13.3823353
-68.98343238 -13.49638519
-69.01751299 -13.59441538
-69.05285967 -13.6439214
-69.07409868 -13.68278208
-69.0230682 -13.78029551
-68.97425981 -13.97594248
-68.93746619 -14.0146998
-68.89168087 -14.09438486
-68.87088111 -14.16978078
-68.8803379 -14.19887461
-68.97177934 -14.23442799
-69.00451636 -14.26502044
-69.01314633 -14.37726165
-69.05278215 -14.41756927
-69.11970313 -14.47027923
-69.16267209 -14.53099904
-69.199259 -14.57259857
-69.23491574 -14.59709319
-69.2523307 -14.67109385
-69.27602434 -14.74592132
-69.35948178 -14.79532399
-69.37371863 -14.88746307
-69.37470049 -14.96301401
-69.33072384 -15.03892669
-69.1870892 -15.19871022
-69.17249061 -15.23664072
-69.25432024 -15.33291391
-69.30188839 -15.39942148
-69.4185221 -15.60344004
-69.42087338 -15.64064707
-69.39190874 -15.73686858
-69.21755246 -16.14914316
-69.1879677 -16.1828362
-69.13419837 -16.22200693
-69.04624508 -16.21766611
-68.91346249 -16.26190114
-68.84884111 -16.31280242
-68.84274329 -16.33786549
-68.85783281 -16.35481536
-68.92803524 -16.38902516
-69.00622169 -16.4336736
-69.03291256 -16.4759966
-69.03839027 -16.54271087
-69.02071693 -16.642188
-69.05453915 -16.67433074
-69.13251889 -16.71308807
-69.19982744 -16.76843353
-69.26723935 -16.86088266
-69.38157345 -17.00133921
-69.42108008 -17.04004485
-69.43834001 -17.088414
-69.50334897 -17.10474375
-69.6248661 -17.20019012
-69.6456917 -17.24850758
-69.62589962 -17.29439625
-69.56381039 -17.33294687
-69.52192664 -17.38896413
-69.51097124 -17.46038095
-69.51107459 -17.50492604
-69.51091956 -17.50601124
-69.58641883 -17.57319061
-69.68475908 -17.64982676
-69.80612118 -17.66491627
-69.85208737 -17.70382863
-69.8414937 -17.78516733
-69.80242632 -17.90004404
-69.80258135 -17.99027109
-69.83971086 -18.09341725
-69.9263464 -18.2060202
-70.05910316 -18.28348317
-70.18377255 -18.32523773
-70.28229367 -18.32544443
-70.37748166 -18.33360931
-70.4182802 -18.34559824
-70.49160906 -18.27769541
-70.81748064 -18.05248952
-70.94171078 -17.93208343
-71.05658749 -17.87565276
-71.33695797 -17.68248626
-71.36494076 -17.62047454
-71.39940894 -17.42193369
-71.4358925 -17.36601979
-71.53221737 -17.2942929
-71.77447649 -17.19879485
-71.86834673 -17.15104583
-71.96686785 -17.06402272
-72.11127764 -17.00252776
-72.26860653 -16.87612721
-72.36247677 -16.77504811
-72.46766415 -16.70807545
-72.79394914 -16.61454111
-72.95768592 -16.52090342
-73.26376543 -16.38861175
-73.40006202 -16.30427581
-73.7276906 -16.20164642
-73.82494564 -16.15286386
-74.14704485 -15.9124651
-74.37289669 -15.83402028
-74.55487525 -15.69904144
-75.1042474 -15.41192718
-75.19054704 -15.32014983
-75.27457292 -15.178143
-75.39655514 -15.09360036
-75.53362688 -14.89919362
-75.73772295 -14.7849887
-75.93386085 -14.63357676
-76.0063112 -14.49580739
-76.13648414 -14.32031422
-76.17513811 -14.22667653
-76.28900713 -14.13314219
-76.29701697 -13.94839894
-76.37644365 -13.86313283
-76.31947038 -13.82142995
-76.25921566 -13.80282643
-76.1839231 -13.51519541
-76.2236106 -13.37122487
-76.4273191 -13.10994883
-76.50214657 -12.9843751
-76.55521827 -12.82345469
-76.63712541 -12.72805999
-76.75799659 -12.52714202
-76.83210059 -12.34875498
-76.99410621 -12.21925384
-77.03813453 -12.17274505
-77.06268083 -12.10680592
-77.15275286 -12.06040049
-77.15763628 -11.92345794
-77.22029395 -11.66342213
-77.30992672 -11.5323707
-77.63318865 -11.28783782
-77.63858883 -11.19358001
-77.66429786 -11.02211761
-77.73607642 -10.83670257
-78.09546017 -10.2606137
-78.18558387 -10.08904795
-78.27560421 -9.81030527
-78.35650367 -9.65207204
-78.44567135 -9.37064219
-78.58013343 -9.1565984
-78.66459856 -8.97108001
-78.75459307 -8.74039642
-78.76226702 -8.6169931
-78.92540951 -8.40460296
-79.01225176 -8.21019622
-79.16438717 -8.04720875
-79.31282772 -7.92328867
-79.37726824 -7.83554209
-79.58888323 -7.41892669
-79.61771868 -7.29562672
-79.76197344 -7.06649342
-79.9046779 -6.9016456
-79.99495663 -6.76894052
-80.11027259 -6.64956797
-80.81162513 -6.28225189
-81.05843177 -6.129393
-81.14204424 -6.05673594
-81.18051734 -5.94242767
-81.16431678 -5.8752483
-81.09184058 -5.81240976
-80.99163998 -5.86098561
-80.93068763 -5.8408318
-80.88270606 -5.75897633
-80.88195675 -5.63505625
-80.94311581 -5.47537607
-81.16770159 -5.16707448
-81.15075172 -5.10185882
-81.10848039 -5.02780649
-81.19506426 -4.87944345
-81.28939958 -4.76069101
-81.33663184 -4.66953379
-81.28322425 -4.32226816
-81.23203874 -4.23431487
-80.89195614 -3.8816749
-80.79857683 -3.73108978
-80.6527201 -3.63817555
-80.50365943 -3.49606536
-80.32465227 -3.38785491
-80.29832313 -3.40645843
-80.27351844 -3.42464853
-80.27186479 -3.46102874
-80.26525021 -3.49244801
-80.24540646 -3.52221364
-80.24375281 -3.57678395
-80.22060177 -3.61316416
-80.21894813 -3.6545053
-80.21729448 -3.71072926
-80.22887 -3.73884124
-80.21755286 -3.78772715
-80.17926063 -3.87774749
-80.19414344 -3.90585947
-80.23052365 -3.92404957
-80.26690386 -3.94885426
-80.30328406 -4.00507822
-80.35785438 -4.00342457
-80.43722938 -3.97861989
-80.49014604 -4.01003916
-80.50998979 -4.06957041
-80.49345334 -4.11917978
-80.4884924 -4.16548187
-80.45376584 -4.20516937
-80.35289344 -4.20847666
-80.44384396 -4.33580739
-80.4884924 -4.39368499
-80.47857052 -4.4300652
-80.42418108 -4.46138112
-80.38351173 -4.46370656
-80.29336219 -4.41683603
-80.23217729 -4.34903655
-80.19745073 -4.3110027
-80.13957313 -4.29611989
-80.06350542 -4.32753916
-79.9628914 -4.3903777
-79.84509498 -4.44587819
-79.79726844 -4.47636728
-79.7109688 -4.46758229
-79.63851844 -4.45486989
-79.57766944 -4.50060353
-79.51614865 -4.53920582
-79.50191179 -4.67056732
-79.45576474 -4.76622039
-79.39943743 -4.84001434
-79.33094031 -4.9278126
-79.26810177 -4.95757822
-79.18665972 -4.95825001
-79.07627886 -4.99065114
-79.03328406 -4.96915374
-78.99525021 -4.90796885
-78.97540646 -4.87324228
-78.9191825 -4.85835947
-78.91422156 -4.81867197
-78.92579709 -4.77071624
-78.90760698 -4.71449228
-78.8615116 -4.66503794
-78.74304338 -4.59269093
-78.68601844 -4.56235687
-78.67444292 -4.51770843
-78.65294552 -4.45817718
-78.66121375 -4.42510426
-78.68513994 -4.38396982
-78.67940386 -4.32588551
-78.64798459 -4.24816416
-78.60338782 -4.15731699
-78.56512143 -4.04156178
-78.55041948 -3.98688812
-78.50907834 -3.95216155
-78.49347205 -3.90203541
-78.47104448 -3.84302093
-78.41978146 -3.7768751
-78.42143511 -3.70576832
-78.39993771 -3.67434905
-78.39805152 -3.59481902
-78.34725359 -3.43126312
-78.3453674 -3.39736338
-78.32304318 -3.38826832
-78.2841825 -3.39901702
-78.25072201 -3.4361207
-78.24036089 -3.47260426
-78.2263049 -3.48914072
-78.19488563 -3.48583343
-78.15850542 -3.46516286
-78.16098589 -3.43208994
-78.18744422 -3.39984385
-78.19465308 -3.38046518
-78.18331011 -3.35023447
-78.12822303 -3.28388193
-78.06791663 -3.20683237
-77.93846717 -3.04699717
-77.86059079 -2.98167816
-77.65897519 -2.91238006
-77.50650387 -2.85998016
-77.3600787 -2.80969899
-77.16146033 -2.73766204
-76.88075395 -2.63591115
-76.67911251 -2.56263397
-76.49935605 -2.432306
-76.36013974 -2.33133025
-76.24094805 -2.24394541
-76.08979448 -2.13315114
-75.88546587 -1.89342417
-75.74454424 -1.72811126
-75.64165646 -1.60729176
-75.57054969 -1.53122405
-75.51386064 -1.31635345
-75.44916175 -1.07120045
-75.42042965 -0.96216318
-75.40805315 -0.92428436
-75.38012204 -0.94025237
-75.348186 -0.96676238
-75.30919613 -0.96805429
-75.27242835 -0.96681406
-75.24958737 -0.95182789
-75.28359046 -0.70708831
-75.2786812 -0.65386159
-75.25935421 -0.59014455
-75.26322995 -0.55536631
-75.32524167 -0.50653208
-75.42469296 -0.40886362
-75.46598243 -0.32173716
-75.49107134 -0.24835662
-75.56060198 -0.20009083
-75.63204464 -0.15761281
-75.62625688 -0.12283457
-75.58375302 -0.12283457
-75.47595598 -0.15714772
-75.39838966 -0.14603729
-75.34046037 -0.14216155
-75.28446896 -0.10650482
-75.22460181 -0.04175425
-75.18406165 -0.04175425
-75.13837969 -0.05048756
-75.05466387 -0.11668507
-75.00500281 -0.15590748
-74.94531654 -0.18815358
-74.88880836 -0.19941904
-74.8375195 -0.20334645
-74.80173357 -0.20014251
-74.78049455 -0.24453257
-74.75537981 -0.29858611
-74.69166277 -0.33527638
-74.61637021 -0.37005462
-74.55510779 -0.42984425
-74.51384416 -0.47015187
-74.4651908 -0.51764251
-74.41788103 -0.58063608
-74.37491208 -0.69143035
-74.35313046 -0.76656788
-74.32860999 -0.8084258
-74.33442359 -0.85090382
-74.28390988 -0.92785003
-74.24639279 -0.97063812
-74.18076372 -0.99771657
-74.05441484 -1.02861907
-73.98682207 -1.09812387
-73.92695492 -1.12515065
-73.8631862 -1.19672251
-73.80719479 -1.21796152
-73.73575212 -1.21413747
-73.66430946 -1.24886403
-73.61023007 -1.3164568
-73.57547767 -1.40141286
-73.52139828 -1.44967864
-73.49434567 -1.5365984
-73.52524818 -1.63891774
-73.49628354 -1.69302296
-73.44029212 -1.73741302
-73.34949663 -1.78387013
-73.2664526 -1.77229461
-73.22397458 -1.78769419
-73.1969478 -1.83022389
-73.18149655 -1.88040171
-73.14521969 -2.00328826
-73.12651282 -2.08100962
-73.16020586 -2.15630218
-73.17265988 -2.2084437
-73.15446977 -2.27825856
-73.06817013 -2.31205495
-72.98967363 -2.33975351
-72.94109779 -2.39401377
-72.88714759 -2.40848317
-72.81123491 -2.40548594
-72.71418657 -2.39220509
-72.66013302 -2.3610442
-72.62535478 -2.35163909
-72.58672665 -2.36517832
-72.50065955 -2.3950473
-72.39557553 -2.42889536
-72.30074927 -2.40930999
-72.21845456 -2.400525
-72.13680579 -2.38062957
-72.0537876 -2.32461232
-71.9842828 -2.32657602
-71.93247718 -2.2886972
-71.86726152 -2.22771901
-71.8027435 -2.16627573
-71.75253984 -2.1527365
-71.67145952 -2.18214039
-71.55945085 -2.22420501
-71.49606971 -2.27918873
-71.44746802 -2.29370981
-71.39695431 -2.33406911
-71.30011268 -2.33484425
-71.19639808 -2.3130368
-71.11337989 -2.24544402
-71.02731279 -2.2257553
-70.96855669 -2.20684173
-70.91455482 -2.21857228
-70.70536862 -2.3419756
-70.64800778 -2.40574432
-70.57589332 -2.41830169
-70.51677548 -2.45313161
-70.41822852 -2.49070037
-70.36414914 -2.52930267
-70.29464433 -2.55250538
-70.24444068 -2.60655893
-70.16472978 -2.63989023
-70.0958451 -2.65823537
-70.06473589 -2.70169524
-70.06447751 -2.73078908
-70.07403765 -2.75016774
-70.14708228 -2.8640626
-70.29014848 -3.08725311
-70.41900367 -3.28827443
-70.62170447 -3.60458587
-70.73510841 -3.78152597
-70.70619544 -3.78896738
-70.52966875 -3.86637868
-70.48584713 -3.86937591
-70.42109656 -3.84963551
-70.37918698 -3.81873301
-70.33949948 -3.81434051
-70.29844255 -3.84426116
-70.24028073 -3.88270843
-70.19839698 -3.99515635
-70.16752031 -4.05024342
-70.09475989 -4.09215301
-70.01719357 -4.16196787
-69.96593055 -4.23596852
NaN  NaN
