19.60436445 54.45915681
19.64420698 54.44709036
19.92434492 54.43399038
20.20820357 54.42076122
20.66471317 54.40662771
21.14054976 54.39182241
21.63416304 54.37647451
22.16849735 54.35988638
22.73182214 54.35011953
22.76623864 54.35678579
22.82375451 54.39577566
22.89393111 54.3905305
22.97671675 54.36634593
23.01552575 54.34836254
23.03195886 54.32787283
23.04219079 54.30417919
23.08751102 54.29945079
23.17029667 54.28144156
23.28233117 54.24030712
23.37007775 54.20046459
23.45363854 54.14346548
23.48138879 54.07902497
23.48299076 54.00595449
23.47766808 53.95895478
23.4846444 53.93980866
23.59890099 53.5992093
23.78922529 53.2709606
23.85914351 53.11210725
23.88710046 53.0275646
23.909373 52.90488475
23.91629764 52.81874014
23.91547082 52.77024181
23.9012598 52.70360505
23.84472578 52.66422761
23.47958011 52.55157298
23.41090213 52.5162263
23.3033118 52.42837637
23.20409305 52.33789094
23.18125207 52.30698843
23.17510257 52.28660208
23.1969617 52.25691397
23.32713464 52.20844147
23.45844445 52.16952912
23.50112918 52.14038361
23.59797082 52.10307323
23.63326582 52.0695869
23.65243778 52.04038972
23.65109419 51.97297781
23.60742761 51.87977936
23.62572106 51.80934439
23.58133101 51.76239635
23.54484745 51.71022899
23.53962813 51.61891673
23.6052572 51.51791515
23.65884566 51.44895295
23.67972293 51.3948994
23.6576571 51.35249889
23.66442671 51.3100467
23.71217573 51.26511404
23.86343265 51.12623363
23.9381051 50.9925467
23.98569909 50.94043102
24.09582157 50.87276073
24.10574344 50.84498465
24.06161177 50.819534
24.02595503 50.8161492
23.99711958 50.80935375
23.97841271 50.78558259
24.00729984 50.76013194
24.04631555 50.72279572
24.09473636 50.6170399
24.08993045 50.53045604
24.05262007 50.50844188
24.0049744 50.45702383
23.97262495 50.41004995
23.71176232 50.37733877
23.64897546 50.32703177
23.50619348 50.22985423
23.40862837 50.1739145
23.2645028 50.07286123
23.03629968 49.89907339
22.95222212 49.82636465
22.89072717 49.76626496
22.70613895 49.60622305
22.6494499 49.53901785
22.66061201 49.48367239
22.71988488 49.35380952
22.73244225 49.2951826
22.72195194 49.24094819
22.70231489 49.19270824
22.70562219 49.17121084
22.7601925 49.1362259
22.84706058 49.08126801
22.8520732 49.06274201
22.8397742 49.03889334
22.80980187 49.02072907
22.70128137 49.0399527
22.5799451 49.07718557
22.53865563 49.07271556
22.47307824 49.08129385
22.20255212 49.15322744
22.02008264 49.20950308
22.00220259 49.24608999
21.96768273 49.29908417
21.89011641 49.34344839
21.71214278 49.3819215
21.63964074 49.4119455
21.35045943 49.42876618
21.22498905 49.42943797
21.13615726 49.41706147
21.07941654 49.41827587
21.00112674 49.33983104
20.9472799 49.31709341
20.86847334 49.31469046
20.7994853 49.32866893
20.72899865 49.36990672
20.61613732 49.39171418
20.53459191 49.38119803
20.4745439 49.39016389
20.42266076 49.3923343
20.40467736 49.38406607
20.36302616 49.38525463
20.30256473 49.36551423
20.23652225 49.33766063
20.16371016 49.31639578
20.10764123 49.27073965
20.05761844 49.18128775
19.91612837 49.22138866
19.86899946 49.20399954
19.80223351 49.1923465
19.7566549 49.20438711
19.76735192 49.2352121
19.78797082 49.2699645
19.78704064 49.31854035
19.77391483 49.37218049
19.73004154 49.38959545
19.66415409 49.396055
19.63025435 49.40662283
19.62668867 49.42437368
19.59304732 49.44711131
19.5347563 49.50478221
19.4797209 49.57637991
19.44163537 49.59769644
19.38623823 49.56364167
19.30236738 49.52483267
19.25017419 49.51144847
19.14945682 49.39998241
18.96833093 49.39623587
18.95722049 49.44829987
18.93815189 49.49827098
18.8322152 49.51077668
18.82926965 49.54012889
18.80689375 49.61371613
18.59465864 49.75779003
18.56882043 49.81794139
18.57719201 49.84111827
18.56241255 49.87933299
18.51621382 49.90238068
18.34847212 49.92984671
18.3053223 49.91405956
18.26630659 49.93028596
18.20527673 49.96475414
18.09918501 49.9927886
18.08766117 50.00728384
18.04947228 50.0319335
18.02828495 50.03524079
18.01464237 50.02028046
17.98384321 49.99906729
17.87475427 49.97224722
17.83129439 49.98330598
17.79171024 50.00661205
17.74654504 50.05678986
17.681071 50.10076651
17.62706913 50.11642447
17.59626997 50.13952383
17.58934533 50.15745555
17.70928633 50.19355154
17.73548628 50.23078441
17.7200867 50.29863557
17.70225834 50.30716218
17.65466434 50.28421784
17.55461877 50.26406403
17.46232466 50.25476227
17.41519575 50.25476227
17.15195601 50.37832062
16.98080366 50.4160961
16.88003462 50.42702566
16.86918257 50.41449413
16.91476118 50.34519603
16.99341271 50.25969737
16.98969201 50.23693391
16.89533084 50.20194896
16.84174238 50.18670441
16.77864546 50.15704214
16.72531538 50.11606273
16.67911665 50.09748505
16.63911909 50.10216177
16.59664107 50.12190217
16.48760379 50.24840607
16.35045454 50.34519603
16.33412479 50.36690013
16.2913367 50.37186107
16.23072025 50.39408194
16.21030806 50.42371837
16.2406938 50.45467255
16.28255171 50.48299124
16.35660404 50.50048371
16.37908329 50.51691682
16.39231245 50.54166983
16.41970096 50.57365754
16.41251794 50.58518138
16.35996301 50.62140656
16.28224165 50.65561636
16.06644087 50.62993317
16.00721968 50.61163972
15.9738367 50.63546255
15.94851525 50.67024079
15.89389326 50.67690705
15.81922082 50.70868806
15.73054406 50.73971975
15.64393436 50.74886648
15.46399702 50.79385082
15.39464725 50.79627961
15.35439131 50.81178254
15.31258508 50.84573395
15.27703169 50.8830185
15.25863488 50.95854361
15.1259298 50.99285676
14.99374149 51.01437999
14.98443973 51.00339875
14.98996911 50.92722769
14.98288944 50.88655834
14.89576297 50.86139191
14.80941166 50.85896312
14.81421756 50.87164969
14.91746708 51.00872142
14.96382084 51.09512442
15.01663415 51.25273754
14.95307214 51.37712271
14.93555383 51.43536205
14.90599491 51.463319
14.72471398 51.52388378
14.71091638 51.54491608
14.73866662 51.62713329
14.72486901 51.66170482
14.68130578 51.69818838
14.62394494 51.77079377
14.60162072 51.83239208
14.6748979 51.9048166
14.69298465 51.95801748
14.72476566 52.03088125
14.74812341 52.0708013
14.75256758 52.08183421
14.70461185 52.11020458
14.69236454 52.15004711
14.705387 52.20745962
14.67985884 52.24998933
14.61567671 52.27763622
14.57392215 52.31417145
14.55459517 52.35964671
14.56968469 52.43108938
14.61939741 52.52849946
14.51402917 52.64562409
14.2536833 52.78251496
14.12862634 52.87821971
14.13885827 52.93286754
14.19368696 52.98234772
14.29321577 53.02673778
14.36856001 53.10554434
14.41093469 53.199027
14.41232995 53.21675202
14.41455204 53.28351797
14.29869348 53.55642121
14.27988325 53.62473745
14.26608565 53.70710969
14.25890262 53.72964061
14.48762251 53.6718922
14.58353397 53.63933605
14.57154504 53.67589712
14.5521147 53.70731639
14.56493045 53.75351512
14.55841922 53.82317495
14.35088667 53.85872834
14.21368574 53.87074311
14.19823449 53.91906057
14.21141198 53.95035065
14.24929081 53.93192801
14.38416629 53.92471914
14.71572228 54.01830516
15.28840051 54.13989981
15.90004276 54.25397553
16.04277306 54.26635204
16.18633019 54.29038158
16.23935021 54.33306631
16.29226688 54.36161754
16.37556929 54.43688426
16.55974409 54.55380219
16.88540897 54.59640941
17.00705529 54.65185822
17.26192346 54.7295279
17.84297326 54.81670604
18.08564579 54.83585216
18.32346073 54.8381776
18.53512739 54.76942211
18.75929976 54.6845694
18.79960737 54.63335806
18.67837446 54.66529409
18.50153771 54.74149099
18.4362187 54.74474661
18.58711389 54.5129003
18.66958947 54.4308898
18.83640099 54.36960155
18.97623742 54.34893098
19.40711551 54.38608633
19.56018111 54.43463634
19.60436445 54.45915681
NaN  NaN
