# only points in the box 36.0 - 40.0N, -35.0 - -20.0E
# Portugal
# from http://www.rjruss.info/2010/12/free-countries-of-world-in-polygon-kml.html

-25.02735572 36.95996654
-25.03154151 36.94154389
-25.08838559 36.94888194
-25.15990577 36.9433784
-25.19840471 36.99655345
-25.16352312 37.01856761
-25.08290788 37.02404532
-25.04435727 37.00022248
-25.02735572 36.95996654

-25.64897152 37.84089468
-25.58551286 37.83404755
-25.2666176 37.84864615
-25.18191993 37.83789745
-25.19070492 37.76436188
-25.25111467 37.73500967
-25.43901018 37.71532095
-25.73444434 37.76286327
-25.83366309 37.82606354
-25.84782243 37.87239147
-25.84591041 37.89401805
-25.78374366 37.91114879
-25.64897152 37.84089468

-28.14726864 38.45269196
-28.06479306 38.41274608
-28.18974667 38.40416779
-28.23113949 38.38465994
-28.3324253 38.41290111
-28.45448503 38.40866364
-28.53117286 38.46256216
-28.5488462 38.51857941
-28.5102439 38.55304759
-28.40213681 38.55335765
-28.14726864 38.45269196

-28.64129534 38.52498729
-28.74387305 38.52237763
-28.84205827 38.5984195
-28.69777768 38.63846874
-28.655403 38.61405162
-28.62419044 38.58632722
-28.60579363 38.55074799
-28.64129534 38.52498729

-27.77845395 38.55563142
-27.82589291 38.54353913
-28.0923366 38.62053701
-28.1872662 38.65536693
-28.31066952 38.74388866
-27.96265459 38.63632416
-27.77845395 38.55563142

-27.07524105 38.64348135
-27.09529151 38.6340504
-27.30282406 38.66105134
-27.3619419 38.69784496
-27.38591977 38.76579947
-27.35103817 38.78895051
-27.25967424 38.80269644
-27.126995 38.78982901
-27.04196143 38.74120148
-27.04201311 38.67893138
-27.07524105 38.64348135

-31.13711199 39.40694896
-31.18134701 39.35891572
-31.25762143 39.37599478
-31.28294288 39.39410737
-31.26082536 39.4967626
-31.19984717 39.52084382
-31.13863644 39.479451
-31.13711199 39.40694896

