-67.8724666 18.05987987
-67.88182003 18.05894969
-67.89117347 18.05993155
-67.89546261 18.06279959
-67.90192217 18.0718688
-67.93039588 18.08690664
-67.93706214 18.10065257
-67.93060259 18.11514781
-67.91897539 18.12090974
-67.86109779 18.12253754
-67.855155 18.12114228
-67.84368283 18.11103954
-67.84337277 18.10395987
-67.84905718 18.09703522
-67.85918576 18.07956859
-67.86342322 18.07517609
-67.86678219 18.07065441
-67.86812578 18.06279959
-67.8724666 18.05987987
NaN  NaN
-65.42561337 18.10561351
-65.50403236 18.09951569
-65.55506283 18.10765473
-65.57221941 18.137317
-65.47713477 18.16504141
-65.36618547 18.16108816
-65.30267514 18.14437084
-65.294872 18.13333792
-65.42561337 18.10561351
NaN  NaN
-66.1293947 18.44489513
-66.09849219 18.42518057
-66.06841651 18.42802277
-66.09270443 18.46900218
-66.07043189 18.46900218
-65.878764 18.4438616
-65.75559323 18.40161612
-65.62883094 18.38141063
-65.62084693 18.24234935
-65.71841203 18.186668
-65.78223243 18.12860952
-65.8341414 18.05732189
-65.97077389 17.97438121
-66.13549252 17.94947317
-66.24502072 17.94725108
-66.28589678 17.9499641
-66.32579098 17.96417512
-66.40855079 17.95058421
-66.51079261 17.9870161
-66.59843584 17.97786937
-66.77240455 17.98655101
-66.83759437 17.95505423
-66.9000195 17.94789704
-66.96120439 17.95376232
-67.01332008 17.96789582
-67.1424078 17.96670726
-67.19684892 17.99417329
-67.17434384 18.15253571
-67.17245765 18.22423676
-67.20416114 18.28338044
-67.23893938 18.32063915
-67.26405412 18.36461579
-67.21335954 18.39360627
-67.17176002 18.43580008
-67.1586342 18.49920706
-67.11302975 18.51481334
-67.05962216 18.52215139
-66.81286719 18.49251496
-66.18856422 18.4757718
-66.15306251 18.47065583
-66.1293947 18.44489513
NaN  NaN
