# Romania
# from http://www.rjruss.info/2010/12/free-countries-of-world-in-polygon-kml.html
28.21246952 45.45045604
28.31768273 45.34712901
28.45126631 45.29219697
28.76070479 45.2341385
28.7883 45.24095978
28.79134891 45.25191519
28.76985152 45.26690135
28.76664758 45.28622834
28.78173709 45.30984447
28.82431848 45.3110847
28.89428836 45.28994904
29.02740685 45.32054149
29.22357059 45.40291372
29.40366296 45.41965689
29.56768395 45.37082266
29.65196821 45.31390107
29.70591841 45.2598992
29.68907189 45.19321076
29.67863325 45.15163707
29.6353284 44.97963207
29.60545943 44.91547578
29.5575037 44.84341299
29.04828413 44.75757844
29.08104699 44.79881623
29.06916141 44.8711374
29.04776737 44.92568187
29.09530969 44.97503286
28.98069136 44.99291291
28.93056522 44.96580862
28.89149784 44.91865388
28.92612105 44.81003002
28.87041385 44.74993032
28.84901981 44.71628897
28.84653934 44.63686229
28.81356978 44.60249746
28.80705855 44.56503205
28.88819055 44.57474722
28.85170698 44.50609508
28.69915816 44.37424266
28.64541467 44.29564281
28.65864383 43.98385305
28.590741 43.79743032
28.58531498 43.7422399
28.42346439 43.7404829
28.3751986 43.74479788
28.22197798 43.77283234
28.04999881 43.82239004
27.94891971 43.91861156
27.8842725 43.98734121
27.73859663 43.95630952
27.71079471 43.96460358
27.67090051 43.99777985
27.56103641 44.0200524
27.4253341 44.02051748
27.12064986 44.14614289
27.08690514 44.16740774
26.84774662 44.14619457
26.48921553 44.08397614
26.21579553 44.00728832
25.9334355 43.87055248
25.81881717 43.76683788
25.68611209 43.7117508
25.49707971 43.67079723
25.1596326 43.686326
24.80818119 43.73841584
24.4305815 43.79438142
24.22676965 43.76347891
23.95076582 43.78665579
23.53456384 43.85357677
23.2246086 43.87388561
22.91904585 43.83445649
22.86767948 43.86455801
22.85641402 43.89902619
22.86829959 43.94788626
22.91129439 43.98718618
22.98539839 44.01700349
23.02446577 44.0472342
23.02849653 44.07798168
22.94540083 44.12728099
22.77517866 44.1952355
22.70510542 44.23779104
22.68784549 44.2483072
22.68329797 44.28647024
22.64795129 44.31646841
22.58180545 44.33832754
22.53064579 44.37796337
22.49457564 44.43542756
22.5023271 44.48958446
22.55400353 44.54033072
22.62014937 44.56234488
22.7007646 44.55552359
22.73435428 44.56991547
22.72091841 44.60552053
22.64206017 44.65096996
22.49767622 44.70626374
22.35070845 44.67613638
22.20095015 44.56069123
22.09304976 44.54193268
22.02690392 44.61986074
21.90928836 44.66611115
21.74020308 44.68068391
21.63612674 44.71044953
21.59705936 44.75540803
21.52316206 44.79008291
21.36007124 44.82666983
21.35790083 44.8618098
21.38435917 44.87007803
21.44223677 44.87338532
21.51995812 44.88082673
21.53236047 44.90067048
21.53318729 44.91886058
21.47200239 44.94201162
21.40999068 44.95772126
21.37774458 44.97343089
21.35707401 44.99079418
21.35293989 45.00898428
21.37113 45.02138662
21.39593469 45.02221345
21.42073937 45.03296214
21.4344853 45.07515595
21.46786828 45.10985668
21.49184614 45.12225902
21.4901925 45.14789053
21.46538781 45.17186839
21.43148807 45.19253897
21.38177534 45.20509634
21.22643599 45.24132152
21.14788781 45.29175772
21.09993208 45.29354055
21.02386437 45.32152334
20.9418022 45.36531912
20.87079878 45.42756338
20.7940076 45.467871
20.77416385 45.48440746
20.77251021 45.50011709
20.7865662 45.51748037
20.78604943 45.5364973
20.76579227 45.59744965
20.77927982 45.66199352
20.7758175 45.72253246
20.77499068 45.74981761
20.76010786 45.75808584
20.7468787 45.74899079
20.72786177 45.73741527
20.70925825 45.73524486
20.65272424 45.77940237
20.58115238 45.86950023
20.53257653 45.89952424
20.43795698 45.94076203
20.35858198 45.97548859
20.3013245 46.0506778
20.24184492 46.10860708
20.28096398 46.13299836
20.5080819 46.16692394
20.61365685 46.13351512
20.66099247 46.14565908
20.7073979 46.17281505
20.73271935 46.19444164
20.73737023 46.21748933
20.76021122 46.24622142
20.83700239 46.25970897
21.03988407 46.24224234
21.12163618 46.2824466
21.15191857 46.30435741
21.17041874 46.35267487
21.19181278 46.39153555
21.2645732 46.41230948
21.26322961 46.44773367
21.25222253 46.4863618
21.29454553 46.57245474
21.32017704 46.60780142
21.36131148 46.6207722
21.4110242 46.64785065
21.49711714 46.70428132
21.47706668 46.75337393
21.49442997 46.7897283
21.58414025 46.87837922
21.6526632 46.96377452
21.65142297 47.00653677
21.6614482 47.04389883
21.72180627 47.08482657
21.78547163 47.13815664
21.86929081 47.30460643
21.89926314 47.33256338
21.95424686 47.36424103
21.99527795 47.39571198
21.99972212 47.50503347
22.03796268 47.53660777
22.11196333 47.57203197
22.18508548 47.62903107
22.24461673 47.69636546
22.29066043 47.72783641
22.35143192 47.73620799
22.4174744 47.76266633
22.4913717 47.77256236
22.56294356 47.75956574
22.60836714 47.76630952
22.67678674 47.79904654
22.85176314 47.92257905
22.8766195 47.94725454
22.91284468 47.96428193
23.05479984 48.00655325
23.09076664 48.04913463
23.13949751 48.08740103
23.20264611 48.08450715
23.40816328 47.98999095
23.62866662 47.99583039
23.66907759 47.99231639
23.6819967 47.99037853
23.70902347 47.98260122
24.00182214 47.93578238
24.04734907 47.94102753
24.05975142 47.94477407
24.17772871 47.90606843
24.28196008 47.91118439
24.38097212 47.9380303
24.4840666 47.94709951
24.57889286 47.93107982
24.6509298 47.87650951
24.83789514 47.76085765
24.89334395 47.71775951
24.97912682 47.72414155
25.07384973 47.74571646
25.16965783 47.82307608
25.46431685 47.91077098
25.68931603 47.93247508
25.90868249 47.96756338
26.16267215 47.9925231
26.23625939 48.06435334
26.27692875 48.11323924
26.30560917 48.20377635
26.442345 48.2299763
26.57241459 48.24847647
26.61897505 48.25984528
26.7138013 48.26346263
26.78728519 48.25581452
26.90097334 48.21111441
26.98076175 48.15504548
27.0122327 48.11050039
27.08034224 48.04766185
27.15206913 47.95929515
27.23082401 47.84173127
27.24813561 47.7822517
27.27795292 47.71796621
27.33686405 47.63975393
27.44926029 47.55311839
27.46481489 47.53668529
27.51587121 47.47562958
27.61410811 47.34054739
27.69617028 47.28641633
27.76794885 47.22758271
27.80236535 47.16830984
27.85383508 47.11448884
27.97418949 47.04322704
28.07180627 46.97842479
28.14994103 46.79207958
28.20471805 46.70640005
28.23949629 46.64082266
28.2225981 46.5080659
28.24435388 46.45127351
28.19965376 46.34755891
28.11919356 46.13868277
28.09971154 45.97259471
28.11356083 45.88303946
28.11552453 45.82552359
28.13495487 45.78885916
28.15629723 45.71307567
28.15981123 45.64713654
28.13082075 45.62827464
28.09030643 45.61274588
28.07470015 45.59897411
28.11195886 45.56915681
28.16255008 45.51375967
28.21246952 45.45045604

