30.50995202 -1.06727304
30.47703413 -1.08298268
30.47021284 -1.13114511
30.50809167 -1.20824635
30.63196008 -1.36746144
30.71071496 -1.39681365
30.76218469 -1.45872202
30.81262088 -1.56305674
30.8275037 -1.69369476
30.80672977 -1.85068776
30.81913211 -1.96747649
30.86460737 -2.04406097
30.87659631 -2.14338307
30.85499556 -2.26539113
30.82874393 -2.33851328
30.79763472 -2.36269785
30.76244307 -2.37168955
30.71484907 -2.36352467
30.65660973 -2.37380828
30.59340946 -2.39680429
30.55361861 -2.40011159
30.52886559 -2.39556406
30.48220178 -2.37603037
30.40851118 -2.31298512
30.2710002 -2.34786671
30.23384484 -2.34709157
30.18330529 -2.37701222
30.1422742 -2.41396087
30.11731449 -2.41659637
30.09188968 -2.41153208
29.9734473 -2.33706634
29.93019413 -2.33954681
29.91241743 -2.54862965
29.89257368 -2.66464324
29.86818241 -2.71637135
29.78338138 -2.76639414
29.69806359 -2.79471282
29.65139977 -2.7928008
29.46371097 -2.8083554
29.39022709 -2.80856211
29.34976444 -2.79150888
29.29705448 -2.67301483
29.19757735 -2.62030486
29.10202762 -2.59565521
29.06316695 -2.60252817
29.02864709 -2.66459157
29.01438439 -2.72019541
28.92178023 -2.6820582
28.89397831 -2.63508432
28.89144616 -2.55555429
28.85764977 -2.44667205
28.87640832 -2.40031829
28.91273685 -2.37029428
28.98957971 -2.31277842
29.1064718 -2.23324839
29.13153487 -2.19516286
29.14801965 -2.13185923
29.14062992 -1.98452972
29.12936445 -1.8602479
29.14326542 -1.81606455
29.19659549 -1.71994638
29.26811568 -1.62160613
29.35162479 -1.5175298
29.40195764 -1.50740122
29.46800012 -1.46807545
29.5377633 -1.40973276
29.57693403 -1.38787363
29.60964522 -1.38709848
29.825446 -1.33557708
29.84684004 -1.35170013
29.88161828 -1.45179738
29.90001509 -1.46631845
29.93009077 -1.4699358
29.99050052 -1.44693979
30.10155318 -1.36865
30.14997399 -1.32110768
30.2069731 -1.25423838
30.27983687 -1.17879079
30.32050622 -1.11305836
30.3602454 -1.0746111
30.41233524 -1.06303558
30.46990278 -1.06603281
30.50995202 -1.06727304
NaN  NaN
