# Sao Tome and Principe
# from http://www.rjruss.info/2010/12/free-countries-of-world-in-polygon-kml.html
6.65998661 0.12066478
6.55684045 0.0473876
6.51973677 0.06630117
6.49699914 0.11735749
6.46816369 0.22732494
6.4775688 0.28013825
6.5242843 0.34028962
6.62588016 0.40023428
6.6869617 0.40436839
6.74980025 0.32561351
6.75000695 0.24344798
6.65998661 0.12066478

7.42386763 1.56770824
7.3866606 1.54155996
7.34242557 1.56357412
7.33064334 1.60336498
7.38759077 1.68015615
7.41446252 1.69912141
7.43699344 1.68305003
7.45042931 1.66196605
7.45228967 1.63111522
7.42386763 1.56770824

