-12.28061439 14.8090447
-12.18653744 14.64815013
-12.20682044 14.57112641
-12.22839535 14.45860098
-12.17524614 14.376668
-12.11289853 14.32331208
-12.06837928 14.27421947
-12.01918332 14.2064975
-12.01117347 14.07182872
-12.02011349 13.97467703
-11.98809994 13.9307779
-11.9608923 13.87527741
-11.96637 13.82897533
-11.98419837 13.78809927
-12.04414303 13.73386485
-12.05421994 13.63306997
-11.95706824 13.51090689
-11.89459144 13.444451
-11.89521155 13.40631379
-11.87777076 13.36453339
-11.83167538 13.31580252
-11.8033567 13.32730052
-11.77222165 13.36706554
-11.75826901 13.39453156
-11.67444984 13.3823876
-11.63496904 13.36985607
-11.5813289 13.29001598
-11.56166602 13.23697012
-11.54877275 13.17025585
-11.49280718 13.08695344
-11.44412798 13.02824901
-11.43394772 12.99161042
-11.39038449 12.94200104
-11.4174371 12.83187857
-11.41436235 12.77549958
-11.4440763 12.62760163
-11.45056169 12.55770926
-11.44877886 12.53194855
-11.38242632 12.47923859
-11.38940264 12.40441112
-11.45673703 12.41756277
-11.57368079 12.42632193
-11.80808509 12.38730622
-11.88854529 12.40332591
-12.0423602 12.39805492
-12.15194007 12.3766092
-12.29118222 12.32803335
-12.39905677 12.34007396
-12.45737362 12.3783662
-12.53421648 12.37580821
-12.6207745 12.39619457
-12.71304277 12.43314322
-12.79730119 12.45190176
-12.8881742 12.52003714
-12.9307039 12.53225861
-12.96052121 12.51435273
-12.98566179 12.49164094
-13.01193926 12.47763662
-13.06129025 12.48998729
-13.07984209 12.53628937
-13.06439084 12.581067
-13.05976579 12.61501842
-13.08291684 12.63354442
-13.13849484 12.63971975
-13.22807593 12.63959056
-13.37258908 12.65359488
-13.40573951 12.66227652
-13.72925981 12.67390371
-14.06484656 12.67527314
-14.34922197 12.67643586
-14.70816647 12.67796031
-14.96060584 12.678968
-15.19609534 12.67994986
-15.37794471 12.58894766
-15.57478024 12.4904007
-15.83954444 12.43787161
-16.14420285 12.45743114
-16.24150957 12.44332347
-16.34230445 12.39950186
-16.41633094 12.36766918
-16.52133745 12.34865225
-16.65693641 12.36436188
-16.71179094 12.35485342
-16.74584571 12.39970856
-16.78486142 12.47252066
-16.76031511 12.52579906
-16.67763282 12.56003469
-16.55319597 12.604864
-16.48808367 12.58181631
-16.44994646 12.58070527
-16.44289263 12.60948904
-16.45503659 12.6248111
-16.54882931 12.66380097
-16.5976377 12.7152707
-16.63784197 12.68514334
-16.67256853 12.62202058
-16.70140398 12.60315868
-16.74388201 12.5854595
-16.76798906 12.62842845
-16.77840186 12.67018301
-16.75897152 12.70232575
-16.76891924 12.88332246
-16.75736955 12.97977652
-16.76333818 13.06413829
-16.7045304 13.11971629
-16.64877153 13.1541328
-16.43087785 13.15733674
-16.22833208 13.16028229
-16.03304684 13.15837027
-15.83424761 13.15645824
-15.81440386 13.32513011
-15.75156531 13.33835928
-15.6573075 13.35580008
-15.48181434 13.37634146
-15.28621904 13.3959785
-15.24451616 13.42912893
-15.21211504 13.48506867
-15.19159949 13.53527233
-15.15113685 13.55651134
-15.09641151 13.53963898
-15.02458126 13.51330984
-14.95027056 13.47258881
-14.86505612 13.43483918
-14.80826372 13.4111197
-14.67191545 13.35171764
-14.43857052 13.26890615
-14.24674761 13.23583324
-14.01490129 13.29639802
-13.84749549 13.33531037
-13.82672156 13.4078124
-13.85281816 13.47855744
-13.9773842 13.5434372
-14.14696042 13.53615082
-14.19899858 13.5187617
-14.27803769 13.49718679
-14.32555417 13.48858267
-14.40549761 13.50372386
-14.50699012 13.55971528
-14.57086219 13.61617178
-14.66015906 13.64263011
-14.7659924 13.66908845
-14.93580115 13.78520539
-15.02445207 13.80600515
-15.10834876 13.81212881
-15.26952755 13.78910696
-15.42688229 13.72699189
-15.50966793 13.58622529
-15.6671777 13.58829234
-16.00162757 13.59276236
-16.30874061 13.59687063
-16.56229102 13.58731049
-16.5877675 13.68955231
-16.64786719 13.77099437
-16.7454323 13.8404475
-16.76692969 13.90493968
-16.73385678 13.96116364
-16.63959896 14.00746573
-16.61812741 14.04053864
-16.66745256 14.0355777
-16.74212501 14.00581208
-16.79173438 14.00415843
-16.79772885 14.0932486
-16.88051449 14.20833202
-16.97384213 14.40320384
-17.07939124 14.48304393
-17.168068 14.64060537
-17.26062049 14.7010668
-17.34580909 14.72928213
-17.41846615 14.72349437
-17.44502784 14.65161245
-17.53561662 14.75512035
-17.41179989 14.79217235
-17.14716488 14.92203522
-16.84341081 15.29400218
-16.57076596 15.73444042
-16.53523841 15.83836172
-16.50206214 15.91732331
-16.48009966 16.09720897
-16.44103227 16.20454092
-16.40434201 16.22490143
-16.35811744 16.30717032
-16.30230689 16.45132172
-16.2390291 16.531291
-16.16833574 16.54705231
-16.11330034 16.54012767
-16.07402625 16.5104654
-15.95899451 16.49212027
-15.76820513 16.48509227
-15.62077226 16.50658967
-15.51669593 16.55661245
-15.37996009 16.58198558
-15.21056474 16.5826057
-15.1214229 16.60358633
-15.11263791 16.64492748
-15.09057207 16.6573815
-15.05522539 16.64097423
-15.02191993 16.64748546
-14.99060401 16.67688935
-14.95952064 16.67890473
-14.92861813 16.6535316
-14.78668881 16.64588349
-14.53373267 16.65596039
-14.30007768 16.58028026
-14.08567217 16.41884309
-13.97503292 16.3111494
-13.96815996 16.2571992
-13.93260657 16.20286144
-13.86847612 16.14816193
-13.80979753 16.13803335
-13.75664832 16.17250153
-13.7149196 16.16878083
-13.68468889 16.12692292
-13.62355567 16.11829295
-13.55552365 16.14405366
-13.50699948 16.13521699
-13.49816281 16.11030895
-13.48694902 16.09700226
-13.45408281 16.09113699
-13.40964108 16.05917512
-13.34755185 15.97349559
-13.29701229 15.85386465
-13.25799659 15.70038565
-13.20644935 15.61687653
-13.14237057 15.60333731
-13.10529273 15.57176301
-13.097903 15.53527945
-13.07927365 15.51042308
-13.04852617 15.49662547
-12.99431759 15.5048937
-12.93085893 15.45301057
-12.86272356 15.34040762
-12.85189735 15.28966136
-12.86264604 15.26237621
-12.85851193 15.24253246
-12.81316586 15.22354137
-12.7703261 15.18667023
-12.7352378 15.1312731
-12.65963518 15.08207713
-12.54354407 15.03900483
-12.45987993 14.97464183
-12.40866859 14.88901398
-12.30252519 14.81700288
-12.28061439 14.8090447
NaN  NaN
