# Serbia
# from http://www.rjruss.info/2010/12/free-countries-of-world-in-polygon-kml.html
20.24184492 46.10860708
20.3013245 46.0506778
20.35858198 45.97548859
20.43795698 45.94076203
20.53257653 45.89952424
20.58115238 45.86950023
20.65272424 45.77940237
20.70925825 45.73524486
20.72786177 45.73741527
20.7468787 45.74899079
20.76010786 45.75808584
20.77499068 45.74981761
20.7758175 45.72253246
20.77927982 45.66199352
20.76579227 45.59744965
20.78604943 45.5364973
20.7865662 45.51748037
20.77251021 45.50011709
20.77416385 45.48440746
20.7940076 45.467871
20.87079878 45.42756338
20.9418022 45.36531912
21.02386437 45.32152334
21.09993208 45.29354055
21.14788781 45.29175772
21.22643599 45.24132152
21.38177534 45.20509634
21.43148807 45.19253897
21.46538781 45.17186839
21.4901925 45.14789053
21.49184614 45.12225902
21.46786828 45.10985668
21.4344853 45.07515595
21.42073937 45.03296214
21.39593469 45.02221345
21.37113 45.02138662
21.35293989 45.00898428
21.35707401 44.99079418
21.37774458 44.97343089
21.40999068 44.95772126
21.47200239 44.94201162
21.53318729 44.91886058
21.53236047 44.90067048
21.51995812 44.88082673
21.44223677 44.87338532
21.38435917 44.87007803
21.35790083 44.8618098
21.36007124 44.82666983
21.52316206 44.79008291
21.59705936 44.75540803
21.63612674 44.71044953
21.74020308 44.68068391
21.90928836 44.66611115
22.02690392 44.61986074
22.09304976 44.54193268
22.20095015 44.56069123
22.35070845 44.67613638
22.49767622 44.70626374
22.64206017 44.65096996
22.72091841 44.60552053
22.73435428 44.56991547
22.7007646 44.55552359
22.62014937 44.56234488
22.55400353 44.54033072
22.5023271 44.48958446
22.49457564 44.43542756
22.53064579 44.37796337
22.58180545 44.33832754
22.64795129 44.31646841
22.68329797 44.28647024
22.68784549 44.2483072
22.70510542 44.23779104
22.66748498 44.22019522
22.62655724 44.19409862
22.6034062 44.14857168
22.59741174 44.0752945
22.46904748 44.01803701
22.42083337 44.00744335
22.39907759 43.96953868
22.36538456 43.86210338
22.36962202 43.78128144
22.38688195 43.74012116
22.39484012 43.70663483
22.43628462 43.66550039
22.47411177 43.60224844
22.49912316 43.51884268
22.55462365 43.45450552
22.69694055 43.39104686
22.76753055 43.35414989
22.81967207 43.30071646
22.85961795 43.25234732
22.9768201 43.18801016
22.96798343 43.14201813
22.94230025 43.09705964
22.9152218 43.07597565
22.8568791 43.01825308
22.79988 42.9857486
22.70619063 42.88392019
22.55808597 42.87846833
22.52279097 42.87030345
22.46677372 42.84250153
22.43923018 42.79165192
22.46563683 42.75077587
22.46325972 42.7094864
22.43623294 42.62910371
22.47204471 42.54329499
22.52423791 42.50389171
22.53240278 42.48117992
22.52351444 42.44097565
22.44568973 42.35912018
22.4220736 42.32886363
22.34404219 42.31395498
22.31742883 42.32170645
22.27706953 42.34984427
22.23970747 42.35813833
22.14668989 42.32501374
22.05201867 42.30465323
21.97750125 42.3200528
21.90412072 42.32206818
21.85306441 42.30837393
21.81461714 42.30310293
21.7392729 42.26770458
21.6182467 42.24212474
21.56248783 42.24752493
21.54155887 42.28083039
21.51892459 42.32842438
21.52998335 42.35002513
21.60987512 42.38743887
21.61907352 42.42325064
21.73064294 42.59546235
21.75219201 42.65150544
21.75291548 42.6697989
21.72387333 42.6819687
21.66248172 42.68150361
21.39066369 42.75142182
21.40306603 42.83152029
21.32317427 42.87469595
21.23708133 42.91322073
21.22261193 42.95621552
21.12701053 43.04300609
21.05704064 43.09168529
20.96769209 43.11602489
20.89074588 43.15165579
20.8444438 43.1734374
20.82377323 43.21395173
20.82377323 43.23792959
20.80062219 43.26108063
20.76341515 43.25860017
20.70057661 43.22635407
20.62316532 43.19862967
20.60962609 43.17839834
20.63763472 43.13039094
20.65758182 43.09985017
20.64853845 43.07096304
20.62399214 43.03416942
20.47506066 42.95303742
20.45842085 42.92456371
20.48684289 42.87906261
20.46885949 42.85790111
20.34437097 42.82795462
20.34762658 42.85278514
20.33997847 42.89288605
20.26845829 42.93546743
20.16789595 42.96848867
19.94403364 43.08166006
19.85804406 43.09654287
19.78114953 43.10977204
19.67102705 43.16395478
19.61444136 43.1734374
19.55155114 43.21224641
19.41466027 43.34283275
19.29828495 43.41393952
19.21875492 43.44995799
19.1964307 43.48499462
19.19162479 43.52103893
19.19436364 43.53331208
19.25446333 43.58436839
19.30076542 43.5918098
19.36029667 43.59346345
19.39962243 43.56757355
19.45124719 43.56204418
19.47997928 43.59516877
19.4950688 43.64286612
19.48814416 43.70356009
19.36401737 43.84476594
19.25725386 43.94331289
19.24505822 43.96501699
19.26810591 43.98346548
19.30531294 43.99336152
19.34520715 43.98509329
19.44938683 43.97801362
19.54953576 43.98713451
19.58369388 44.01108653
19.58374556 44.04346182
19.54715864 44.07348583
19.43021488 44.15451447
19.33890262 44.22582795
19.231519 44.28055329
19.15183394 44.30251577
19.12837284 44.33026602
19.11845096 44.35997997
19.12733931 44.41457612
19.1324036 44.4837967
19.15131717 44.52733409
19.22314741 44.6095513
19.29187707 44.69675528
19.33451013 44.7806778
19.35688602 44.85855419
19.34861779 44.88093008
19.31270267 44.8974407
19.23678999 44.91426138
19.1315251 44.89958527
19.0420732 44.87131826
19.00713993 44.86919953
18.99546105 44.90402945
19.00951704 44.91937735
19.03757735 44.91751699
19.06052168 44.91100576
19.08527469 44.92676708
19.10005415 44.97379263
19.06284712 45.13719351
19.12971642 45.15171459
19.13074995 45.17548574
19.13695112 45.19623383
19.20599084 45.16778596
19.30303918 45.16726919
19.38809859 45.17300528
19.40101769 45.18907665
19.39998417 45.21248607
19.38231083 45.2306245
19.35223514 45.2454298
19.33027266 45.26808991
19.27280847 45.27796011
19.09307783 45.33692292
19.00465946 45.39950308
19.00765669 45.46580394
19.0332882 45.50218415
19.06429406 45.5149999
19.05509566 45.52724722
18.9537065 45.5579947
18.91784305 45.60083446
18.94729862 45.65581818
18.8944853 45.76710338
18.83908817 45.83575552
18.89355513 45.86552115
18.90109989 45.90763744
18.90538903 45.93171865
18.92786828 45.93138276
19.01571821 45.95972728
19.04765425 45.98267162
19.06625777 46.00951752
19.08734175 46.01618378
19.14625288 45.98701244
19.20841963 45.98442862
19.27813114 46.0028771
19.33022098 46.02850861
19.39290449 46.0497993
19.42127486 46.06444957
19.45755171 46.08736807
19.53072554 46.15519339
19.61345951 46.16917186
19.72451216 46.15191193
19.84440148 46.14589163
19.93411177 46.16147207
20.16138472 46.14188671
20.21016727 46.12602204
20.24184492 46.10860708

