# Slovakia
# from http://www.rjruss.info/2010/12/free-countries-of-world-in-polygon-kml.html
22.53865563 49.07271556
22.52413456 49.03137442
22.48320682 48.98326366
22.43204715 48.93355093
22.38946577 48.87347708
22.33257002 48.74508698
22.29520796 48.68581411
22.14286584 48.56850861
22.13185876 48.40531444
22.11134321 48.39337718
21.76697147 48.33810924
21.72149621 48.34655834
21.67462569 48.37836518
21.64858076 48.40149038
21.63250939 48.41849193
21.60264042 48.46365713
21.56315962 48.49572236
21.5046619 48.52189647
21.45133182 48.55223054
21.38239546 48.55347077
21.1963603 48.51060517
21.06732425 48.50592845
20.98117964 48.51967438
20.86661299 48.54566763
20.64311242 48.54969839
20.48999515 48.52690908
20.47495731 48.49510224
20.3337773 48.2955537
20.12862186 48.22201813
19.95038985 48.14662222
19.89861006 48.131326
19.81008833 48.15501964
19.70921594 48.19979727
19.62539676 48.22310334
19.56421187 48.21281973
19.49749759 48.16212515
19.46695682 48.1107071
19.26510868 48.07303498
18.91412235 48.05081411
18.79185591 48.00027456
18.75010135 47.9394514
18.74834435 47.89268423
18.77800663 47.85289338
18.74059289 47.80651378
18.72421146 47.78716096
18.47626794 47.7769807
18.14559045 47.76341564
17.94797977 47.76690379
17.76189294 47.77015941
17.63528568 47.80989859
17.48061812 47.88761994
17.31732059 47.99089529
17.3015076 47.99334992
17.27727136 48.00433116
17.17459028 48.01205679
17.14735681 48.00595897
17.0859652 48.03957449
17.06787845 48.08326691
16.97263879 48.19809195
16.86546187 48.38691763
16.86267134 48.44141043
16.90447757 48.5035255
16.94338993 48.55093863
16.94886763 48.58855907
16.9531051 48.59884268
16.98524784 48.67689993
17.06333093 48.78074372
17.13562625 48.84105012
17.18843957 48.86094554
17.29685672 48.84283295
17.48258182 48.82776927
17.62541548 48.84182526
17.75853397 48.88812735
17.83088098 48.92858999
17.89268599 48.9711197
17.91330488 48.99874075
17.94074507 49.01194408
18.05086755 49.03654206
18.08595584 49.06511913
18.10042525 49.1193277
18.10998539 49.17978913
18.13261966 49.22456676
18.16093835 49.25735546
18.36480187 49.33623953
18.38309533 49.3639381
18.41585819 49.39091319
18.47611291 49.42111807
18.53455895 49.4646813
18.596519 49.49144969
18.67620405 49.48845246
18.74973962 49.49400768
18.80704878 49.50922639
18.8322152 49.51077668
18.93815189 49.49827098
18.95722049 49.44829987
18.96833093 49.39623587
19.14945682 49.39998241
19.25017419 49.51144847
19.30236738 49.52483267
19.38623823 49.56364167
19.44163537 49.59769644
19.4797209 49.57637991
19.5347563 49.50478221
19.59304732 49.44711131
19.62668867 49.42437368
19.63025435 49.40662283
19.66415409 49.396055
19.73004154 49.38959545
19.77391483 49.37218049
19.78704064 49.31854035
19.78797082 49.2699645
19.76735192 49.2352121
19.7566549 49.20438711
19.80223351 49.1923465
19.86899946 49.20399954
19.91612837 49.22138866
20.05761844 49.18128775
20.10764123 49.27073965
20.16371016 49.31639578
20.23652225 49.33766063
20.30256473 49.36551423
20.36302616 49.38525463
20.40467736 49.38406607
20.42266076 49.3923343
20.4745439 49.39016389
20.53459191 49.38119803
20.61613732 49.39171418
20.72899865 49.36990672
20.7994853 49.32866893
20.86847334 49.31469046
20.9472799 49.31709341
21.00112674 49.33983104
21.07941654 49.41827587
21.13615726 49.41706147
21.22498905 49.42943797
21.35045943 49.42876618
21.63964074 49.4119455
21.71214278 49.3819215
21.89011641 49.34344839
21.96768273 49.29908417
22.00220259 49.24608999
22.02008264 49.20950308
22.20255212 49.15322744
22.47307824 49.08129385
22.53865563 49.07271556

