# Slovenia
# from http://www.rjruss.info/2010/12/free-countries-of-world-in-polygon-kml.html
16.51618086 46.49990103
16.42765913 46.52439566
16.32120568 46.53462759
16.3012069 46.52139842
16.25841882 46.50788504
16.23676639 46.48382966
16.25330285 46.38910676
16.22741296 46.37282868
16.10643843 46.38220795
16.06649255 46.37133006
16.00070845 46.30539094
15.93332238 46.27764069
15.84759118 46.25787446
15.78428755 46.23397411
15.70424076 46.21325186
15.63597619 46.20072032
15.60900109 46.17193655
15.59256799 46.13997468
15.59690881 46.1092272
15.6662069 46.04850739
15.67561201 45.98370515
15.66806725 45.90445934
15.65220259 45.86216218
15.6247624 45.83402436
15.45407515 45.79761831
15.27703169 45.73260936
15.27294925 45.71772655
15.35371952 45.65992646
15.35697513 45.6454829
15.29010583 45.61266836
15.28354292 45.57967296
15.29119103 45.54153575
15.32669274 45.5022875
15.33945682 45.46704418
15.24209842 45.44141267
15.11047855 45.45079194
14.95457075 45.49991039
14.90000044 45.49267569
14.84708377 45.46735423
14.7930819 45.47820629
14.73360233 45.50848867
14.6494731 45.57148225
14.60854536 45.61008454
14.5918022 45.65127066
14.56885786 45.65721345
14.53402795 45.64527619
14.5051925 45.59520173
14.42736779 45.50574982
14.3699036 45.4814619
14.28298384 45.48662954
14.16123417 45.48513093
14.08557987 45.47784455
13.99282067 45.50944469
13.97034142 45.50334687
13.97013472 45.48259878
13.93561486 45.44978425
13.87866743 45.4283902
13.61522098 45.47675935
13.5779106 45.51688609
13.63733849 45.5359547
13.71986576 45.58757945
13.77593469 45.58197256
13.84476769 45.59285045
13.87474002 45.61483877
13.83117679 45.68041616
13.72167443 45.76126394
13.66348677 45.79198558
13.58343998 45.81237193
13.56964237 45.83412771
13.61398075 45.96169099
13.60054487 45.97977774
13.50918094 45.97378327
13.48768355 45.98708995
13.48029382 46.0092333
13.48644331 46.03954153
13.54804162 46.08912507
13.61656457 46.13310171
13.63496138 46.15775137
13.63248091 46.17702668
13.54468265 46.19656037
13.49176598 46.21661083
13.44975305 46.22350963
13.42102095 46.21229584
13.39962691 46.22495657
13.37818119 46.26159516
13.39952355 46.3175349
13.47848514 46.36921133
13.56323449 46.4151
13.63713179 46.44853465
13.67971317 46.4629007
13.69997033 46.52026154
13.74399865 46.51431875
13.8313835 46.51121817
13.92879357 46.49819571
14.01964074 46.48217601
14.0995325 46.46191885
14.2672742 46.44073151
14.41992639 46.42791576
14.46591841 46.41610769
14.50353885 46.41706371
14.54984094 46.39970043
14.57712609 46.41292959
14.59696984 46.43608063
14.6801689 46.46344331
14.75675337 46.49912588
14.81060021 46.54460114
14.84057254 46.58049042
14.8932825 46.60591523
14.94945479 46.61322744
15.00066613 46.62599152
15.21703535 46.64299307
15.43929569 46.62966055
15.54533573 46.65462027
15.6326689 46.69844188
15.76025801 46.71076671
15.76692427 46.71125764
15.95766198 46.67761628
15.97228641 46.69720165
15.98045129 46.70585745
15.97683394 46.80138133
16.03719201 46.84484121
16.09305423 46.8632897
16.28358524 46.8572694
16.30849328 46.8279947
16.31841515 46.78251944
16.33546838 46.72161876
16.36719771 46.70479808
16.38456099 46.68082022
16.3812537 46.63865225
16.41846073 46.60723298
16.50569055 46.52207022
16.51618086 46.49990103

