41.53274173 -1.6953484
41.53759932 -1.61318288
41.52188968 -1.57225514
41.42696008 -1.44947194
41.24981327 -1.22054534
41.11581628 -1.04742929
40.97877038 -0.87028248
40.97820194 -0.72874074
40.97654829 -0.30731943
40.973241 0.53541983
40.97003706 1.37815908
40.96672977 2.22095002
40.96507612 2.64231965
40.96440433 2.81466055
40.97877038 2.84241079
41.13498823 2.99707836
41.34174564 3.20166535
41.61346032 3.59047883
41.76094486 3.80162873
41.88403812 3.97774201
41.91530236 4.03127879
42.02413293 4.13793895
42.22840987 4.20165599
42.35517215 4.21224966
42.7916313 4.29201223
42.85664025 4.32420665
42.89477746 4.36107779
42.93095096 4.44531037
43.01601037 4.56333934
43.12571944 4.64447134
43.33402713 4.75040803
43.53825239 4.84032502
43.58352095 4.85497529
43.82919071 4.91143179
43.88944543 4.93075878
43.98887088 4.95052501
44.02814497 4.95096426
44.36951948 4.93119802
44.63663496 4.91577261
44.91160526 4.89990795
44.94054406 4.91200023
45.13278039 5.12170319
45.43849816 5.45542959
45.63357669 5.66828482
45.93500532 5.99720531
46.16677412 6.23465851
46.4229342 6.49725231
46.6718079 6.7372635
46.97122114 7.0260314
47.15973677 7.20785493
47.45284549 7.49049917
47.73158817 7.75934581
47.9781881 7.99708324
48.12670617 8.22218578
48.27274377 8.44336091
48.42859989 8.67957388
48.61665043 8.96459524
48.79359053 9.23271841
48.93812951 9.45174897
48.93812951 9.56411937
48.93823286 9.80759288
48.93823286 9.97350007
48.93838789 10.43323945
48.93843957 10.71423005
48.93849125 10.98232738
48.93854292 11.25843456
49.06204959 11.2708369
49.38823124 11.34271882
49.64206587 11.45092927
50.11004764 11.52932241
50.46620161 11.72755321
50.52831668 11.82320629
50.63590702 11.94381908
50.7922799 11.98371328
51.19132531 11.84201651
51.25488732 11.83069937
51.23183963 11.74501984
51.21819706 11.65768667
51.13634159 11.50513784
51.08425174 11.33563915
51.1222856 11.07674022
51.14068241 10.65689505
51.1312773 10.59589102
51.10492232 10.535843
51.09386356 10.48850739
51.05076542 10.47197093
51.03185184 10.44476329
51.06316776 10.43393708
51.18822473 10.4797224
51.18553755 10.52984854
51.19297896 10.55465323
51.2957117 10.49868765
51.36909224 10.47525239
51.39017622 10.4225941
51.38459517 10.38654979
51.26811649 10.40313793
51.20879195 10.4310432
51.0358826 10.38515453
50.93004927 10.33554515
50.89842329 10.25312124
50.87372196 9.92414907
50.83279422 9.7105187
50.82493941 9.42815868
50.68510298 9.24114167
50.63797407 9.10926341
50.4298214 8.84524852
50.32119754 8.61957754
50.28574751 8.50940339
50.10281294 8.19980988
49.85207889 7.96256338
49.76123172 7.65953278
49.67121138 7.46951854
49.57002892 7.29697093
49.34854374 6.99052969
49.23495894 6.77736441
49.09264204 6.40787792
49.04933719 6.17365449
48.64905155 5.49439362
48.23398644 4.95266958
47.97529422 4.49703848
47.51144657 3.96828522
46.87882368 3.28563955
46.05117394 2.47514639
45.82627811 2.30988516
44.92018355 1.81017406
44.33272586 1.39097484
44.0326925 1.10592764
43.71756961 0.85788076
43.46766239 0.62161612
42.71204959 -0.17564788
42.63422489 -0.25073374
42.560741 -0.32147877
42.46565637 -0.45656097
42.39940718 -0.51009775
42.21895308 -0.73799082
42.10629846 -0.85612314
41.9798979 -0.97301523
41.92625777 -1.05559417
41.88832726 -1.15057545
41.8461593 -1.20338877
41.73226444 -1.4300416
41.63201216 -1.57855967
41.53274173 -1.6953484
NaN  NaN
