# Somaliland
# from http://www.rjruss.info/2010/12/free-countries-of-world-in-polygon-kml.html
48.93854292 11.25843456
48.93849125 10.98232738
48.93843957 10.71423005
48.93838789 10.43323945
48.93823286 9.97350007
48.93823286 9.80759288
48.93812951 9.56411937
48.93812951 9.45174897
48.79359053 9.23271841
48.61665043 8.96459524
48.42859989 8.67957388
48.27274377 8.44336091
48.12670617 8.22218578
47.9781881 7.99708324
47.63774377 7.99708324
47.30567101 7.99708324
46.97824914 7.99708324
46.91954471 8.02612539
46.64467777 8.11818696
46.29601688 8.23497569
45.86333011 8.37987641
45.55549361 8.48299673
45.22693485 8.59079377
44.89357018 8.70021861
44.63203576 8.78610484
44.30621585 8.89304922
44.02287398 8.98604096
43.98380659 9.00883027
43.82681359 9.15078543
43.62052127 9.33741486
43.58104048 9.34072215
43.4825452 9.37947948
43.39433353 9.48024852
43.30312463 9.60907787
43.21842695 9.77017914
43.18168501 9.87996573
43.06892704 9.92624197
43.01471846 10.01261913
42.9124508 10.14080252
42.84165409 10.20307262
42.81643599 10.25738455
42.78367313 10.36962576
42.72517541 10.49173717
42.66926151 10.56757233
42.65644575 10.60002513
42.65954634 10.6213675
42.76310591 10.78693879
42.80971805 10.84600495
42.86294478 10.90321076
42.90614627 10.96026154
42.92273441 10.99930309
43.04866987 11.19432994
43.15941247 11.36571483
43.24597049 11.49981517
43.44120405 11.34643952
43.63116662 11.03545075
43.85275516 10.78430329
44.15816288 10.55077749
44.27929243 10.47186758
44.38646935 10.43021638
44.94292118 10.43672761
45.33772912 10.64973786
45.69595015 10.80388866
45.81666629 10.83587637
46.0245089 10.7937084
46.25395226 10.78109935
46.46024458 10.73417715
46.56504439 10.74601105
46.97339155 10.92537995
47.23012007 11.09989126
47.40499312 11.17404694
47.47382612 11.17482209
47.71246789 11.11203522
48.01921919 11.13937206
48.43883182 11.29011221
48.57257043 11.32049795
48.674373 11.32266836
48.90309289 11.25486888
48.93854292 11.25843456

