37.85694543 -46.94426605
37.81395064 -46.96286956
37.61179243 -46.94643646
37.59008833 -46.90798919
37.64972293 -46.84892303
37.68486291 -46.82406666
37.78955936 -46.83750254
37.87286177 -46.88545827
37.88774458 -46.90168467
37.85694543 -46.94426605
27.83037398 -28.90908782
27.7355994 -28.94009368
27.66046187 -29.04696054
27.59028527 -29.14648935
27.52713667 -29.23609629
27.49101485 -29.27661061
27.45804528 -29.30275888
27.42492069 -29.36001637
27.35681115 -29.45530771
27.29448937 -29.51933481
27.20746626 -29.5542164
27.09522505 -29.59927825
27.05693281 -29.62563323
27.05171349 -29.66402882
27.09176273 -29.75368743
27.13046838 -29.84019378
27.19351362 -29.94132456
27.23971236 -30.01532521
27.31267948 -30.10570729
27.35536421 -30.15862396
27.3496798 -30.24735239
27.36404585 -30.27923675
27.38843713 -30.31592702
27.40859094 -30.32533213
27.43143192 -30.33850962
27.49194502 -30.3639861
27.50656945 -30.38093597
27.54904748 -30.41121836
27.58966515 -30.46640879
27.66655969 -30.54232147
27.75306603 -30.60004404
27.90184248 -30.6238152
28.01816613 -30.64231536
28.0568201 -30.6310499
28.09640425 -30.58454111
28.12870202 -30.52511321
28.13903731 -30.44987233
28.17614098 -30.40982309
28.31546065 -30.21846526
28.3920968 -30.1475652
28.43912235 -30.14250091
28.49958377 -30.12891001
28.57668501 -30.12301889
28.63435591 -30.12875498
28.64691328 -30.12658457
28.73688195 -30.10198659
28.90110965 -30.03842457
28.97531701 -29.99940887
29.02900882 -29.96757619
29.09804854 -29.91905202
29.12197473 -29.8011264
29.14223189 -29.70097747
29.19514855 -29.65162648
29.2492021 -29.61881194
29.29354048 -29.56692881
29.34888594 -29.44197519
29.38676476 -29.31976043
29.39069217 -29.26968597
29.37095178 -29.21847462
29.33591515 -29.16369761
29.30134362 -29.08985198
29.25974409 -29.07827646
29.17799198 -29.03693532
29.0579993 -28.95373626
28.95371626 -28.88144093
28.85625451 -28.77607269
28.8161536 -28.75891611
28.72179243 -28.68770599
28.68117476 -28.64677825
28.65264937 -28.59789235
28.6258293 -28.58171762
28.58345462 -28.59417164
28.47188521 -28.61582407
28.23262333 -28.70124521
28.08441532 -28.7800001
27.95987512 -28.87337941
27.83037398 -28.90908782
NaN  NaN
30.19038496 -22.29114552
30.46018762 -22.32902435
30.71164514 -22.29781178
30.9160771 -22.29068043
31.07338016 -22.30778533
31.19730025 -22.34488901
31.28783736 -22.40204315
31.29316003 -22.45470143
31.3002397 -22.47857594
31.34798872 -22.61753387
31.4193022 -22.8251181
31.46668949 -23.01668263
31.53175012 -23.27945729
31.52963138 -23.42580495
31.5455994 -23.48233896
31.60409712 -23.55292897
31.67556563 -23.67426523
31.6999569 -23.74309824
31.72398644 -23.79456797
31.79964074 -23.89223642
31.85829349 -24.04023773
31.90795454 -24.23619476
31.9505876 -24.33029754
31.96665897 -24.37644459
31.98583093 -24.46067718
31.98319543 -24.63828908
31.98443566 -24.84406463
31.98577925 -25.07386972
31.98701948 -25.26347055
31.97937137 -25.35943369
31.98453902 -25.63197519
31.92025353 -25.77393035
31.92826338 -25.88539642
31.94826216 -25.95758839
31.92170047 -25.96880218
31.87147098 -25.98161793
31.64047733 -25.86730967
31.41511641 -25.74654184
31.38261193 -25.74297617
31.33517297 -25.75558522
31.20732547 -25.8433318
31.08805627 -25.98068776
31.03327925 -26.09773488
30.94522261 -26.21870941
30.8033708 -26.4134262
30.78905643 -26.45543914
30.78750614 -26.6136207
30.79427575 -26.76430918
30.80672977 -26.78528981
30.88331424 -26.79242116
30.93809126 -26.9157728
31.06335493 -27.11229827
31.27398807 -27.23838877
31.46953169 -27.2955429
31.74253828 -27.30996063
31.95839074 -27.30587819
31.94604007 -27.17358652
31.96717573 -26.96067962
31.9946676 -26.81748423
32.02484663 -26.8111797
32.08169071 -26.82482228
32.11290327 -26.83949839
32.19956465 -26.83350392
32.35345707 -26.8616159
32.47773889 -26.85851531
32.58873986 -26.85572479
32.77653202 -26.85102223
32.88613773 -26.84931691
32.84908573 -27.08015553
32.70583866 -27.4415805
32.65705611 -27.60735849
32.53478967 -28.19967376
32.37521284 -28.49826019
32.28570926 -28.6214568
32.02722375 -28.83953135
31.95539351 -28.88381805
31.89152144 -28.91208506
31.7782467 -28.93709645
31.33517297 -29.37810312
31.16991174 -29.59080332
31.02335737 -29.90086191
30.87762984 -30.07108408
30.66358605 -30.43416269
30.4722799 -30.71455901
30.28872521 -30.97015065
29.97122521 -31.32206715
29.83025191 -31.42386972
29.73516727 -31.47037851
29.48288293 -31.67470713
29.12786584 -32.00316253
28.85594445 -32.2942042
28.44935428 -32.6246233
28.21401981 -32.76921396
27.86065637 -33.0539511
27.76205773 -33.09601572
27.36373579 -33.3604957
27.07744836 -33.52120941
26.61370405 -33.70745127
26.42952925 -33.75954111
25.98955611 -33.71137868
25.80589806 -33.73711354
25.65241906 -33.84956146
25.63815637 -34.01115366
25.57418094 -34.03538991
25.47723596 -34.02815521
25.16976118 -33.96076914
25.00294966 -33.97358489
24.90559126 -34.05978118
24.82714644 -34.16897348
24.59553267 -34.17450286
24.18305139 -34.06153818
23.69780969 -33.99280853
23.58556848 -33.98516041
23.35033736 -34.06897959
23.26817183 -34.08117523
22.92555708 -34.06319183
22.73559452 -34.01027516
22.55379683 -34.01006845
22.41447717 -34.05378672
22.24549523 -34.06918629
21.78898563 -34.3726303
21.55323775 -34.37304372
21.34983931 -34.40818369
21.24896691 -34.40704681
21.06014123 -34.36467213
20.98986128 -34.36751434
20.8823743 -34.38653126
20.77478397 -34.43991302
20.52983768 -34.46306406
20.43464969 -34.50864267
20.02061812 -34.78578338
19.92625695 -34.77467295
19.84998254 -34.75668955
19.63500858 -34.7532789
19.39150923 -34.60569101
19.29828495 -34.61499277
19.32329634 -34.57080942
19.33073775 -34.4923646
19.27937137 -34.43701914
19.24464481 -34.4123178
19.14914676 -34.41686533
19.09829715 -34.35009938
18.9521562 -34.34379485
18.90161665 -34.36064137
18.8313367 -34.36405202
18.82513553 -34.29645924
18.83061323 -34.25387786
18.82637577 -34.18850718
18.80880578 -34.108202
18.75216841 -34.08257049
18.70865685 -34.07187347
18.60520064 -34.07735117
18.53388716 -34.08592946
18.50040083 -34.1092872
18.46216027 -34.16804331
18.46164351 -34.34689544
18.41038049 -34.29563242
18.35208947 -34.1884555
18.3333826 -34.07425058
18.35436323 -33.93906504
18.46505415 -33.88780202
18.45647586 -33.79643808
18.43301476 -33.71726979
18.30950809 -33.51449147
18.2612423 -33.4216806
18.15633915 -33.3587387
18.07479374 -33.20732676
17.99262821 -33.15239471
17.95841841 -33.04635467
17.87821659 -32.96155364
17.85103478 -32.82740163
17.89526981 -32.75050709
17.9652397 -32.70854583
18.03655318 -32.77510508
18.12502323 -32.74916351
18.25090702 -32.65211517
18.32532108 -32.50494069
18.32986861 -32.26950286
18.31074833 -32.12243174
18.21080611 -31.74250661
18.1636772 -31.65517344
17.93857466 -31.38325205
17.67740197 -31.01903655
17.34708622 -30.44480804
17.18905969 -30.09981618
16.95000451 -29.40342457
16.73947473 -29.0093401
16.4807825 -28.64150726
16.44755456 -28.61752939
16.48708703 -28.57288095
16.62619999 -28.4879249
16.68945194 -28.46498056
16.72304162 -28.47552256
16.7557528 -28.45216481
16.78748213 -28.39470062
16.7945618 -28.34085377
16.81011641 -28.26457936
16.84117394 -28.21889739
16.87528039 -28.12794687
16.93331302 -28.06965586
17.05625125 -28.03100189
17.14937219 -28.08226491
17.18843957 -28.1324944
17.20456262 -28.19884694
17.24580041 -28.23088633
17.31204959 -28.22861256
17.35871341 -28.26943694
17.38568851 -28.35320444
17.38031416 -28.41392425
17.34259037 -28.45164804
17.34780969 -28.50115407
17.39586877 -28.56264902
17.41571252 -28.62104339
17.44795861 -28.69814463
17.61678552 -28.74310312
17.69931278 -28.76832122
17.84162967 -28.77689951
17.97609175 -28.81131601
18.10269901 -28.87167409
18.31085168 -28.88624684
18.60034305 -28.85524098
18.83877811 -28.86914194
19.0260535 -28.92794972
19.16175581 -28.9387501
19.24578169 -28.90164642
19.28226525 -28.8479546
19.27099979 -28.77772633
19.31265099 -28.7332846
19.40721887 -28.71447438
19.48287316 -28.66166107
19.53982059 -28.57463795
19.67144046 -28.50389292
19.87783613 -28.44942596
19.98041385 -28.45128631
19.98041385 -28.31036468
19.98041385 -27.86553395
19.98041385 -27.4207549
19.98041385 -26.97597584
19.98041385 -26.53114511
19.98041385 -26.08636606
19.98041385 -25.64158701
19.98041385 -25.19675628
19.98046553 -24.77678191
20.02857629 -24.80701263
20.34524946 -25.0298414
20.43061893 -25.14709523
20.47314863 -25.22130259
20.60931603 -25.49115691
20.71070519 -25.73315765
20.79318078 -25.91557545
20.79938195 -25.99903289
20.81100915 -26.08052663
20.82263635 -26.12062754
20.81503991 -26.16496592
20.75700728 -26.26413299
20.69788944 -26.34014902
20.62678267 -26.44381194
20.61996138 -26.58080617
20.64145877 -26.74219166
20.68502201 -26.82244516
20.7398507 -26.84885182
20.87085046 -26.80875091
20.95389448 -26.82110158
21.07099328 -26.8517457
21.45494917 -26.83283213
21.50140628 -26.84265065
21.64625532 -26.85417449
21.69472782 -26.84094533
21.73803267 -26.8067872
21.78826216 -26.71004892
21.83322066 -26.67826792
21.91455936 -26.66193816
22.01098758 -26.63584157
22.09087935 -26.58013437
22.21753828 -26.38882822
22.47090783 -26.21901946
22.54862918 -26.17840179
22.59761844 -26.13271982
22.64019982 -26.07122487
22.72897993 -25.85728444
22.79605594 -25.67915578
22.81889693 -25.5951299
22.87884159 -25.45792897
22.95124027 -25.37028574
23.02203698 -25.32408701
23.05748701 -25.31230478
23.14869592 -25.28868865
23.26600142 -25.26662282
23.38930139 -25.29137583
23.5214897 -25.34439585
23.67073124 -25.4339511
23.82348677 -25.54464202
23.89371504 -25.60091766
23.96952437 -25.62608408
24.10450321 -25.63486907
24.19297326 -25.63290537
24.3305876 -25.74287282
24.40019575 -25.74979746
24.55584517 -25.78307708
24.74818485 -25.81739023
24.86921105 -25.81346282
24.9989189 -25.75403493
25.09250492 -25.7514511
25.21337609 -25.75625701
25.34618452 -25.73997894
25.44364627 -25.71445078
25.51816369 -25.66277435
25.58379276 -25.60624033
25.65924035 -25.43793019
25.70264855 -25.30233123
25.76987959 -25.14652679
25.85240685 -24.93527353
25.88186242 -24.7879957
25.91209313 -24.74748138
26.0318791 -24.70241953
26.13083947 -24.67146535
26.3971798 -24.61353607
26.45175012 -24.58268524
26.50151452 -24.51328379
26.61773482 -24.39546152
26.76113692 -24.29717295
26.83508589 -24.24079396
26.9705815 -23.76351043
26.9870146 -23.70454762
27.08550988 -23.57794036
27.14638472 -23.52440358
27.18555545 -23.52342173
27.2411593 -23.49003875
27.31340295 -23.42425465
27.39918583 -23.38363698
27.49871463 -23.36834075
27.56320682 -23.32462249
27.59266239 -23.25263722
27.64387373 -23.21765228
27.7167375 -23.21961598
27.75828535 -23.196775
27.76851729 -23.14892262
27.81259728 -23.10799489
27.89052534 -23.07388844
27.93134973 -23.03358082
27.93507043 -22.98702036
28.02798465 -22.87369394
28.21019575 -22.69365325
28.38176151 -22.59340097
28.54288862 -22.57293711
28.69554081 -22.53542002
28.8398214 -22.4808497
28.94580977 -22.39517018
29.01350589 -22.27843312
29.12988122 -22.21326914
29.36480228 -22.19389048
29.37746301 -22.19280527
29.66313032 -22.14629648
29.90234053 -22.18422698
30.19038496 -22.29114552
27.83037398 -28.90908782
27.7355994 -28.94009368
27.66046187 -29.04696054
27.59028527 -29.14648935
27.52713667 -29.23609629
27.49101485 -29.27661061
27.45804528 -29.30275888
27.42492069 -29.36001637
27.35681115 -29.45530771
27.29448937 -29.51933481
27.20746626 -29.5542164
27.09522505 -29.59927825
27.05693281 -29.62563323
27.05171349 -29.66402882
27.09176273 -29.75368743
27.13046838 -29.84019378
27.19351362 -29.94132456
27.23971236 -30.01532521
27.31267948 -30.10570729
27.35536421 -30.15862396
27.3496798 -30.24735239
27.36404585 -30.27923675
27.38843713 -30.31592702
27.40859094 -30.32533213
27.43143192 -30.33850962
27.49194502 -30.3639861
27.50656945 -30.38093597
27.54904748 -30.41121836
27.58966515 -30.46640879
27.66655969 -30.54232147
27.75306603 -30.60004404
27.90184248 -30.6238152
28.01816613 -30.64231536
28.0568201 -30.6310499
28.09640425 -30.58454111
28.12870202 -30.52511321
28.13903731 -30.44987233
28.17614098 -30.40982309
28.31546065 -30.21846526
28.3920968 -30.1475652
28.43912235 -30.14250091
28.49958377 -30.12891001
28.57668501 -30.12301889
28.63435591 -30.12875498
28.64691328 -30.12658457
28.73688195 -30.10198659
28.90110965 -30.03842457
28.97531701 -29.99940887
29.02900882 -29.96757619
29.09804854 -29.91905202
29.12197473 -29.8011264
29.14223189 -29.70097747
29.19514855 -29.65162648
29.2492021 -29.61881194
29.29354048 -29.56692881
29.34888594 -29.44197519
29.38676476 -29.31976043
29.39069217 -29.26968597
29.37095178 -29.21847462
29.33591515 -29.16369761
29.30134362 -29.08985198
29.25974409 -29.07827646
29.17799198 -29.03693532
29.0579993 -28.95373626
28.95371626 -28.88144093
28.85625451 -28.77607269
28.8161536 -28.75891611
28.72179243 -28.68770599
28.68117476 -28.64677825
28.65264937 -28.59789235
28.6258293 -28.58171762
28.58345462 -28.59417164
28.47188521 -28.61582407
28.23262333 -28.70124521
28.08441532 -28.7800001
27.95987512 -28.87337941
27.83037398 -28.90908782
NaN  NaN
