-17.88794654 27.80959483
-17.9847365 27.64640066
-18.10658952 27.70745637
-18.13596758 27.72792023
-18.16056556 27.76145824
-18.04336341 27.7681245
-17.92448178 27.850135
-17.88794654 27.80959483
NaN  NaN
-15.40060482 28.14737783
-15.40667681 28.07053498
-15.38313819 27.99281363
-15.38913266 27.8746813
-15.43677833 27.81070588
-15.55935482 27.74698884
-15.65573137 27.75838349
-15.71030168 27.78409252
-15.80729835 27.88754873
-15.80946876 27.99449311
-15.72094703 28.06417878
-15.68275814 28.15404409
-15.45279802 28.1369392
-15.43269589 28.1542508
-15.41548764 28.15934093
-15.40060482 28.14737783
NaN  NaN
-17.18468197 28.02195913
-17.225403 28.01353587
-17.27390133 28.03828889
-17.32493181 28.11766389
-17.2903086 28.17631664
-17.25857927 28.20318838
-17.21437008 28.19926097
-17.12964657 28.15598196
-17.10375668 28.11115266
-17.10106951 28.08345409
-17.18468197 28.02195913
NaN  NaN
-16.33450131 28.37992178
-16.41821713 28.15143443
-16.49624854 28.06190502
-16.54275733 28.03206188
-16.65799577 28.00717967
-16.79473161 28.14916067
-16.86601925 28.2932604
-16.90531918 28.33961416
-16.84304908 28.37612356
-16.75204688 28.36981904
-16.55681332 28.40046316
-16.51743588 28.41268464
-16.31899838 28.55820547
-16.12360979 28.57598216
-16.11916562 28.52825898
-16.33450131 28.37992178
NaN  NaN
-14.19675066 28.16928864
-14.33263384 28.0560139
-14.46862037 28.08236888
-14.49182309 28.10092072
-14.35557817 28.12970449
-14.23196815 28.21582327
-14.15259315 28.4066385
-14.028363 28.61742666
-14.00337745 28.70667186
-13.95415565 28.7414501
-13.88627865 28.74467988
-13.8572365 28.73803946
-13.82713498 28.69122061
-13.82760006 28.58518057
-13.86299842 28.40932567
-13.92803321 28.25346955
-14.19675066 28.16928864
NaN  NaN
-17.83428056 28.49322236
-17.85936947 28.48570344
-17.88215878 28.56461335
-18.00080787 28.75824494
-17.92879676 28.84459626
-17.79756446 28.84676667
-17.74454444 28.78656363
-17.72656104 28.72447439
-17.75162411 28.68858511
-17.74438941 28.6160314
-17.75798031 28.5691092
-17.83428056 28.49322236
NaN  NaN
-13.71595313 28.91123302
-13.78395932 28.84544892
-13.85992367 28.86909089
-13.82364682 29.01331981
-13.78819678 29.0561079
-13.65011736 29.11899811
-13.53508562 29.14426789
-13.50141842 29.21124055
-13.46356544 29.23718212
-13.42294776 29.19749462
-13.45377275 29.15134756
-13.47793148 29.00660187
-13.55469682 28.96019644
-13.71595313 28.91123302
NaN  NaN
