79.87484582 9.05071402
79.90368127 8.97500804
79.82110233 9.0268395
79.76684208 9.06975678
79.74761844 9.10461254
79.85996301 9.06570018
79.87484582 9.05071402
NaN  NaN
79.96951704 9.63067862
79.90688521 9.61982656
79.85737918 9.68635997
79.84570031 9.71465282
79.85861942 9.73439322
79.872262 9.74431509
79.8884884 9.74116283
79.9119495 9.67915111
79.96951704 9.63067862
NaN  NaN
79.9823328 9.81268301
80.07845096 9.80746369
80.180977 9.81002167
80.25280724 9.79632742
80.37600386 9.64233165
80.71107385 9.36635366
80.89349165 9.08590567
80.91002811 9.02451406
80.93545292 8.97149405
80.97917118 8.95694713
81.0159648 8.93263337
81.19827925 8.66195222
81.21925988 8.60841543
81.21626265 8.54942678
81.22701135 8.50552766
81.27455366 8.48361685
81.33398156 8.472093
81.37284224 8.43144949
81.42214155 8.21520946
81.42214155 8.14784923
81.43599084 8.11891043
81.6654342 7.78247101
81.67876672 7.74154328
81.67628625 7.71092499
81.68290083 7.68446666
81.72734256 7.62501293
81.79669234 7.46481599
81.83203902 7.42843578
81.87410363 7.28831513
81.87689416 7.02045034
81.86139123 6.90128449
81.81860314 6.75620291
81.76775353 6.61432526
81.71266646 6.5118509
81.63742557 6.42513784
81.37997359 6.24091136
81.30628299 6.20385936
80.97110965 6.08838837
80.72409631 5.97904104
80.49578983 5.94935293
80.26738 6.00976268
80.09529748 6.15316478
80.00724084 6.36441804
79.94698612 6.58450796
79.85934289 6.82929922
79.79206017 7.58522207
79.75991743 7.79647533
79.70782759 8.0656837
79.71299523 8.18234325
79.74978885 8.29422272
79.7496855 8.04886302
79.78348189 8.01845144
79.80890669 8.05002574
79.83195438 8.30404125
79.85086795 8.41155406
79.94181848 8.69151114
79.94367883 8.74117219
79.92796919 8.84643708
79.92889937 8.89919872
80.06480838 9.09567251
80.0996383 9.20998078
80.11834517 9.32687287
80.11090376 9.45327342
80.08630578 9.57781363
80.19606652 9.53812613
80.2564246 9.4947696
80.3180229 9.46541739
80.36794234 9.48048107
80.42830041 9.48097199
80.38530562 9.54877147
80.25756148 9.61127412
80.04579146 9.64987641
79.97954227 9.69938243
79.95401411 9.74235139
79.96703657 9.79263255
79.9823328 9.81268301
NaN  NaN
