# St. Kitts and Nevis
# from http://www.rjruss.info/2010/12/free-countries-of-world-in-polygon-kml.html
-62.53222409 17.12184927
-62.58242774 17.10061026
-62.62493161 17.1295749
-62.61526811 17.19910554
-62.57470211 17.2010434
-62.53416195 17.1701409
-62.53222409 17.12184927

-62.63069353 17.23998159
-62.65648007 17.22442699
-62.70200701 17.2860253
-62.77554257 17.30282014
-62.83889787 17.33925202
-62.84047401 17.34705516
-62.83941464 17.36532278
-62.82703813 17.38640677
-62.79461117 17.40260733
-62.71373756 17.35325633
-62.67580705 17.29093456
-62.64051205 17.26227997
-62.63069353 17.23998159

