-56.1507273 46.7624173
-56.17170793 46.75285716
-56.24327979 46.76719737
-56.20917335 46.79822907
-56.18506629 46.80727245
-56.15261349 46.8110965
-56.13734311 46.8015622
-56.13925513 46.7786437
-56.1507273 46.7624173
NaN  NaN
-56.26710263 46.83848501
-56.35422909 46.79533519
-56.38476986 46.81941641
-56.3772251 46.84763174
-56.33255083 46.91594798
-56.33394609 46.93563671
-56.3868886 47.06798005
-56.37794857 47.08955496
-56.36464189 47.09898591
-56.28735979 47.07097728
-56.27836809 47.03501048
-56.31490333 46.95387849
-56.28978858 46.89987661
-56.25547543 46.86096426
-56.26710263 46.83848501
NaN  NaN
