31.46643111 22.08464712
31.43449507 21.99586701
31.62166711 21.99586701
31.94976078 21.99591869
32.27785445 21.99597036
32.60599979 21.99602204
32.93409346 21.99607372
33.26218713 21.99612539
33.59033247 21.99617707
33.91842614 21.99622875
34.24651981 21.99628042
34.57461348 21.9963321
34.90270715 21.99638378
35.23085249 21.99643545
35.55894616 21.99648713
35.88703983 21.9965388
36.21518517 21.99659048
36.54327884 21.99664216
36.87137251 21.99671967
36.88263797 21.76880077
36.92697635 21.58653799
37.08117883 21.3260371
37.21171349 21.18583893
37.2586357 21.10853099
37.26318322 21.07264171
37.25718876 21.03941376
37.21750126 21.07762849
37.15063195 21.10377676
37.14112349 20.9817687
37.15683312 20.89490062
37.17264611 20.73196483
37.22752648 20.55673005
37.18794234 20.39493114
37.19321333 20.12068431
37.2625631 19.79191885
37.24840376 19.58190583
37.36157515 19.09201325
37.47123254 18.82014354
37.53159061 18.75311921
37.59939009 18.71741079
37.7298214 18.69431143
37.92185103 18.55592194
38.07398644 18.40978099
38.12814334 18.33327403
38.20173058 18.24942902
38.25216678 18.26441519
38.28306929 18.28673941
38.33288537 18.21904328
38.5740076 18.07295401
38.60945764 18.00507701
38.52279626 17.93854361
38.4224923 17.82389944
38.39717085 17.7783725
38.38549198 17.75126822
38.37370975 17.71734264
38.34735477 17.68357209
38.28989058 17.63703746
38.2672563 17.61670279
38.25351037 17.58474091
38.21904219 17.56396699
38.18157678 17.56285594
38.14850386 17.54854157
38.09889448 17.52647573
38.02530724 17.53776704
37.95006636 17.5176649
37.92252282 17.49231761
37.86299157 17.47025178
37.80330529 17.46552338
37.78237634 17.45800446
37.72599735 17.42051321
37.65675093 17.3682425
37.57598067 17.33501455
37.5474036 17.32411083
37.51019657 17.28814403
37.45293908 17.10867178
37.41102949 17.0616979
37.34038781 17.0570987
37.24886885 17.05686616
37.16949385 17.0414149
37.06149011 17.06125865
37.00903853 17.05888154
36.99518924 17.02053762
36.9757589 16.86654186
36.97865278 16.80057689
36.93576135 16.72233877
36.88780562 16.62464448
36.90547896 16.45953828
36.91374719 16.29618907
36.82589725 16.05028677
36.81349491 15.99395946
36.72450809 15.79888093
36.67918786 15.72637889
36.5659648 15.36208588
36.52178145 15.25015473
36.42674849 15.13209992
36.44814253 14.9400703
36.47082848 14.73646516
36.4922742 14.54433218
36.52431359 14.25685619
36.44395674 13.9884488
36.447109 13.84202363
36.39067834 13.62609365
36.34628828 13.52628063
36.30685917 13.46685273
36.27352787 13.40574535
36.21223962 13.27107656
36.1600981 13.09330964
36.13705041 12.91112438
36.13529341 12.80534272
36.12521651 12.75705109
36.10749149 12.72645865
35.98760217 12.70630484
35.82058394 12.68485912
35.73056359 12.66103628
35.67020552 12.62375174
35.59610152 12.5373229
35.44959883 12.30059317
35.37275598 12.1555891
35.25245324 11.95702241
35.11235843 11.81656586
35.08274784 11.74827546
35.05964847 11.62104808
35.00792036 11.41987173
34.9606881 11.27677969
34.96916304 11.16177379
34.92492801 10.96212189
34.93138757 10.86478933
34.88229496 10.81055492
34.8162008 10.75916271
34.7712423 10.74616608
34.67496911 10.80494802
34.60174361 10.86455679
34.57182295 10.88018891
34.50800256 10.84287853
34.43141808 10.78784313
34.34398156 10.65862621
34.27566532 10.52814322
34.31483605 10.25157095
34.3112187 10.19085114
34.29147831 10.12475698
34.18523156 9.91856802
34.15908329 9.85340404
34.12032596 9.72969066
34.07934655 9.51347647
34.07810632 9.46151581
34.07809833 9.46151581
34.07681441 9.46151581
33.89093428 9.46221345
33.88783369 9.46350536
33.88488814 9.46639924
33.88209761 9.47120515
33.87879032 9.47774221
33.87150394 9.50613841
33.86778324 9.5503476
33.87398441 9.62677705
33.89496504 9.71762421
33.95919885 9.845265
33.96245446 9.85580699
33.96333296 9.86177562
33.96333296 9.86870026
33.95733849 9.89143789
33.94989709 9.91112661
33.94617639 9.94091808
33.95733849 10.0071931
33.9584237 10.02773448
33.95687341 10.05419282
33.95186079 10.07096182
33.90705733 10.18144603
33.89217451 10.19896434
33.45907433 10.55082917
33.37990604 10.64617219
33.37137943 10.65270926
33.36068241 10.65782522
33.14079919 10.73789785
33.13010217 10.74595938
33.13149743 10.7577416
33.13831872 10.77296031
33.16472538 10.81921072
33.16844608 10.83145803
33.17216678 10.8501649
33.07299971 11.59148916
33.07330977 11.60608775
33.07780562 11.61577709
33.08152632 11.62171988
33.09465213 11.63750703
33.10607263 11.65386262
33.11909509 11.68241385
33.12250573 11.6931367
33.13609663 11.8255834
33.1350631 11.94159699
33.19309574 12.13502188
33.19929691 12.21729076
32.72185835 12.22307852
32.71891279 12.21884105
32.71860274 12.21377676
32.71979129 12.207989
32.72046309 12.20178783
32.72015303 12.18881704
32.7162773 12.16486502
32.71534712 12.15217845
32.71581221 12.13925934
32.72309859 12.09290559
32.73565596 12.05804983
32.73767134 12.04644847
32.73829146 12.03373607
32.73674116 12.00965485
32.0722856 12.00673513
32.33531864 11.71602936
32.33841922 11.71008657
32.3430701 11.69429942
32.34493045 11.68269807
32.34989139 11.58040457
32.33578373 11.41855398
32.33883264 11.31450349
32.35423221 11.24693655
32.42544234 11.11394725
32.42079146 11.08911673
32.40415165 11.05777497
31.93296594 10.6624761
31.91994348 10.64384675
31.85426273 10.4790506
31.79204431 10.38316498
31.76429406 10.35569896
31.65489505 10.22115937
31.22489546 9.79924714
31.15446048 9.77092845
30.94031335 9.75937877
30.82703861 9.75627818
30.81417118 9.75310008
30.79489587 9.74586538
30.78311364 9.73493582
30.769161 9.72679678
30.7553634 9.73121511
30.7393437 9.74268728
30.47465702 9.97895193
30.0030579 10.27740917
29.95789269 10.2502532
29.6910356 10.12194062
29.63594852 10.08863516
29.6055111 10.06507071
29.60396081 9.92138439
29.55740034 9.84828807
29.47316776 9.76860301
29.24243249 9.7180893
29.12233646 9.67465526
28.99955326 9.61016307
28.97955448 9.59401419
28.97955448 9.59419974
28.93231918 9.54945051
28.83946509 9.45910599
28.82942681 9.38883804
28.84448423 9.32609879
28.0489506 9.32860836
27.99624964 9.37879976
27.88582857 9.5996419
27.88079911 9.6015978
27.79978153 9.58789053
27.07424442 9.6138321
26.97047814 9.59062938
26.76320397 9.49921377
26.65871423 9.48415009
26.5513306 9.52582713
26.16954512 9.96590363
26.08701786 10.01845856
26.05704553 10.04680309
26.00061486 10.1234134
25.91912113 10.16935375
25.89147424 10.20271088
25.8827926 10.24960725
25.88522139 10.34608714
25.85819461 10.40649689
25.79804325 10.42050121
25.28520633 10.31849193
25.21172245 10.32991242
25.10402876 10.31182567
25.06702844 10.29379059
25.02362023 10.23580964
25.01483524 10.17586498
25.01617883 10.11522268
25.00289798 10.05527802
24.9638306 9.98884797
24.81768965 9.83960643
24.78523685 9.77464916
24.79221317 9.6103181
24.78260135 9.52732575
24.76038049 9.48893016
24.69671512 9.42567821
24.67366743 9.389298
24.66291874 9.33813833
24.65940474 9.22992788
24.64803592 9.17907827
24.56829919 9.05172171
24.54938561 9.00678905
24.54483809 8.91485668
24.53191898 8.88689973
24.30015018 8.81424266
24.21354048 8.76781139
24.16041711 8.69626537
24.14740279 8.6656404
24.14739465 8.66562124
24.0481759 8.69133027
23.92193037 8.70970124
23.67930952 8.73249055
23.58319136 8.76582184
23.53730269 8.81579295
23.55187544 8.9432012
23.52800093 8.97058971
23.48908858 8.99332734
23.46278527 9.04846609
23.46826297 9.11476695
23.59611047 9.26191559
23.62267215 9.3406188
23.64277429 9.61390961
23.65621016 9.71036367
23.64628828 9.82291494
23.54505415 10.03008576
23.45663578 10.17426301
23.31235518 10.38794505
23.25587284 10.45778575
22.96436608 10.75179881
22.93072473 10.79533621
22.86008304 10.9196697
22.89486128 11.0289912
22.93764937 11.19203034
22.94281701 11.26716787
22.9226632 11.34488923
22.84907596 11.4032836
22.78344689 11.40994986
22.75399133 11.43981883
22.69740563 11.4826586
22.64102665 11.51593822
22.59110721 11.5798878
22.55638065 11.66952058
22.58097863 11.99012116
22.56433882 12.03296092
22.4898214 12.04474315
22.47240645 12.06779084
22.47545536 12.12925996
22.43525109 12.31191031
22.39024092 12.46301219
22.41447717 12.54639212
22.35231042 12.660442
22.23340295 12.7094571
22.12121341 12.69457429
22.00070397 12.67186249
21.92809859 12.67811534
21.87817915 12.69938019
21.84334924 12.7412381
21.82526249 12.79053742
21.84179894 12.86474478
21.90773807 13.00096385
21.99021366 13.11307587
22.15795536 13.21505931
22.20260379 13.26931957
22.22813195 13.32957429
22.2326278 13.39876903
22.22141402 13.4716328
22.20239709 13.53808869
22.15289107 13.62642955
22.10762251 13.73032502
22.10648563 13.79977814
22.12818973 13.85013683
22.17314823 13.91059825
22.26213504 13.97873363
22.28347741 13.99232453
22.33939131 14.02885977
22.38817386 14.05552481
22.50997521 14.12743256
22.53860396 14.1618749
22.52821699 14.20321605
22.49834802 14.23706411
22.44930708 14.2842447
22.43938521 14.3421223
22.42496748 14.4412377
22.39969771 14.50417959
22.3815076 14.55048168
22.41623417 14.58520824
22.46780724 14.63337067
22.53204105 14.66272289
22.63182824 14.68807018
22.67089562 14.72246084
22.68247114 14.78860668
22.67916385 14.85144522
22.71492394 14.89836742
22.76329308 14.99867137
22.80215376 15.04445669
22.86716271 15.09662405
22.93232669 15.16212393
22.96131717 15.23813996
22.96948205 15.31133963
22.93392866 15.53310904
23.00916955 15.62581656
23.10518436 15.70255606
23.24347049 15.69723338
23.45803104 15.71397655
23.60401696 15.74601594
23.70824833 15.74495657
23.94595991 15.70353791
23.96523522 15.71343395
23.9707646 15.72154715
23.98342533 15.78017406
23.9832703 15.92814952
23.98290856 16.37419465
23.98254683 16.82026561
23.98218509 17.26633657
23.98182336 17.71240754
23.98146162 18.1584785
23.98109989 18.60452363
23.98068648 19.05056875
23.98032474 19.49663972
23.98032474 19.62146414
23.98032474 19.74628856
23.98032474 19.87111298
23.98032474 19.9959374
24.22697635 19.99583405
24.47367964 19.99570486
24.72038293 19.99557567
24.96703454 19.99547232
24.9701868 19.99725515
24.97328739 19.99903799
24.97638797 20.00079499
24.97954024 20.00257783
24.97969527 20.5009195
24.97990197 20.99923534
24.98010868 21.49755117
24.98026371 21.99586701
25.36230757 21.99581533
25.74429976 21.99573782
26.12634362 21.99566031
26.50838749 21.99560863
26.89037967 21.99555695
27.27242354 21.99550528
27.6544674 21.9954536
28.03645959 21.99537608
28.41850345 21.99529857
28.80054732 21.99524689
29.1825395 21.99519522
29.56458337 21.99514354
29.94662723 21.99509186
30.32861942 21.99501435
30.71066328 21.99493684
31.09270715 21.99488516
31.20913415 21.99488516
31.26065555 22.00227489
31.35853071 22.1886201
31.40028527 22.20241771
31.4642607 22.19148815
31.48611983 22.14779572
31.46643111 22.08464712
NaN  NaN
