# Suriname
# from http://www.rjruss.info/2010/12/free-countries-of-world-in-polygon-kml.html
-54.15596534 5.35900137
-54.24017209 5.2882305
-54.33166521 5.18738394
-54.45220049 5.01349274
-54.44687781 4.95879324
-54.47333615 4.9146874
-54.47969235 4.83650096
-54.4711399 4.74932282
-54.44026323 4.69198782
-54.42607805 4.58300222
-54.44961667 4.48502371
-54.44067664 4.4280246
-54.41602698 4.33764252
-54.39623491 4.24139517
-54.39837948 4.20250865
-54.36915646 4.17093435
-54.34215552 4.14003185
-54.35073381 4.05411978
-54.25551999 3.90105419
-54.19743568 3.83441743
-54.11278968 3.76940847
-54.08196469 3.70594982
-54.03421566 3.62939118
-54.00589698 3.62042532
-53.99047156 3.58954865
-54.00597449 3.53053417
-54.00954017 3.44852367
-54.06320614 3.35333568
-54.18803056 3.17877269
-54.20314592 3.13820669
-54.17069312 2.99361603
-54.18808224 2.87486359
-54.19552365 2.81786449
-54.25673438 2.71373648
-54.40199683 2.46150381
-54.48555762 2.4161319
-54.53596798 2.34329397
-54.56842078 2.34259634
-54.60474931 2.33577505
-54.61627316 2.32678335
-54.66185177 2.3275585
-54.69740516 2.35980459
-54.70293454 2.3979418
-54.72220985 2.44166006
-54.76683244 2.4547342
-54.85168515 2.43956717
-54.87607642 2.45039338
-54.92659014 2.49734142
-54.96839637 2.54834606
-54.97867998 2.59767121
-55.00581011 2.59296865
-55.07030229 2.54832022
-55.11412391 2.53922517
-55.14885047 2.55080069
-55.18771115 2.54749339
-55.2860514 2.49964102
-55.34398068 2.48878897
-55.3853735 2.44062653
-55.65894853 2.4187674
-55.73057207 2.40615835
-55.8937404 2.4894866
-55.93593421 2.51659089
-55.95748328 2.52046662
-55.97559587 2.51597077
-55.99350176 2.49752228
-56.02034766 2.39277416
-56.04510067 2.36440379
-56.08778541 2.34130443
-56.12941077 2.2994982
-56.137679 2.25903555
-56.0736519 2.23676301
-56.02006344 2.15816315
-55.96197913 2.09514374
-55.91531531 2.0395399
-55.92161984 1.97667552
-55.92962969 1.88750784
-55.96332272 1.85709626
-56.01990841 1.84223928
-56.22713091 1.88536327
-56.38585507 1.92386221
-56.45280189 1.93233714
-56.48280006 1.94212983
-56.52235836 1.97481517
-56.56271766 2.00509756
-56.62718401 2.01600129
-56.70436276 2.03649099
-56.76115516 2.11490998
-56.81980791 2.22663443
-56.84053016 2.2771223
-56.88641883 2.32595653
-56.93148068 2.39535798
-56.94522661 2.45682709
-56.97930722 2.51323192
-56.99710975 2.53219717
-57.02349057 2.60898835
-57.02894243 2.6374879
-57.04193905 2.64113109
-57.06043922 2.6656774
-57.09689694 2.74784292
-57.10511349 2.76825511
-57.12113319 2.77554149
-57.16361121 2.83326406
-57.19738176 2.85326284
-57.20980994 2.88282176
-57.20691606 2.96338532
-57.22500281 3.00307282
-57.23055803 3.07857209
-57.2316174 3.10890615
-57.24898068 3.14226329
-57.27791948 3.16430329
-57.28288042 3.2188736
-57.28996009 3.35359406
-57.30365434 3.37710684
-57.42561072 3.37545319
-57.43790972 3.3622757
-57.49059384 3.35431753
-57.54963416 3.35281892
-57.60275753 3.37095734
-57.64673418 3.3945218
-57.65611345 3.42371898
-57.64947303 3.51740835
-57.72037309 3.58830842
-57.83266598 3.67595165
-57.86656572 3.78726268
-57.90770016 3.85668997
-58.03224036 4.00192658
-58.0543062 4.1016621
-58.05451291 4.17194204
-58.01074297 4.23646007
-57.94976478 4.34994151
-57.92470171 4.45311351
-57.90625322 4.50680532
-57.8747306 4.57708527
-57.84597266 4.66819082
-57.86788347 4.72431143
-57.90485796 4.77929515
-57.9170536 4.82040375
-57.8810868 4.88063264
-57.8449133 4.92305899
-57.80411475 4.92905345
-57.75199907 4.95447826
-57.71109717 4.99106517
-57.64885291 5.00067699
-57.57092485 5.00447521
-57.41217485 5.0046044
-57.33099118 5.02018484
-57.30577308 5.04956289
-57.30959713 5.10586437
-57.26928952 5.15702403
-57.22686317 5.17849559
-57.20980994 5.19539379
-57.20732947 5.21420401
-57.21843991 5.23154145
-57.23531226 5.24288443
-57.2796248 5.24676016
-57.318563 5.33533356
-57.29187212 5.3739617
-57.25750729 5.44514598
-57.24789547 5.48527273
-57.1947721 5.54844717
-57.18211138 5.52888764
-57.14084774 5.64381603
-57.13604184 5.73722118
-57.10459673 5.82941193
-57.05661516 5.93868175
-56.96979875 5.99286449
-56.46600522 5.93772573
-56.23558 5.88537751
-55.9395774 5.79546052
-55.89761614 5.69934235
-55.8954974 5.79546052
-55.90991513 5.89263805
-55.82818885 5.96165192
-55.64832903 5.98588817
-55.37930152 5.95263439
-55.14828203 5.99345877
-54.83367591 5.98831696
-54.35615984 5.90987214
-54.14232276 5.85633535
-54.05421444 5.80791454
-54.03739376 5.72052969
-54.04594621 5.6089086
-54.08046607 5.50224844
-54.15596534 5.35900137

