# Swaziland
# from http://www.rjruss.info/2010/12/free-countries-of-world-in-polygon-kml.html
31.94826216 -25.95758839
31.96846764 -25.97221282
32.06050337 -26.0183082
32.06887495 -26.11013722
32.05998661 -26.21509205
32.04138309 -26.28128956
32.04830773 -26.34717702
32.07791833 -26.44980641
32.10597863 -26.51998301
32.11290327 -26.83949839
32.08169071 -26.82482228
32.02484663 -26.8111797
31.9946676 -26.81748423
31.96717573 -26.96067962
31.94604007 -27.17358652
31.95839074 -27.30587819
31.74253828 -27.30996063
31.46953169 -27.2955429
31.27398807 -27.23838877
31.06335493 -27.11229827
30.93809126 -26.9157728
30.88331424 -26.79242116
30.80672977 -26.78528981
30.79427575 -26.76430918
30.78750614 -26.6136207
30.78905643 -26.45543914
30.8033708 -26.4134262
30.94522261 -26.21870941
31.03327925 -26.09773488
31.08805627 -25.98068776
31.20732547 -25.8433318
31.33517297 -25.75558522
31.38261193 -25.74297617
31.41511641 -25.74654184
31.64047733 -25.86730967
31.87147098 -25.98161793
31.92170047 -25.96880218
31.94826216 -25.95758839

