16.52853153 56.29051789
16.47716515 56.24018504
16.43158654 56.24375072
16.40130415 56.3108784
16.3941728 56.48363272
16.41225956 56.56900218
16.6303341 56.87686453
16.7276925 56.90200511
16.86463504 57.09067577
16.90153202 57.17462413
16.96095991 57.25020091
16.99599653 57.31779369
17.02534875 57.34507884
17.08922082 57.33226309
17.11764286 57.31980907
17.05036014 57.28045747
17.05821496 57.22924612
17.05346073 57.20803295
16.88365197 56.98520417
16.83828006 56.84051016
16.77802534 56.80521516
16.52853153 56.29051789
NaN  NaN
19.0764897 57.83592744
18.99370405 57.81213044
18.94512821 57.74159211
18.87815555 57.72970653
18.81387007 57.70621959
18.79092573 57.48308076
18.90792118 57.39835725
18.8436357 57.38647167
18.78482792 57.36109854
18.74286665 57.32352977
18.69987186 57.24270783
18.53843469 57.19692251
18.47735314 57.16302277
18.38722945 57.08762686
18.34020389 56.97822785
18.24894331 56.93156403
18.14641727 56.92050528
18.20656864 57.01016389
18.28532352 57.08318268
18.20956587 57.13330882
18.16398726 57.21170197
18.10507612 57.27185334
18.15199833 57.33905854
18.12895064 57.44915518
18.1364954 57.55664216
18.20491499 57.61090241
18.28325646 57.65513744
18.40521284 57.75683666
18.53740116 57.83055309
18.72188602 57.86370352
18.80518843 57.83316275
18.84115523 57.90018708
18.90058312 57.9154833
18.95639367 57.89998037
19.0764897 57.83592744
NaN  NaN
19.15638146 57.92261465
19.13839806 57.86026704
19.08651493 57.86499543
19.03928267 57.91101329
19.13488407 57.98134492
19.28112837 57.9775467
19.33146122 57.96287059
19.15638146 57.92261465
NaN  NaN
18.41616825 59.02911042
18.37182987 59.01960196
18.34991906 59.02259919
18.37720422 59.0690563
18.39756473 59.08910676
18.4649508 59.1078653
18.48551802 59.10460969
18.41616825 59.02911042
NaN  NaN
18.59538211 59.47037547
18.57026737 59.43725088
18.54515262 59.47781688
18.55517785 59.48577505
18.57233443 59.52582429
18.62091027 59.54778677
18.69842492 59.53460928
18.69790816 59.52460989
18.62380415 59.49218293
18.59538211 59.47037547
NaN  NaN
22.85414025 68.36735179
22.97542484 68.31645051
23.09789798 68.25759105
23.18254398 68.13661652
23.31855635 68.130312
23.355505 68.08868663
23.47425744 68.01734732
23.63889855 67.95437958
23.63290409 67.93319225
23.50185265 67.87521129
23.48779667 67.79655976
23.50019901 67.69620413
23.54128177 67.61432282
23.53699263 67.59039663
23.50453983 67.56215546
23.46547245 67.51786876
23.45146813 67.47918895
23.45493045 67.46027538
23.46805627 67.44996593
23.53714766 67.44916494
23.66080936 67.44001822
23.73356978 67.42291332
23.77491092 67.32862967
23.76090661 67.31051708
23.65662357 67.26783234
23.6260828 67.2339326
23.62308556 67.18414236
23.64153405 67.12939118
23.6773975 67.06812877
23.75894291 67.00257722
23.86932376 66.93402843
23.9418258 66.87783031
23.97608727 66.83822032
23.98854129 66.81052176
23.93888024 66.77571768
23.89418013 66.70688467
23.88580855 66.62805227
23.86549971 66.57660838
23.76839969 66.50586335
23.70111698 66.4807486
23.6819967 66.44338654
23.67383182 66.38070303
23.69352054 66.30429942
23.70029015 66.25264883
23.72096073 66.2154418
23.75144982 66.19115388
23.90730594 66.14826244
23.99463911 66.06036083
24.04900272 65.9898225
24.15550785 65.80528596
23.89056278 65.78223827
23.69140181 65.82854035
23.59207971 65.80533763
23.41834354 65.80435578
23.22114627 65.786114
23.15458703 65.74991466
23.10229048 65.73536774
22.91935591 65.78647574
22.74654992 65.8709667
22.62035607 65.80652619
22.53860396 65.79433055
22.46512007 65.85262157
22.40093794 65.86213003
22.36631473 65.84269969
22.33592899 65.79117829
22.28755985 65.75063813
22.2749508 65.72498078
22.26657922 65.62152456
22.25397017 65.5975467
22.08622847 65.61095673
22.0962537 65.58380077
22.13284061 65.57010651
22.14751672 65.55287242
22.08674523 65.53021231
21.92014042 65.53235688
21.90308719 65.50835318
21.95000939 65.470371
21.91342248 65.43709138
21.87962609 65.42401724
21.68067183 65.40334667
21.56553674 65.4081009
21.53256717 65.38655183
21.52347212 65.35856904
21.54517622 65.33112885
21.59602583 65.31653026
21.61266564 65.2991153
21.60915165 65.26139151
21.56688032 65.25454438
21.44688765 65.32084524
21.41030073 65.31740876
21.4377926 65.28294058
21.50631555 65.24537181
21.54600305 65.20697622
21.58062625 65.16080333
21.57390832 65.12576671
21.42487349 65.01267284
21.2937187 64.94125601
21.19594689 64.87689301
21.13817264 64.80868012
21.20493859 64.77431529
21.2792493 64.72473176
21.33154585 64.62933706
21.39386763 64.54432933
21.51964806 64.46309398
21.49432661 64.4161201
21.46507775 64.37958487
21.2557882 64.29917634
21.01849002 64.17796927
20.76269168 63.86783316
20.67763228 63.82628531
20.45366662 63.77373037
20.37139774 63.72288076
20.20468957 63.66247102
19.9136479 63.6105362
19.78166629 63.5381892
19.72203169 63.46333588
19.6557825 63.45798737
19.59005008 63.48726207
19.5023035 63.50904369
19.49093469 63.46020946
19.49465539 63.42434602
19.3543022 63.47746939
19.28805301 63.42873851
19.23637658 63.34734813
19.03432173 63.23774242
18.8166606 63.25745698
18.79226932 63.23815583
18.85014693 63.22409984
18.85893192 63.20658153
18.81945112 63.19727977
18.75960982 63.19826162
18.66721236 63.17655752
18.60644087 63.17826284
18.57760542 63.12643138
18.53068322 63.06354116
18.40769331 63.03749624
18.34423465 63.03212189
18.31291874 62.9963618
18.50205448 62.98886872
18.48696496 62.95858633
18.48262414 62.92830394
18.46309045 62.89585114
18.24801314 62.84908397
18.21494022 62.81221284
18.16998172 62.78934602
18.07438032 62.7906896
18.07789432 62.81198029
18.09360396 62.83600983
17.95108036 62.8338911
17.90663862 62.88675609
17.87956017 62.87319103
17.89557987 62.83050629
17.93289025 62.78614208
17.9744381 62.72102977
17.94074507 62.67989533
17.90302127 62.65948314
17.93051314 62.64062124
18.00658084 62.62625519
18.03727665 62.60052033
17.94704959 62.57845449
17.83449833 62.50274852
17.71781294 62.50088817
17.64639611 62.45086538
17.57063846 62.45102041
17.5089368 62.48254304
17.41023482 62.50838125
17.37840213 62.46280264
17.37333784 62.42652578
17.42904504 62.33469676
17.53529178 62.26369335
17.63368371 62.23302338
17.562887 62.21232697
17.51017704 62.16628327
17.44661502 62.02267447
17.41199181 61.96611461
17.37447473 61.86630158
17.39824588 61.782069
17.41726281 61.74067617
17.46542525 61.68447805
17.33458052 61.69171275
17.19639774 61.72455313
17.21562137 61.65634024
17.13076867 61.575725
17.14658166 61.50461823
17.164255 61.45831615
17.13800337 61.38168
17.17789758 61.35762462
17.19960168 61.31196849
17.16384159 61.27827546
17.17975793 61.24928498
17.18575239 61.14655223
17.2129342 60.98583853
17.20290897 60.95183544
17.27887333 60.81215404
17.26119999 60.76316478
17.25096805 60.70079133
17.35990197 60.64079499
17.45705366 60.64177684
17.55544559 60.64270702
17.59306603 60.62766918
17.63078983 60.58526866
17.66117557 60.53516836
17.74220422 60.53930248
17.871602 60.58010102
17.95573124 60.58979035
18.01133508 60.51144888
18.16254032 60.40791515
18.25049361 60.36153555
18.4000452 60.3370926
18.55755497 60.25358348
18.53543745 60.15289195
18.60116987 60.11922476
18.78699833 60.07948558
18.85273075 60.02589712
18.88425337 59.98016348
18.93324263 59.94228465
18.99039676 59.82779552
18.97055301 59.75723135
18.89562219 59.73296927
18.71878543 59.65739248
18.6399272 59.60091014
18.57812219 59.56577017
18.40242232 59.49040009
18.33813683 59.47683503
18.27643517 59.43766429
18.21690392 59.42050772
18.16357385 59.43037792
17.96420617 59.3593745
17.82933068 59.37901154
17.77279667 59.41409984
17.80855676 59.5532128
17.78592248 59.59801626
17.76008426 59.62049551
17.67161421 59.59476065
17.68732385 59.5415856
17.53446496 59.53941519
17.39049442 59.58447704
17.37209761 59.4957486
17.06265913 59.56923249
16.97749637 59.55068065
16.84096724 59.58747427
16.75239383 59.54331676
16.64687056 59.55925894
16.57380008 59.61168468
16.47261763 59.51936473
16.25175256 59.49321646
16.04422 59.47848867
16.14436893 59.4477412
16.61049035 59.45352896
16.74226525 59.4306363
16.91383101 59.44582917
17.06565637 59.37322378
17.1752104 59.35580882
17.30460819 59.27214468
17.37075402 59.29493399
17.4745203 59.29152334
17.57053511 59.26762299
17.87614953 59.27080109
17.97981245 59.32904043
18.13267134 59.31622468
18.2105994 59.33146922
18.27054406 59.36712596
18.33606978 59.37534252
18.39580773 59.36862458
18.45916304 59.39673656
18.50887577 59.40797618
18.56024214 59.3944628
18.61760298 59.32702505
18.49864383 59.29196259
18.41420454 59.29033478
18.3730701 59.17974722
18.32201379 59.1322049
18.28532352 59.10936392
18.09815148 59.06228669
17.97464481 59.00265209
17.82902062 58.954593
17.76545861 58.96503164
17.66965051 58.91619741
17.45674361 58.85842316
17.34760298 58.7804951
17.1028634 58.71083527
16.97811649 58.65414623
16.6393258 58.65114899
16.31583133 58.66362885
16.21423547 58.63667959
16.3181051 58.62830801
16.39086551 58.60184968
16.47799198 58.61290843
16.68304406 58.59967927
16.78846398 58.58526154
16.92385624 58.49255402
16.82432743 58.4596103
16.65193485 58.43431468
16.71663374 58.30290152
16.76996382 58.21427643
16.70009728 58.16079133
16.69492964 57.91755036
16.59695112 57.91287364
16.55540327 57.81223379
16.58620243 57.76091909
16.58382531 57.64175324
16.60418583 57.56832103
16.65224491 57.50067658
16.63085086 57.43018993
16.47602827 57.2651354
16.47943892 57.18767243
16.50734419 57.14168041
16.52791141 57.06814484
16.45752811 56.9268098
16.40781538 56.80867748
16.34869754 56.70925202
16.21650923 56.58998282
16.15067346 56.50084097
15.99667769 56.22258922
15.92029992 56.16737295
15.82666223 56.1249466
15.72227583 56.16422069
15.62657108 56.18558889
15.50967899 56.18303091
15.32653771 56.15083649
15.05120568 56.1722047
14.78207482 56.16189525
14.71396528 56.13414501
14.75478967 56.03316926
14.65557092 56.01994009
14.55862593 56.04862051
14.47325646 56.01435904
14.40194299 55.97673859
14.26189986 55.88754507
14.21508101 55.83261302
14.20288537 55.72915681
14.27647261 55.63639761
14.34168827 55.52772207
14.17373986 55.39661896
14.07999881 55.39217479
13.80632043 55.428555
13.32138879 55.34638947
12.88585982 55.41137259
12.94063683 55.48157502
12.93877648 55.53319977
12.96337446 55.61257477
12.97805057 55.69381013
12.97391646 55.74812206
12.94198042 55.80605134
12.8345968 55.88186066
12.59254439 56.13760733
12.5210242 56.24555939
12.47120812 56.29051789
12.50707157 56.29294668
12.70633589 56.2350174
12.75284468 56.24214875
12.80162723 56.26390453
12.74219933 56.34689688
12.69114302 56.38441397
12.65641646 56.44058625
12.77310184 56.45577912
12.85743778 56.45239431
12.91955285 56.51556875
12.88368941 56.61770722
12.7931523 56.64915233
12.71760135 56.66284658
12.57270064 56.82330191
12.4214954 56.90639761
12.15184777 57.22694652
12.05324914 57.44698477
11.96157515 57.42608165
11.91703006 57.5219156
11.88509403 57.61271109
11.87868615 57.67942536
11.73492232 57.71766592
11.72908288 57.76445893
11.70319299 57.97320588
11.54899051 58.0012145
11.44935835 58.11836498
11.43158166 58.34000519
11.32998579 58.38031281
11.24823368 58.3691507
11.25205773 58.42408275
11.27159142 58.47565583
11.2238424 58.67993277
11.20792606 58.86640717
11.16916874 58.92270865
11.14715458 58.98862193
11.16689497 59.04554352
11.19583377 59.07825471
11.29536258 59.08688467
11.38827681 59.03652599
11.47075239 58.90953116
11.54351281 58.8929947
11.64273156 58.92606761
11.71218469 59.01867178
11.75187219 59.15757803
11.79817427 59.2898697
11.74339725 59.43146312
11.68484785 59.55574494
11.68076542 59.59228018
11.8342961 59.69718334
11.88126997 59.78244945
11.93211958 59.8636848
11.98829186 59.89133169
12.07185265 59.89761038
12.16921105 59.91288076
12.29194258 59.96724437
12.40206506 60.04005646
12.48609094 60.10677074
12.51461633 60.23888154
12.51585656 60.30520824
12.55285689 60.35450755
12.58861698 60.45072907
12.55378706 60.54563284
12.44526655 60.68962922
12.31462853 60.89214916
12.29416467 61.00268504
12.35374759 61.02320059
12.46759077 61.04151988
12.68302982 61.04681672
12.70602583 61.05983918
12.72783329 61.10826
12.77640913 61.17399242
12.82818892 61.22184479
12.86369063 61.29026439
12.88079553 61.35227611
12.75749556 61.44568126
12.59605838 61.5413085
12.48681441 61.57298615
12.29209761 61.65344636
12.15536177 61.72072907
12.23370324 61.97683747
12.29199426 62.16742015
12.30139937 62.21377391
12.30346642 62.28560415
12.11453739 62.59189037
12.12192712 62.66002574
12.13980716 62.72133983
12.11960168 62.82593293
12.10864627 62.91946727
12.1410474 62.94783763
12.21820031 63.00065095
12.14461307 63.08250642
12.13861861 63.08917268
11.99991906 63.29169261
12.21210249 63.49224885
12.17520552 63.59596345
12.30191613 63.67120433
12.53270308 63.84354523
12.6624626 63.94049022
12.69000614 63.95744009
12.79273889 63.99999563
12.98755903 64.05048351
13.20346317 64.07508149
13.29958133 64.07479727
13.67072147 64.04063915
13.9605229 64.01399995
14.00269087 64.0407425
14.06325565 64.09551952
14.14118371 64.17352509
14.148005 64.26031566
14.11989302 64.38774974
14.0776217 64.46399832
13.87355147 64.51355602
13.6502576 64.58153636
13.92476281 64.7967687
14.11513879 64.94616527
14.35243696 65.1708544
14.42623091 65.26433706
14.47966434 65.30144074
14.54953088 65.64640677
14.59583296 65.74286083
14.63459028 65.79327119
14.6352104 65.84502513
14.60994063 65.93225495
14.54322635 66.12934886
14.91798384 66.1537143
15.04004357 66.16753775
15.15331831 66.19105052
15.37490685 66.25202871
15.48373742 66.30597891
15.42296594 66.48984366
15.5570146 66.55208792
15.88412642 66.76884471
16.23769657 66.9764031
16.40347456 67.05497712
16.42073449 67.09337271
16.43427372 67.15507437
16.36068648 67.25201935
16.28151818 67.31206737
16.12741906 67.4258072
16.19356489 67.5051822
16.30714969 67.52060761
16.4571147 67.5517685
16.57411014 67.61956798
16.58558231 67.62832713
16.7836064 67.8950292
17.17045617 68.0301114
17.32465864 68.10380199
17.56474735 68.04845653
17.91666385 67.96489574
18.07329512 68.08783397
18.12497155 68.13346426
18.17664798 68.20064362
18.15592573 68.31686392
18.14703739 68.4677591
18.16259199 68.52840139
18.30304854 68.55540233
18.37865116 68.56237865
18.76984175 68.50003103
18.86823368 68.50114208
19.05261519 68.49271882
19.25895918 68.46533031
19.69123254 68.39241486
19.87003299 68.36223583
19.96982018 68.35639639
20.0559648 68.39037364
20.24003625 68.47752595
19.96883833 68.54201813
20.14743208 68.60733714
20.23998457 68.67312124
20.31941125 68.75404654
20.34803999 68.84871776
20.33713626 68.89964488
20.28230757 68.93434561
20.11673628 69.02090363
20.49195886 69.03330598
20.62218347 69.03687165
20.8950867 68.97982087
20.90707564 68.9674702
20.90893599 68.93775625
20.9185478 68.90693126
21.1834412 68.82882233
21.25976729 68.78742951
21.42239302 68.72459097
21.46538781 68.69069123
21.61602461 68.65097789
21.72402835 68.6085257
21.8502222 68.5741092
21.99744836 68.52062409
22.19516239 68.4779652
22.36207726 68.4640384
22.78241336 68.3910196
22.85414025 68.36735179
NaN  NaN
