9.7386 46.367
9.7318 46.3804
9.7221 46.3918
9.7049 46.3967
9.6908 46.4051
9.6753 46.4104
9.6648 46.4209
9.6794 46.4292
9.6931 46.436
9.7101 46.4391
9.7239 46.4469
9.7257 46.4652
9.732 46.4818
9.7347 46.5
9.7233 46.5099
9.7033 46.5102
9.6955 46.5238
9.6948 46.5436
9.7146 46.5427
9.7291 46.5507
9.7431 46.5571
9.7624 46.559
9.7815 46.5631
9.7991 46.5668
9.8186 46.5694
9.8367 46.573
9.8278 46.586
9.8379 46.5962
9.853 46.6018
9.8646 46.6114
9.8795 46.6189
9.8917 46.6279
9.8817 46.6411
9.8695 46.6504
9.8677 46.6704
9.8762 46.6823
9.8965 46.6823
9.9087 46.691
9.9289 46.6921
9.9478 46.6938
9.9548 46.7069
9.9482 46.7216
9.9417 46.7359
9.9504 46.7475
9.9635 46.7545
9.9747 46.7674
9.9882 46.7755
9.9948 46.7901
10.0094 46.7957
10.0324 46.7971
10.0427 46.8075
10.0578 46.8138
10.0683 46.8247
10.077 46.8369
10.0893 46.8454
10.1051 46.841
10.1199 46.8473
10.1408 46.8476
10.1625 46.8512
10.1803 46.8558
10.1921 46.8645
10.2119 46.8662
10.2327 46.8663
10.2345 46.8853
10.2256 46.8969
10.2358 46.9134
10.2413 46.9318
10.262 46.9297
10.2899 46.9231
10.3092 46.9259
10.3075 46.9442
10.3227 46.9518
10.3307 46.9668
10.3401 46.9779
10.349 46.9907
10.3713 46.9913
10.3843 47.0001
10.4 46.995
10.4104 46.9839
10.4248 46.9767
10.4257 46.9574
10.4418 46.9533
10.4587 46.9497
10.4732 46.9424
10.4875 46.934
10.4856 46.9143
10.4774 46.9023
10.4697 46.8883
10.4705 46.8673
10.4689 46.8478
10.4601 46.8346
10.456 46.8185
10.4482 46.8033
10.4296 46.7969
10.4336 46.78
10.4417 46.7671
10.4355 46.7527
10.4221 46.7453
10.4001 46.7337
10.4138 46.7209
10.4079 46.7056
10.3927 46.6899
10.3902 46.6682
10.3962 46.6529
10.4023 46.6368
10.4434 46.6394
10.4617 46.6335
10.4841 46.6174
10.4873 46.5981
10.4834 46.5807
10.4765 46.5676
10.471 46.5483
10.4586 46.5365
10.4368 46.5373
10.423 46.5473
10.3999 46.5449
10.3833 46.5499
10.3632 46.5556
10.3417 46.5441
10.3254 46.5517
10.3014 46.549
10.2927 46.561
10.2767 46.5726
10.2541 46.5712
10.2415 46.5887
10.2516 46.6031
10.2449 46.6221
10.237 46.6351
10.223 46.6288
10.2064 46.6208
10.1832 46.624
10.1635 46.6161
10.1435 46.6113
10.1276 46.605
10.1066 46.6106
10.0977 46.5977
10.0956 46.5773
10.08 46.5711
10.0717 46.559
10.0616 46.5458
10.0446 46.5404
10.054 46.5226
10.0425 46.5101
10.0452 46.4904
10.0514 46.4719
10.0469 46.4558
10.0352 46.4405
9.9994 46.4292
9.9174 46.4069
9.7994 46.3797
NaN  NaN
8.2363 47.4924
8.2249 47.5013
8.2059 47.4984
8.1719 47.4915
8.1458 47.4873
8.1241 47.479
8.0574 47.4581
7.9946 47.4394
7.9456 47.4268
7.9201 47.4155
7.8906 47.401
7.8704 47.3953
7.8391 47.3861
7.8156 47.3809
7.7904 47.3773
7.7214 47.3709
7.7017 47.3712
7.6818 47.3694
7.6695 47.3602
7.6497 47.3584
7.6319 47.3522
7.6148 47.3464
7.5981 47.3406
7.5761 47.3434
7.5602 47.3477
7.5399 47.3475
7.5327 47.3604
7.523 47.3723
7.499 47.3719
7.4768 47.3711
7.4563 47.371
7.442 47.3791
7.425 47.3749
7.4051 47.3772
7.3867 47.38
7.3553 47.3798
7.339 47.3841
7.3147 47.3842
7.2952 47.3826
7.2742 47.38
7.2554 47.3831
7.2371 47.3872
7.2194 47.3846
7.1999 47.3871
7.1769 47.3858
7.1608 47.3798
7.1404 47.3726
7.1233 47.3769
7.1044 47.3708
7.082 47.3705
7.0573 47.3708
7.037 47.3697
7.0183 47.3713
6.996 47.3634
6.9744 47.3599
6.953 47.3588
6.933 47.3584
6.9057 47.3592
6.8848 47.3528
6.8837 47.3732
6.904 47.3823
6.9155 47.3974
6.9378 47.406
6.9406 47.4303
6.9578 47.4337
6.9703 47.4471
6.9903 47.4479
7.0011 47.4618
6.9885 47.473
6.9859 47.4922
6.9997 47.4988
7.0168 47.5038
7.0363 47.499
7.0604 47.4952
7.0749 47.4882
7.0917 47.4948
7.1119 47.4951
7.128 47.5036
7.1505 47.4971
7.1694 47.4893
7.196 47.4935
7.1848 47.4776
7.1793 47.4629
7.1729 47.4465
7.1923 47.4388
7.2256 47.4398
7.2376 47.4304
7.2542 47.424
7.2826 47.4346
7.303 47.4387
7.3246 47.439
7.3444 47.4375
7.3693 47.4341
7.3926 47.4348
7.414 47.442
7.4285 47.4535
7.445 47.4617
7.4561 47.4719
7.4427 47.4786
7.4212 47.4802
7.432 47.4961
7.4509 47.4901
7.4709 47.4804
7.4913 47.4843
7.511 47.4968
7.5034 47.514
7.5233 47.5145
7.5313 47.5268
7.5162 47.5326
7.4982 47.5366
7.5098 47.5452
7.5255 47.551
7.5408 47.5573
7.5552 47.5646
7.565 47.576
7.5848 47.5757
7.5986 47.5874
7.6101 47.5781
7.6279 47.5812
7.6395 47.5903
7.6555 47.5953
7.6751 47.592
7.6917 47.5995
7.6775 47.5913
7.6837 47.5767
7.6757 47.5635
7.6564 47.5623
7.6362 47.564
7.6453 47.5526
7.6589 47.5459
7.6687 47.5355
7.6862 47.5325
7.7032 47.5356
7.7177 47.5412
7.7432 47.5436
7.7592 47.5487
7.7756 47.5525
7.7921 47.5564
7.8036 47.5654
7.8136 47.5757
7.8215 47.5878
7.8371 47.5829
7.8556 47.5848
7.8723 47.5886
7.8916 47.5875
7.9041 47.5799
7.9115 47.5672
7.9142 47.5492
7.9323 47.5469
7.951 47.5491
7.9625 47.5577
7.9813 47.5553
8.0007 47.5563
8.0155 47.5511
8.0341 47.5526
8.0495 47.5573
8.0635 47.5634
8.0791 47.5589
8.0972 47.561
8.1028 47.5757
8.1152 47.5838
8.1355 47.5837
8.1456 47.5941
8.1655 47.5943
8.1772 47.6028
8.1897 47.6108
8.2016 47.6204
8.2192 47.6178
8.2267 47.5932
8.2285 47.5747
8.2289 47.5522
8.2323 47.5301
NaN  NaN
7.0337 47.369
7.0573 47.3708
7.0772 47.3704
7.0995 47.3704
7.1233 47.3769
7.1404 47.3726
7.1568 47.3786
7.1715 47.3842
7.188 47.3892
7.2095 47.384
7.2306 47.386
7.2508 47.3838
7.2713 47.3804
7.2907 47.3815
7.3096 47.3836
7.3288 47.385
7.3473 47.3822
7.384 47.3797
7.4051 47.3772
7.425 47.3749
7.442 47.3791
7.4552 47.3718
7.4768 47.3711
7.4953 47.3726
7.5155 47.3722
7.5326 47.3624
7.5399 47.3475
7.5602 47.3477
7.5761 47.3434
7.5964 47.3399
7.6115 47.3461
7.6275 47.3509
7.643 47.3584
7.6654 47.3598
7.6788 47.3684
7.696 47.3712
7.7171 47.3714
7.7766 47.3764
7.8156 47.3809
7.8391 47.3861
7.8704 47.3953
7.8906 47.401
7.9201 47.4155
7.9456 47.4268
7.9946 47.4394
8.0574 47.4581
8.1241 47.479
8.1458 47.4873
8.1646 47.4903
8.2059 47.4984
8.2249 47.5013
8.2078 47.4942
8.1871 47.4821
8.1723 47.4757
8.1578 47.4695
8.136 47.4614
8.1132 47.4539
8.0953 47.4513
8.078 47.4465
8.0643 47.4386
8.0479 47.4314
8.0267 47.4263
8.0043 47.4198
7.9799 47.4091
7.927 47.3826
7.8947 47.3652
7.8672 47.3503
7.8475 47.3408
7.8317 47.3331
7.7943 47.3207
7.7791 47.31
7.762 47.3014
7.7213 47.2872
7.6239 47.2641
7.5715 47.2505
7.533 47.2405
7.4561 47.2204
7.3733 47.1993
7.34 47.1907
7.31 47.1821
7.2947 47.1766
7.2385 47.1438
7.2167 47.1322
7.1903 47.1178
7.1669 47.105
7.1406 47.0921
7.0972 47.0713
7.0714 47.0618
7.0416 47.0525
7.0154 47.0417
6.9951 47.0333
6.9578 47.0177
6.9235 47.0034
6.8718 46.9859
6.8344 46.9759
6.8182 46.9639
6.7837 46.9383
6.7367 46.9034
6.6849 46.8672
6.6506 46.8432
6.626 46.8221
6.594 46.8125
6.5707 46.8046
6.5457 46.7949
6.5271 46.7792
6.5123 46.7584
6.4986 46.7357
6.4757 46.6984
6.439 46.6659
6.4236 46.653
6.3984 46.6328
6.351 46.5946
6.3145 46.5642
6.2781 46.5327
6.2556 46.5131
6.2358 46.4946
6.2063 46.4668
6.156 46.418
6.1362 46.4007
6.1139 46.3998
6.0982 46.4086
6.0674 46.415
6.074 46.4284
6.0842 46.4396
6.0749 46.4533
6.0971 46.4816
6.113 46.5099
6.1312 46.5254
6.1534 46.5366
6.1381 46.5577
6.111 46.5767
6.1261 46.5895
6.1388 46.5971
6.1538 46.6038
6.1751 46.614
6.1889 46.6253
6.2007 46.6337
6.2171 46.6419
6.2336 46.655
6.2573 46.6698
6.2702 46.6786
6.2831 46.6905
6.3074 46.6986
6.3241 46.706
6.342 46.7104
6.3542 46.7184
6.3718 46.7244
6.3855 46.7321
6.3945 46.7479
6.4172 46.7528
6.4394 46.7626
6.4517 46.774
6.4585 46.7883
6.4417 46.7978
6.431 46.8123
6.4396 46.8241
6.46 46.8516
6.4628 46.8755
6.4578 46.901
6.4475 46.9111
6.4358 46.9217
6.4448 46.9334
6.4595 46.9431
6.4703 46.9537
6.4814 46.9641
6.4967 46.9742
6.5186 46.9708
6.5375 46.9736
6.5534 46.9779
6.5729 46.9823
6.5919 46.9908
6.6169 46.9916
6.6337 46.9984
6.6533 47.0213
6.678 47.0352
6.6968 47.0375
6.7117 47.0481
6.701 47.0589
6.7064 47.0746
6.714 47.0872
6.7391 47.0905
6.7416 47.1098
6.7652 47.1203
6.7899 47.126
6.807 47.1313
6.8204 47.1403
6.8396 47.1503
6.8515 47.1589
6.8413 47.1714
6.8614 47.1793
6.8737 47.1896
6.8864 47.204
6.9067 47.2145
6.9239 47.2221
6.9394 47.2311
6.9518 47.2421
6.9515 47.2623
6.9453 47.2787
6.9532 47.2924
6.9733 47.2914
6.989 47.2968
7.0074 47.3013
7.0162 47.314
7.0265 47.3263
7.0566 47.3344
7.0506 47.3498
NaN  NaN
6.1362 46.4007
6.156 46.418
6.2063 46.4668
6.2358 46.4946
6.2556 46.5131
6.2781 46.5327
6.3145 46.5642
6.351 46.5946
6.3984 46.6328
6.4236 46.653
6.439 46.6659
6.4757 46.6984
6.4918 46.7246
6.5123 46.7584
6.5271 46.7792
6.5457 46.7949
6.5707 46.8046
6.594 46.8125
6.626 46.8221
6.6506 46.8432
6.6822 46.8653
6.7367 46.9034
6.7837 46.9383
6.8182 46.9639
6.8344 46.9759
6.8718 46.9859
6.9235 47.0034
6.9578 47.0177
6.9951 47.0333
7.0123 47.0197
7.0243 47.0085
7.0394 46.9993
7.0485 46.9872
7.0547 46.9704
7.0687 46.9608
7.0885 46.9625
7.1077 46.9636
7.1216 46.9561
7.1316 46.9437
7.1523 46.9403
7.2312 46.9066
7.2235 46.893
7.2331 46.8809
7.2484 46.8737
7.276 46.7961
7.2597 46.7911
7.2387 46.7874
7.2107 46.7802
7.1933 46.7749
7.1062 46.7271
7.0948 46.7154
7.0757 46.705
7.0598 46.6973
7.0463 46.689
7.0332 46.6813
7.0187 46.6755
7.0071 46.6645
6.9995 46.6516
6.995 46.6348
6.9773 46.6281
6.9605 46.6218
6.9461 46.6145
6.9328 46.6071
6.9484 46.5984
6.9607 46.5898
6.9691 46.5774
6.9651 46.5593
6.9726 46.5464
6.9901 46.5429
6.997 46.5286
7.0005 46.5117
6.9916 46.5002
6.9874 46.481
6.9776 46.4691
6.9743 46.4502
6.9775 46.4325
6.9918 46.4256
6.9904 46.4063
6.9777 46.3973
6.9591 46.3948
6.9385 46.3959
6.9189 46.3954
6.8994 46.3963
6.877 46.3955
6.8579 46.394
6.8348 46.3869
6.8168 46.3909
6.8211 46.4272
6.6819 46.4543
6.5191 46.4564
6.4256 46.4158
6.3352 46.4037
6.253 46.3604
6.2414 46.3436
6.2317 46.3294
6.2195 46.3119
6.2414 46.3046
6.2512 46.2932
6.2398 46.2822
6.249 46.263
6.2602 46.2517
6.2846 46.2545
6.2949 46.2646
6.3065 46.2562
6.2945 46.2249
6.2764 46.2153
6.2544 46.2091
6.2366 46.2065
6.2215 46.1987
6.2068 46.1922
6.1913 46.1813
6.1754 46.1582
6.1522 46.1515
6.1372 46.1433
6.1087 46.1432
6.0918 46.1517
6.0722 46.15
6.0519 46.1513
6.0358 46.1366
6.0153 46.143
5.994 46.1444
5.9804 46.1359
5.9653 46.1296
5.9691 46.1519
5.9805 46.1666
5.9923 46.1769
5.9823 46.191
5.9637 46.197
5.9744 46.2148
5.9938 46.2181
6.007 46.2266
6.0252 46.2333
6.0463 46.2315
6.06 46.2448
6.0804 46.2456
6.1018 46.2375
6.1236 46.2506
6.117 46.2661
6.1036 46.2784
6.111 46.2913
6.1206 46.3066
6.1267 46.3212
6.1362 46.3318
6.1492 46.3427
6.1578 46.3543
6.1701 46.3664
6.1597 46.3791
NaN  NaN
7.0115 47.0401
7.0416 47.0525
7.0714 47.0618
7.0888 47.0679
7.1406 47.0921
7.1564 47.0999
7.1903 47.1178
7.2167 47.1322
7.2385 47.1438
7.2902 47.1752
7.3067 47.1808
7.34 47.1907
7.3733 47.1993
7.4561 47.2204
7.533 47.2405
7.5715 47.2505
7.6099 47.2605
7.7213 47.2872
7.762 47.3014
7.7791 47.31
7.7943 47.3207
7.8274 47.3317
7.8475 47.3408
7.8672 47.3503
7.8947 47.3652
7.927 47.3826
7.9799 47.4091
8.0043 47.4198
8.0267 47.4263
8.0479 47.4314
8.065 47.4362
8.078 47.4465
8.0953 47.4513
8.1132 47.4539
8.136 47.4614
8.1578 47.4695
8.1723 47.4757
8.1871 47.4821
8.2034 47.4901
8.2191 47.4985
8.2345 47.4939
8.2489 47.4872
8.2626 47.4793
8.2791 47.4707
8.297 47.4676
8.3027 47.4525
8.3148 47.4396
8.3275 47.4311
8.3379 47.4191
8.3469 47.4078
8.3589 47.3973
8.3642 47.3806
8.3666 47.3611
8.3759 47.3487
8.3951 47.3515
8.4042 47.3387
8.4132 47.3256
8.4335 47.3246
8.4553 47.3208
8.4635 47.3065
8.4807 47.3031
8.4777 47.2841
8.4875 47.2736
8.5015 47.2639
8.516 47.2571
8.5269 47.2669
8.5402 47.2554
8.5542 47.244
8.5631 47.2323
8.5689 47.2144
8.5715 47.1961
8.5809 47.1849
8.5957 47.1769
8.6113 47.1703
8.6247 47.1617
8.5287 47.1316
8.4444 47.0969
8.4307 47.0893
8.4126 47.0766
8.3743 47.0476
8.3563 47.0365
8.3318 47.0227
8.3106 47.0142
8.2895 47.0128
8.2592 47.0149
8.227 47.0202
8.1774 47.0352
8.1317 47.0483
8.1087 47.053
8.0927 47.0574
8.0738 47.0655
8.0528 47.0635
8.0323 47.0629
8.0128 47.0665
7.9836 47.0654
7.9547 47.0629
7.9017 47.0568
7.8787 47.0537
7.8597 47.0493
7.8434 47.0384
7.8153 47.0104
7.8027 46.9991
7.795 46.9827
7.7845 46.9715
7.7739 46.9592
NaN  NaN
7.5794 46.7984
7.5518 46.7906
7.515 46.7873
7.4932 46.7867
7.2983 46.7924
7.2791 46.7934
7.2571 46.87
7.2419 46.8758
7.2294 46.8855
7.2332 46.9053
7.1649 46.9372
7.1477 46.9409
7.1312 46.9469
7.1183 46.9577
7.1015 46.9647
7.0823 46.9613
7.0621 46.9651
7.0494 46.9726
7.0355 46.9804
7.0477 46.9891
7.0344 47.0036
7.0198 47.0135
NaN  NaN
8.4173 46.6525
8.4092 46.6647
8.3986 46.6748
8.4013 46.6927
8.4189 46.6892
8.4364 46.6865
8.4531 46.6904
8.4541 46.7101
8.4503 46.7265
8.4414 46.7383
8.4464 46.7551
8.4412 46.7712
8.4212 46.7725
8.4041 46.7682
8.3906 46.776
8.3783 46.7857
8.3618 46.7933
8.3448 46.8011
8.3278 46.7945
8.3136 46.7882
8.3099 46.7696
8.2976 46.7616
8.2834 46.7544
8.267 46.7583
8.2532 46.7654
8.2366 46.7618
8.2178 46.7637
8.203 46.7699
8.1846 46.7671
8.1695 46.7621
8.1551 46.7557
8.1356 46.7595
8.1142 46.7641
8.1028 46.7741
8.0914 46.7833
8.0728 46.786
8.0527 46.787
8.0335 46.7886
8.0144 46.7863
7.9973 46.7821
7.9845 46.7734
7.9714 46.766
7.9582 46.7586
7.944 46.751
7.9306 46.7437
7.9123 46.7412
7.8978 46.747
7.8834 46.7537
7.8917 46.7677
7.8889 46.7849
7.869 46.7853
7.8558 46.7929
7.8385 46.7983
7.8238 46.8047
7.8115 46.816
7.7985 46.8241
7.7853 46.8332
7.7933 46.8474
7.796 46.8657
7.8016 46.8819
7.8159 46.8905
7.809 46.9038
7.7977 46.9128
7.7812 46.9192
7.7678 46.929
7.7579 46.941
7.7656 46.954
7.7781 46.9635
7.7883 46.9758
7.797 46.9898
7.8059 47.001
7.8346 47.031
7.8504 47.0447
7.872 47.0528
7.9017 47.0568
7.9547 47.0629
7.9836 47.0654
8.0086 47.0661
8.0323 47.0629
8.0528 47.0635
8.0707 47.0665
8.0927 47.0574
8.1087 47.053
8.1317 47.0483
8.1774 47.0352
8.227 47.0202
8.2592 47.0149
8.2895 47.0128
8.3106 47.0142
8.3318 47.0227
8.3563 47.0365
8.3743 47.0476
8.4059 47.0722
8.4236 47.0833
8.4361 47.0933
8.5287 47.1316
8.6227 47.1538
8.6433 47.1515
8.6638 47.154
8.679 47.1617
8.7001 47.1634
8.7213 47.1629
8.7378 47.1668
8.7534 47.1713
8.7676 47.1787
8.7839 47.1738
8.8027 47.1688
8.8138 47.1598
8.825 47.1509
8.841 47.1447
8.847 47.1289
8.8541 47.1129
8.867 47.1016
8.8757 47.087
8.8861 47.0773
8.8888 47.0591
8.8808 47.0447
8.8729 47.0295
8.8644 47.0166
8.8689 47.0
8.8895 46.999
8.9024 46.9909
8.905 46.9718
8.9155 46.9588
8.9376 46.962
8.9412 46.9424
8.9459 46.927
8.932 46.9192
8.9159 46.9135
8.8999 46.9079
8.8866 46.9002
8.8743 46.8911
8.8633 46.88
8.8567 46.8659
8.8483 46.8524
8.8575 46.8409
8.8746 46.8357
8.8761 46.8172
8.863 46.8072
8.8487 46.7998
8.8319 46.7945
8.8305 46.7758
8.8211 46.7628
8.8134 46.7499
8.8072 46.7354
8.7893 46.7308
8.7742 46.7369
8.7577 46.7406
8.7464 46.7318
8.7426 46.7152
8.728 46.7078
8.7134 46.7007
8.6933 46.7017
8.6777 46.6939
8.6736 46.6765
8.6806 46.662
8.6659 46.6564
8.6567 46.6441
8.6589 46.6254
8.6729 46.618
8.6775 46.6023
8.6805 46.5847
8.6679 46.5768
8.6558 46.5681
8.6398 46.5633
8.6274 46.5711
8.61 46.5748
8.5902 46.5723
8.5777 46.5613
8.5559 46.559
8.5444 46.5503
8.5351 46.5387
8.5147 46.538
8.4981 46.5344
8.4814 46.53
8.4658 46.5349
8.4468 46.5375
8.4305 46.5438
8.4229 46.557
8.4163 46.5722
8.4075 46.5853
8.4107 46.6023
8.4193 46.6141
8.4206 46.6332
NaN  NaN
8.9143 46.8084
8.9247 46.7985
8.9418 46.8017
8.9586 46.8059
8.978 46.8078
8.996 46.8106
9.0143 46.8143
9.0247 46.8261
9.0336 46.8374
9.0426 46.8488
9.046 46.8664
9.0606 46.8743
9.0809 46.8753
9.0995 46.8732
9.1151 46.865
9.13 46.8595
9.1446 46.8681
9.1583 46.8746
9.179 46.8731
9.1927 46.88
9.2063 46.887
9.2198 46.8992
9.2325 46.908
9.247 46.9152
9.2567 46.928
9.2738 46.9341
9.287 46.941
9.3094 46.9473
9.331 46.9465
9.348 46.9435
9.3692 46.9421
9.3785 46.9542
9.3949 46.9607
9.4014 46.9795
9.3967 46.9975
9.399 47.0259
9.4083 47.039
9.4233 47.048
9.4755 47.0527
9.4924 47.0573
9.514 47.0578
9.5305 47.063
9.5516 47.0589
9.5646 47.0508
9.5877 47.0552
9.6028 47.0619
9.6172 47.0536
9.6365 47.0517
9.6529 47.0589
9.6727 47.0595
9.6887 47.0552
9.7075 47.0538
9.7188 47.044
9.738 47.0419
9.7582 47.0379
9.7797 47.0385
9.7931 47.0316
9.8066 47.025
9.8236 47.0199
9.8388 47.013
9.8562 47.0183
9.876 47.0213
9.8809 47.0036
9.8907 46.9921
9.883 46.9797
9.8724 46.9647
9.8762 46.9482
9.8853 46.9334
9.8997 46.9277
9.9161 46.9222
9.9371 46.914
9.9589 46.9165
9.9793 46.915
9.9896 46.9031
10.0057 46.8992
10.0237 46.8967
10.0347 46.8871
10.0501 46.8777
10.0561 46.8622
10.0839 46.8603
10.0902 46.8463
10.0786 46.8374
10.0683 46.8247
10.0578 46.8138
10.0427 46.8075
10.0324 46.7971
10.0117 46.7957
9.9948 46.7901
9.9882 46.7755
9.9747 46.7674
9.9635 46.7545
9.9504 46.7475
9.9417 46.7359
9.9482 46.7216
9.9556 46.7081
9.9498 46.6938
9.9307 46.6919
9.9094 46.6918
9.8975 46.6829
9.8786 46.6845
9.8668 46.6763
9.8653 46.6565
9.8751 46.6458
9.8883 46.636
9.8825 46.6202
9.8671 46.6151
9.8576 46.6036
9.8435 46.5958
9.8266 46.5907
9.8397 46.583
9.828 46.5729
9.8123 46.5682
9.7917 46.5659
9.7751 46.5615
9.7573 46.559
9.7381 46.5565
9.7232 46.5486
9.7081 46.5434
9.6974 46.5338
9.6993 46.5155
9.7166 46.51
9.7332 46.5059
9.729 46.4894
9.7251 46.4731
9.7316 46.4583
9.7225 46.4458
9.7087 46.4393
9.69 46.4347
9.6773 46.4273
9.6646 46.4191
9.6486 46.4132
9.6356 46.4203
9.6181 46.4167
9.6028 46.4111
9.5883 46.4038
9.5695 46.4007
9.5613 46.388
9.5519 46.3765
9.5383 46.3694
9.5171 46.3684
9.4994 46.3656
9.4794 46.3711
9.4612 46.3759
9.4683 46.3897
9.4639 46.4056
9.4545 46.4214
9.4607 46.4423
9.4592 46.4633
9.4639 46.4786
9.4492 46.4844
9.4627 46.498
9.4342 46.4979
9.4262 46.4858
9.4181 46.4725
9.3976 46.4697
9.3854 46.4804
9.3713 46.4895
9.3644 46.5091
9.3391 46.5038
9.3109 46.5041
9.2913 46.4974
9.2788 46.4876
9.2739 46.4698
9.2655 46.4511
9.2491 46.447
9.2282 46.448
9.2246 46.4674
9.2276 46.4847
9.2425 46.491
9.2347 46.5034
9.2183 46.5074
9.2019 46.5007
9.1825 46.499
9.1618 46.4991
9.1451 46.4949
9.131 46.4878
9.1167 46.4809
9.0967 46.4772
9.0761 46.4794
9.0591 46.4748
9.0465 46.4827
9.0389 46.4954
9.0264 46.5053
9.0215 46.5212
9.0204 46.5435
9.0253 46.5613
9.0339 46.5734
9.0414 46.5861
9.0345 46.5992
9.018 46.6032
9.0029 46.6109
8.9829 46.6085
8.967 46.6039
8.9613 46.6183
8.9539 46.6314
8.9432 46.6194
8.9256 46.6218
8.9091 46.6168
8.9132 46.6006
8.9076 46.5862
8.8909 46.5809
8.8769 46.5745
8.8593 46.5704
8.8452 46.5643
8.8304 46.5708
8.8118 46.5691
8.7968 46.5615
8.7812 46.557
8.7644 46.5515
8.7432 46.5527
8.7243 46.5556
8.7097 46.5614
8.6909 46.5637
8.7019 46.5732
8.6855 46.5802
8.6794 46.5957
8.6772 46.6151
8.6634 46.6226
8.6513 46.6332
8.6556 46.6498
8.6698 46.6587
8.6736 46.675
8.676 46.6929
8.6909 46.699
8.7118 46.7002
8.7265 46.7071
8.7398 46.7147
8.7464 46.7318
8.7577 46.7406
8.7742 46.7369
8.7893 46.7308
8.8059 46.7351
8.8134 46.7499
8.8211 46.7628
8.8335 46.7706
8.8275 46.7871
8.8422 46.7946
8.8556 46.8032
8.8731 46.8092
8.8897 46.814
NaN  NaN
8.3739 47.568
8.3895 47.573
8.4112 47.5726
8.4264 47.5675
8.4448 47.5692
8.4623 47.572
8.4766 47.5778
8.4945 47.5812
8.4779 47.5852
8.4604 47.5883
8.466 47.6029
8.4784 47.6121
8.4974 47.6154
8.5107 47.6233
8.5208 47.6345
8.5381 47.6311
8.5529 47.6248
8.5677 47.6169
8.5614 47.6014
8.5771 47.5968
8.5927 47.6062
8.605 47.6142
8.5974 47.629
8.601 47.6455
8.6131 47.6374
8.626 47.6445
8.6194 47.6592
8.6068 47.6673
8.5874 47.6664
8.5692 47.6642
8.5524 47.669
8.5399 47.6612
8.5332 47.6478
8.5133 47.6475
8.4931 47.6471
8.4738 47.6498
8.4565 47.6535
8.439 47.6565
8.4269 47.6651
8.4098 47.6694
8.4184 47.6828
8.4088 47.6954
8.4165 47.7095
8.4326 47.7155
8.4452 47.723
8.4507 47.7402
8.4604 47.7511
8.4706 47.7618
8.4829 47.7697
8.5021 47.7736
8.5201 47.7705
8.5326 47.778
8.5488 47.7831
8.5653 47.7783
8.5749 47.7895
8.5623 47.7971
8.5809 47.8004
8.6013 47.8029
8.6186 47.7983
8.6188 47.7779
8.6249 47.7638
8.6446 47.7643
8.6499 47.7813
8.6548 47.8001
8.665 47.7902
8.6801 47.7851
8.6844 47.7688
8.6926 47.7562
8.7068 47.7637
8.7261 47.7627
8.7398 47.7531
8.7266 47.7451
8.7146 47.7371
8.7212 47.7218
8.7363 47.7161
8.729 47.7033
8.7388 47.6917
8.7573 47.6894
8.7721 47.6823
8.7866 47.6761
8.7965 47.6878
8.7919 47.705
8.7715 47.7068
8.7761 47.7227
8.7918 47.7289
8.8042 47.7367
8.8126 47.7239
8.8229 47.7122
8.843 47.7123
8.8556 47.7047
8.8711 47.7
8.8513 47.6977
8.8548 47.6806
8.8706 47.6716
8.8749 47.6547
8.8915 47.6493
8.9103 47.6511
8.9286 47.655
8.9462 47.6583
8.9622 47.6642
8.9754 47.6713
8.9918 47.6782
9.0073 47.6833
9.025 47.6866
9.0441 47.6848
9.0627 47.6831
9.0788 47.6788
9.0992 47.6777
9.1126 47.6709
9.1284 47.6665
9.1479 47.6676
9.1618 47.6613
9.1758 47.6539
9.1953 47.6564
9.2344 47.6568
9.2558 47.6591
9.4451 47.5948
9.5028 47.5472
9.5146 47.5369
9.5505 47.5372
9.5618 47.5046
9.5709 47.4892
9.5873 47.4761
9.5951 47.4638
9.3981 47.3995
9.3709 47.4154
9.3573 47.4089
9.3423 47.403
9.3239 47.3988
9.3108 47.3916
9.2975 47.3844
9.2926 47.3691
9.2792 47.361
9.2662 47.3519
9.2489 47.3471
9.225 47.3442
9.2059 47.3466
9.1613 47.3266
9.1243 47.3025
9.0873 47.2782
9.0686 47.2641
9.0544 47.2494
9.0384 47.2454
9.0168 47.2424
8.9988 47.2374
8.9778 47.2361
8.9652 47.2274
8.9511 47.2206
8.9408 47.2096
8.9225 47.2057
8.9091 47.1969
8.9057 47.1783
8.8918 47.1707
8.8786 47.1609
8.8663 47.1487
8.8521 47.1427
8.8356 47.1488
8.82 47.1542
8.8089 47.1647
8.7953 47.1726
8.7746 47.1723
8.7529 47.1761
8.7394 47.1665
8.7213 47.1629
8.7001 47.1634
8.6801 47.1619
8.6664 47.1545
8.6501 47.1507
8.6292 47.1522
8.6205 47.1637
8.6073 47.1711
8.594 47.1793
8.5782 47.1866
8.5697 47.1993
8.5669 47.2176
8.5634 47.2353
8.5501 47.2465
8.538 47.2582
8.516 47.2571
8.5015 47.2639
8.4875 47.2736
8.4777 47.2841
8.4807 47.3031
8.4635 47.3065
8.4553 47.3208
8.4353 47.3238
8.4157 47.3254
8.4044 47.3356
8.3986 47.3505
8.3759 47.3487
8.3666 47.3611
8.3642 47.3806
8.3589 47.3973
8.3469 47.4078
8.3379 47.4191
8.3275 47.4311
8.3148 47.4396
8.3041 47.4509
8.2973 47.4662
8.2791 47.4707
8.2653 47.4773
8.2489 47.4872
8.2361 47.4956
8.2323 47.5301
8.2289 47.5522
8.2285 47.5747
8.2267 47.5932
8.2322 47.6078
8.2474 47.613
8.2641 47.6096
8.2833 47.6113
8.2976 47.6055
8.2999 47.5873
8.3141 47.5811
8.3259 47.572
8.3453 47.5707
NaN  NaN
7.4932 46.7867
7.5138 46.787
7.5518 46.7906
7.7501 46.9494
7.7609 46.9386
7.7702 46.9258
7.7844 46.9188
7.799 46.9116
7.8107 46.9027
7.8071 46.8863
7.7928 46.879
7.7964 46.8603
7.7913 46.8429
7.7956 46.8265
7.8115 46.816
7.8207 46.8039
7.8371 46.8
7.8527 46.7941
7.8644 46.7853
7.885 46.7867
7.891 46.7707
7.883 46.7581
7.8941 46.7477
7.9123 46.7412
7.9306 46.7437
7.944 46.751
7.9582 46.7586
7.9714 46.766
7.9845 46.7734
7.9973 46.7821
8.0144 46.7863
8.0323 46.7888
8.0527 46.787
8.0728 46.786
8.0914 46.7833
8.1028 46.7741
8.1142 46.7641
8.1298 46.7591
8.145 46.7538
8.1646 46.7593
8.1811 46.7649
8.1963 46.7697
8.2152 46.7651
8.2302 46.7597
8.2443 46.7657
8.2614 46.7628
8.2735 46.7548
8.2918 46.7592
8.3045 46.7672
8.3142 46.7786
8.3242 46.7927
8.3405 46.7977
8.359 46.7952
8.3747 46.7879
8.3867 46.7784
8.4005 46.7711
8.4175 46.7742
8.4354 46.772
8.4509 46.7648
8.4401 46.7536
8.4441 46.7358
8.4506 46.7207
8.4536 46.7034
8.4487 46.688
8.4293 46.6873
8.4123 46.691
8.3989 46.6838
8.4037 46.6684
8.4106 46.6538
8.4202 46.6419
8.4209 46.622
8.4148 46.6059
8.4086 46.5914
8.4144 46.5746
8.4214 46.5605
8.4082 46.5519
8.3934 46.5605
8.3751 46.558
8.3548 46.5589
8.3366 46.5612
8.3223 46.5551
8.3064 46.5492
8.2918 46.5434
8.2779 46.5363
8.2622 46.532
8.2459 46.5275
8.227 46.5261
8.2083 46.5244
8.1897 46.5224
8.1736 46.5265
8.1577 46.5312
8.1407 46.5344
8.122 46.5406
8.1073 46.5478
8.0906 46.5512
8.0729 46.5551
7.9691 46.514
7.9515 46.5089
7.9356 46.5029
7.9221 46.4942
7.9098 46.4862
7.893 46.4827
7.876 46.4785
7.8565 46.4778
7.8378 46.4751
7.8211 46.4652
7.8046 46.4598
7.789 46.4519
7.7754 46.444
7.762 46.4368
7.7492 46.4295
7.7341 46.4226
7.7181 46.4179
7.6987 46.4206
7.6789 46.4166
7.6614 46.4125
7.6493 46.4232
7.6277 46.4212
7.6094 46.4159
7.5917 46.4118
7.5698 46.4109
7.549 46.4117
7.5323 46.406
7.5419 46.3949
7.557 46.388
7.5432 46.3792
7.5254 46.3752
7.5059 46.3746
7.4872 46.3711
7.4731 46.3782
7.4543 46.3796
7.4383 46.384
7.4224 46.3796
7.406 46.3744
7.3892 46.37
7.3784 46.3607
7.3633 46.3551
7.3466 46.35
7.3294 46.346
7.3145 46.339
7.3009 46.3316
7.2813 46.3296
7.2618 46.3289
7.2426 46.3277
7.2215 46.3295
7.2115 46.3194
7.1985 46.3111
7.1876 46.3015
7.1901 46.2815
7.1834 46.2678
7.1699 46.2609
7.1575 46.2527
7.1458 46.2424
7.1305 46.2368
7.1229 46.2241
7.1107 46.2143
7.0966 46.2075
7.0827 46.2001
7.0698 46.21
7.0586 46.2213
7.0473 46.2303
7.0268 46.232
7.0078 46.2269
6.994 46.2206
6.9835 46.2085
6.9646 46.2063
6.9451 46.2055
6.9461 46.1843
6.9386 46.1711
6.9264 46.1629
6.9195 46.1461
6.9237 46.1293
6.9068 46.1252
6.8823 46.1229
6.8601 46.1257
6.8431 46.129
6.8193 46.1311
6.8009 46.1354
6.7904 46.1543
6.8056 46.1728
6.807 46.1965
6.8101 46.2139
6.8217 46.2235
6.837 46.2407
6.8517 46.252
6.86 46.2659
6.8648 46.2815
6.8542 46.2924
6.836 46.2975
6.8248 46.3119
6.8078 46.3204
6.7966 46.331
6.7806 46.341
6.7704 46.3552
6.7808 46.3665
6.8009 46.3751
6.8052 46.3941
6.8224 46.3887
6.8444 46.3886
6.8587 46.3945
6.8831 46.3953
6.9041 46.3964
6.9229 46.3978
6.9426 46.396
6.9621 46.3945
6.9799 46.398
6.9912 46.4087
6.9884 46.4283
6.9746 46.4361
6.9769 46.4549
6.9792 46.4732
6.9901 46.4871
6.9953 46.503
7.0001 46.5191
6.9948 46.5351
6.9872 46.5492
6.9694 46.5461
6.9692 46.5669
6.9646 46.5841
6.9539 46.5952
6.9405 46.6024
6.9484 46.6156
6.9632 46.6234
6.9807 46.6292
6.9967 46.6354
6.9962 46.656
7.0106 46.6656
7.0204 46.6767
7.0364 46.6826
7.0477 46.6929
7.0633 46.699
7.0825 46.7092
7.0972 46.7168
7.1874 46.7728
7.2107 46.7802
7.2387 46.7874
7.2597 46.7911
7.2787 46.7933
7.2983 46.7924
NaN  NaN
9.667 47.395
9.6655 47.3752
9.6494 47.3678
9.6302 47.3664
9.6126 47.3574
9.6001 47.3464
9.5921 47.3273
9.5826 47.3123
9.567 47.3036
9.5549 47.2954
9.5481 47.2813
9.5343 47.2742
9.5415 47.2605
9.5557 47.2527
9.567 47.2424
9.5576 47.2315
9.569 47.2198
9.5786 47.2089
9.5726 47.1908
9.5666 47.1727
9.591 47.1647
9.603 47.1541
9.6219 47.1512
9.6247 47.1326
9.6236 47.1129
9.6344 47.1011
9.6234 47.0826
9.6105 47.075
9.6028 47.0619
9.5877 47.0552
9.5692 47.0525
9.5533 47.057
9.5397 47.0652
9.5173 47.0607
9.5003 47.0577
9.486 47.0497
9.4367 47.0522
9.4196 47.0447
9.4002 47.033
9.4016 47.0035
9.4014 46.9795
9.3949 46.9607
9.3785 46.9542
9.3692 46.9421
9.348 46.9435
9.331 46.9465
9.3094 46.9473
9.2917 46.9419
9.2738 46.9341
9.2567 46.928
9.247 46.9152
9.2325 46.908
9.2198 46.8992
9.2082 46.8891
9.1948 46.8805
9.1809 46.8735
9.1616 46.8744
9.1449 46.8698
9.1325 46.8603
9.1151 46.865
9.1015 46.8727
9.0829 46.8746
9.0624 46.8751
9.0468 46.8671
9.0426 46.8488
9.0336 46.8374
9.0247 46.8261
9.0143 46.8143
8.996 46.8106
8.978 46.8078
8.9595 46.806
8.9418 46.8017
8.9247 46.7985
8.9143 46.8084
8.8972 46.8128
8.8772 46.8131
8.8833 46.828
8.8742 46.84
8.8544 46.8407
8.8592 46.8582
8.8549 46.8745
8.8699 46.8829
8.8782 46.8959
8.8919 46.9035
8.9092 46.9104
8.9269 46.9174
8.9436 46.9239
8.9412 46.9424
8.9457 46.962
8.9269 46.9557
8.9126 46.9625
8.9033 46.974
8.9006 46.9949
8.8821 47.0005
8.8621 47.0036
8.8681 47.0194
8.877 47.0337
8.885 47.0478
8.8878 47.0671
8.8802 47.0827
8.8706 47.0951
8.8601 47.1072
8.8467 47.1166
8.8486 47.1359
8.8599 47.1469
8.8737 47.1548
8.8848 47.1667
8.8983 47.1733
8.9082 47.1847
8.9125 47.2023
8.9303 47.207
8.9435 47.2141
8.9589 47.2224
8.9698 47.2339
8.9904 47.2368
9.0072 47.241
9.0313 47.2439
9.0512 47.249
9.0686 47.2641
9.0873 47.2782
9.1243 47.3025
9.1613 47.3266
9.2017 47.3481
9.2183 47.3443
9.2356 47.3476
9.2575 47.3483
9.2706 47.3552
9.2836 47.3625
9.2997 47.3695
9.3011 47.3891
9.317 47.394
9.3319 47.4017
9.3496 47.407
9.3664 47.4131
9.3981 47.3995
9.6008 47.461
9.6199 47.4589
9.6393 47.4561
9.6565 47.4532
9.6464 47.439
9.6498 47.4223
9.6544 47.4044
9.667 47.395
