70.70165897 39.82526968
70.61205204 39.7867449
70.55954878 39.79090485
70.51862105 39.82816356
70.48926883 39.86304515
70.4827576 39.88273387
70.49774377 39.88242381
70.56709354 39.86658499
70.66414188 39.85544872
70.69824833 39.84586274
70.70165897 39.82526968
NaN  NaN
70.65251468 40.93659719
70.62274906 40.93440095
70.56874719 40.98181407
70.54998864 41.01488699
70.57205448 41.02480886
70.61835656 41.00165782
70.64920739 40.96085928
70.65251468 40.93659719
NaN  NaN
70.69835168 40.66116181
70.54880008 40.56279572
70.382557 40.45350007
70.37713098 40.43923737
70.36974125 40.41200389
70.37154992 40.3841503
70.39826664 40.36136099
70.46994185 40.34534129
70.53355554 40.32448985
70.56585331 40.26715485
70.60275028 40.21413483
70.65308312 40.20116405
70.899373 40.23457286
70.95797407 40.23888784
70.96097131 40.22064606
70.94639855 40.18757315
70.73860762 40.13114248
70.64429813 40.08344514
70.62409265 39.99895417
70.59923628 39.97451122
70.55686161 39.95451244
70.51510705 39.94991324
70.45139001 40.04923534
70.37893965 40.06985423
70.27439823 40.10483918
70.07151655 40.17276785
69.96676843 40.20222342
69.76523034 40.15801423
69.5302576 40.09729442
69.49367069 40.06034577
69.46871097 40.02073579
69.47098473 39.99063426
69.48788293 39.95043
69.47625573 39.91970836
69.43196903 39.90978649
69.36540978 39.94707103
69.3072738 39.96854259
69.27880008 39.91777049
69.24474531 39.82707836
69.22908736 39.76108755
69.2802987 39.66584789
69.29771366 39.5248229
69.39150638 39.53247101
69.46333662 39.5320576
69.59878055 39.57376048
69.66699344 39.57489737
69.77210331 39.55675894
69.95596805 39.55308991
70.10164391 39.56058299
70.13678389 39.55758576
70.17109704 39.58419912
70.20928592 39.57497488
70.24483931 39.54262543
70.39206546 39.58187368
70.50115441 39.58735139
70.56802372 39.57585338
70.60786625 39.56440705
70.67861128 39.47128612
70.73307824 39.41330516
70.79932743 39.39470165
71.0048446 39.41185822
71.06504764 39.49340363
71.11806766 39.51355744
71.20276533 39.51981029
71.27289025 39.53531322
71.32849409 39.56869619
71.40425174 39.59786754
71.4703459 39.60368114
71.50300541 39.58218374
71.51742313 39.55386506
71.50589929 39.51707144
71.50331546 39.47883088
71.54625858 39.45309601
71.67265913 39.44704987
71.73219038 39.42299449
71.73539432 39.37772594
71.72567915 39.30659333
71.77859582 39.27796459
71.80598433 39.27558747
71.99098596 39.35090587
72.04281742 39.35217194
72.08421024 39.31062409
72.14735884 39.26075633
72.22998946 39.20752961
72.24978153 39.21569449
72.28719527 39.27372712
72.3577336 39.33684988
72.49023197 39.35739126
72.56335412 39.37720917
72.63993859 39.38599417
72.87248254 39.3603885
72.94937707 39.3570812
73.10926395 39.36193879
73.23494103 39.37454784
73.33617516 39.41237499
73.38738651 39.44270905
73.47043054 39.4605891
73.57559208 39.4576177
73.631661 39.44885855
73.63636356 39.39669119
73.62313439 39.29783417
73.6073214 39.22920787
73.69041711 39.10453848
73.74374719 39.04454214
73.79557865 39.00216747
73.80529382 38.96862946
73.79449344 38.94129263
73.73000126 38.91467927
73.70679854 38.88620555
73.69604984 38.85432119
73.71682376 38.81721752
73.75413415 38.69893016
73.80162479 38.60689444
73.86911421 38.56286612
73.97003828 38.53369477
74.02559045 38.53981843
74.06532962 38.60849641
74.1313721 38.66118053
74.18733768 38.6575115
74.27746138 38.65975943
74.51403609 38.60002147
74.74502974 38.51002696
74.81226078 38.46031424
74.83598026 38.40432282
74.77210819 38.27474417
74.77510542 38.19190685
74.78967818 38.10361766
74.84249149 38.03809195
74.89080895 37.92579906
74.90026574 37.8327298
74.92124637 37.8050054
74.9382996 37.77252676
74.91235803 37.68731232
74.89427127 37.60142609
74.91582035 37.57282319
74.98641035 37.53039684
75.09751468 37.45125438
75.11880537 37.38567699
75.07901452 37.34405162
75.00837284 37.29353791
74.91814579 37.25002635
74.89132572 37.23162954
74.8753577 37.24196483
74.83050256 37.28591564
74.73056034 37.35702241
74.65940189 37.39448782
74.52426802 37.3823697
74.44489302 37.39559886
74.34898156 37.4187499
74.25968469 37.41544261
74.20346073 37.37244782
74.16708052 37.32945303
74.07778364 37.31622386
73.94879927 37.28315095
73.7496383 37.23178457
73.65346846 37.23938101
73.62757857 37.26157604
73.64881758 37.29118663
73.71728885 37.32945303
73.73382531 37.37575511
73.72059614 37.4187499
73.65713749 37.43048046
73.63264286 37.43722423
73.60463423 37.4460609
73.48133426 37.47166657
73.38294234 37.46226146
73.21116987 37.40851797
72.89553023 37.26754466
72.75708906 37.17269257
72.65740523 37.02905793
72.3588188 36.98293671
72.15350834 36.90053864
71.94194502 36.7664383
71.80205692 36.694298
71.73374068 36.68401439
71.66563114 36.69690766
71.5975216 36.73292613
71.530859 36.84508983
71.47184452 37.01510529
71.43288049 37.12755321
71.45479129 37.27183381
71.47964766 37.43603567
71.50502079 37.60292471
71.54615523 37.79565196
71.58036502 37.86425243
71.58222538 37.91008942
71.55194299 37.93313711
71.48776086 37.93189688
71.38967899 37.90631704
71.31996748 37.90184703
71.27852298 37.91840933
71.28281213 38.00791291
71.33273156 38.17028026
71.25588871 38.30696442
71.05218021 38.41786205
70.87885746 38.45641267
70.73592044 38.4225646
70.61582442 38.33443045
70.51856937 38.19198436
70.41774865 38.07545401
70.3132589 37.98481354
70.23874149 37.94119864
70.21466027 37.92442963
70.1994674 37.88600821
70.25496789 37.76536957
70.25145389 37.66418712
70.1887187 37.58248668
70.11983402 37.54349681
70.04469649 37.54721752
69.98495853 37.56615693
69.94062015 37.60028921
69.82088586 37.60959097
69.62575565 37.59403636
69.4921204 37.55305695
69.42008345 37.48670441
69.39920617 37.39931957
69.42969527 37.29085074
69.41450239 37.20778087
69.35383426 37.1500583
69.30391483 37.1169337
69.26484745 37.10840709
69.18020145 37.15827485
69.04997684 37.26651114
68.96047326 37.32506053
68.91179406 37.33394888
68.88528405 37.32805777
68.8553634 37.31684398
68.8384652 37.30283967
68.82373742 37.27072276
68.78208622 37.25798452
68.72322676 37.26800975
68.66917321 37.25842377
68.63697879 37.22447236
68.54654504 37.18346711
68.38686486 37.13747508
68.29953169 37.08843415
68.28475223 37.03634431
68.26098107 37.01308991
68.21209517 37.02151317
68.06781457 36.94981212
67.95795047 36.97200715
67.8344438 37.0641979
67.7660242 37.14011058
67.75899621 37.17222748
67.79806359 37.24496206
67.81434167 37.48701447
67.86353763 37.57067862
68.01097049 37.72095368
68.08760664 37.83544282
68.17406131 37.92843456
68.23648644 37.95964712
68.29405399 38.0329243
68.34123457 38.11679515
68.35451542 38.16955679
68.35027795 38.21105296
68.3330697 38.23776968
68.25142093 38.2945104
68.14414066 38.38308381
68.08719323 38.4735434
68.05598067 38.58893688
68.04786747 38.66929373
68.14853316 38.89064973
68.13251346 38.92765005
68.10347131 38.96198904
68.04435347 38.98361563
67.95960412 38.99291739
67.87568159 38.98302135
67.76850467 38.98222036
67.69440067 38.99464855
67.67652062 39.00849783
67.66727054 39.10918936
67.64835697 39.13104849
67.61647261 39.15027212
67.40036177 39.1967034
67.35767704 39.21667634
67.34961551 39.2420753
67.42619999 39.46557587
67.45953128 39.48239655
67.49167403 39.51875092
67.54247196 39.55763744
67.71905033 39.62138032
67.90859948 39.59381094
68.07711633 39.56414867
68.24496138 39.548284
68.30304569 39.53769033
68.3990605 39.52885366
68.46329431 39.53670848
68.50696089 39.56277924
68.58612918 39.63494538
68.61031376 39.74325918
68.6389425 39.83886058
68.68689823 39.84630199
68.73526737 39.83622508
68.7582117 39.85555207
68.76792687 39.88185537
68.77784875 39.90417959
68.7976925 39.90914053
68.83241906 39.88433584
68.85226281 39.89095043
68.86879927 39.90748688
68.86383833 39.92733063
68.82446089 39.96079112
68.78942427 40.01332022
68.79273156 40.03151032
68.80472049 40.05032054
68.90848677 40.06820059
68.95561568 40.07135285
68.97204878 40.08995637
68.96605432 40.11956696
68.92688358 40.13631013
68.78461836 40.12711172
68.63971765 40.12920462
68.62240604 40.14726553
68.63067427 40.16710928
68.65258508 40.18266389
68.95173994 40.22260977
69.11033491 40.20873465
69.22826053 40.18759899
69.27487267 40.1980893
69.21957889 40.28813548
69.29445804 40.29655874
69.30422489 40.32738373
69.20629805 40.5665681
69.25998986 40.58765209
69.31394006 40.63475515
69.30939253 40.72392284
69.35719323 40.76738272
69.41388228 40.79714834
69.49821821 40.76707266
69.62844282 40.67906769
69.6708175 40.6619628
69.71283044 40.65700186
69.77318851 40.68428701
70.00568078 40.77143932
70.13626712 40.82040274
70.29207157 40.89171621
70.31899499 40.91925975
70.3726868 41.02765107
70.40193566 41.03509247
70.44146813 41.02343944
70.57825565 40.91145661
70.65732059 40.83965221
70.65732059 40.81508006
70.63478967 40.7965799
70.63913049 40.77854483
70.75100996 40.7395808
70.75106164 40.72175243
70.72563683 40.68780101
70.71204593 40.66909414
70.69835168 40.66116181
NaN  NaN
