# Tanzania
# from http://www.rjruss.info/2010/12/free-countries-of-world-in-polygon-kml.html
39.71130252 -7.97744557
39.65724898 -7.99057138
39.63616499 -7.97780731
39.60288537 -7.93610442
39.66065962 -7.90055104
39.71657352 -7.83151133
39.84659142 -7.73022552
39.8909298 -7.66345957
39.9071562 -7.64919687
39.89775109 -7.72815846
39.82447391 -7.90065439
39.76184208 -7.91191985
39.71130252 -7.97744557

39.49653527 -6.1745582
39.57301639 -6.38736175
39.56319787 -6.42725595
39.50914432 -6.45169891
39.48092899 -6.45371429
39.44733931 -6.4197112
39.4236715 -6.34782928
39.38264042 -6.36493418
39.31267053 -6.27909962
39.24342411 -6.27501719
39.18234256 -6.1725945
39.20621708 -6.08319427
39.19236779 -5.93105885
39.26698856 -5.85313079
39.30894982 -5.72197601
39.35721561 -5.81147959
39.36827437 -5.95121266
39.43328332 -6.11544036
39.48785363 -6.1662383
39.49653527 -6.1745582

39.86498823 -4.90616017
39.8709827 -4.95654469
39.85568648 -5.00403533
39.85899377 -5.15513722
39.8529993 -5.25544118
39.79584517 -5.39445078
39.74933638 -5.44385345
39.70758182 -5.42953908
39.67347538 -5.40659474
39.64681034 -5.36850921
39.70107059 -5.11369272
39.67347538 -4.92708913
39.78075565 -4.94491749
39.86498823 -4.90616017

30.82367964 -0.99900848
30.84476362 -1.00205739
30.94971846 -1.00205739
31.12753706 -1.00205739
31.30530399 -1.00205739
31.48307092 -1.00205739
31.66083784 -1.00205739
31.83860477 -1.00205739
32.0163717 -1.00205739
32.19413862 -1.00205739
32.37190555 -1.00205739
32.54967248 -1.00205739
32.72743941 -1.00205739
32.90520633 -1.00205739
33.08297326 -1.00205739
33.26074019 -1.00205739
33.43850711 -1.00205739
33.61627404 -1.00205739
33.79404097 -1.00205739
33.90323327 -1.00205739
33.97940433 -1.00205739
34.05154463 -1.03988454
34.13159142 -1.08458465
34.34475671 -1.20359547
34.55792199 -1.32255462
34.77108727 -1.44156544
34.98425256 -1.56057627
35.19741784 -1.67958709
35.41058312 -1.79859791
35.62369673 -1.91760874
35.83686201 -2.03661956
36.0500273 -2.15563038
36.2631409 -2.27464121
36.47630619 -2.39360036
36.68947147 -2.51261118
36.90263675 -2.631622
37.11580204 -2.75058115
37.32896732 -2.86959197
37.5421326 -2.9886028
37.6438835 -3.04544687
37.65917972 -3.07004485
37.67685306 -3.17846201
37.68796349 -3.24615814
37.68186568 -3.30574106
37.62533166 -3.40723358
37.60869185 -3.46025359
37.60817508 -3.49704721
37.62202437 -3.51151662
37.67013513 -3.51678761
37.71101118 -3.54081715
37.72615238 -3.5597824
37.7574683 -3.63610849
37.79720747 -3.67445241
37.88727949 -3.73925465
38.04081017 -3.84979054
38.19428918 -3.96032643
38.34781986 -4.07086232
38.50135054 -4.18139821
38.65488122 -4.2919341
38.8084119 -4.40246998
38.9618909 -4.5129542
39.11542158 -4.62349009
39.1901457 -4.67728525
39.22177168 -4.69237477
39.20187626 -4.77645233
39.12322473 -4.98047088
39.11878055 -5.06542693
39.0879814 -5.16547251
39.05831913 -5.23156666
38.97822066 -5.51857757
38.91104129 -5.6259612
38.81926395 -5.87762542
38.8046912 -6.07006845
38.8553341 -6.20484059
38.87404097 -6.33124114
38.98142459 -6.45505788
39.06741418 -6.4992929
39.12549849 -6.55593027
39.22843794 -6.6852247
39.28734907 -6.81493255
39.4723507 -6.87859791
39.54604129 -7.02401539
39.5192729 -7.12416432
39.43338667 -7.20705332
39.35318485 -7.34141204
39.28848596 -7.51783538
39.28703902 -7.78768971
39.33044722 -7.74665862
39.42842573 -7.81280446
39.44103478 -8.01155202
39.34005903 -8.24285573
39.30894982 -8.35096282
39.30398889 -8.44387705
39.37736942 -8.72075937
39.4883704 -8.86178436
39.48010217 -8.90596771
39.45126672 -8.94296803
39.64133264 -9.19246185
39.62551965 -9.40950286
39.69672977 -9.57838144
39.72794234 -9.72483245
39.77486454 -9.83707366
39.78375288 -9.91458831
39.72515181 -10.00047454
39.863748 -10.02197194
39.94519006 -10.09225189
39.98353397 -10.1595346
40.0836829 -10.15664072
40.1378398 -10.20263274
40.21597456 -10.2406666
40.38878055 -10.35347625
40.4355994 -10.41021697
40.45249759 -10.44292816
40.46355635 -10.4643222
40.34743941 -10.55155202
40.16626183 -10.68746103
39.98870161 -10.8208379
39.81708418 -10.91235687
39.69440433 -10.95478322
39.56345625 -10.97855438
39.43917443 -11.03451995
39.32155887 -11.12257659
39.17097375 -11.1668633
38.98752241 -11.16727671
38.79476932 -11.22892669
38.60335982 -11.34535369
38.49173872 -11.4133082
38.31510868 -11.31109222
38.17656416 -11.27869109
38.0172974 -11.28210174
37.92019738 -11.29476247
37.88536747 -11.31667327
37.8550334 -11.3790984
37.82929854 -11.4819345
37.72486047 -11.58063649
37.54171919 -11.67510101
37.37289229 -11.71044769
37.21837975 -11.6865215
37.11383833 -11.64714406
37.05916467 -11.59221201
36.97885949 -11.56694223
36.8727161 -11.57128305
36.77106856 -11.61040211
36.67381351 -11.68429941
36.51868086 -11.71623545
36.30567061 -11.70631357
36.19131066 -11.67065683
36.17549767 -11.60926523
36.08217004 -11.53733164
35.91132775 -11.45464935
35.78544396 -11.45294402
35.70472538 -11.532164
35.63098311 -11.58198008
35.56432051 -11.60234059
35.50442752 -11.60482106
35.45140751 -11.58952483
35.41823124 -11.58316863
35.18263838 -11.57484873
34.95949955 -11.57810434
34.95262658 -11.54373952
34.9370203 -11.46343434
34.89061486 -11.3935678
34.8506173 -11.3519166
34.80090458 -11.34090952
34.77377445 -11.34168467
34.7521737 -11.30943857
34.72643884 -11.23817677
34.68845666 -11.17745696
34.63812381 -11.12712412
34.6078931 -11.08051198
34.59766117 -11.03751719
34.60567101 -10.99028493
34.65233483 -10.87287607
34.66711429 -10.79246754
34.6618433 -10.71004363
34.63652184 -10.62560434
34.5835535 -10.52509368
34.58954797 -10.49615488
34.57161625 -10.42763193
34.56975589 -10.3796762
34.57998783 -10.31983489
34.56991092 -10.24108001
34.52422896 -10.07313161
34.52422896 -10.03013681
34.47596317 -9.94879811
34.32780684 -9.75656178
34.3208822 -9.73155039
34.08859663 -9.53776377
33.99557905 -9.49544077
33.96209273 -9.53171762
33.94958703 -9.56535898
33.95935388 -9.6273707
33.95366947 -9.65816985
33.94390262 -9.67217417
33.88881555 -9.67010711
33.85419234 -9.66297576
33.76623905 -9.61088592
33.69766442 -9.59812184
33.52749393 -9.60747527
33.46775598 -9.61972259
33.42093713 -9.60804372
33.33091678 -9.51916025
33.22529015 -9.50045338
33.13051558 -9.49590586
32.97403934 -9.39498178
32.9372974 -9.39968434
32.91988244 -9.40738413
32.86324507 -9.38087412
32.75658491 -9.32222137
32.60837691 -9.27054494
32.487144 -9.21271901
32.4331938 -9.1563917
32.31929894 -9.1348943
32.22085534 -9.12559254
32.12974979 -9.07334767
32.03533695 -9.06740488
31.94262943 -9.05396901
31.9218555 -9.01944915
31.91865156 -8.94219288
31.88609541 -8.9219874
31.81803755 -8.902247
31.74470869 -8.90322886
31.70000858 -8.91433929
31.6736536 -8.90875823
31.61277876 -8.8632313
31.55624474 -8.80550872
31.5348507 -8.71326629
31.44922285 -8.65389007
31.35062422 -8.60707122
31.07632572 -8.61187713
31.0333826 -8.59766611
30.96837365 -8.55095062
30.89194421 -8.47374603
30.83070764 -8.38558603
30.77670576 -8.26585174
30.75112593 -8.19360809
30.72084354 -8.10441456
30.65381921 -7.97093434
30.5588896 -7.78190195
30.48561242 -7.62718271
30.40675418 -7.46062957
30.37450809 -7.33862151
30.31321984 -7.20369435
30.21270918 -7.03791636
30.1618079 -6.97306243
30.10630741 -6.91508148
29.9618201 -6.80315032
29.79810917 -6.69189096
29.70963911 -6.61690846
29.59062829 -6.39438974
29.54076053 -6.31382619
29.506189 -6.17207773
29.4800924 -6.02500661
29.49078942 -5.96542368
29.59636437 -5.7759262
29.60700972 -5.72269948
29.59419396 -5.65076588
29.5423625 -5.49976735
29.50365685 -5.40096201
29.47647505 -5.31662607
29.42009606 -5.17616953
29.34273644 -4.98310638
29.32340946 -4.89887379
29.32568322 -4.83562184
29.36754113 -4.66881032
29.40417972 -4.49667612
29.40319787 -4.44928883
29.71780399 -4.45585174
29.76948042 -4.41807627
29.94729903 -4.307282
30.14713179 -4.0853834
30.18712935 -3.99288258
30.2685714 -3.85051401
30.34846317 -3.77982065
30.37915897 -3.73077972
30.40003625 -3.65388519
30.42504764 -3.58887623
30.52989912 -3.49244801
30.6319084 -3.41865407
30.62462202 -3.38868174
30.61097945 -3.36635752
30.62606896 -3.34734059
30.68177616 -3.30941009
30.79024499 -3.27458017
30.81143233 -3.20057952
30.81112227 -3.11639861
30.79360396 -3.06932138
30.79691125 -3.01516448
30.78027144 -2.98488209
30.70947473 -2.97723398
30.60426151 -2.93527272
30.51506799 -2.9175477
30.45553674 -2.8932081
30.4334709 -2.87450123
30.42401411 -2.82406504
30.44127404 -2.76908131
30.45047245 -2.75326832
30.47336511 -2.69430552
30.4343494 -2.65885548
30.42422082 -2.64159555
30.44199751 -2.6134319
30.53372318 -2.42625986
30.55361861 -2.40011159
30.59340946 -2.39680429
30.65660973 -2.37380828
30.71484907 -2.36352467
30.76244307 -2.37168955
30.79763472 -2.36269785
30.82874393 -2.33851328
30.85499556 -2.26539113
30.87659631 -2.14338307
30.86460737 -2.04406097
30.81913211 -1.96747649
30.80672977 -1.85068776
30.8275037 -1.69369476
30.81262088 -1.56305674
30.76218469 -1.45872202
30.71071496 -1.39681365
30.63196008 -1.36746144
30.50809167 -1.20824635
30.47021284 -1.13114511
30.47703413 -1.08298268
30.50995202 -1.06727304
30.51987389 -1.06251881
30.59873213 -1.06970184
30.67278446 -1.0513567
30.74203088 -1.00753509
30.80921024 -0.99492604
30.82367964 -0.99900848

