0.9004932 10.99325694
0.87475833 10.88574413
0.82184167 10.7525998
0.78747684 10.7102768
0.76334395 10.38665314
0.77998376 10.35957469
0.7921794 10.35153901
0.95831913 10.24203665
1.17618696 10.098402
1.3300277 9.99698701
1.34284346 9.96295808
1.34506555 9.7502062
1.34708093 9.56753002
1.37891361 9.46298859
1.3857349 9.36165111
1.42428552 9.28501496
1.56629235 9.1372462
1.60019209 9.05004222
1.60380944 8.77101533
1.60659997 8.55927115
1.62458337 8.27099417
1.62458337 8.03020783
1.62458337 7.72588532
1.62468672 7.36918875
1.62468672 6.9972993
1.53094567 6.99244172
1.58200199 6.87699657
1.59078698 6.77227428
1.60293094 6.73809032
1.57755781 6.68739574
1.59853845 6.61021699
1.63931115 6.5815624
1.7431291 6.42624889
1.77790734 6.29465485
1.61088911 6.25083324
1.62261966 6.21677847
1.31064904 6.14686026
1.18724572 6.0894219
1.18507531 6.1449999
1.13960005 6.15502513
1.0844613 6.17378368
1.04994144 6.20264497
1.00214074 6.26853242
0.98498417 6.32028636
0.91222375 6.32855459
0.82251346 6.38638052
0.73693729 6.45257803
0.70717167 6.51872386
0.71543989 6.54931631
0.70221073 6.58073558
0.67275516 6.59251781
0.59575728 6.74217276
0.54800825 6.80247915
0.52558068 6.85092581
0.5334355 6.88831371
0.52310021 6.93885326
0.53808638 6.97970348
0.5794792 7.00412059
0.59244999 7.03398957
0.59622236 7.09664724
0.61952844 7.22653596
0.63472131 7.35365998
0.59100305 7.38879995
0.53725956 7.39872183
0.50961266 7.43512788
0.49891564 7.49509837
0.49994917 7.54685232
0.60516239 7.72821076
0.58356164 8.14580801
0.59927127 8.20957673
0.64707197 8.25345002
0.68805139 8.30424795
0.68629439 8.35486502
0.61622114 8.47963776
0.48330936 8.57529084
0.41530318 8.65272797
0.37863875 8.72200023
0.37256677 8.75925894
0.45307865 8.81377757
0.48878706 8.85147553
0.49323124 8.89490957
0.46036502 8.9742329
0.46615278 9.11530956
0.49715864 9.22124624
0.52899133 9.35831798
0.52568403 9.39849641
0.44757511 9.48024852
0.40530379 9.49143647
0.3709648 9.48557119
0.28931603 9.4318277
0.25996382 9.42603994
0.24151533 9.44190461
0.23340213 9.46350536
0.26187585 9.49562226
0.25154056 9.53564566
0.27551843 9.5706306
0.32734989 9.58657278
0.3425686 9.60414277
0.27277958 9.62093761
0.26458886 9.64473461
0.26952396 9.66791149
0.28967777 9.67230398
0.31169193 9.67098623
0.32388757 9.68757437
0.33453291 9.80394969
0.34305952 9.84459321
0.35184452 9.92492422
0.36269657 10.23648143
0.37863875 10.2685725
0.38088667 10.29185273
0.33184574 10.30694225
0.21603885 10.39052888
0.14829105 10.45478852
0.08927656 10.52059846
0.03946048 10.56385163
-0.05769121 10.63061758
-0.08631995 10.67304393
-0.09019569 10.71552196
-0.06058509 10.8006072
-0.01389543 10.89135102
0.00943648 11.02098135
-0.0047487 11.05555288
-0.06862077 11.1156009
0.15927229 11.06960887
0.48413618 10.99196503
0.49069909 10.97819326
0.49271447 10.95499055
0.54914514 10.95540396
0.64298954 10.98305085
0.9004932 10.99325694
NaN  NaN
