# Tonga
# from http://www.rjruss.info/2010/12/free-countries-of-world-in-polygon-kml.html
-174.91314226 -21.30045664
-174.9186458 -21.45062835
-174.96750587 -21.38174367
-174.97293189 -21.34985931
-174.92350338 -21.30340219
-174.91314226 -21.30045664

-175.16193844 -21.16930185
-175.14764991 -21.16940521
-175.13194027 -21.13974293
-175.07817095 -21.12899424
-175.08406206 -21.16077524
-175.15661577 -21.26366302
-175.20232357 -21.22345875
-175.3354679 -21.15772633
-175.36233965 -21.10687672
-175.31805295 -21.06822275
-175.32260047 -21.09928029
-175.30045712 -21.11338795
-175.2253971 -21.1187623
-175.1579852 -21.14646087
-175.19976559 -21.15565927
-175.16193844 -21.16930185

-173.95351091 -18.63937876
-173.99128638 -18.69865163
-174.00932146 -18.69777313
-174.05311724 -18.6634083
-174.06916277 -18.64025726
-174.00244849 -18.5706491
-173.96805783 -18.56532643
-173.9218591 -18.58858082
-173.92395199 -18.60847625
-173.95351091 -18.63937876

