# Tunisia
# from http://www.rjruss.info/2010/12/free-countries-of-world-in-polygon-kml.html
10.95760542 33.72205048
10.93135379 33.71742544
10.88298465 33.69019196
10.8574565 33.68714305
10.78479943 33.71765799
10.75699751 33.71747712
10.72206424 33.73892284
10.73384647 33.85560822
10.74521528 33.88868114
10.92194868 33.89312531
11.01786014 33.82336213
11.03356978 33.80501699
11.03760054 33.78506989
10.99305545 33.74595083
10.95760542 33.72205048

11.2779993 34.75379629
11.12359012 34.68170767
11.15304569 34.74457205
11.25484826 34.82030386
11.28109989 34.80221711
11.2779993 34.75379629

9.78393029 37.21142406
9.83023237 37.13533051
9.89637821 37.1816326
9.87942834 37.21284516
9.87560428 37.25416047
9.9880522 37.25777782
10.0873743 37.25126659
10.19641157 37.20586884
10.18876346 37.03388968
10.33407759 36.86539867
10.29325321 36.78147614
10.41231571 36.73184093
10.51814904 36.79137218
10.57127241 36.87942882
10.76619592 36.93027843
10.95140425 37.05928864
11.05393029 37.07251781
11.07708133 36.96668448
11.12669071 36.87408031
11.05651411 36.84147248
10.96721724 36.74300304
10.79813195 36.49312165
10.64237918 36.41963776
10.5256938 36.32336457
10.48797 36.2548933
10.47660119 36.17515656
10.5057467 36.03242626
10.59080611 35.88724132
10.68899133 35.79949474
10.78366255 35.77208039
11.00432092 35.6338201
11.00070357 35.55162873
11.03150272 35.45385692
11.04328495 35.33510448
11.12007612 35.24027823
10.95584842 35.03362417
10.86624149 34.88430512
10.69095503 34.67845205
10.53489221 34.54473928
10.20044234 34.3460434
10.11838016 34.28010428
10.06484338 34.211633
10.04003869 34.14034536
10.04903039 34.05631948
10.15899784 33.85005301
10.30524214 33.72827749
10.45427697 33.66251923
10.7131759 33.68902924
10.70428755 33.60968008
10.72278771 33.51438874
10.82810428 33.51888459
10.89848758 33.53371573
10.95801883 33.62631989
11.08452274 33.56291291
11.15025516 33.36925548
11.25743208 33.30881989
11.26993778 33.28634064
11.23211063 33.27156118
11.20265506 33.24923697
11.23428104 33.23357901
11.33804732 33.20944611
11.4005758 33.22489737
11.50454878 33.18195425
11.50243005 33.15554759
11.4672384 32.96571422
11.45922855 32.89737214
11.45390588 32.78169444
11.45390588 32.64258149
11.53379764 32.52494009
11.53596805 32.47336701
11.50501387 32.41368073
11.3580461 32.3452353
11.16829024 32.25676525
11.00514774 32.17271353
10.82639896 32.0806778
10.77157027 32.02119823
10.68299686 31.97541291
10.60889286 31.92955008
10.59545698 31.8857543
10.5436772 31.80255524
10.47577437 31.73602184
10.30601729 31.70483511
10.27464969 31.68496552
10.19599816 31.58510082
10.15987634 31.54580089
10.11496952 31.46376455
10.17264042 31.25096101
10.24333377 31.03211131
10.25697635 30.94079906
10.25604618 30.86493806
10.21635868 30.78321178
10.12592492 30.66598379
10.05972741 30.58009756
9.93250003 30.42535248
9.89503462 30.38729279
9.80739139 30.34223094
9.63799605 30.28233796
9.51872684 30.22942129
9.45795536 30.46537588
9.40607222 30.66681061
9.36328413 30.83292451
9.28793989 31.1253356
9.22401615 31.37369253
9.16024743 31.62135183
9.10231815 31.84614431
9.04402713 32.0723579
9.01891239 32.10537914
8.84403934 32.21211681
8.68291222 32.31043122
8.51511885 32.4223107
8.33337284 32.54359528
8.30422733 32.69629914
8.21089969 32.92672435
8.11250777 33.05532115
8.07561079 33.08904003
7.87722497 33.17210989
7.76265832 33.23311392
7.7313424 33.26851227
7.70922489 33.36227916
7.62752445 33.54865021
7.53435184 33.71791637
7.50014204 33.83245718
7.49559452 33.97653107
7.51388797 34.08050406
7.55450565 34.12499746
7.74849898 34.2544986
7.83831262 34.41030305
7.94941695 34.46869741
8.04558679 34.51267406
8.12346317 34.56393708
8.19281294 34.64630931
8.24562625 34.73405589
8.25472131 34.82893382
8.27683882 34.97946727
8.31208215 35.08462881
8.39424767 35.20387218
8.35983117 35.29962861
8.31642297 35.40311066
8.32903202 35.58222118
8.31807661 35.65492992
8.28293664 35.71926708
8.24702152 35.80179434
8.24572961 35.87057567
8.28024946 36.0509781
8.3067078 36.18874746
8.34877241 36.36798717
8.33399295 36.41816498
8.30278039 36.4556304
8.20878096 36.49513703
8.20764408 36.51893403
8.23074344 36.54526317
8.36959802 36.63249299
8.44421878 36.76075389
8.50669559 36.78752228
8.60126346 36.83392772
8.59769779 36.88389883
8.57656213 36.93720307
8.82357547 36.99761282
9.05890995 37.15587189
9.14200565 37.19460338
9.68801883 37.3403826
9.7589189 37.33027985
9.8385006 37.30898916
9.81555627 37.25462556
9.78393029 37.21142406

