# Turkmenistan
# from http://www.rjruss.info/2010/12/free-countries-of-world-in-polygon-kml.html
53.10955448 38.80305817
53.10025272 38.75613597
53.04588911 38.89721263
53.01860396 39.05275869
53.05333052 39.09658031
53.0921912 39.09409984
53.05519087 39.03792756
53.10955448 38.80305817

58.72998661 42.6761551
58.87695438 42.56148509
58.93090458 42.54027192
59.03585941 42.52812796
59.1231409 42.5237613
59.15962446 42.51143647
59.19910526 42.48169668
59.27661991 42.35617463
59.35428959 42.32328258
59.45107954 42.29953726
59.76258508 42.30157848
59.85828983 42.29514476
59.93652795 42.23605276
59.98520715 42.21171316
60.00603275 42.19083588
60.00081343 42.16476512
59.98169315 42.13171804
59.97921268 42.06807852
59.97414839 42.0187792
59.94929203 41.99542145
59.94174727 41.97351065
59.96257287 41.95439037
60.10690515 41.90744233
60.15558434 41.85703197
60.19206791 41.83442353
60.20074955 41.80313345
60.17640995 41.78228201
60.10861047 41.79269481
60.07558923 41.75967357
60.07558923 41.70055573
60.12406172 41.64495189
60.13801436 41.59415396
60.10602665 41.54521638
60.06871626 41.47622834
60.06742435 41.42736827
60.08959354 41.39943716
60.1999744 41.34897512
60.45494592 41.22161856
60.51354699 41.21616669
60.75487593 41.24575145
60.86716882 41.24869701
60.93315962 41.22898245
61.11996992 41.2108957
61.17934614 41.19056102
61.24244307 41.18921743
61.32889774 41.19510855
61.38749881 41.25215933
61.41736779 41.26513011
61.4436711 41.2745869
61.4969495 41.27608552
61.64453739 41.23986034
61.79987674 41.16343089
61.9028162 41.09369355
61.95356245 41.03059663
62.01758955 40.89378327
62.09500085 40.68330516
62.18848351 40.54119497
62.29803755 40.46750438
62.37503543 40.33206045
62.44159468 40.03621288
62.48319421 39.97562226
62.52551721 39.9440738
62.65067752 39.85849763
62.90678592 39.71680085
63.05809452 39.63313671
63.2918787 39.49950145
63.50602583 39.37707998
63.72079308 39.18812511
63.76368452 39.16052989
63.95251021 39.05836559
64.16278161 38.95359162
64.30995609 38.9773111
64.53164798 38.81623566
64.62187503 38.75647187
64.66001224 38.73603384
64.82067427 38.67247183
65.07667932 38.53943085
65.39955366 38.34884817
65.61292565 38.2385965
65.67095829 38.22572907
65.72852583 38.22634919
65.79027917 38.25006867
65.8570968 38.26872386
65.97119836 38.24425507
66.09480838 38.20014924
66.17314986 38.16668875
66.26368696 38.11808706
66.3353105 38.07214671
66.38977746 38.0509077
66.57452071 38.01078095
66.60625003 37.98672557
66.62635217 37.95985383
66.6293494 37.93205191
66.52558312 37.78575593
66.5113721 37.59917817
66.51064863 37.45869579
66.52227583 37.3484958
66.47183963 37.34472342
66.35029667 37.36815868
66.10845096 37.41477082
65.9007117 37.50809846
65.76500939 37.56912832
65.74387373 37.56086009
65.68294722 37.51915721
65.64124434 37.46784252
65.60801639 37.36841706
65.5549447 37.25116324
65.30359053 37.24677074
65.08970178 37.23793407
64.95162235 37.19354401
64.81633345 37.13210074
64.78238203 37.05928864
64.7530815 36.96479829
64.67432661 36.7502119
64.60259973 36.55453909
64.56585778 36.42759593
64.51102909 36.34067617
64.35806685 36.22605785
64.18433068 36.14890493
64.09224328 36.11267976
64.05131555 36.06764374
64.04237552 36.0250882
64.00966434 36.01211742
63.93809248 36.01973969
63.86248986 36.01234996
63.69660851 35.96783072
63.51698124 35.91313121
63.30164554 35.85840587
63.17886234 35.85843171
63.12997643 35.84621023
63.10858239 35.81869253
63.12997643 35.76673188
63.15080204 35.72825878
63.16971561 35.6781068
63.11927941 35.6375408
63.08413944 35.56808767
63.0565959 35.44582123
62.98021813 35.40915681
62.85800337 35.34967723
62.72271447 35.27133576
62.68814294 35.25534191
62.61057661 35.23314688
62.53311364 35.23989065
62.46283369 35.25138866
62.38661096 35.23123485
62.30785607 35.17077342
62.27116581 35.18911856
62.25282067 35.25022594
62.2130815 35.28996511
62.08967818 35.3796754
61.98389652 35.4437025
61.93805952 35.44788829
61.84101118 35.43148102
61.71977827 35.41941458
61.62097293 35.43233369
61.54273482 35.45786184
61.42181196 35.54578929
61.37778364 35.5931249
61.34471073 35.62950511
61.26202844 35.61958324
61.23887739 35.65927074
61.2355701 35.70557282
61.25872114 35.76179678
61.25210656 35.86763011
61.20580448 35.94369782
61.15288781 35.97677074
61.15950239 35.99992178
61.18265344 36.05283845
61.21241906 36.09914053
61.21200565 36.1905303
61.17510868 36.28969737
61.16032922 36.4327119
61.16994103 36.57223827
61.11965987 36.64256989
60.70790205 36.6429833
60.34130944 36.63766063
60.32069055 36.65355113
60.1782703 36.82943187
60.06277347 36.9629121
59.94862023 37.0416153
59.68724084 37.13845694
59.56218387 37.17889374
59.45495528 37.25281688
59.36736372 37.33374217
59.34472945 37.44474315
59.32690108 37.48117504
59.30173465 37.51065644
59.27408776 37.52375642
59.24080814 37.52075918
58.9372091 37.6496402
58.81545943 37.68348827
58.7008411 37.65622895
58.6501982 37.65155223
58.55046268 37.68816498
58.43568932 37.63852977
58.38670007 37.63532583
58.31812544 37.64721141
58.2616431 37.66581493
58.10883589 37.78306875
57.98057499 37.83045604
57.88817752 37.86084178
57.71051395 37.90528351
57.5209648 37.92848623
57.4238131 37.94768403
57.35373986 37.97334138
57.33570479 37.98992951
57.33668664 38.0329243
57.33146732 38.08930329
57.30810957 38.13036022
57.26010217 38.17958202
57.19354292 38.21640148
57.07902795 38.20996776
56.90663537 38.21301667
56.77460209 38.25004283
56.66995731 38.25663158
56.54402184 38.24960358
56.44066898 38.24942272
56.36692671 38.22252513
56.32413862 38.19110586
56.29695682 38.09483267
56.27204878 38.08044078
56.22879561 38.07338695
56.17117639 38.07834789
56.05030521 38.07752106
55.84127404 38.09462596
55.57844771 38.09974193
55.38088871 38.05111441
55.22467085 37.98132539
55.07553267 37.90249299
54.90009118 37.77795279
54.84867313 37.72263317
54.74521691 37.50189728
54.69943159 37.47016796
54.63969364 37.44474315
54.57892215 37.4402473
54.4586711 37.40756196
54.29976607 37.35358592
54.19165897 37.33245026
53.91415653 37.3435607
53.89782678 37.41358226
53.84790734 37.66958731
53.82351607 37.92794363
53.82516971 38.04692862
53.85410851 38.28564789
53.85183475 38.40592479
53.84005252 38.51496206
53.85152469 38.62180309
53.87374556 38.74192495
53.88532108 38.86408804
53.86868127 38.9492508
53.81493778 39.01803213
53.72409061 39.10309154
53.70972456 39.15342438
53.70455692 39.20954499
53.61763716 39.21597871
53.53939904 39.27408885
53.47501021 39.30571483
53.33631066 39.34082897
53.26675418 39.3426118
53.20329553 39.31679942
53.15658003 39.2649938
53.12402388 39.34669424
53.1248507 39.43206371
53.23564497 39.60853872
53.30499474 39.55709483
53.38964074 39.53642426
53.49733443 39.53329784
53.60306441 39.54699209
53.58239383 39.60742768
53.53330122 39.64176667
53.47232303 39.66879344
53.45051558 39.74853018
53.45826704 39.83121247
53.4873092 39.90939891
53.45423628 39.94086986
53.40421349 39.96035187
53.28856164 39.9580006
53.13859663 39.97864533
52.98749474 39.98761119
52.95214807 39.89544628
53.03555383 39.77442007
52.96486047 39.83389964
52.89819787 39.9124995
52.80466353 40.05401541
52.74440881 40.2197934
52.73366011 40.39874889
52.78471642 40.54672435
52.84993208 40.68565644
52.88930952 40.86350088
52.94346642 41.03806387
52.99762333 40.95985159
53.05953169 40.88975251
53.14521122 40.82495026
53.19203006 40.80947317
53.33290002 40.78273062
53.42364383 40.79275585
53.52027876 40.83104808
53.61526004 40.81851655
53.69380822 40.74645376
53.76377811 40.66565766
53.87002486 40.64868195
54.08892622 40.70707632
54.19300256 40.72043468
54.28333296 40.69371796
54.32984175 40.68878286
54.37738407 40.69327871
54.33624963 40.76495393
54.31940311 40.83456208
54.37438683 40.87140738
54.54708947 40.83228832
54.65705692 40.85835908
54.68506555 40.87306102
54.71007694 40.8910961
54.72320275 40.95124746
54.71793176 41.0130008
54.70366906 41.07116262
54.67152632 41.1221931
54.59215132 41.19355825
54.2845732 41.36372875
54.18101362 41.4315799
54.09481734 41.51937816
54.03983361 41.64334992
53.99518517 41.77256684
53.95384403 41.8684783
53.8464604 42.09117788
53.80470584 42.11763622
53.75230594 42.12939261
53.62487186 42.13639476
53.49588749 42.12016836
53.28494429 42.08182445
53.16412479 42.09381338
53.10831424 42.07006806
52.97002811 41.97619782
52.90532922 41.89576345
52.81489546 41.71182119
52.88352176 41.65254833
52.88217818 41.61366181
52.83019168 41.34186962
52.86181766 41.21006887
52.85034549 41.20027619
52.82554081 41.2308428
52.74730269 41.36543407
52.60942997 41.52942923
52.49388146 41.78036998
52.69691817 41.94436514
52.8704993 42.06058544
53.01255781 42.13071035
53.05591434 42.14773774
53.25011437 42.20584789
53.50079675 42.25824779
53.68538496 42.29685008
53.92640384 42.32976797
54.00515873 42.33589163
54.12096561 42.335194
54.21491336 42.30418814
54.27191247 42.28000357
54.47288211 42.1801647
54.67798587 42.0782071
54.85384077 41.96519074
54.90365685 41.91906953
54.93166548 41.86400829
54.95233605 41.81000642
55.10188765 41.63869904
55.16234907 41.56022838
55.24957889 41.45808991
55.31975549 41.40840302
55.38838179 41.34690807
55.43437381 41.296291
55.4870321 41.27226146
55.54521976 41.262753
55.67859663 41.27882437
55.83910363 41.31081208
55.93491174 41.3241446
55.97744144 41.32223257
56.24202477 41.31086376
56.47983972 41.30063182
56.77362023 41.28799693
56.86085005 41.27613719
56.96585656 41.26513011
57.0179464 41.26347647
57.06424849 41.30729808
57.09484094 41.33127595
57.1188188 41.35029287
57.11385786 41.37179027
57.07665083 41.38998037
57.01820479 41.45057099
56.98487349 41.66934317
56.96409956 41.85656688
57.03365604 41.9148579
57.11359948 41.95712922
57.22878625 42.08445995
57.29064294 42.12378571
57.38174849 42.15631603
57.68612267 42.1648168
57.81428023 42.18982819
57.85598311 42.23104015
57.92342085 42.33521983
57.94574507 42.41999502
57.98346887 42.45880402
58.02894413 42.48763947
58.07550459 42.48652843
58.16567997 42.46159455
58.23409956 42.44771943
58.28288211 42.42885753
58.32722049 42.39891104
58.37047367 42.34679536
58.37713993 42.31243053
58.39708703 42.29245759
58.43140018 42.29207001
58.45703169 42.29181163
58.47439497 42.29938223
58.48581546 42.31684886
58.47697879 42.34015493
58.41817101 42.40668834
58.28866987 42.5272753
58.20412723 42.57636791
58.16201094 42.60298127
58.15152062 42.62809601
58.20645267 42.6662849
58.2596794 42.68806651
58.35316206 42.67173676
58.4771855 42.66284842
58.53232425 42.68194286
58.58906498 42.77847443
58.72998661 42.6761551

