# U.S. Virgin Is.
# from http://www.rjruss.info/2010/12/free-countries-of-world-in-polygon-kml.html
-64.76565365 17.79431468
-64.68186032 17.75020885
-64.58044532 17.75020885
-64.68627865 17.70610301
-64.88910865 17.70171052
-64.88471615 17.77224885
-64.76565365 17.79431468

-64.65982032 18.35433218
-64.72596615 18.32787385
-64.77061459 18.33159455
-64.78769365 18.34110301
-64.75242449 18.37197968
-64.65982032 18.35433218

-64.84502865 18.33009593
-64.91998532 18.3212851
-65.0236224 18.36758719
-64.94202532 18.38520885
-64.88910865 18.37420177
-64.84502865 18.33009593

