33.90323327 -1.00205739
33.79404097 -1.00205739
33.61627404 -1.00205739
33.43850711 -1.00205739
33.26074019 -1.00205739
33.08297326 -1.00205739
32.90520633 -1.00205739
32.72743941 -1.00205739
32.54967248 -1.00205739
32.37190555 -1.00205739
32.19413862 -1.00205739
32.0163717 -1.00205739
31.83860477 -1.00205739
31.66083784 -1.00205739
31.48307092 -1.00205739
31.30530399 -1.00205739
31.12753706 -1.00205739
30.94971846 -1.00205739
30.84476362 -1.00205739
30.82367964 -0.99900848
30.80921024 -0.99492604
30.74203088 -1.00753509
30.67278446 -1.0513567
30.59873213 -1.06970184
30.51987389 -1.06251881
30.50995202 -1.06727304
30.46990278 -1.06603281
30.41233524 -1.06303558
30.3602454 -1.0746111
30.32050622 -1.11305836
30.27983687 -1.17879079
30.2069731 -1.25423838
30.14997399 -1.32110768
30.10155318 -1.36865
29.99050052 -1.44693979
29.93009077 -1.4699358
29.90001509 -1.46631845
29.88161828 -1.45179738
29.84684004 -1.35170013
29.825446 -1.33557708
29.60964522 -1.38709848
29.57693403 -1.38787363
29.57998294 -1.35676442
29.56401493 -1.12142995
29.56194787 -0.97735605
29.59005985 -0.887129
29.6063896 -0.78310434
29.60824995 -0.69127532
29.6478341 -0.5352125
29.63315799 -0.44167816
29.68431766 -0.11358449
29.69780521 -0.06020273
29.71770064 0.09834056
29.74968835 0.14722647
29.777852 0.16634675
29.81464562 0.26360179
29.88544234 0.41894115
29.93448327 0.49903962
29.92378625 0.67391267
29.93169274 0.79287181
29.94290653 0.81922679
30.0473446 0.8635135
30.18289188 0.97348094
30.24014937 1.10277538
30.32107466 1.18530264
30.47786096 1.23883942
30.47817101 1.23904613
30.94253543 1.68279165
31.1588013 1.92200186
31.25269738 2.04457836
31.25610803 2.08850332
31.27398807 2.14627757
31.23636763 2.19133942
31.19135746 2.23226716
31.17631961 2.27006847
31.13756229 2.28887869
31.08216515 2.28810354
31.04537153 2.31554373
31.00361698 2.36936473
30.96196577 2.40329031
30.83008752 2.40042227
30.72859501 2.45538015
30.72993859 2.5302593
30.76952274 2.67797639
30.84662398 2.84701
30.85075809 2.89367381
30.83995772 2.93351634
30.82140588 2.96757111
30.78647261 3.00134166
30.75396813 3.04180431
30.77923791 3.16337311
30.82781376 3.28259064
30.86760461 3.34214773
30.90646528 3.40893952
30.89530318 3.46366486
30.83856245 3.49071747
30.86812137 3.54412507
30.92940962 3.6340679
31.04800703 3.72499258
31.15234175 3.78560904
31.2219499 3.78594493
31.35739383 3.73757579
31.47997033 3.6804475
31.54714969 3.67757945
31.62890181 3.7014798
31.79809045 3.80261058
31.83870812 3.77046784
31.88826582 3.70910208
31.94185428 3.60755789
32.04820438 3.56117829
32.0994674 3.52919058
32.13589929 3.51973379
32.1562598 3.52800202
32.19672245 3.60779043
32.245505 3.65130199
32.33573205 3.70618236
32.53478967 3.7499523
32.67689986 3.76318146
32.73715458 3.77268993
32.83802697 3.79847647
32.99724206 3.88020274
33.15408003 3.77470531
33.3243022 3.75434479
33.48935672 3.75506826
33.53953454 3.78710765
33.56842167 3.81170563
33.74164107 3.98526093
33.97609704 4.22020783
34.13200484 3.88916861
34.18574833 3.86976411
34.17820357 3.84087698
34.16507775 3.81299754
34.26708703 3.73315746
34.39286747 3.69150625
34.43767093 3.65057852
34.44185672 3.60624014
34.39943037 3.4127119
34.40723351 3.35752147
34.44785119 3.16347647
34.52257531 3.11999075
34.58913456 2.92475719
34.72328657 2.84194571
34.74245853 2.81812287
34.77341271 2.72342581
34.81449548 2.61981456
34.84663822 2.59573334
34.86622359 2.5896872
34.90575606 2.47969392
34.88301843 2.41794058
34.91397261 2.2302001
34.96404707 2.06240672
34.97753462 1.86190217
34.97820641 1.77363882
34.97644942 1.71963695
34.96523563 1.64336253
34.94125777 1.5992567
34.89836633 1.55649445
34.85092736 1.48900503
34.80953454 1.41668386
34.78354129 1.38113048
34.80379846 1.27284252
34.79863081 1.24452383
34.78757206 1.23072622
34.72669722 1.21424144
34.64913089 1.18530264
34.60200199 1.15646719
34.53523604 1.10153514
34.48175093 1.04215892
34.41085086 0.86728587
34.29261519 0.73127351
34.27256473 0.68641836
34.16099531 0.60518301
34.11174767 0.50513744
34.08053511 0.38245759
34.03723026 0.29455598
33.94312748 0.17378815
33.92152673 -0.01700123
33.92436893 -0.39785654
33.89997765 -0.83162851
33.90323327 -1.00205739
NaN  NaN
