32.01223758 46.20389842
32.1501103 46.15470246
32.0093437 46.16780244
31.70021528 46.21407868
31.56389286 46.25774527
31.52875288 46.30657949
31.50880578 46.37313874
31.58487349 46.30316885
31.63851362 46.2725764
32.01223758 46.20389842
NaN  NaN
33.45183963 52.3338085
33.61338016 52.33261994
33.73523319 52.3447639
33.81884566 52.31564423
33.92204349 52.2514621
34.01531945 52.15596406
34.11303959 51.97961823
34.3978284 51.78040559
34.40268599 51.74149323
34.37932824 51.71650768
34.23918176 51.69224559
34.12115278 51.67917145
34.1154167 51.64496166
34.1467843 51.60796133
34.20088952 51.55383027
34.2092611 51.48409292
34.20657393 51.41993663
34.22988 51.36324759
34.27499352 51.34017406
34.28067793 51.31167451
34.22838138 51.27687043
34.2138603 51.25537303
34.23422082 51.24379751
34.49105269 51.23707958
34.61683312 51.20312816
34.71227949 51.17222565
34.76039025 51.16933177
34.86854903 51.18920136
34.99024702 51.2017329
35.06409265 51.20343822
35.09256636 51.18064891
35.11535567 51.12083344
35.15809208 51.06099213
35.19798628 51.04391307
35.2691964 51.04675528
35.31193281 51.04391307
35.33472212 51.02112377
35.30909061 50.98691397
35.31477502 50.9498878
35.34614261 50.90430919
35.38314294 50.79891511
35.41735274 50.76757335
35.44014204 50.72767914
35.44014204 50.68210053
35.41161665 50.64223216
35.39166955 50.61091625
35.41161665 50.53968028
35.48851118 50.45991771
35.54551029 50.43997061
35.5910889 50.36876048
35.67371952 50.34597118
35.79619266 50.40576081
35.89019209 50.4371284
36.00775598 50.41966177
36.11637984 50.4085255
36.18945031 50.36783031
36.24340051 50.31176138
36.30608402 50.28044546
36.36887088 50.29682689
36.49981896 50.28044546
36.55966027 50.23486685
36.6194499 50.20923534
36.69639611 50.2462615
36.75907962 50.29184011
36.98852298 50.3395633
37.13120161 50.35150056
37.17104414 50.36087983
37.25491499 50.39496044
37.34317834 50.41764639
37.42281172 50.41149689
37.50130822 50.34070018
37.58233687 50.29186595
37.60512617 50.21491975
37.70418989 50.10906057
37.95027306 49.96421153
38.04690799 49.92000235
38.11248539 49.92783133
38.14679854 49.93940685
38.1626632 49.9545222
38.17759769 50.02537059
38.20865523 50.05146719
38.25857466 50.05234569
38.4512244 49.96408234
38.55199344 49.95457388
38.64774987 49.95286856
38.77668257 49.88434561
38.91837935 49.82468517
39.027675 49.81840648
39.1149565 49.84176423
39.1747978 49.85597525
39.21179813 49.83321178
39.24600793 49.78194876
39.30295536 49.74205455
39.36848107 49.7306599
39.46279056 49.7280244
39.62655318 49.65066478
39.78054894 49.57203909
39.87682214 49.56767243
39.95852258 49.5907718
40.03066288 49.59674042
40.08063399 49.576845
40.09489668 49.54266104
40.05784468 49.49708242
40.05784468 49.43155671
40.1262126 49.3688732
40.12827966 49.30724905
40.10879764 49.25154186
40.06998864 49.20027884
39.97635095 49.12981802
39.88974125 49.06405976
39.75946496 49.03659374
39.68654951 49.00791332
39.70561812 48.95959585
39.75336714 48.91443065
39.863748 48.87799877
39.9891667 48.85143708
40.00358443 48.82208487
39.98446415 48.80735708
39.90415897 48.79376618
39.79289961 48.80771882
39.75584761 48.78206147
39.70458459 48.7393509
39.67042647 48.66243053
39.64474328 48.59119457
39.76540775 48.57186758
39.83563602 48.54277375
39.85754683 48.48425019
39.88255822 48.41911205
39.88979292 48.3604593
39.84989872 48.33193391
39.84741825 48.3027884
39.86633182 48.28842235
39.91811161 48.28191112
39.95790246 48.2689145
39.96100305 48.23793448
39.88503869 48.168378
39.81393192 48.03528535
39.77579471 47.9644628
39.77868859 47.88754243
39.73595218 47.84480602
39.65848921 47.8412145
39.39096032 47.83372142
39.15846805 47.83741629
39.05780236 47.84850088
38.9002926 47.85511546
38.82231286 47.83702871
38.71890832 47.71409048
38.64056685 47.66592805
38.51096236 47.62241649
38.36885217 47.60996247
38.28741011 47.55916454
38.25872969 47.47953115
38.2565076 47.40894115
38.24327844 47.37369782
38.21242761 47.34279532
38.20136885 47.32078115
38.20798343 47.29651907
38.24105635 47.28770824
38.28074385 47.27664948
38.28074385 47.25905366
38.26534427 47.23696198
38.2212126 47.21272574
38.20136885 47.17526032
38.20581302 47.13557282
38.21439131 47.09144115
38.17826948 47.08022736
37.8287301 47.09583365
37.54337284 47.07456879
37.33987105 46.91687816
37.21853478 46.91734325
37.04758915 46.87623465
36.93204064 46.82515249
36.79478804 46.7144099
36.68864465 46.76409679
36.55883345 46.76267569
36.43201948 46.73254833
36.27947066 46.65859935
36.19461795 46.64552521
36.02491255 46.66679007
35.82709517 46.62433788
35.40014448 46.38140697
35.25669071 46.20389842
35.20439416 46.1691977
35.13235721 46.12589285
35.05525598 46.10400788
35.01453495 46.10599742
35.21783003 46.23219127
35.28015181 46.27950104
35.29090051 46.31438264
35.29203739 46.37070995
35.23033573 46.44062816
35.06404097 46.26725373
34.96957645 46.24208731
34.84958377 46.18989411
34.84369266 46.07357046
34.85733524 45.98737417
34.90663456 45.87880199
35.02290653 45.70095755
35.26020471 45.44694204
35.37389286 45.35361441
35.45750532 45.31630402
35.55796431 45.310878
35.75102746 45.3893745
35.83350305 45.40162181
36.01292362 45.37170116
36.07710575 45.42410106
36.17053674 45.45309154
36.29032271 45.45673473
36.42705855 45.43324779
36.57505985 45.39356029
36.51428836 45.30374665
36.45072635 45.23232982
36.42840213 45.15326488
36.39336551 45.06536327
36.22986128 45.02598583
36.05478153 45.03081757
35.87008996 45.00531525
35.80363407 45.03957673
35.75950239 45.07086681
35.67754357 45.10200186
35.56953983 45.1193393
35.47259484 45.09848786
35.35776981 44.97844351
35.15478478 44.89632966
35.08770877 44.80264029
34.88782433 44.82359508
34.7168787 44.80713614
34.46986535 44.72166332
34.28176314 44.53841869
34.07443729 44.42385204
33.91000288 44.38757518
33.75569706 44.398944
33.65585819 44.43320547
33.45070275 44.55366324
33.46269168 44.59681306
33.49132043 44.61859467
33.53007775 44.68050304
33.61224328 44.90780183
33.60118452 44.98149242
33.5551925 45.09766104
33.39251509 45.18783641
33.26156701 45.17073151
33.18694624 45.19476105
32.91864221 45.34816254
32.77270796 45.35898876
32.61137414 45.32808625
32.55184289 45.35041047
32.50802127 45.40379222
32.82800174 45.59303132
33.1422978 45.7491975
33.28006717 45.76521719
33.46620568 45.83792593
33.66484989 45.94706656
33.63673791 46.03284943
33.59415653 46.09625642
33.49886519 46.0788673
33.42982547 46.05760244
33.26342736 46.12566031
33.20224247 46.17573477
32.94179325 46.12379995
32.79689253 46.13149974
32.47680871 46.08369904
32.32984094 46.13036286
32.03580204 46.26097504
31.92521447 46.28725251
31.83126672 46.28167145
31.7800037 46.32466625
31.84284224 46.34616364
31.91591271 46.34866995
31.99167036 46.36440542
32.01306441 46.38714305
32.00851688 46.42998282
31.85576135 46.46243561
31.71365116 46.47178905
31.62363081 46.51023631
31.55490116 46.55429047
31.71602827 46.5549881
31.87798221 46.52165681
32.13140344 46.50935782
32.36136356 46.47494131
32.41893111 46.51778107
32.55256636 46.59198843
32.57799116 46.61560456
32.35412886 46.5648583
32.12726932 46.59720775
32.04438032 46.6424763
31.97430708 46.70880301
31.94495487 46.78437979
31.96407515 46.85481476
31.93958052 46.98196463
31.86475305 47.09511018
31.83819136 47.15722525
31.75922977 47.21282909
31.83695112 47.08699698
31.86588993 47.00325532
31.91270877 46.92612824
31.90165002 46.7216446
31.87281457 46.64976268
31.77959028 46.63165009
31.65701379 46.64242463
31.53216353 46.66474885
31.56337609 46.77727428
31.49681685 46.73838776
31.40297245 46.62883373
31.32029015 46.61250397
31.13683882 46.62444123
30.79629113 46.55201671
30.77283003 46.47302928
30.72167036 46.3662141
30.67226769 46.30399567
30.65676476 46.26647858
30.51155399 46.10535147
30.49295047 46.0901586
30.21906538 45.86676138
30.18413211 45.84996654
30.00667525 45.79792837
29.90166874 45.75240143
29.82115685 45.7320926
29.68504113 45.7546752
29.62840376 45.72248078
29.60163537 45.6825349
29.60122196 45.60000764
29.67026167 45.54068309
29.72689904 45.3433308
29.70591841 45.2598992
29.65196821 45.31390107
29.56768395 45.37082266
29.40366296 45.41965689
29.22357059 45.40291372
29.02740685 45.32054149
28.89428836 45.28994904
28.82431848 45.3110847
28.78173709 45.30984447
28.76664758 45.28622834
28.76985152 45.26690135
28.79134891 45.25191519
28.7883 45.24095978
28.76070479 45.2341385
28.45126631 45.29219697
28.31768273 45.34712901
28.21246952 45.45045604
28.26486942 45.48386485
28.31034468 45.4985668
28.47136844 45.50719676
28.49906701 45.51773876
28.50175418 45.54156159
28.51374312 45.57241242
28.50950565 45.61783601
28.4916256 45.66579173
28.56231896 45.7358133
28.66763553 45.79384593
28.72933719 45.85198192
28.7387423 45.93714468
28.84953657 45.97864086
28.9477218 46.04992849
28.97190637 46.12764985
29.00627119 46.17648408
28.94369103 46.28841523
28.93056522 46.36223501
28.92746463 46.42411754
28.95836714 46.45848237
29.04993778 46.49703299
29.14626265 46.52690196
29.18620853 46.52395641
29.20083296 46.50496532
29.20455366 46.37936575
29.22388065 46.3769628
29.25457645 46.39262075
29.30485762 46.46662141
29.33953251 46.44507233
29.39286258 46.43690746
29.43280847 46.45597606
29.45880171 46.45375397
29.4910478 46.43468537
29.5550749 46.40776195
29.61496789 46.39882193
29.66457726 46.41675365
29.70679691 46.44874136
29.75201379 46.43778596
29.83790002 46.35055614
29.87805261 46.36021963
30.07571496 46.37784129
30.10749597 46.40158662
30.13100874 46.42308401
29.92430301 46.53886506
29.93474165 46.62500967
29.94249312 46.72376333
29.91810184 46.78241608
29.8778459 46.82892487
29.71976769 46.88292674
29.59775964 46.93884064
29.5719731 46.96400707
29.56866581 46.99671825
29.56349816 47.04751618
29.51502567 47.09110525
29.51099491 47.12802806
29.54179406 47.18554393
29.54933882 47.24680634
29.53915856 47.27099091
29.51063317 47.29070547
29.45570112 47.29264334
29.3834058 47.32804169
29.33374474 47.3757132
29.20057458 47.44449453
29.15980187 47.45565664
29.13489383 47.48968557
29.12295658 47.53038076
29.15091353 47.58086864
29.1860535 47.65858999
29.21075484 47.73155712
29.21116825 47.77501699
29.19483849 47.88240062
29.12538537 47.96454031
29.09293257 47.9754182
29.03696699 47.95234467
28.97335331 47.93299185
28.92317549 47.95113028
28.86581465 47.99567536
28.77377892 48.11956961
28.6016964 48.14440013
28.53048628 48.15031708
28.46304854 48.09050161
28.44201623 48.10869172
28.42305098 48.1468806
28.38754927 48.16212515
28.34052372 48.14445181
28.32698449 48.16142752
28.3471383 48.21305227
28.29101769 48.23855459
28.15882938 48.23798615
28.08849776 48.25705476
28.08012617 48.29581208
28.03842329 48.32128856
27.96338911 48.33356171
27.8906287 48.36521353
27.82003869 48.41626984
27.71441206 48.44949779
27.57374881 48.46489737
27.56222497 48.47040091
27.54925418 48.47771312
27.45845869 48.44308991
27.40378503 48.41564973
27.3369674 48.43270295
27.22849857 48.3714147
27.008512 48.36826244
26.90055993 48.37193146
26.84707482 48.38715017
26.64047245 48.29415843
26.61897505 48.25984528
26.57241459 48.24847647
26.442345 48.2299763
26.30560917 48.20377635
26.27692875 48.11323924
26.23625939 48.06435334
26.16267215 47.9925231
25.90868249 47.96756338
25.68931603 47.93247508
25.46431685 47.91077098
25.16965783 47.82307608
25.07384973 47.74571646
24.97912682 47.72414155
24.89334395 47.71775951
24.83789514 47.76085765
24.6509298 47.87650951
24.57889286 47.93107982
24.4840666 47.94709951
24.38097212 47.9380303
24.28196008 47.91118439
24.17772871 47.90606843
24.05975142 47.94477407
24.04734907 47.94102753
24.00182214 47.93578238
23.70902347 47.98260122
23.6819967 47.99037853
23.66907759 47.99231639
23.62866662 47.99583039
23.40816328 47.98999095
23.20264611 48.08450715
23.13949751 48.08740103
23.09076664 48.04913463
23.05479984 48.00655325
22.91284468 47.96428193
22.8766195 47.94725454
22.85610396 47.96030284
22.84649214 47.99704479
22.85724084 48.02954926
22.83620853 48.06029674
22.78220666 48.09520417
22.7691842 48.10962189
22.70153975 48.10701223
22.68314294 48.10362743
22.67632165 48.10440257
22.58242557 48.13401317
22.52015547 48.20537832
22.4238306 48.24330882
22.35019168 48.25604706
22.31670536 48.28663951
22.29510461 48.32728303
22.27216027 48.35800467
22.2694731 48.36089855
22.25376346 48.4073815
22.23112918 48.41213573
22.22709842 48.41342764
22.13185876 48.40531444
22.14286584 48.56850861
22.29520796 48.68581411
22.33257002 48.74508698
22.38946577 48.87347708
22.43204715 48.93355093
22.48320682 48.98326366
22.52413456 49.03137442
22.53865563 49.07271556
22.5799451 49.07718557
22.70128137 49.0399527
22.80980187 49.02072907
22.8397742 49.03889334
22.8520732 49.06274201
22.84706058 49.08126801
22.7601925 49.1362259
22.70562219 49.17121084
22.70231489 49.19270824
22.72195194 49.24094819
22.73244225 49.2951826
22.71988488 49.35380952
22.66061201 49.48367239
22.6494499 49.53901785
22.70613895 49.60622305
22.89072717 49.76626496
22.95222212 49.82636465
23.03629968 49.89907339
23.2645028 50.07286123
23.40862837 50.1739145
23.50619348 50.22985423
23.64897546 50.32703177
23.71176232 50.37733877
23.97262495 50.41004995
24.0049744 50.45702383
24.05262007 50.50844188
24.08993045 50.53045604
24.09473636 50.6170399
24.04631555 50.72279572
24.00729984 50.76013194
23.97841271 50.78558259
23.99711958 50.80935375
24.02595503 50.8161492
24.06161177 50.819534
24.10574344 50.84498465
24.09582157 50.87276073
23.98569909 50.94043102
23.9381051 50.9925467
23.86343265 51.12623363
23.71217573 51.26511404
23.66442671 51.3100467
23.6576571 51.35249889
23.67972293 51.3948994
23.65884566 51.44895295
23.6052572 51.51791515
23.61378381 51.52538239
23.60856449 51.61049348
23.64670169 51.62886445
23.70680139 51.64131847
23.79170576 51.63713268
23.86431115 51.62398102
23.95117923 51.58506867
23.97830936 51.59132152
24.12682743 51.66462454
24.28004805 51.77472118
24.32376631 51.83843822
24.36190352 51.86753205
24.49517704 51.88303498
24.61129398 51.88952037
24.6851396 51.88830598
24.86636885 51.89910635
24.97380415 51.91114696
25.06671838 51.93049978
25.26722293 51.93776032
25.58027876 51.92473786
25.78579593 51.92380768
25.92527062 51.91352407
26.26705855 51.85502635
26.39438928 51.84443268
26.45340376 51.81342683
26.56688521 51.80190298
26.77348758 51.77069042
26.9528048 51.75399893
27.07414107 51.76082022
27.14199222 51.75203522
27.27014977 51.61356822
27.29634973 51.5973935
27.34761275 51.59413789
27.4523092 51.60610098
27.60134403 51.60160513
27.68971073 51.57243378
27.67679162 51.48993236
27.70004601 51.4779951
27.74128381 51.48256847
27.7888778 51.52915477
27.82882368 51.57742056
27.85853763 51.59240672
28.0107764 51.55974722
28.0802812 51.56501822
28.14441166 51.60165681
28.18373742 51.60785798
28.29163781 51.58183889
28.42454959 51.56362295
28.53208825 51.56243439
28.59900923 51.54264232
28.64774011 51.45652355
28.69026981 51.43887604
28.7313009 51.43342418
28.79326094 51.51034455
28.84953657 51.54018769
28.92756799 51.56217601
28.97769413 51.57178783
29.01314416 51.59891796
29.06078983 51.62542796
29.1020793 51.62752086
29.1356173 51.61728893
29.1742196 51.5806245
29.23049523 51.49701203
29.29881148 51.41303783
29.34650882 51.38254873
29.46965376 51.40833527
29.55316288 51.4345869
29.70602176 51.43954784
29.90880008 51.45799632
30.0637777 51.48202587
30.16077437 51.47789175
30.21953047 51.45120087
30.30898237 51.39960196
30.33337365 51.32554963
30.44954227 51.27433828
30.54452355 51.26506236
30.57692468 51.31834077
30.63252852 51.35541861
30.61170292 51.40637157
30.60240116 51.47122549
30.56074995 51.53148021
30.53294803 51.59633413
30.58390099 51.68898998
30.63950484 51.7700703
30.66730676 51.81409862
30.75531172 51.89517894
30.84564212 51.95308238
30.98067264 52.04617748
31.07932295 52.07697663
31.1684648 52.06292064
31.21797082 52.05023408
31.34602502 52.10537283
31.57371138 52.10808584
31.76336389 52.10108369
31.78238081 52.0994042
31.8756051 52.07087881
31.97379032 52.04664256
32.0415898 52.0450406
32.12225671 52.05059581
32.2167729 52.0829711
32.28281538 52.11402863
32.36301721 52.27213268
32.39133589 52.29484447
32.43546756 52.30724681
32.50791792 52.30853872
32.64542891 52.27908316
32.80650435 52.25262482
32.89972863 52.25634553
33.1484473 52.34042308
33.28709517 52.3535489
33.45183963 52.3338085
NaN  NaN
