NaN  NaN
-73.5303920707175 41.5227455563004
-73.5442932536742 41.3652984767995
-73.5502596731917 41.2936207043954
-73.4781207568954 41.2107548889389
-73.7252376566967 41.1003542249946
-73.6537237755256 41.0126172825253
-73.6531514608995 40.9983924455247
-73.1044185740856 41.1610394427248
-72.906734323612 41.2700631991856
-72.5272448622889 41.2637025875984
-72.378152966058 41.2781022275496
-72.3784123498461 41.3583482711136
-72.3263548978381 41.2896412329135
-72.2814159025209 41.2811454708603
-71.866678442895 41.3227696452715
-71.8477722040922 41.3253484832964
-71.8368696812943 41.3419614666217
-71.8459956537022 41.4038545416488
-71.8027434308056 41.4158290540058
-71.7901942031214 41.6013068793249
-71.792605218292 41.6417579304637
-71.7882488621949 41.7216033953237
-71.7978316087619 42.0042748046851
-71.8023407165877 42.0179769339478
-72.0949717608141 42.0257995069483
-72.1363467150764 42.0264020644269
-72.5075717905207 42.0307660006011
-72.5712258924299 42.0301249737628
-72.5819073702202 42.0216068944432
-72.6078252730946 42.0228008077559
-72.6095266969696 42.030536850941
-72.7558938179071 42.0338475230699
-72.7675750314897 42.0021671817802
-72.817679571843 41.9971850435429
-72.8164509949267 42.033507731778
-73.0060955098662 42.0360092024926
-73.0456324711282 42.0363103821922
-73.4842302844536 42.0474280500728
-73.5171474133328 41.6656861632365
-73.5303920707175 41.5227455563004
NaN  NaN
