# Colorado
# from https://developers.google.com/kml/documentation/us_states.kml

-102.044455910114 37.6414742210535
-102.04397657417 37.7343986213713
-102.046060904132 38.2538220806459
-102.045549640322 38.2633436193344
-102.047584160548 38.6154993640496
-102.047568440936 38.6925505149901
-102.048972538957 39.0370029188915
-102.047874719263 39.1267534832
-102.048801584447 39.5628035180916
-102.049442507662 39.5686933622379
-102.051535596434 39.9989182728278
-102.047544994516 40.3426445008284
-102.047620488242 40.4310777832961
-102.046031374616 40.6973192828138
-102.046992332576 40.7431303349332
-102.047739314394 40.9980708667063
-102.621257047371 41.00021481921
-102.652271070342 40.9981241668543
-103.382956653967 41.0003163565243
-103.572316302435 40.9996484311393
-104.05170553525 41.00321132686
-104.934492922627 40.9942891435778
-105.278797604523 40.9963491628159
-106.203471481278 41.0000850018961
-106.329125682765 41.001288969127
-106.865438763821 40.9984573861084
-107.304051053295 41.0001333468858
-107.918671336725 41.0033751160193
-109.048314704754 40.9984333935171
-109.046155726194 40.6652909436328
-109.051263150153 40.2105113710392
-109.052551712149 39.6573824204021
-109.053528662287 39.5181701484933
-109.051416838185 39.3609660838809
-109.053948502328 38.4946509132439
-109.055861120835 38.2449201643366
-109.043464000061 38.1529336954503
-109.043206408646 37.8874200608917
-109.045602480021 37.6308206068713
-109.048480115363 36.9966409005893
-108.372472924296 36.999471575633
-107.472460293817 36.9987767566937
-107.410820543541 36.9975257849804
-106.89037023567 36.9990837907051
-106.86124887722 36.9895015941857
-106.472176939021 36.9915042439681
-105.992000086492 36.992289650437
-105.713459997846 36.9945603614965
-105.213091465415 36.992604521715
-105.146172547082 36.9932073726899
-103.993635035945 36.9944690622369
-103.07786588474 36.9997601837273
-102.997709442614 36.9985238353847
-102.037207602599 36.9889939197762
-102.042010650289 37.3862794433515
-102.044455910114 37.6414742210535

