NaN  NaN
-75.7070735567254 38.5575913668919
-75.6988024422464 38.4631827108939
-75.3498423227975 38.4553227905156
-75.0927212334893 38.4505638472484
-75.0679246646819 38.4500753640855
-75.0456230125111 38.4496021608759
-75.0827624797042 38.7999244622257
-75.1905708548595 38.8087822508359
-75.3075352508581 38.946023931106
-75.3244886654144 39.0124989256203
-75.3973682707713 39.0731489592767
-75.4021224709428 39.2577500046037
-75.5152174265202 39.3670516712081
-75.5898358410183 39.4638799793316
-75.5626429594386 39.5668352599053
-75.6103745921791 39.6129053117614
-75.4892806606894 39.7148582186458
-75.4759742683691 39.7200843842213
-75.4747684572146 39.7418320932776
-75.4603941188554 39.7633620274566
-75.4276473042606 39.7782429030536
-75.4117545704202 39.7897707547806
-75.420467947865 39.7989830990632
-75.4699861133481 39.8265474993808
-75.5834432496435 39.8401190417149
-75.6439943147472 39.8383065472094
-75.6947708516454 39.8204574523468
-75.7455920038355 39.7749293983367
-75.7749271959808 39.7245527846646
-75.7910945763195 39.7238660373362
-75.7723537466778 39.3831185391944
-75.7643192412212 39.2959598236098
-75.7613129328181 39.2478639325384
-75.7525764003551 39.1416603330929
-75.7245906263035 38.8302832999716
-75.7107127327496 38.6496658557662
-75.7070735567254 38.5575913668919
NaN  NaN
