# Georgia
# from https://developers.google.com/kml/documentation/us_states.kml

-85.1301648712312 31.778853672117
-85.1152869311181 31.731565957183
-85.1186744235414 31.7085715963854
-85.1112049587349 31.6842421102739
-85.0592853056629 31.6212651525335
-85.0427213578705 31.5543898029988
-85.0426984349451 31.5196599288858
-85.0663120282063 31.4760895555663
-85.0614062661802 31.4406634414676
-85.0879419916334 31.3672341961667
-85.0825631900095 31.33233449639
-85.0812280506442 31.3030803697052
-85.1033613685017 31.2714361848353
-85.0936032611314 31.2270745000222
-85.1029571297253 31.1969220462589
-85.0933668734253 31.1722112527352
-85.0686625031451 31.1623640897378
-85.038068227176 31.1267131739262
-85.0169956507657 31.0801028338282
-85.0016071976334 31.0012534003007
-85.0001419997276 30.9793194525836
-84.9735677000237 30.9636643794248
-84.9690122705718 30.9270937759378
-84.9377761495732 30.8949576392884
-84.9269262387193 30.8469221763844
-84.9325639506934 30.802625045985
-84.9268948431928 30.7760887042882
-84.915343413445 30.7540898084089
-84.8882887897453 30.7438893824889
-84.8645830695962 30.7145032030319
-84.8630037111776 30.7126645389724
-84.3744481609224 30.6940918759687
-84.2816633081929 30.6904191353307
-84.0755622170769 30.6785776000623
-84.0007301518962 30.6755376606981
-83.7378439398488 30.6604911909877
-83.6090560569222 30.6507845923385
-83.3106007386698 30.6343032375269
-83.301315482328 30.6332849379512
-83.1324403803389 30.6213413987424
-82.6963559598951 30.5957200992445
-82.5829575782702 30.5890537915584
-82.4631348832503 30.5826898377285
-82.4120926709198 30.5773075208331
-82.2210395703097 30.5670760290347
-82.2383961480861 30.531444743061
-82.2193674835883 30.5029705380916
-82.1991871719511 30.4900145014502
-82.2055648250395 30.4238531552503
-82.1802341078135 30.3686309203557
-82.1646391875519 30.3612918341259
-82.0527668135565 30.3637944548298
-82.0383547553639 30.3789045785554
-82.0460994945739 30.4340681576703
-82.0351206760364 30.442878325233
-82.0225094921996 30.4777178378262
-82.0058016281534 30.5709905104499
-82.0136526868731 30.5986905381626
-82.044911618847 30.6509107642683
-82.0318811960902 30.75753276526
-82.0129673359901 30.7642564144355
-82.015538717102 30.7913192479577
-81.9814798819521 30.7783517328393
-81.9615513721702 30.7960077712109
-81.9530292094585 30.8204309615747
-81.9438049950591 30.8242494271993
-81.9075183587545 30.8134750654558
-81.899141093328 30.8283082947867
-81.8730017876477 30.7990844044587
-81.803198160572 30.7880849801985
-81.7767079395988 30.7615846557533
-81.7577101754202 30.7696316702207
-81.7366750235978 30.7638888413088
-81.7167688183456 30.7453688965497
-81.6424775174441 30.7290809870991
-81.6279809976449 30.7317742622409
-81.6047710156425 30.7163212810582
-81.6011698908184 30.7248871300769
-81.5365912711366 30.706577299159
-81.5285954877916 30.7214526527694
-81.4983821597286 30.7575148369311
-81.529269052571 30.8647786931871
-81.4848273848571 30.9449000982573
-81.5285609645024 30.9621190260309
-81.4908554850397 30.9858121631104
-81.5354294328489 31.0767563036925
-81.4753376980902 31.0438233173066
-81.5252592487601 31.0865485378616
-81.5283881057047 31.1311281139373
-81.3810060604754 31.1489458440312
-81.3102496316888 31.2426949085912
-81.3008349328935 31.2758189009071
-81.3888131895834 31.2971490597463
-81.3947715908228 31.2640900090948
-81.4103443748257 31.3114801993601
-81.3655812868468 31.3445548526356
-81.3130659410716 31.3375975453654
-81.2085717415423 31.466897315876
-81.1947704996618 31.5051521393949
-81.2391450953454 31.5568831089359
-81.2407192840183 31.6401735904022
-81.1871897446126 31.5998982648136
-81.1349370156985 31.6460701090404
-81.2897291147454 31.799665157239
-81.1751775864286 31.7358025222833
-81.1963663829165 31.7848438785274
-81.1740127367476 31.7998108690079
-81.1368240727791 31.7270738398996
-81.061042730066 31.7775429698153
-81.0390109744209 31.8233600040029
-81.1414678053095 31.8535166905114
-81.1802499193908 31.89767267427
-81.2201057693034 31.8931398643438
-81.2064883559565 31.9206507082445
-81.244947183707 31.8946916725745
-81.2842943640751 31.9494280109591
-81.239683224867 31.9034156747495
-81.2039099248023 31.9284324409696
-81.1973025263735 31.9198956907679
-81.2072581189501 31.900120837565
-81.1799984795161 31.9058911046943
-81.1398508187201 31.8643404881217
-80.970875584245 31.8903139501193
-80.9735561398863 31.9479287150516
-80.8947535795152 32.0059939238177
-81.1048757596731 32.1054460026813
-81.1191123074235 32.1176140300944
-81.1147177986615 32.1905932444351
-81.1476925517913 32.2244467846609
-81.1481731109993 32.2577131389355
-81.1240481751459 32.2766445515914
-81.131890044888 32.3326183284591
-81.1418842567213 32.348467456337
-81.1574790787137 32.3387404019195
-81.1791229158612 32.3717812943982
-81.1782527491877 32.3868294350367
-81.1999269050201 32.4203165559094
-81.1951572478443 32.4645607584348
-81.2362397883712 32.520613973536
-81.2679854788639 32.5339298482675
-81.2743023822226 32.5548140176008
-81.298983534041 32.567287009571
-81.3404038613665 32.5713602924434
-81.3514893657912 32.5835283490035
-81.3667025463888 32.5819794584472
-81.3662676134818 32.5883649179497
-81.3849063649096 32.5958830263814
-81.4121052828609 32.6256090136088
-81.3994783141749 32.6508153349079
-81.4071915250438 32.6867019963945
-81.4205354721022 32.7015669413645
-81.4076260787666 32.7418061601564
-81.4230377099309 32.7498126483616
-81.4160719983172 32.7567284399427
-81.4302403174263 32.7861535714108
-81.4208333313248 32.8094947304519
-81.4303092863297 32.8203050210012
-81.4239616394502 32.831771535068
-81.4323312938326 32.8416816085137
-81.4553190013329 32.8445766582975
-81.4585388413489 32.8714003875851
-81.4832049987009 32.876092075685
-81.4650317117614 32.8977282069894
-81.4770481330604 32.8975717263241
-81.5102366685686 32.9472214740899
-81.509839970123 32.9554188973732
-81.4978997781492 32.9596759183359
-81.4927348468244 33.0048133137248
-81.5087491547636 33.0127933490709
-81.5296007135576 33.0439278437875
-81.5476598503141 33.0436837254085
-81.5600349819807 33.0608149350319
-81.5958251922606 33.07079003117
-81.610962223749 33.087875452303
-81.7042792512713 33.1229388681766
-81.740374666284 33.1446970762157
-81.7634082640351 33.1698348857377
-81.7595935205582 33.1953809754874
-81.7698781322982 33.2138814847346
-81.7798346609471 33.2173679140961
-81.8015635396811 33.2079267401357
-81.8107647427681 33.2264425091539
-81.8539630744851 33.2435008646337
-81.8367965483259 33.2606131041944
-81.8398406003094 33.2733079499958
-81.826572899138 33.2694248257545
-81.8607147570281 33.2970915898305
-81.8401072844714 33.3083447178855
-81.8655440806912 33.3156684726899
-81.8768740167338 33.3068376679828
-81.893483278419 33.3352369460829
-81.9120917492517 33.3321965848843
-81.9114125905005 33.3494956248163
-81.9367121514194 33.3504376050416
-81.9450663328463 33.3771470802287
-81.9258093500634 33.3765598081382
-81.9403358095376 33.408163308089
-81.9135636320837 33.4154417359506
-81.9272738095671 33.4361432282633
-81.9166380824955 33.451332910189
-81.9363832806115 33.4710196640405
-81.9809170141647 33.4907366765445
-81.9965347107135 33.5204905181363
-82.0201406100581 33.5387321304637
-82.0385431417392 33.5475058176817
-82.0656815446151 33.5738649217255
-82.1164029880357 33.5947766297079
-82.1389789104035 33.5939068648655
-82.1671320836866 33.6152152043502
-82.1921876394497 33.6238399454958
-82.21420671543 33.6807345454544
-82.2348981721706 33.6903395482787
-82.2662179171499 33.7615957491367
-82.3055105866775 33.7826480434626
-82.3111185523946 33.8039143524229
-82.3513115818956 33.8353919365428
-82.3657086388162 33.8360097346945
-82.390596547794 33.8541402272832
-82.424525414299 33.8602546364245
-82.4566308989782 33.8782248379062
-82.5175384743497 33.931029734258
-82.576614784124 33.9592878315125
-82.5736087006275 33.9689044112754
-82.5961385808407 34.0134202383713
-82.6029437979289 34.0346366848087
-82.6603553035688 34.1083560439036
-82.7357807829899 34.1697961502507
-82.7425935601244 34.2055536194311
-82.7580279876581 34.2333729594522
-82.7641699677175 34.2809601537556
-82.7828704380478 34.2905157146731
-82.8085830535015 34.3398998890232
-82.8364394858077 34.3710462423795
-82.844092601526 34.4126753526629
-82.8680428963264 34.4575429723072
-82.9050550411483 34.4779853553029
-82.9819628115439 34.4764970914664
-83.0079495911058 34.4708283883787
-83.0549948395099 34.4900615932447
-83.0790212167266 34.5189724434825
-83.1081211059023 34.5350165151609
-83.1373660262876 34.5678676740658
-83.1589505272632 34.5768318282397
-83.1648789222652 34.5989373632901
-83.236987273421 34.6133215989917
-83.298894804541 34.6629454181783
-83.3397900149061 34.6776926363039
-83.3506851506329 34.7096474786312
-83.3503341394554 34.72738151575
-83.3234241306547 34.752233551772
-83.3226905715455 34.787244331982
-83.3027537558249 34.8055316318054
-83.2701139291264 34.8150795057964
-83.2677710107399 34.8392299311095
-83.2504212724513 34.8397104674801
-83.2503065783279 34.8501663657462
-83.2356879138925 34.8623846921569
-83.243073026274 34.8780818464701
-83.2328036461865 34.8738209511595
-83.2194285542058 34.8891824860544
-83.203513267742 34.8841701297206
-83.1821802554349 34.9106474165588
-83.1583528037159 34.9176510672928
-83.1550259840766 34.9322800740411
-83.1375618314676 34.9304757693624
-83.1256365359246 34.940790436291
-83.1131011728063 34.9361251832685
-83.1273147785663 34.9543742120639
-83.12140170134 34.9608933437966
-83.1155422841629 34.9546869901268
-83.1004503495987 34.9841622888642
-83.1061569738507 35.000366708131
-83.5128876420542 34.9921157535224
-83.5492972918908 34.9896284845873
-83.9378991314943 34.9894775119032
-83.9884542500545 34.9891518047362
-84.118152397807 34.9883069959845
-84.3237734916339 34.989090556154
-84.6186847093286 34.9887597674461
-84.7711343281899 34.9907572255424
-84.8004169251833 34.9928322796908
-84.9678571565779 34.9926829480827
-84.9727935378178 34.9926295267483
-85.2677172911793 34.9891498087636
-85.3599438878245 34.9899781417047
-85.4673839007084 34.9901237462044
-85.6089602162505 34.9901641616199
-85.5830580356282 34.8623226551191
-85.5346925955902 34.6224884025546
-85.5258341311767 34.5846856151065
-85.5118559301513 34.5230148510197
-85.4602859241732 34.2901615301398
-85.4165672299404 34.0869203579979
-85.3957377905852 33.9598292697156
-85.3840109358491 33.9054097874599
-85.3352868510977 33.6549230949434
-85.3049800767665 33.4905940310641
-85.2938249844532 33.425875708363
-85.2338462673976 33.129237260647
-85.2335028922441 33.1201394011529
-85.1807197284529 32.8718130182966
-85.1623013377526 32.8074457725548
-85.1280898176054 32.7770703815279
-85.1333007048373 32.7563151798039
-85.1248851250497 32.7443832224212
-85.1138678519411 32.7343891188468
-85.1077333041684 32.6899723746491
-85.0904749305908 32.6761523261383
-85.1038037187814 32.6459103823229
-85.0863240406897 32.6284512647951
-85.0841493949267 32.603004344931
-85.0707744216369 32.5812538387594
-84.9956522169706 32.518928479096
-84.9898150430422 32.4548361836926
-84.9653850518902 32.4294501858587
-84.970961884914 32.3968128124947
-84.9844889642181 32.3870933241337
-84.9716635313846 32.3715031963467
-85.0020899980221 32.3470785227396
-85.0053324510846 32.3295925258289
-84.9210709055564 32.2931369847317
-84.8946035025639 32.2687353881118
-84.8940158788823 32.2591761298648
-84.9053609608961 32.2495557759674
-84.9236796279908 32.2473889995768
-84.9160041260552 32.2285563686775
-84.9283716437355 32.2179784387895
-84.9757438025875 32.2122487204353
-84.9603852752889 32.1919284376309
-85.0078260926386 32.1788785384061
-85.0243823514691 32.1662750781008
-85.0533136579289 32.1266376448382
-85.046187259254 32.0908949913561
-85.0566549357244 32.0696439454843
-85.0620107617352 32.0500102920991
-85.0567002477577 32.0173765203509
-85.0700671081992 31.9807030736301
-85.1151502558155 31.9074247500776
-85.1355669344631 31.8548844137198
-85.1315611123421 31.7838145657199
-85.1301648712312 31.778853672117


-81.4850555967462 30.9038830704629
-81.5033053772433 30.8817350483411
-81.4698871419111 30.8602588644255
-81.4794603415988 30.7368833934474
-81.4557166048237 30.7164274298842
-81.4030527080982 30.9388031406114
-81.416405104746 30.970600047506
-81.4850555967462 30.9038830704629

