NaN  NaN
-91.1201324458079 40.7054430853053
-91.0928951526236 40.7615871092817
-91.0890502695948 40.8337674861069
-91.0493536735639 40.8796233416421
-90.9834189693665 40.9239649616112
-90.9608509342302 40.9505415875963
-90.9547939103174 41.0703973298849
-90.9579298891755 41.1043932523764
-90.9904854657331 41.1444046114074
-91.0184022505193 41.1658577458188
-91.0564663602341 41.176290257977
-91.1016720192436 41.2315519929841
-91.102496456158 41.2678481882471
-91.0734289726202 41.3349253706845
-91.0559355416905 41.4014073054416
-91.0276377762307 41.4235364759013
-91.0008427707096 41.4311127421861
-90.949800649924 41.4212638456605
-90.8442837822745 41.4446525356188
-90.7800426831899 41.44985255988
-90.708354613045 41.4500936593358
-90.6589297375422 41.4623507046517
-90.6008378029169 41.5096188031289
-90.5409754772051 41.5260034668008
-90.4551261544257 41.5275795523085
-90.43509834614 41.5436125873014
-90.4231352637825 41.5673054184025
-90.3484942767923 41.5868824103659
-90.3394762639213 41.6028314888971
-90.3412624105656 41.6491222689255
-90.3261570233379 41.722767950897
-90.3050158621799 41.756497081381
-90.2554387407709 41.7817690413387
-90.1959656651667 41.8061669912383
-90.1546448451232 41.9308021367651
-90.1427967503368 41.9839895278463
-90.1506630602384 42.0334532086115
-90.1682262959709 42.0610667627835
-90.1667767223318 42.1037669165116
-90.1762144636605 42.1205242372018
-90.19170240605 42.1227099310285
-90.231063112785 42.1597414854526
-90.3237299895918 42.1973374145764
-90.3678582678001 42.2102266723886
-90.4073017721273 42.2426617515853
-90.4181124359413 42.2639391318113
-90.4278091232618 42.340644954386
-90.4417250802803 42.3600836299974
-90.4911711742602 42.3887914637005
-90.5637116510656 42.4218436822154
-90.6059553704284 42.4605645940667
-90.6484737738083 42.475647019796
-90.6518991107146 42.4947005718712
-90.6384560963599 42.5093636839918
-90.6257074348461 42.5285622838299
-90.6392190290607 42.5557141169534
-90.6643806271641 42.5713918079808
-90.6947911131375 42.6379287671111
-90.7456100695886 42.6570014302673
-90.8925456651592 42.6782400547389
-90.9194089569959 42.6806774289755
-90.9991821130899 42.7070587627347
-91.0661686954058 42.7449138543659
-91.0820303255369 42.7833648801814
-91.0934286878286 42.8714402959622
-91.1391217377544 42.9258937074417
-91.1522138134926 43.0013164133112
-91.1597518205297 43.0811827642084
-91.1685715342186 43.0828878927565
-91.1613540649818 43.1475759290793
-91.0690522883689 43.2578982275476
-91.0664279003866 43.2806829026437
-91.0784980300101 43.3132978076873
-91.1770487337014 43.3539461618861
-91.1982436244129 43.3705129909022
-91.2109165788835 43.4240510516753
-91.2359034673886 43.4646842675378
-91.2235667796587 43.5008086595185
-91.6110989749481 43.5006261853338
-91.7303661652997 43.4995717605756
-92.0775325230263 43.499153513998
-92.4531691122113 43.4994619143947
-92.5580084257835 43.5002595022348
-93.0272108293768 43.5012788635835
-93.0543803044398 43.5014574340012
-93.5008302025135 43.5004884829356
-93.653699466766 43.5007626988541
-93.9739498040804 43.5002988511065
-94.2467873911458 43.4989484742926
-94.4552382894281 43.4981020923778
-94.859839276263 43.5000304051637
-94.9204646838526 43.4993712448179
-95.3965585901372 43.5003340364673
-95.4647753585947 43.4995410217166
-95.8669120002192 43.4989439769817
-96.0610395014389 43.498533697461
-96.4604547078315 43.4997184756898
-96.598315428219 43.4998490975791
-96.5837958978062 43.4819205535996
-96.5891129505575 43.4355391262275
-96.5577087170132 43.4007272259127
-96.5250535412843 43.3842252910413
-96.5228938744308 43.3569663195107
-96.5405632734769 43.307659139748
-96.5791308298904 43.2900740306766
-96.5707224965755 43.2636122914599
-96.559567772089 43.2532633182258
-96.5669911071477 43.2396337909954
-96.5586057702159 43.2254892270262
-96.4872451689755 43.2179092697119
-96.4731145701049 43.2090821295544
-96.4515050880692 43.1263087732519
-96.460804816306 43.0878728592997
-96.4620939419638 43.075582202376
-96.4795732478976 43.0618840567811
-96.5200103858023 43.051508664474
-96.4990199957611 43.0120501064927
-96.5171478195164 42.9864580906085
-96.5149350519869 42.9523820814978
-96.5442634617344 42.9138663406581
-96.5375110890159 42.8969064560324
-96.5562111991181 42.8466606609486
-96.5731261406702 42.8343473823113
-96.5876454371957 42.8353813945249
-96.6008750611506 42.7995586266164
-96.6329805597535 42.7768356021372
-96.640709192144 42.7486038180978
-96.6265407804251 42.70835472382
-96.56303923913 42.6685130300247
-96.5411650971666 42.6624053661285
-96.5128440201087 42.6297550903686
-96.4884981845359 42.5804806539459
-96.5009420346642 42.5738851852149
-96.4893375011233 42.5640279717967
-96.4802432442006 42.5171303049452
-96.4393947509647 42.4892408377156
-96.3960742327441 42.4674012772387
-96.3978902829953 42.441793101272
-96.4176283075618 42.4147774592562
-96.4117614486778 42.3809179971184
-96.4241751762999 42.3492788847348
-96.3897808818021 42.3287896719748
-96.3687003210519 42.2980237265253
-96.3428815641743 42.2820816955037
-96.3326578610728 42.260307132502
-96.337708442908 42.2295223162304
-96.3635118431292 42.2140424887771
-96.3521657615404 42.168185405895
-96.2851229976765 42.123452670924
-96.2654831160455 42.0488969554024
-96.2387254806183 42.0284381681892
-96.2360928599206 42.0012580980752
-96.2028425096417 41.9966156076483
-96.1852176902909 41.9806854764309
-96.1473284418444 41.9662545016057
-96.1458707848194 41.9249070891742
-96.1599702220889 41.9041513852191
-96.1356235834612 41.8626208316748
-96.0764171181104 41.7914690785526
-96.099320983094 41.7529750937888
-96.0997711804427 41.7315636680423
-96.0855573396554 41.7049872846604
-96.1222023396997 41.6949130712865
-96.1202644618568 41.6840948569989
-96.0993060692054 41.654680377786
-96.1113076339499 41.5990063360194
-96.0808351254356 41.5760003085601
-96.0919362332193 41.5631451632737
-96.0858402888059 41.537522447069
-96.0501720028408 41.5243351452143
-96.0045927729456 41.536663666234
-95.993964871631 41.5281036385833
-95.9966886736327 41.5115177407886
-96.0134510034244 41.492994088652
-96.0068973653038 41.4819545344805
-95.9531857305245 41.4723872072953
-95.935065779099 41.4623813790665
-95.9400563205652 41.3948054356641
-95.9428952016611 41.3400771149559
-95.8891071176484 41.301389068661
-95.8975913590802 41.2868630350679
-95.9112023196568 41.308469075071
-95.9302305720019 41.3020567682491
-95.9109813011904 41.225245096276
-95.922249965015 41.2078539506329
-95.9161002851104 41.1940638351955
-95.8591984370234 41.1805368728058
-95.8598009612329 41.1668650456103
-95.8766852492484 41.1642024105376
-95.8582741314166 41.1091870222413
-95.8788047412041 41.0658712509288
-95.8595394801997 41.0350028595074
-95.8608970428888 41.0026505190073
-95.8376032315859 40.9742580400834
-95.8365411444113 40.9011080428442
-95.8343965593688 40.8703008088672
-95.8464356318246 40.8483322047714
-95.851790435283 40.7926000253044
-95.8766160838233 40.7304362884448
-95.7679992623006 40.6431173260368
-95.7575462791966 40.6209044050126
-95.7674795852398 40.5890479952096
-95.382555095884 40.5843340093787
-95.2174284146974 40.5818925987708
-94.9206158722331 40.5772183148122
-94.639876320884 40.575744856122
-94.4852311155788 40.5742048680883
-94.2383917978808 40.5709661436833
-94.0180588623528 40.5740221097314
-93.78630370096 40.5784484988924
-93.5629104610233 40.580813860252
-93.3702713482939 40.5804911252976
-93.1009385911703 40.5843472673901
-92.7178154575551 40.5896671790964
-92.6464324165599 40.5914619056485
-92.3615131092551 40.5995762450555
-92.1931744167433 40.6000887188336
-91.946370183648 40.6082666211982
-91.7417117785904 40.6097843674944
-91.7169764048207 40.5934354677793
-91.6899597560415 40.5812025311316
-91.6920809036743 40.5516776256622
-91.622536513102 40.5329033163068
-91.6168601613183 40.5048738271577
-91.5860286246556 40.4845194169649
-91.5793830849706 40.4637602088021
-91.533208268896 40.4554411066996
-91.5388465218747 40.441288675833
-91.5296069532136 40.4350861780817
-91.5276917691468 40.4101689010293
-91.5003774954314 40.4051606084008
-91.4903138516326 40.3908061091367
-91.4770381934818 40.3910121558996
-91.4487471564049 40.3719466182637
-91.4189685913151 40.3869192694689
-91.385909198391 40.3924048874231
-91.3729083225561 40.4030325886378
-91.3855511655391 40.4472940413254
-91.3749464781203 40.5036976293474
-91.3822556522285 40.5285383313692
-91.4130259733114 40.5480345602038
-91.4112710901028 40.5730126128812
-91.3757627300253 40.6034802448646
-91.2622111209491 40.6395869370641
-91.2150599786405 40.643859446667
-91.1626444034791 40.6563523669938
-91.1293030749525 40.6821889727746
-91.1201324458079 40.7054430853053
NaN  NaN
