NaN  NaN
-86.5106681729942 36.6550742141329
-86.4154436379233 36.6509321366908
-86.1989925271939 36.6432906639691
-85.9806106782448 36.633112657611
-85.785476384702 36.62668526607
-85.4373746175903 36.6181989810276
-85.3000946381889 36.6261009236939
-85.2724982773073 36.6256168039722
-84.9984611962111 36.6209826428203
-84.7910568723549 36.6054383594152
-84.781870784101 36.6050761598833
-84.2567774582751 36.5954983253834
-84.2544885948187 36.5954525757939
-84.0067465715187 36.5920881162625
-83.9355998465387 36.5912908042263
-83.695608633552 36.5842494058307
-83.6751767779422 36.59870387507
-83.6468026223996 36.6169769718214
-83.5308949469604 36.6614809602143
-83.4602213075515 36.6618325651555
-83.4041505851927 36.6723273909237
-83.3858547999664 36.6882196347474
-83.3213836986153 36.7095329501122
-83.203656562889 36.7342606278109
-83.1385135640831 36.7400592608854
-83.124390864088 36.7511676478044
-83.1282206506728 36.7791526938786
-83.0679519281288 36.8509961538949
-83.0466341524314 36.8587935503694
-82.9508056915213 36.8640784586876
-82.8780428727109 36.893694238085
-82.8606320841382 36.9321623718302
-82.8665598432633 36.9745857651711
-82.8122227085558 37.0056007595079
-82.7235981560209 37.0339923682353
-82.7200576547545 37.0659298172553
-82.7091701311092 37.075482281352
-82.7213772601893 37.0931177496069
-82.7190958255562 37.1100172914789
-82.56802270094 37.1939190518144
-82.5500399164933 37.1993783814184
-82.4058850037637 37.2507041975685
-82.3538423434752 37.260519600467
-82.288950934185 37.3048612192352
-81.9595752559297 37.5311726196289
-81.9765742755516 37.5432534483332
-82.0263511693733 37.5305195250327
-82.0491341809237 37.5514538202535
-82.0556653408102 37.5253425321624
-82.0843920504403 37.5483099090524
-82.1425091726566 37.5574524979734
-82.1465225053321 37.5659208983498
-82.1374734191813 37.5698959116523
-82.1317814946938 37.5905369780361
-82.1593102199621 37.5935690802839
-82.1855494012877 37.6406677677666
-82.2054405975475 37.6240165335496
-82.2383711562884 37.656775872237
-82.2956247745408 37.6690580326702
-82.3294012031438 37.7441714871732
-82.3194978866149 37.7584268520686
-82.3398465759663 37.7844003083255
-82.4058057432277 37.8117197137467
-82.4215083258885 37.8723565285176
-82.4376072765301 37.8948548600619
-82.5002094692154 37.9222618980716
-82.4933963519265 37.9425137288734
-82.480174161688 37.9543964226939
-82.4757796712415 37.9759070493071
-82.524678605298 38.0156623478137
-82.5932086977126 38.1099625844435
-82.646127983197 38.1463307005486
-82.6471582603252 38.1694356505033
-82.6137636388564 38.1780948680894
-82.6066454186315 38.1938262489827
-82.616228731902 38.2388116463152
-82.5891132321387 38.2453880857478
-82.574578950842 38.2559737163217
-82.5800496260145 38.2925104464826
-82.572298054739 38.3078110430161
-82.598239157166 38.3684639621207
-82.5866043088359 38.4125194224537
-82.6137433379651 38.4726688337026
-82.6697603574158 38.5021407722218
-82.6955793642933 38.5391428294601
-82.7419448162975 38.5530662073486
-82.8023639107609 38.5572886775579
-82.8269924854152 38.5716621183892
-82.8538566639593 38.6004587371503
-82.8600294858941 38.6523951466567
-82.880011744564 38.6833013226062
-82.8731911677823 38.7190064779649
-82.8903122480228 38.7427754690297
-82.9213038087217 38.7464144846546
-82.972483103327 38.7196429959584
-83.0269434347116 38.7145119991138
-83.0608799170539 38.6857264630017
-83.1112431136575 38.6648333651597
-83.1431499750977 38.6193396966029
-83.1819390743195 38.6098410346599
-83.2450135606284 38.6241723630441
-83.2727548748104 38.6092569222626
-83.2900435785732 38.5966379602472
-83.3065312653877 38.5963174248036
-83.3203257653401 38.6065634765907
-83.3300232564578 38.6319880306114
-83.3714219489845 38.6549977034897
-83.4536162999543 38.6637746596862
-83.5000734679638 38.690137357128
-83.526555981969 38.696111041032
-83.6183785196076 38.6779722718334
-83.6332409466577 38.6649719664098
-83.6431897561886 38.6358624635654
-83.6557556666292 38.6238806809261
-83.6785301000227 38.6209281353376
-83.712825428618 38.6355534097723
-83.7702232329137 38.650819405338
-83.7904649815274 38.6938445378462
-83.8375322435588 38.7118799039528
-83.8575526890278 38.7449183938572
-83.9125395047095 38.7579603800755
-83.9621627892472 38.7776474056309
-84.0538016012981 38.7637349934305
-84.0888671071979 38.7655047394295
-84.1767522626135 38.7884985944901
-84.2287021102685 38.8126904458503
-84.2352944474892 38.8745556222277
-84.2615250982177 38.9174773125027
-84.2901361030169 38.9445378637403
-84.3133151278336 39.014074138235
-84.3457790116403 39.0378123176184
-84.3913122739829 39.0357444360707
-84.4197401104714 39.0473368904498
-84.425683749535 39.0847240819073
-84.444918075979 39.1118269376755
-84.4920536098813 39.1073635038858
-84.5153007968991 39.0941952341113
-84.5930686595367 39.070265611257
-84.6226484760206 39.0749345727981
-84.6674874871449 39.0896244882795
-84.7428755878621 39.1420637748434
-84.7899269988898 39.1070335912354
-84.81148058301 39.1025855115064
-84.8278613547987 39.1036877674048
-84.8867079668198 39.0650450015205
-84.8899961256038 39.0506485732317
-84.8762931465368 39.0328954474865
-84.8442256667783 39.0058310025456
-84.8344443965779 38.98277550246
-84.846315847352 38.9546310780086
-84.8758801493223 38.9276041700824
-84.8752543860379 38.9094313024092
-84.8597435114244 38.9020425223312
-84.8032240050715 38.8971908595052
-84.7886668678083 38.8843852980114
-84.7874461259782 38.8666434823042
-84.8244261910504 38.8344629497042
-84.8187802303235 38.7934099982582
-84.9756111877111 38.7806410183922
-85.0250730726016 38.764291113864
-85.0684546610616 38.750424603378
-85.1196570780868 38.7141393628001
-85.1609332135021 38.6951765052421
-85.2051618437764 38.6958170413595
-85.2713939330139 38.7443767592676
-85.3350091958009 38.7370064025018
-85.4181866162644 38.7384171670398
-85.4466906213012 38.7248406803013
-85.4536792483365 38.6946745390103
-85.4244045991195 38.5848401599215
-85.4174617192488 38.5614756142213
-85.432369780701 38.5370160928693
-85.4663821281019 38.5181753628103
-85.5072000237874 38.471419551854
-85.6126402894388 38.446670375764
-85.6435929748204 38.3836879378367
-85.654228238662 38.3377528692459
-85.681388997794 38.3009537036963
-85.7469260083932 38.2703150949771
-85.7862108031498 38.2823915940124
-85.8065513133062 38.2861792248908
-85.8399076966583 38.2762914813239
-85.8523357521911 38.238561041348
-85.9120745452086 38.1800014838715
-85.9147511151841 38.0648748591422
-85.9308719355951 38.034048876233
-85.9585820940509 38.0118406095775
-86.0066633201115 38.0017670737263
-86.0316198158307 37.9929506600364
-86.0527156892641 37.9667844806183
-86.104986573394 38.0113361451773
-86.1906216841403 38.0177584307759
-86.2521549356747 38.0407215021446
-86.277698957837 38.058172975235
-86.2914400750094 38.0784895277861
-86.2976743325246 38.1503040958879
-86.3416058899801 38.1772881494571
-86.3643499429474 38.1932902325194
-86.3883069100136 38.1948080328253
-86.3871010468 38.1680214834694
-86.3431238881817 38.1555598192453
-86.3354178455955 38.1440282528917
-86.3440391531709 38.1342701851064
-86.393677106831 38.1232944153849
-86.4071812537777 38.1082185848164
-86.4525242238683 38.1297552896484
-86.4648460010231 38.1291561416585
-86.4743369239623 38.1117076402344
-86.4425211885206 38.0886981996705
-86.4424675823122 38.0759953511702
-86.4583673572556 38.0591608698586
-86.5031147440645 38.0516487974382
-86.5190912283611 38.0470479141293
-86.5278343905969 38.0186932030166
-86.5308478759636 37.9874773037153
-86.516901010803 37.9422420486058
-86.5227377872978 37.9278716585056
-86.5410872028347 37.9215158308346
-86.5817839150946 37.9256653787747
-86.5983098217796 37.9210720274265
-86.6147824607846 37.8579754898858
-86.645568203442 37.8460003365155
-86.6659241578432 37.8473808714035
-86.6706697969234 37.8606408643363
-86.6603086454544 37.9025728769351
-86.6686555016737 37.9131967871253
-86.6891259363411 37.9118535383339
-86.7288765680828 37.8946214413437
-86.7538255847893 37.8983593638332
-86.8028154972801 37.9787998846179
-86.8263071552482 37.9915597077091
-86.8632727013398 37.9869202326586
-86.900077899892 37.9536969879516
-86.9315729136838 37.938040724569
-86.989031549046 37.9306161664831
-87.0131563777109 37.9247639268183
-87.0364800083727 37.9080054345509
-87.0713083041007 37.8071361431403
-87.1064270674831 37.7842511762003
-87.1318794192132 37.7897363615659
-87.1580798741816 37.826967486048
-87.1757806882666 37.8386401947759
-87.226761825554 37.8491183470039
-87.2727459388913 37.8708194103053
-87.3105589119421 37.8937184166169
-87.3875506289597 37.9349692155165
-87.4522884037149 37.9365207505541
-87.5048029485417 37.9156270031471
-87.6043257240091 37.9711573198373
-87.6271375737057 37.9234546658806
-87.5947183783029 37.8907666463449
-87.5936344509501 37.8649107154254
-87.6075887776609 37.8438192895582
-87.6516958656896 37.8281751349818
-87.6847174116432 37.8363728161595
-87.6797209569085 37.8970493378792
-87.7094081501652 37.8997539244585
-87.7282000153974 37.8945849893321
-87.7537824326935 37.8981288619025
-87.8236471993993 37.8782550216566
-87.8571874142473 37.8909469157228
-87.8990364465483 37.9245969463054
-87.9218949099373 37.9199089300241
-87.9344837893137 37.904203896365
-87.9368488484946 37.8752235361624
-87.9102286413016 37.8386134566058
-87.9201699786944 37.8097285459625
-87.9396104384072 37.7995510678409
-87.9587380494242 37.7762242517409
-88.0112228968478 37.8013522474257
-88.0356073439534 37.8057279050194
-88.0725039638053 37.7354461998767
-88.1336703044624 37.7007907786447
-88.159404386901 37.6607335395919
-88.1576641894898 37.628526559458
-88.134202057652 37.5836204217666
-88.0715914713672 37.5110386032244
-88.0879105655745 37.4763216973515
-88.3117424820464 37.4429033025395
-88.3592141681292 37.4093610567464
-88.419893554403 37.4203432412273
-88.4676859561995 37.4008084371049
-88.511365178177 37.2969057632051
-88.5014689152382 37.2578364471264
-88.450738961298 37.205724438504
-88.4225549910502 37.1569654245737
-88.4505110390145 37.0987273102449
-88.4768417264925 37.0722004387704
-88.4907432667963 37.0682371308779
-88.5173176378463 37.0648267364289
-88.5593190002438 37.0728714131831
-88.6142679530367 37.1091025287746
-88.6884212086995 37.1354651044129
-88.7391665593048 37.1412363376799
-88.7465598581524 37.1521615318569
-88.8633498471503 37.2022475575954
-88.9325677662407 37.2184595035745
-88.9932401183652 37.2200879803029
-89.0651040416988 37.1859115907085
-89.1168931380891 37.1121885561653
-89.1464197019938 37.0932369170363
-89.1696209893749 37.0642870560925
-89.1744039557536 37.0257625307982
-89.1503164771803 36.9984916525611
-89.1299298602513 36.9881656914537
-89.1072162055416 36.9775040571059
-89.1050338653654 36.9539220770253
-89.1296537695887 36.8664945361285
-89.166565665821 36.8434768543693
-89.1735313341446 36.8294390146117
-89.1644441219421 36.804476214643
-89.1259067613141 36.7924680183802
-89.1255402582893 36.7680887738915
-89.1514350491696 36.7590975830134
-89.1772689322554 36.7609818762401
-89.1963655996232 36.7274780703555
-89.1975633899061 36.7134250574374
-89.1678993468083 36.6716284847978
-89.1771616076676 36.6530627654874
-89.2001876332973 36.6313576237861
-89.2101287779705 36.5819546744135
-89.2416846800885 36.569328370687
-89.2834948717057 36.5753095893361
-89.3223449681677 36.6220764759103
-89.3423955613942 36.6289083710958
-89.3636210686995 36.6257612726571
-89.3739514963766 36.616247637228
-89.4182103731204 36.5106251110882
-89.4147846548692 36.5026793108435
-89.3466676017908 36.5026108089583
-88.8303725210313 36.4998546765866
-88.8263593294413 36.4999080492987
-88.8107185759901 36.4990458143214
-88.5126811438787 36.4995467004194
-88.4960256220043 36.4982076026975
-88.0427634042834 36.4965703400273
-88.0350796382961 36.5381999052039
-88.0410910767903 36.5827211925188
-88.0713410698433 36.6796832563404
-87.8707114200773 36.6694231918372
-87.8535374192374 36.6415224035434
-87.6935284355087 36.6444886692232
-87.6406553976253 36.6452169761114
-87.3466109435594 36.6492773804525
-87.11270271488 36.6513077660911
-87.0681840098596 36.6508112445931
-86.7705352136402 36.6521007800576
-86.5106681729942 36.6550742141329
NaN  NaN
-89.5332722884338 36.4981701441748
-89.4758977248385 36.4986089858186
-89.4817572743346 36.5047581085309
-89.4714497533838 36.5256163547986
-89.4817497774818 36.5478363630808
-89.493201833991 36.5591771346443
-89.5304419073772 36.5646166211264
-89.5562146621671 36.5578036567361
-89.5682312249958 36.5414695145559
-89.5670638263092 36.5187993771114
-89.5332722884338 36.4981701441748
NaN  NaN
