NaN  NaN
-95.07193109811 37.0014780674299
-95.0327450815612 37.0007794392778
-94.6203796376912 36.9970468237132
-94.6206638676799 37.0601475533797
-94.6189775221893 37.3277322857884
-94.618764441424 37.360766482215
-94.6189960429386 37.650374321953
-94.6192936785187 37.6798689280977
-94.6167353371693 38.0303877411189
-94.6173303263876 38.055784837357
-94.6190534991515 38.3920320272517
-94.6187177065389 38.4714737258641
-94.6131481947747 38.7372224308096
-94.6124696654656 38.8371089096843
-94.6092813424634 39.0446676651878
-94.6081367864164 39.1128009586178
-94.6012243093762 39.1412276647328
-94.6126534522095 39.1516492526966
-94.6464068497116 39.158427841948
-94.6755137983894 39.1749223276416
-94.7305309461746 39.171256416042
-94.7900492914923 39.1968829757069
-94.8208192842533 39.2110046505539
-94.8334765331867 39.2617660205541
-94.8811077732328 39.2860458708519
-94.9076813995049 39.3230284700345
-94.9113435368246 39.3401217508395
-94.8982816593786 39.3806406678593
-94.9257480001496 39.3812661376612
-94.9584938855715 39.4114472233923
-94.9862042598468 39.4394616215765
-95.0405114608605 39.4629407284024
-95.0475992838867 39.4853288064319
-95.1020369987408 39.5328485478957
-95.1089880729704 39.5606920176429
-95.0536130925577 39.5867761785005
-95.0560171833566 39.625689733093
-95.0282920673642 39.6619134718391
-94.978570591812 39.6849880529496
-94.9617863830239 39.7320382320422
-94.9531421136041 39.7365014323348
-94.9308558369552 39.727025905148
-94.9056781107112 39.726755181953
-94.8778607324787 39.7393055627822
-94.8711850315568 39.7541179695705
-94.8770675596751 39.7606792157561
-94.9217999904165 39.7578408910459
-94.935113920798 39.7754266104547
-94.9332676532259 39.7827737328809
-94.8993236192415 39.7937754306095
-94.8885051406264 39.8173998679665
-94.898324613156 39.8283327692328
-94.9238762802993 39.833131624215
-94.9365111558861 39.8493860544701
-94.9382437203224 39.8960818279774
-94.9650237551983 39.900823541003
-95.0217725502981 39.8969786850066
-95.0335065106266 39.8778442881217
-95.0632462696611 39.8665379740374
-95.1007225558306 39.8698649954976
-95.1505514013284 39.9080546761413
-95.1939634022579 39.9101800936863
-95.2075976096638 39.9381762630214
-95.2409615197206 39.9421058384133
-95.308697209739 39.9994075748966
-95.3297013527267 39.9925950320474
-95.7807002239152 39.9934894834034
-96.0012537321721 39.995158941643
-96.2405985632704 39.9945031906408
-96.4540383019399 39.9941727522704
-96.8014203269346 39.9944759681187
-96.9082875677693 39.996154802955
-97.3619118628176 39.9973802328794
-97.8165893210891 39.9997291896237
-97.9295887050275 39.9984528583572
-98.264165776521 39.9984347815801
-98.5044791617254 39.9971296815045
-98.7206323512841 39.9984613082759
-99.0647469947207 39.9983379848291
-99.1782010360044 39.9995770488454
-99.6278593903364 40.0029878613976
-100.180910663243 40.0004787238625
-100.191111650703 40.0005855247365
-100.735049472397 39.9991723116564
-100.754855877507 40.000198282162
-101.32214863482 40.0018210447365
-101.407393337781 40.0010037120327
-102.051535596434 39.9989182728278
-102.049442507662 39.5686933622379
-102.048801584447 39.5628035180916
-102.047874719263 39.1267534832
-102.048972538957 39.0370029188915
-102.047568440936 38.6925505149901
-102.047584160548 38.6154993640496
-102.045549640322 38.2633436193344
-102.046060904132 38.2538220806459
-102.04397657417 37.7343986213713
-102.044455910114 37.6414742210535
-102.042010650289 37.3862794433515
-102.037207602599 36.9889939197762
-102.024519464501 36.9888757490654
-101.55367610944 36.9966930458734
-101.071604192395 36.9974667126978
-100.950586859868 36.996661689339
-100.634245618228 36.9978323335316
-100.088573981101 36.9976524956006
-99.9992617479432 36.9954175257409
-99.5446396923613 36.9954629108102
-99.4374736082493 36.9945583965996
-98.9995161398759 36.9980727934686
-98.540219618433 36.9983759139801
-98.3471435976306 36.9990615091091
-98.1045290729196 36.998671345032
-97.8042499377042 36.9985676282825
-97.4654049181247 36.9964671394098
-97.137692826494 36.9998082437565
-96.7486961959192 37.0001660629802
-96.5191876912757 37.0005778020035
-96.0060497122007 36.9983338098062
-95.9579609448337 37.0000828949687
-95.7857486121364 36.9981139405669
-95.5260187862325 37.0010188368678
-95.4066224459417 37.0006155845495
-95.07193109811 37.0014780674299
NaN  NaN
