NaN  NaN
-121.441508911406 41.9943345308753
-120.871908519109 41.9876721779537
-119.993459369715 41.9892049531992
-119.351692186077 41.9888529749781
-119.3109421304 41.989135387281
-118.185316829038 41.9966370981387
-117.018864363596 41.9947941808341
-117.026295220045 43.6790312226004
-117.023794477971 43.7537015926794
-117.037117330473 43.800141963624
-117.027626548295 43.8315678483138
-117.010505344258 43.8397697264411
-117.016220426787 43.8529724419634
-116.985769945695 43.8593508862889
-116.978148119756 43.8734692305504
-116.978141228786 43.9044410423274
-116.959715844454 43.9285769433414
-116.967956848099 43.9631956105834
-116.933593484224 44.0142025695716
-116.976817765704 44.0738948202899
-116.963443200146 44.090298169114
-116.946886686949 44.0930258111951
-116.902254132599 44.1463138321419
-116.913051097385 44.1773044506484
-116.981871729265 44.1978422986385
-116.976127235356 44.225182362645
-116.99270711064 44.2470633967105
-117.030352023293 44.2493365546444
-117.052027613364 44.2315559603412
-117.081386867577 44.2438466037113
-117.100560675447 44.2670779004604
-117.112691921322 44.2698052758843
-117.143278940324 44.2506322436234
-117.170722952687 44.2533327374994
-117.213571878683 44.2847196851647
-117.217455714498 44.3006651372011
-117.201602017039 44.3394380033709
-117.236920894466 44.3899826429371
-117.217221802736 44.4278552410788
-117.224409907123 44.4729870546087
-117.203962567437 44.4857855049483
-117.187391126196 44.5118056022903
-117.1451606624 44.5346556241885
-117.143939864097 44.5592869485007
-117.130503910469 44.5725238664124
-117.079353923671 44.6893364257274
-117.066513051783 44.6975569657362
-117.039572246368 44.749115712801
-116.951494105467 44.7760351265198
-116.909620757374 44.8289402518746
-116.897366859846 44.8485551014903
-116.867076347262 44.8686084474449
-116.835396183444 44.9201440913313
-116.847556799088 44.9548499437335
-116.831396506105 44.9726336704264
-116.848158998462 44.9717412377244
-116.855887624852 44.9799657227584
-116.848097045025 45.0000421568822
-116.854513190899 45.0169452945603
-116.807307341613 45.0497552840876
-116.787210028569 45.075752513234
-116.77809192451 45.0994801033861
-116.761268252635 45.1063007182859
-116.736585294563 45.1373070907968
-116.688813374421 45.2623508428019
-116.672265496083 45.335410289815
-116.565771964133 45.4598636753961
-116.554503319145 45.4936471953906
-116.478551260109 45.566058496306
-116.470418797949 45.6062572703347
-116.514915090692 45.6644908956717
-116.52827492994 45.7107280103095
-116.560631908125 45.7474245686917
-116.654397936737 45.7806301604239
-116.703180308495 45.8191692439007
-116.773707129394 45.8197636132853
-116.791262487748 45.8458671060854
-116.856471818728 45.9035973451801
-116.89819704847 45.9805159416948
-116.919132428078 45.995175487463
-117.481663000967 45.9998347138602
-117.602826163512 46.0002681586202
-117.982677428834 45.9998805158959
-117.992527778446 46.0016389052483
-118.982132819163 45.9990583744824
-119.03222168131 45.9662745814382
-119.140250599579 45.9257086397924
-119.178742642589 45.922351608477
-119.302763509833 45.932662726596
-119.379441421397 45.9176100650698
-119.43886108987 45.9142685232279
-119.512220001301 45.8992005968695
-119.589294282545 45.9133149491969
-119.622116728299 45.8994103389685
-119.678445663881 45.8525390300795
-119.833555881044 45.8416093443199
-119.869735634541 45.8316985251524
-119.994320160406 45.8111403450749
-120.06864786541 45.780202445303
-120.155907860861 45.7612616683351
-120.207445390097 45.7197840646162
-120.283634874867 45.7165828733931
-120.443383762852 45.6892797229393
-120.499156501925 45.6956306780396
-120.570082462284 45.7409179414327
-120.623757205266 45.7436105722949
-120.658403368137 45.73261248754
-120.696993903513 45.7105098195153
-120.861419667766 45.6651862544925
-120.907937250867 45.6354771069445
-120.948572830946 45.650315967172
-120.968478511648 45.6451545411606
-121.03348258367 45.652844415437
-121.073529928592 45.6466107733405
-121.125204665552 45.6070590988379
-121.174316011579 45.6005161602332
-121.192054666449 45.6132419265196
-121.203308118047 45.6572869347703
-121.214271714275 45.6656449638228
-121.276390902266 45.6783399720311
-121.319977744287 45.6966428366174
-121.367814251197 45.6996865954037
-121.422029028765 45.6906031881202
-121.442552169491 45.6949670880414
-121.529054611543 45.7195676794317
-121.706416861345 45.6887931706508
-121.758694096887 45.6897160514309
-121.81104103467 45.7006830895236
-121.888283498804 45.6768563701943
-121.926820689078 45.6420283739518
-121.972659451544 45.635776084156
-122.000011553714 45.6178242910982
-122.082037518263 45.5905040124361
-122.244922293538 45.5481128647605
-122.303150328761 45.5430928345032
-122.356457483648 45.5661712430674
-122.437154197887 45.5647789119432
-122.565429806458 45.5948187685695
-122.651209200341 45.6068304566963
-122.696323093542 45.6310455505125
-122.760541289247 45.6493974102277
-122.772551033013 45.7276855424654
-122.764288518601 45.7605680280893
-122.788009565757 45.8003435918391
-122.784515918404 45.850449518489
-122.784073650236 45.867886451725
-122.80622291556 45.904072429548
-122.807741767287 45.9438901212784
-122.875417724143 46.0271833271028
-122.899757285914 46.0793296870295
-122.974169260528 46.1104834436909
-123.050596211575 46.1557362282158
-123.118554158558 46.1793104942643
-123.176196406189 46.1835864554168
-123.212437026773 46.1700060595961
-123.2487994158 46.1440203375679
-123.304717085176 46.1447375703216
-123.363556869282 46.1441540217556
-123.517029327465 46.2360915816934
-123.670246414445 46.1744984869019
-123.717160979572 46.1698937903229
-123.761414136743 46.2099393736492
-123.820978312563 46.1936496044227
-123.777083420864 46.1444302589353
-123.79409646853 46.1114485870021
-123.977340685096 46.2027060092254
-123.921187205303 46.0123233522242
-123.99650569635 45.941921948877
-123.956273973105 45.8710413769648
-123.976629080128 45.7754823868778
-123.936075916583 45.7028352141538
-123.953415554061 45.5685287159887
-123.859507215328 45.4990826750735
-123.892107877309 45.4740501614952
-123.936674662283 45.5079659141045
-123.980559908989 45.4850845032037
-123.956606852952 45.2929657161069
-124.007572643304 45.0361029238999
-124.075568095063 44.8147385261456
-124.054404868681 44.6621389771171
-124.118319319116 44.269515003332
-124.158325577179 43.8571182351837
-124.226004804165 43.6050048583583
-124.273993988679 43.4591053966655
-124.406076259743 43.3001978559795
-124.386772400864 43.2615889154952
-124.48534658488 42.9554539412089
-124.55961690573 42.8324573979919
-124.401078665635 42.6226992449568
-124.391763163986 42.5530276648599
-124.43781879263 42.4296087430031
-124.41506199748 42.2458945392605
-124.352246780966 42.0986772615023
-124.206444444404 41.9976479131656
-123.819146438568 41.9929487728793
-123.513204633148 41.9978329178357
-123.222102653242 42.0021917751363
-122.284705082491 42.0007645525751
-121.441508911406 41.9943345308753
NaN  NaN
