NaN  NaN
-102.788384569614 42.9953035756879
-102.086700926634 42.9898870255377
-101.231737199277 42.986842959129
-100.198142131775 42.9910950186342
-99.5327903284941 42.9923349632849
-99.2539717111969 42.9923894733936
-98.4976513847196 42.9917787984063
-98.4574440540216 42.9371607787996
-98.3912046950979 42.9201358627386
-98.3103395747196 42.881794760613
-98.1678266235025 42.839571032558
-98.1448690461962 42.8357947189847
-98.1231169233177 42.8202235933653
-98.1218198603008 42.8083601338589
-98.0331403830295 42.7691923357945
-97.9951447789843 42.766812278154
-97.9635584005017 42.7736899920002
-97.9294772231674 42.7923243687957
-97.8899410388902 42.8312716359345
-97.8886594186896 42.8558072875283
-97.8186429929595 42.8665874779999
-97.7970283283528 42.8495971363047
-97.7721864466724 42.8461639819758
-97.7252498168805 42.8580083761152
-97.6857520013046 42.8368370186066
-97.6349705007855 42.8612849600302
-97.5706541404348 42.8479907365578
-97.5061318942665 42.8601364739438
-97.4831590291241 42.8571570898554
-97.4572637840893 42.8504431026505
-97.3893060334922 42.8674331659047
-97.3114143393748 42.8617716796293
-97.2714575353654 42.8500146366722
-97.2431895649236 42.851826425825
-97.2244435756681 42.8412025319938
-97.211831726419 42.81257352787
-97.1614227617155 42.7986194059191
-97.1304692456486 42.7739233575094
-97.0151396700717 42.7595420464778
-96.9795933660979 42.7583137573091
-96.9700029346946 42.752065431992
-96.9778689966012 42.727308194642
-96.9707734818061 42.7211474962424
-96.9082338249473 42.7316989698022
-96.8101401144962 42.704084462612
-96.8104375000235 42.6813412142201
-96.7993439788198 42.6700191686323
-96.7226587475866 42.6685919557678
-96.699060222031 42.6577158497403
-96.694596777315 42.641163786393
-96.7152728921436 42.6219074766425
-96.714059707901 42.6123020324651
-96.6366723762755 42.5507317592446
-96.6292944799537 42.5226936780003
-96.6054673040697 42.5072362916062
-96.584753048971 42.5182872197448
-96.5472155727104 42.5204993234568
-96.4947015105274 42.4884592175071
-96.4393947509647 42.4892408377156
-96.4802432442006 42.5171303049452
-96.4893375011233 42.5640279717967
-96.5009420346642 42.5738851852149
-96.4884981845359 42.5804806539459
-96.5128440201087 42.6297550903686
-96.5411650971666 42.6624053661285
-96.56303923913 42.6685130300247
-96.6265407804251 42.70835472382
-96.640709192144 42.7486038180978
-96.6329805597535 42.7768356021372
-96.6008750611506 42.7995586266164
-96.5876454371957 42.8353813945249
-96.5731261406702 42.8343473823113
-96.5562111991181 42.8466606609486
-96.5375110890159 42.8969064560324
-96.5442634617344 42.9138663406581
-96.5149350519869 42.9523820814978
-96.5171478195164 42.9864580906085
-96.4990199957611 43.0120501064927
-96.5200103858023 43.051508664474
-96.4795732478976 43.0618840567811
-96.4620939419638 43.075582202376
-96.460804816306 43.0878728592997
-96.4515050880692 43.1263087732519
-96.4731145701049 43.2090821295544
-96.4872451689755 43.2179092697119
-96.5586057702159 43.2254892270262
-96.5669911071477 43.2396337909954
-96.559567772089 43.2532633182258
-96.5707224965755 43.2636122914599
-96.5791308298904 43.2900740306766
-96.5405632734769 43.307659139748
-96.5228938744308 43.3569663195107
-96.5250535412843 43.3842252910413
-96.5577087170132 43.4007272259127
-96.5891129505575 43.4355391262275
-96.5837958978062 43.4819205535996
-96.598315428219 43.4998490975791
-96.4604547078315 43.4997184756898
-96.456602339442 43.8487418284865
-96.4573975061948 44.1990613946085
-96.4551061874746 44.5383431654349
-96.4567178119828 44.6288086832266
-96.45521726388 44.801347584114
-96.4560798249867 44.9719948297018
-96.454496608233 45.2751954302209
-96.4576022451657 45.2988502415708
-96.4775920650685 45.3285093657539
-96.5325489023943 45.375132161552
-96.605084508902 45.3965244024214
-96.6931692082715 45.4106381219312
-96.738032334178 45.4581952903635
-96.7692462014101 45.5174788689806
-96.8430871871886 45.5840902909474
-96.8549898493374 45.6091221067738
-96.8327958215581 45.6506868841235
-96.6573917688784 45.7389705623089
-96.6046107059596 45.8082642484528
-96.5879553105857 45.8178543918252
-96.5669215299379 45.9341104552974
-97.2333099148663 45.9365026737778
-97.9787218042793 45.9308221521123
-98.0147097100399 45.9314979679384
-98.7304369014178 45.938271038568
-99.0068328335466 45.939555550557
-99.7173457378766 45.9427610350303
-99.8757832426344 45.9435473182577
-100.514406747246 45.9403879984664
-102.002775042851 45.9425053768471
-102.94639700191 45.9416652376318
-102.994822935958 45.9411156292139
-104.048906344358 45.9429936671403
-104.049516843796 45.8830527625305
-104.043851417835 45.2128754685677
-104.043072277779 44.9978055394377
-104.059842395291 44.9973362616199
-104.059465130268 44.5743526100096
-104.061036140765 44.1818252843501
-104.059731381692 44.1458254687842
-104.059479420181 43.8529065675403
-104.057913943497 43.5037122621461
-104.059157507468 43.4791339417582
-104.056198856311 43.0030623563908
-103.501463853421 42.9986188303099
-103.005875236663 42.9993539301105
-102.788384569614 42.9953035756879
NaN  NaN
