NaN  NaN
-81.7595935205582 33.1953809754874
-81.7634082640351 33.1698348857377
-81.740374666284 33.1446970762157
-81.7042792512713 33.1229388681766
-81.610962223749 33.087875452303
-81.5958251922606 33.07079003117
-81.5600349819807 33.0608149350319
-81.5476598503141 33.0436837254085
-81.5296007135576 33.0439278437875
-81.5087491547636 33.0127933490709
-81.4927348468244 33.0048133137248
-81.4978997781492 32.9596759183359
-81.509839970123 32.9554188973732
-81.5102366685686 32.9472214740899
-81.4770481330604 32.8975717263241
-81.4650317117614 32.8977282069894
-81.4832049987009 32.876092075685
-81.4585388413489 32.8714003875851
-81.4553190013329 32.8445766582975
-81.4323312938326 32.8416816085137
-81.4239616394502 32.831771535068
-81.4303092863297 32.8203050210012
-81.4208333313248 32.8094947304519
-81.4302403174263 32.7861535714108
-81.4160719983172 32.7567284399427
-81.4230377099309 32.7498126483616
-81.4076260787666 32.7418061601564
-81.4205354721022 32.7015669413645
-81.4071915250438 32.6867019963945
-81.3994783141749 32.6508153349079
-81.4121052828609 32.6256090136088
-81.3849063649096 32.5958830263814
-81.3662676134818 32.5883649179497
-81.3667025463888 32.5819794584472
-81.3514893657912 32.5835283490035
-81.3404038613665 32.5713602924434
-81.298983534041 32.567287009571
-81.2743023822226 32.5548140176008
-81.2679854788639 32.5339298482675
-81.2362397883712 32.520613973536
-81.1951572478443 32.4645607584348
-81.1999269050201 32.4203165559094
-81.1782527491877 32.3868294350367
-81.1791229158612 32.3717812943982
-81.1574790787137 32.3387404019195
-81.1418842567213 32.348467456337
-81.131890044888 32.3326183284591
-81.1240481751459 32.2766445515914
-81.1481731109993 32.2577131389355
-81.1476925517913 32.2244467846609
-81.1147177986615 32.1905932444351
-81.1191123074235 32.1176140300944
-81.1048757596731 32.1054460026813
-80.8929144216763 32.0681738057597
-80.7805615106251 32.2481238083211
-80.8218663898145 32.4007102648342
-80.8671770674896 32.5326950263867
-80.8305175056732 32.5162815805464
-80.7847865192432 32.505052086999
-80.7993818560661 32.4733077955364
-80.7419633539854 32.3602127098571
-80.6780144859406 32.2856655575355
-80.6260281028646 32.2728215099914
-80.4603924051366 32.3186854171277
-80.4427976569234 32.3735076541569
-80.4860719548133 32.4310310010487
-80.643557949165 32.4984607119708
-80.646411318821 32.5188798556612
-80.5388820475867 32.509865961027
-80.5503947202668 32.5578414282125
-80.4807072022539 32.5104341662154
-80.3998030228987 32.5049598760522
-80.4159926698028 32.6691608173312
-80.3908685404661 32.6554016082511
-80.3471740900825 32.5119554753402
-80.2906540711458 32.5040705242083
-80.210802923219 32.5616008756391
-79.996617577777 32.6057873204983
-79.8963932808549 32.6774213766553
-79.8916550930006 32.7340299637097
-79.9479839110447 32.8107992428057
-79.9621193329391 32.9044100579085
-79.9302501550122 32.9142211471988
-79.9071411647255 32.8593897322583
-79.7998597618185 32.9299559811019
-79.9074859188057 32.7907075188098
-79.752320557813 32.7942355699465
-79.6068120677706 32.8992437057638
-79.5876458186165 32.9251067078811
-79.617233758083 32.9809680557659
-79.5823576143392 33.0160128900269
-79.4106186951388 33.013868133398
-79.2878774603469 33.1046981970444
-79.2978339955968 33.1389615091697
-79.3487551122036 33.1549947700894
-79.2295625305206 33.1415057897189
-79.2019116731801 33.1836884836365
-79.2708459617929 33.2970378799416
-79.1581153144963 33.3424334672148
-79.1501499541409 33.3172563456719
-79.1208659857076 33.4307786153619
-79.0006955038877 33.5726293077796
-78.8548808347264 33.7163622029531
-78.5859310888034 33.8535316857414
-78.6225918977295 33.865708046154
-78.5794534961072 33.8821646134616
-78.6554531485329 33.9488449988485
-79.0742575899197 34.3047384944277
-79.4469133528043 34.6192221953644
-79.4557408419562 34.6342519700477
-79.6672823384891 34.8008202005653
-79.685738680014 34.8054127206548
-79.9197366317695 34.8080740704278
-80.3250654065352 34.8149167168925
-80.5613348947421 34.815379673307
-80.7998557787081 34.8162600736923
-80.785444630059 34.940788108541
-80.8399590540857 35.0021664433249
-80.8945103715547 35.0598808081622
-80.9275918870396 35.1013947091143
-81.0396852000525 35.0373453689435
-81.0653500212191 35.0666253067042
-81.0282405888455 35.1055509640026
-81.0488397402735 35.1321534001715
-81.0490990166388 35.1516727757939
-81.3226257414279 35.1638918108331
-81.3619801868632 35.1629867122026
-81.7651810887702 35.1825960728566
-81.8704165711924 35.1832378034331
-81.9712727030758 35.1884000260399
-82.2100104423684 35.1932410593964
-82.278165577144 35.1951216082193
-82.3206088962679 35.1843038355905
-82.3507000333949 35.1927881586207
-82.3599623343986 35.1830646579415
-82.3712159851947 35.1828397610023
-82.389450685395 35.2083565365976
-82.4377613823112 35.1696762171977
-82.4665859914405 35.1736172290209
-82.524479651378 35.1546774490548
-82.5698759075391 35.1496073738685
-82.654344125494 35.1195740504075
-82.6859002249553 35.1215804311176
-82.6878846328013 35.0979182706584
-82.6972082635003 35.0913494747721
-82.7712011457841 35.0855376628965
-82.8875562556649 35.055473206413
-83.0071465788827 35.0242932065357
-83.1061569738507 35.000366708131
-83.1004503495987 34.9841622888642
-83.1155422841629 34.9546869901268
-83.12140170134 34.9608933437966
-83.1273147785663 34.9543742120639
-83.1131011728063 34.9361251832685
-83.1256365359246 34.940790436291
-83.1375618314676 34.9304757693624
-83.1550259840766 34.9322800740411
-83.1583528037159 34.9176510672928
-83.1821802554349 34.9106474165588
-83.203513267742 34.8841701297206
-83.2194285542058 34.8891824860544
-83.2328036461865 34.8738209511595
-83.243073026274 34.8780818464701
-83.2356879138925 34.8623846921569
-83.2503065783279 34.8501663657462
-83.2504212724513 34.8397104674801
-83.2677710107399 34.8392299311095
-83.2701139291264 34.8150795057964
-83.3027537558249 34.8055316318054
-83.3226905715455 34.787244331982
-83.3234241306547 34.752233551772
-83.3503341394554 34.72738151575
-83.3506851506329 34.7096474786312
-83.3397900149061 34.6776926363039
-83.298894804541 34.6629454181783
-83.236987273421 34.6133215989917
-83.1648789222652 34.5989373632901
-83.1589505272632 34.5768318282397
-83.1373660262876 34.5678676740658
-83.1081211059023 34.5350165151609
-83.0790212167266 34.5189724434825
-83.0549948395099 34.4900615932447
-83.0079495911058 34.4708283883787
-82.9819628115439 34.4764970914664
-82.9050550411483 34.4779853553029
-82.8680428963264 34.4575429723072
-82.844092601526 34.4126753526629
-82.8364394858077 34.3710462423795
-82.8085830535015 34.3398998890232
-82.7828704380478 34.2905157146731
-82.7641699677175 34.2809601537556
-82.7580279876581 34.2333729594522
-82.7425935601244 34.2055536194311
-82.7357807829899 34.1697961502507
-82.6603553035688 34.1083560439036
-82.6029437979289 34.0346366848087
-82.5961385808407 34.0134202383713
-82.5736087006275 33.9689044112754
-82.576614784124 33.9592878315125
-82.5175384743497 33.931029734258
-82.4566308989782 33.8782248379062
-82.424525414299 33.8602546364245
-82.390596547794 33.8541402272832
-82.3657086388162 33.8360097346945
-82.3513115818956 33.8353919365428
-82.3111185523946 33.8039143524229
-82.3055105866775 33.7826480434626
-82.2662179171499 33.7615957491367
-82.2348981721706 33.6903395482787
-82.21420671543 33.6807345454544
-82.1921876394497 33.6238399454958
-82.1671320836866 33.6152152043502
-82.1389789104035 33.5939068648655
-82.1164029880357 33.5947766297079
-82.0656815446151 33.5738649217255
-82.0385431417392 33.5475058176817
-82.0201406100581 33.5387321304637
-81.9965347107135 33.5204905181363
-81.9809170141647 33.4907366765445
-81.9363832806115 33.4710196640405
-81.9166380824955 33.451332910189
-81.9272738095671 33.4361432282633
-81.9135636320837 33.4154417359506
-81.9403358095376 33.408163308089
-81.9258093500634 33.3765598081382
-81.9450663328463 33.3771470802287
-81.9367121514194 33.3504376050416
-81.9114125905005 33.3494956248163
-81.9120917492517 33.3321965848843
-81.893483278419 33.3352369460829
-81.8768740167338 33.3068376679828
-81.8655440806912 33.3156684726899
-81.8401072844714 33.3083447178855
-81.8607147570281 33.2970915898305
-81.826572899138 33.2694248257545
-81.8398406003094 33.2733079499958
-81.8367965483259 33.2606131041944
-81.8539630744851 33.2435008646337
-81.8107647427681 33.2264425091539
-81.8015635396811 33.2079267401357
-81.7798346609471 33.2173679140961
-81.7698781322982 33.2138814847346
-81.7595935205582 33.1953809754874
NaN  NaN
-80.7678049632079 32.2586481788875
-80.8192668211749 32.1046981906837
-80.6666165553831 32.2201132440769
-80.7190834927722 32.2722047351394
-80.7678049632079 32.2586481788875
NaN  NaN
