NaN  NaN
-114.047272999176 38.1376524399918
-114.047260595159 37.5984784866001
-114.043939384154 36.9965379371421
-112.899983474169 36.9962268765574
-112.542521578828 36.9979944864436
-112.2372578615 36.9954921751891
-111.356163994142 37.0017097524257
-110.740062961138 37.002488042411
-110.484088956249 37.0039260237973
-110.452235819472 36.9917463039985
-109.997076712711 36.9920675592929
-109.048480115363 36.9966409005893
-109.045602480021 37.6308206068713
-109.043206408646 37.8874200608917
-109.043464000061 38.1529336954503
-109.055861120835 38.2449201643366
-109.053948502328 38.4946509132439
-109.051416838185 39.3609660838809
-109.053528662287 39.5181701484933
-109.052551712149 39.6573824204021
-109.051263150153 40.2105113710392
-109.046155726194 40.6652909436328
-109.048314704754 40.9984333935171
-110.002165480573 40.9975995171866
-110.06318573561 40.9978919528284
-111.05102250907 40.9965835985974
-111.051651122482 41.2584254005779
-111.051068773655 41.578592411864
-111.04869741386 41.9962033494069
-111.494586313343 42.0001709690538
-112.100514491537 42.0023005848578
-112.147116504391 41.9990540573659
-112.989575449033 42.0011467864027
-114.039072662345 41.9953908974688
-114.038151248682 40.9976868405942
-114.038108189376 40.1110466529553
-114.039844684228 39.9087788600022
-114.040105338584 39.5386849268843
-114.044267501155 38.678995881588
-114.045090206154 38.5710950539538
-114.047272999176 38.1376524399918
NaN  NaN
