NaN  NaN
-73.2580598287651 42.7460586400616
-73.0196951738304 42.7403966786337
-72.9229974292253 42.7373644761782
-72.4557700038868 42.7258525290855
-72.4621713056893 42.7468405310802
-72.4793225257782 42.7615879021402
-72.507269529053 42.7687326904009
-72.5130680088012 42.7892594013534
-72.538916970841 42.8077338159119
-72.5534284639708 42.8606431711067
-72.5248100213574 42.9126141761107
-72.5202170578448 42.9516725271887
-72.5042636319545 42.9655846501003
-72.4733411974969 42.9761435837691
-72.4571590376321 42.9996036974292
-72.4617520870041 43.0465044640798
-72.4434642578885 43.0790393128299
-72.4376049020671 43.1162700005073
-72.4523985528513 43.1560221784817
-72.4355986440693 43.2322535514022
-72.4024188454007 43.3073827061473
-72.4102315830492 43.3234041461301
-72.3976280543775 43.3510068532964
-72.4121395531363 43.3771255999362
-72.3962478080997 43.4101565518931
-72.3825156946813 43.4846296935804
-72.3949977682121 43.5175538931662
-72.3734983899537 43.5723746289271
-72.333085194157 43.5973647921877
-72.3040399378543 43.6985301192071
-72.2600555952028 43.7353001230663
-72.2191229213361 43.750692528435
-72.2060918209679 43.7646350589211
-72.1848363730122 43.8016904606597
-72.1700895247441 43.8789176964689
-72.1216496397887 43.9092173247049
-72.1132040793555 43.9391659598857
-72.0917117306645 43.9579911279463
-72.1128078470404 43.9765149671875
-72.109908766997 43.9892291134731
-72.0852043813774 44.008923986175
-72.0769190441222 44.0320405986226
-72.0347283650036 44.0833740182688
-72.0324473746587 44.0960996192238
-72.0495148341974 44.1004520944909
-72.0349198523751 44.1207459288224
-72.0447245537617 44.1564355666157
-72.0592822460625 44.1821766291115
-72.0443903804218 44.2343798441303
-72.0595660047421 44.2614940911529
-72.0354953753776 44.2994343131496
-71.9944335108703 44.3275482023457
-71.9389056579792 44.3257860034123
-71.928361752714 44.3361121851128
-71.8348159803514 44.3441994129001
-71.8211973083551 44.3503600453545
-71.7977291908463 44.384172813001
-71.7665702593918 44.3982488046656
-71.6768843632128 44.4213427403398
-71.6563990024127 44.4401373612429
-71.6477091613881 44.4691741459763
-71.6365547217831 44.4767309013867
-71.6142227691162 44.474507042735
-71.5866189807601 44.4945375694188
-71.5752435447921 44.525805689154
-71.5914413886212 44.5388744007981
-71.5922884113103 44.5512031068487
-71.5367908177937 44.5789312630586
-71.5541026351831 44.5965889130359
-71.5680271516494 44.6374468081647
-71.588749347522 44.6505994869908
-71.6076787297884 44.6778622938609
-71.6311328527305 44.7417107606939
-71.5835012090591 44.7791969958657
-71.575100912366 44.816019797627
-71.5063649605901 44.8996711859758
-71.5169776077169 44.9436961331563
-71.5409270967342 44.976563206227
-71.5053723006288 45.0133517163225
-71.9018687560565 45.0073398737597
-72.547231170846 45.0053701041523
-73.1885457846919 45.0084861445144
-73.3447234868807 45.0061387945904
-73.3507583871195 44.9819729513451
-73.3364146788922 44.9326039308497
-73.3823067594393 44.8479336187606
-73.3690541280726 44.8191179021751
-73.3267863194035 44.799293570954
-73.373158575022 44.724236436747
-73.3581509561494 44.680368564481
-73.3730971364166 44.6612763562517
-73.3701366913554 44.6343490646182
-73.3818251037206 44.619807725515
-73.3712960298213 44.5791669569442
-73.3478119840266 44.5539715457199
-73.3344524939975 44.544328246301
-73.2933197444993 44.4328535783624
-73.2999951630005 44.4055331645407
-73.3297880930291 44.3673904680866
-73.3053256664729 44.2601422576285
-73.3773326255291 44.2012475171296
-73.3820623364064 44.1721076120788
-73.4078648304616 44.1362270392695
-73.408756830709 44.1066103535606
-73.4352152780239 44.0638978024282
-73.436000711279 44.0456791904389
-73.4082513023357 44.0182219013784
-73.4174061301202 43.9881969457528
-73.4053345287369 43.9148075869022
-73.3751207851314 43.8859769501205
-73.3847399017654 43.804507971731
-73.35899716813 43.7784275686932
-73.3566696765928 43.756558340599
-73.3709893845574 43.7142811167277
-73.4229598542953 43.6321147289764
-73.4183198417113 43.582479385998
-73.3881142192301 43.5691436583008
-73.3636855615673 43.6149988679744
-73.303534516911 43.62471481285
-73.2941043006647 43.6196528756937
-73.2817362682322 43.5931872495766
-73.2914024969013 43.5750335705375
-73.2599837938072 43.5593823395157
-73.2383913589494 43.5128328494142
-73.2500714436229 43.310853990742
-73.2760052890117 42.9402941192889
-73.2795831999319 42.83710332748
-73.2961697572315 42.8035493647588
-73.2692753169001 42.747481432998
-73.2580598287651 42.7460586400616
NaN  NaN
