32.91988244 -9.40738413
32.92334476 -9.43399749
32.95104333 -9.48422698
32.9798271 -9.52034881
32.98210086 -9.57362721
32.99600182 -9.62282317
33.03780806 -9.63501881
33.07243127 -9.63822275
33.10447066 -9.60266937
33.14808556 -9.60349619
33.19573124 -9.62613047
33.21268111 -9.68297454
33.25004317 -9.75955901
33.31045292 -9.81185556
33.35096724 -9.86218841
33.33711795 -9.95396575
33.31148644 -10.03799163
33.39354862 -10.12093231
33.50010542 -10.19968719
33.52894087 -10.23467213
33.53762251 -10.35156422
33.55374556 -10.3913034
33.62619592 -10.48861012
33.6615426 -10.55310231
33.65906213 -10.59051605
33.46475874 -10.78306243
33.40316043 -10.8017693
33.34486942 -10.81267303
33.29277958 -10.85230885
33.2613603 -10.89333994
33.27272912 -10.91504404
33.29324466 -10.9811382
33.33866825 -11.08516286
33.37975101 -11.15792327
33.34554121 -11.24913218
33.2683883 -11.40390309
33.23273156 -11.4177007
33.22642704 -11.53485117
33.24999149 -11.57763926
33.2883354 -11.61112558
33.30394168 -11.69081064
33.30513024 -11.80000294
33.30099613 -11.88821461
33.25236861 -12.11259368
33.34011519 -12.30834401
33.36998417 -12.32968637
33.49142378 -12.33108164
33.51230106 -12.34772145
33.4832589 -12.40342864
33.4306523 -12.46047942
33.39794112 -12.48983164
33.24342858 -12.55654591
33.02158166 -12.63049489
32.97517622 -12.70134328
32.9456173 -12.80438608
32.97052534 -12.86474415
32.99998091 -12.89962575
32.99047245 -12.98943939
32.97114546 -13.08431732
32.97765669 -13.15888641
32.96763146 -13.22498056
32.93853763 -13.25738169
32.89972863 -13.35701385
32.85182458 -13.45700775
32.81404911 -13.50274139
32.75844527 -13.55033538
32.6704403 -13.59043629
32.67204227 -13.61033172
32.77177778 -13.65658213
32.79751265 -13.68851816
32.80671105 -13.71027394
32.78536869 -13.7314096
32.7651632 -13.76107187
32.8110002 -13.79156097
32.86722416 -13.81739918
32.92029585 -13.88385508
32.96752811 -13.97687265
32.98122237 -14.00932545
32.99212609 -14.02219288
33.00928267 -14.02374318
33.04235558 -14.01004892
33.10359216 -13.95919931
33.14808556 -13.94095753
33.2017257 -14.01335622
32.98716515 -14.08497975
32.87451053 -14.12249684
32.55318648 -14.22957041
32.27289351 -14.3230014
32.19992639 -14.34077809
32.0545089 -14.38651173
31.98211022 -14.41441701
31.7288957 -14.49606577
31.62306237 -14.53668344
31.53795129 -14.57714609
31.32845503 -14.63765919
31.13089603 -14.6946583
30.91514693 -14.75331105
30.6733529 -14.81909515
30.53770226 -14.86653411
30.44607995 -14.90751352
30.23188114 -14.99035084
30.22175256 -15.01050465
30.2249565 -15.06693532
30.2521383 -15.18320729
30.30567508 -15.28883392
30.3505819 -15.34970875
30.37983076 -15.50587493
30.39605716 -15.64307586
30.25069136 -15.6434376
29.99489302 -15.64405771
29.72958622 -15.64462615
29.48727542 -15.69676767
29.28785607 -15.77650441
29.0505579 -15.90119964
28.97299157 -15.95008554
28.91309859 -15.98780934
28.8755815 -16.03617848
28.85677127 -16.14232187
28.85677127 -16.30618784
28.83269006 -16.42411346
28.76054976 -16.5321172
28.76065311 -16.5319105
28.39984826 -16.6628069
28.16379032 -16.76972544
27.93217655 -16.89622934
27.75652835 -17.06040537
27.63674238 -17.26215016
27.4378398 -17.51195403
27.23568159 -17.72832326
27.02081099 -17.95843841
26.77989546 -18.04153411
26.57753055 -18.02256886
26.33341109 -17.92934458
26.13952111 -17.91172291
25.99586063 -17.96980722
25.8632589 -17.95192718
25.74161258 -17.85823781
25.63960331 -17.82407969
25.55712772 -17.84950449
25.4517078 -17.84516367
25.25879968 -17.79359059
25.09214318 -17.63432383
25.0017611 -17.5685914
24.93241133 -17.54347666
24.73288862 -17.51774179
24.27493208 -17.48099985
24.22713138 -17.48957814
24.03691043 -17.52094573
23.79925052 -17.56016815
23.59487023 -17.59944223
23.38067142 -17.64062835
23.1816138 -17.47438527
22.95583947 -17.28576629
22.72195194 -17.07528818
22.54599369 -16.91023366
22.45943566 -16.81514902
22.30502648 -16.68957529
22.19392215 -16.62808034
22.15066898 -16.59717783
22.04018477 -16.26277964
21.97982669 -15.95556325
21.97977502 -15.72415618
21.97967167 -15.40324554
21.97956831 -15.08233489
21.97946496 -14.76142425
21.97936161 -14.4405136
21.97925825 -14.11960296
21.9791549 -13.79869232
21.97905155 -13.47778167
21.97899987 -13.15681935
21.97889652 -13.00096323
22.20958011 -13.00096323
22.47101118 -13.00096323
22.74437951 -13.00096323
23.041519 -13.00096323
23.33871016 -13.00096323
23.63584964 -13.00096323
23.84317549 -13.00096323
23.89748742 -12.99822438
23.96301314 -12.98845753
23.96802575 -12.95693491
23.8823979 -12.79901173
23.88653202 -12.74325286
23.90932132 -12.63612762
23.94471968 -12.54378183
23.99133182 -12.42213551
23.99649946 -12.35066701
23.95887902 -12.117813
23.96234134 -11.98784677
23.9734001 -11.85297129
23.98389042 -11.72502044
23.97097131 -11.63582692
23.9867843 -11.58725107
24.01468957 -11.51769459
24.029314 -11.43919809
24.04667728 -11.40535003
24.04140628 -11.37413747
24.02554162 -11.31563974
24.01003869 -11.18474334
23.98833459 -11.00279062
23.96647546 -10.87179087
24.00275231 -10.87912892
24.07840661 -10.89147959
24.11509688 -10.95566172
24.13649092 -11.02594166
24.1871855 -11.0300241
24.31989058 -11.07177866
24.36572757 -11.12986297
24.39626834 -11.25517832
24.37792321 -11.31930877
24.33513513 -11.37129526
24.37792321 -11.41713226
24.46654829 -11.44767303
24.51853478 -11.4385263
24.66829308 -11.35295013
24.72813439 -11.33775726
24.80637251 -11.32116912
24.87685917 -11.29915496
25.07602014 -11.2600359
25.1848507 -11.24298268
25.24598392 -11.21244191
25.28877201 -11.21244191
25.31931278 -11.23688486
25.29182092 -11.32550994
25.28262251 -11.4049883
25.32065637 -11.55350636
25.34938846 -11.62301116
25.41336389 -11.67349904
25.45997603 -11.69980234
25.51185917 -11.7533908
25.61882938 -11.7441924
25.85488732 -11.82010508
25.92651086 -11.85529673
26.02593631 -11.89017832
26.09642297 -11.90320078
26.33966393 -11.92991749
26.42973596 -11.94784922
26.59639245 -11.97203379
26.72971764 -11.9759612
26.82407881 -11.9652125
26.89048303 -11.9435084
26.930894 -11.9193755
26.94954919 -11.89885996
26.97683434 -11.8246526
27.02665042 -11.66373219
27.04608076 -11.61593149
27.09538008 -11.5937623
27.1591488 -11.57924122
27.19640751 -11.60502776
27.23805871 -11.78351816
27.42368045 -11.94454192
27.48703576 -12.07972747
27.5334412 -12.19532765
27.57385217 -12.2270053
27.64428714 -12.26679616
27.75689009 -12.28085215
27.85745243 -12.28488291
28.06886071 -12.36818532
28.2372742 -12.43453786
28.35768029 -12.48197682
28.41287072 -12.51804697
28.45147302 -12.57747487
28.47436568 -12.62336354
28.51126265 -12.74221933
28.5508468 -12.83616709
28.61539066 -12.85404713
28.6729582 -12.86133351
28.73006066 -12.92546396
28.77315881 -12.98189463
28.85878666 -13.11945729
28.92172855 -13.2145936
28.94229577 -13.30714609
29.01422936 -13.36884775
29.11163944 -13.39515106
29.20186649 -13.39835499
29.25369795 -13.37081146
29.38180383 -13.32285573
29.48143599 -13.26797536
29.5541964 -13.24895843
29.5971912 -13.26053395
29.63026411 -13.2985678
29.64762739 -13.37298187
29.65176151 -13.41432301
29.72266157 -13.45380381
29.77516483 -13.43809417
29.79531864 -13.39272226
29.79645552 -13.36967457
29.79624881 -13.16751637
29.79604211 -12.99212656
29.7958354 -12.82702036
29.7956287 -12.62589568
29.79547367 -12.45060923
29.79531864 -12.3061736
29.79516361 -12.15548512
29.74963667 -12.16401173
29.69196577 -12.19832488
29.55972578 -12.20240732
29.5081527 -12.22819386
29.49202966 -12.26689951
29.50226159 -12.31759409
29.50489709 -12.38616872
29.4855701 -12.41841481
29.42753747 -12.43128224
29.3437183 -12.40477223
29.19122114 -12.3702007
29.0643555 -12.34885833
28.97340498 -12.25785613
28.85005334 -12.12050018
28.7694381 -12.05130543
28.57461795 -11.90811004
28.54154504 -11.87917124
28.48253055 -11.81209523
28.4317843 -11.6983554
28.40697961 -11.62280446
28.38336348 -11.56673553
28.35726688 -11.48296803
28.40418908 -11.35439707
28.47028324 -11.10960581
28.51798058 -10.93318247
28.54423221 -10.80238942
28.63890344 -10.66927093
28.64551802 -10.55020843
28.60738081 -10.39740122
28.61714766 -10.31296193
28.62350386 -10.09886647
28.62887821 -9.91872243
28.63011844 -9.8312859
28.60422855 -9.67878875
28.54051151 -9.5100652
28.40015832 -9.27504079
28.40067508 -9.22475962
28.48428755 -9.16941416
28.61647586 -9.07226247
28.68127811 -9.01469492
28.75874108 -8.93263274
28.79351932 -8.89098154
28.86953535 -8.78587168
28.91780114 -8.70060556
28.93449263 -8.59027638
28.89811242 -8.4854249
28.97221642 -8.46496103
29.21561242 -8.42780568
29.48376143 -8.38687794
29.76622481 -8.3437798
30.05137536 -8.30026824
30.32748254 -8.25820363
30.57790653 -8.22001474
30.75112593 -8.19360809
30.77670576 -8.26585174
30.83070764 -8.38558603
30.89194421 -8.47374603
30.96837365 -8.55095062
31.0333826 -8.59766611
31.07632572 -8.61187713
31.35062422 -8.60707122
31.44922285 -8.65389007
31.5348507 -8.71326629
31.55624474 -8.80550872
31.61277876 -8.8632313
31.6736536 -8.90875823
31.70000858 -8.91433929
31.74470869 -8.90322886
31.81803755 -8.902247
31.88609541 -8.9219874
31.91865156 -8.94219288
31.9218555 -9.01944915
31.94262943 -9.05396901
32.03533695 -9.06740488
32.12974979 -9.07334767
32.22085534 -9.12559254
32.31929894 -9.1348943
32.4331938 -9.1563917
32.487144 -9.21271901
32.60837691 -9.27054494
32.75658491 -9.32222137
32.86324507 -9.38087412
32.91988244 -9.40738413
NaN  NaN
