# Wisla catchment
22.908 49.008 4505400
22.850 49.008 4505400
22.850 49.017 4505400
22.842 49.017 4505400
22.842 49.025 4505400
22.817 49.025 4505400
22.817 49.033 4505400
22.808 49.033 4505400
22.808 49.042 4505400
22.792 49.042 4505400
22.792 49.050 4505400
22.783 49.050 4505400
22.783 49.058 4505400
22.758 49.058 4505400
22.758 49.042 4505400
22.675 49.042 4505400
22.675 49.050 4505400
22.658 49.050 4505400
22.658 49.058 4505400
22.642 49.058 4505400
22.642 49.067 4505400
22.633 49.067 4505400
22.633 49.075 4505400
22.625 49.075 4505400
22.625 49.083 4505400
22.608 49.083 4505400
22.608 49.092 4505400
22.600 49.092 4505400
22.600 49.100 4505400
22.567 49.100 4505400
22.567 49.092 4505400
22.525 49.092 4505400
22.525 49.100 4505400
22.517 49.100 4505400
22.517 49.092 4505400
22.508 49.092 4505400
22.508 49.100 4505400
22.500 49.100 4505400
22.500 49.092 4505400
22.492 49.092 4505400
22.492 49.100 4505400
22.475 49.100 4505400
22.475 49.108 4505400
22.433 49.108 4505400
22.433 49.100 4505400
22.425 49.100 4505400
22.425 49.108 4505400
22.408 49.108 4505400
22.408 49.117 4505400
22.400 49.117 4505400
22.400 49.125 4505400
22.392 49.125 4505400
22.392 49.133 4505400
22.383 49.133 4505400
22.383 49.150 4505400
22.367 49.150 4505400
22.367 49.158 4505400
22.342 49.158 4505400
22.342 49.150 4505400
22.325 49.150 4505400
22.325 49.142 4505400
22.300 49.142 4505400
22.300 49.150 4505400
22.233 49.150 4505400
22.233 49.158 4505400
22.225 49.158 4505400
22.225 49.192 4505400
22.208 49.192 4505400
22.208 49.183 4505400
22.175 49.183 4505400
22.175 49.192 4505400
22.158 49.192 4505400
22.158 49.200 4505400
22.133 49.200 4505400
22.133 49.208 4505400
22.083 49.208 4505400
22.083 49.217 4505400
22.058 49.217 4505400
22.058 49.225 4505400
22.042 49.225 4505400
22.042 49.250 4505400
22.050 49.250 4505400
22.050 49.258 4505400
22.042 49.258 4505400
22.042 49.275 4505400
22.033 49.275 4505400
22.033 49.292 4505400
22.017 49.292 4505400
22.017 49.300 4505400
22.000 49.300 4505400
22.000 49.308 4505400
21.992 49.308 4505400
21.992 49.317 4505400
21.983 49.317 4505400
21.983 49.342 4505400
21.975 49.342 4505400
21.975 49.350 4505400
21.950 49.350 4505400
21.950 49.358 4505400
21.892 49.358 4505400
21.892 49.367 4505400
21.875 49.367 4505400
21.875 49.375 4505400
21.850 49.375 4505400
21.850 49.392 4505400
21.808 49.392 4505400
21.808 49.383 4505400
21.792 49.383 4505400
21.792 49.375 4505400
21.783 49.375 4505400
21.783 49.367 4505400
21.775 49.367 4505400
21.775 49.375 4505400
21.758 49.375 4505400
21.758 49.400 4505400
21.725 49.400 4505400
21.725 49.408 4505400
21.708 49.408 4505400
21.708 49.417 4505400
21.692 49.417 4505400
21.692 49.408 4505400
21.683 49.408 4505400
21.683 49.417 4505400
21.667 49.417 4505400
21.667 49.425 4505400
21.658 49.425 4505400
21.658 49.433 4505400
21.650 49.433 4505400
21.650 49.442 4505400
21.642 49.442 4505400
21.642 49.450 4505400
21.617 49.450 4505400
21.617 49.442 4505400
21.608 49.442 4505400
21.608 49.433 4505400
21.600 49.433 4505400
21.600 49.442 4505400
21.583 49.442 4505400
21.583 49.433 4505400
21.575 49.433 4505400
21.575 49.442 4505400
21.550 49.442 4505400
21.550 49.433 4505400
21.517 49.433 4505400
21.517 49.425 4505400
21.508 49.425 4505400
21.508 49.433 4505400
21.483 49.433 4505400
21.483 49.425 4505400
21.475 49.425 4505400
21.475 49.417 4505400
21.433 49.417 4505400
21.433 49.425 4505400
21.417 49.425 4505400
21.417 49.433 4505400
21.408 49.433 4505400
21.408 49.442 4505400
21.358 49.442 4505400
21.358 49.450 4505400
21.350 49.450 4505400
21.350 49.458 4505400
21.333 49.458 4505400
21.333 49.467 4505400
21.325 49.467 4505400
21.325 49.458 4505400
21.317 49.458 4505400
21.317 49.450 4505400
21.283 49.450 4505400
21.283 49.458 4505400
21.267 49.458 4505400
21.267 49.450 4505400
21.250 49.450 4505400
21.250 49.442 4505400
21.225 49.442 4505400
21.225 49.425 4505400
21.217 49.425 4505400
21.217 49.408 4505400
21.208 49.408 4505400
21.208 49.400 4505400
21.200 49.400 4505400
21.200 49.408 4505400
21.175 49.408 4505400
21.175 49.417 4505400
21.167 49.417 4505400
21.167 49.425 4505400
21.150 49.425 4505400
21.150 49.433 4505400
21.133 49.433 4505400
21.133 49.442 4505400
21.117 49.442 4505400
21.117 49.433 4505400
21.108 49.433 4505400
21.108 49.425 4505400
21.100 49.425 4505400
21.100 49.433 4505400
21.092 49.433 4505400
21.092 49.425 4505400
21.042 49.425 4505400
21.042 49.417 4505400
21.050 49.417 4505400
21.050 49.408 4505400
21.058 49.408 4505400
21.058 49.400 4505400
21.075 49.400 4505400
21.075 49.392 4505400
21.083 49.392 4505400
21.083 49.367 4505400
21.025 49.367 4505400
21.025 49.350 4505400
21.008 49.350 4505400
21.008 49.342 4505400
21.000 49.342 4505400
21.000 49.333 4505400
20.983 49.333 4505400
20.983 49.292 4505400
20.975 49.292 4505400
20.975 49.283 4505400
20.983 49.283 4505400
20.983 49.275 4505400
20.992 49.275 4505400
20.992 49.267 4505400
21.000 49.267 4505400
21.000 49.233 4505400
20.975 49.233 4505400
20.975 49.242 4505400
20.950 49.242 4505400
20.950 49.225 4505400
20.942 49.225 4505400
20.942 49.217 4505400
20.933 49.217 4505400
20.933 49.208 4505400
20.925 49.208 4505400
20.925 49.200 4505400
20.892 49.200 4505400
20.892 49.208 4505400
20.875 49.208 4505400
20.875 49.217 4505400
20.867 49.217 4505400
20.867 49.208 4505400
20.858 49.208 4505400
20.858 49.217 4505400
20.850 49.217 4505400
20.850 49.208 4505400
20.808 49.208 4505400
20.808 49.200 4505400
20.775 49.200 4505400
20.775 49.183 4505400
20.767 49.183 4505400
20.767 49.192 4505400
20.725 49.192 4505400
20.725 49.183 4505400
20.717 49.183 4505400
20.717 49.175 4505400
20.700 49.175 4505400
20.700 49.167 4505400
20.692 49.167 4505400
20.692 49.175 4505400
20.675 49.175 4505400
20.675 49.167 4505400
20.667 49.167 4505400
20.667 49.158 4505400
20.650 49.158 4505400
20.650 49.150 4505400
20.642 49.150 4505400
20.642 49.133 4505400
20.625 49.133 4505400
20.625 49.125 4505400
20.600 49.125 4505400
20.600 49.117 4505400
20.592 49.117 4505400
20.592 49.108 4505400
20.575 49.108 4505400
20.575 49.100 4505400
20.558 49.100 4505400
20.558 49.092 4505400
20.550 49.092 4505400
20.550 49.075 4505400
20.542 49.075 4505400
20.542 49.058 4505400
20.517 49.058 4505400
20.517 49.050 4505400
20.508 49.050 4505400
20.508 49.058 4505400
20.475 49.058 4505400
20.475 49.050 4505400
20.467 49.050 4505400
20.467 49.042 4505400
20.450 49.042 4505400
20.450 49.033 4505400
20.425 49.033 4505400
20.425 49.042 4505400
20.417 49.042 4505400
20.417 49.033 4505400
20.408 49.033 4505400
20.408 49.042 4505400
20.392 49.042 4505400
20.392 49.050 4505400
20.367 49.050 4505400
20.367 49.033 4505400
20.325 49.033 4505400
20.325 49.042 4505400
20.292 49.042 4505400
20.292 49.033 4505400
20.275 49.033 4505400
20.275 49.017 4505400
20.142 49.017 4505400
20.142 49.008 4505400
20.083 49.008 4505400
20.083 49.017 4505400
20.075 49.017 4505400
20.075 49.033 4505400
20.058 49.033 4505400
20.058 49.042 4505400
20.033 49.042 4505400
20.033 49.058 4505400
20.050 49.058 4505400
20.050 49.067 4505400
20.058 49.067 4505400
20.058 49.083 4505400
20.067 49.083 4505400
20.067 49.125 4505400
20.058 49.125 4505400
20.058 49.133 4505400
20.050 49.133 4505400
20.050 49.142 4505400
20.042 49.142 4505400
20.042 49.150 4505400
20.033 49.150 4505400
20.033 49.167 4505400
20.050 49.167 4505400
20.050 49.183 4505400
20.042 49.183 4505400
20.042 49.200 4505400
20.033 49.200 4505400
20.033 49.208 4505400
20.025 49.208 4505400
20.025 49.217 4505400
20.000 49.217 4505400
20.000 49.233 4505400
19.933 49.233 4505400
19.933 49.242 4505400
19.925 49.242 4505400
19.925 49.233 4505400
19.908 49.233 4505400
19.908 49.217 4505400
19.900 49.217 4505400
19.900 49.208 4505400
19.892 49.208 4505400
19.892 49.200 4505400
19.875 49.200 4505400
19.875 49.192 4505400
19.833 49.192 4505400
19.833 49.200 4505400
19.783 49.200 4505400
19.783 49.208 4505400
19.767 49.208 4505400
19.767 49.233 4505400
19.775 49.233 4505400
19.775 49.250 4505400
19.792 49.250 4505400
19.792 49.267 4505400
19.800 49.267 4505400
19.800 49.275 4505400
19.808 49.275 4505400
19.808 49.283 4505400
19.817 49.283 4505400
19.817 49.300 4505400
19.792 49.300 4505400
19.792 49.308 4505400
19.800 49.308 4505400
19.800 49.358 4505400
19.792 49.358 4505400
19.792 49.367 4505400
19.783 49.367 4505400
19.783 49.383 4505400
19.792 49.383 4505400
19.792 49.392 4505400
19.800 49.392 4505400
19.800 49.408 4505400
19.808 49.408 4505400
19.808 49.417 4505400
19.817 49.417 4505400
19.817 49.458 4505400
19.808 49.458 4505400
19.808 49.492 4505400
19.800 49.492 4505400
19.800 49.508 4505400
19.808 49.508 4505400
19.808 49.517 4505400
19.825 49.517 4505400
19.825 49.558 4505400
19.817 49.558 4505400
19.817 49.567 4505400
19.808 49.567 4505400
19.808 49.558 4505400
19.775 49.558 4505400
19.775 49.567 4505400
19.750 49.567 4505400
19.750 49.575 4505400
19.700 49.575 4505400
19.700 49.567 4505400
19.667 49.567 4505400
19.667 49.583 4505400
19.658 49.583 4505400
19.658 49.600 4505400
19.650 49.600 4505400
19.650 49.608 4505400
19.633 49.608 4505400
19.633 49.617 4505400
19.592 49.617 4505400
19.592 49.583 4505400
19.567 49.583 4505400
19.567 49.575 4505400
19.533 49.575 4505400
19.533 49.567 4505400
19.525 49.567 4505400
19.525 49.575 4505400
19.492 49.575 4505400
19.492 49.583 4505400
19.467 49.583 4505400
19.467 49.608 4505400
19.425 49.608 4505400
19.425 49.600 4505400
19.408 49.600 4505400
19.408 49.592 4505400
19.400 49.592 4505400
19.400 49.575 4505400
19.392 49.575 4505400
19.392 49.567 4505400
19.383 49.567 4505400
19.383 49.558 4505400
19.375 49.558 4505400
19.375 49.533 4505400
19.367 49.533 4505400
19.367 49.525 4505400
19.317 49.525 4505400
19.317 49.533 4505400
19.258 49.533 4505400
19.258 49.525 4505400
19.250 49.525 4505400
19.250 49.517 4505400
19.242 49.517 4505400
19.242 49.500 4505400
19.233 49.500 4505400
19.233 49.483 4505400
19.225 49.483 4505400
19.225 49.475 4505400
19.233 49.475 4505400
19.233 49.450 4505400
19.208 49.450 4505400
19.208 49.442 4505400
19.200 49.442 4505400
19.200 49.433 4505400
19.192 49.433 4505400
19.192 49.425 4505400
19.200 49.425 4505400
19.200 49.417 4505400
19.192 49.417 4505400
19.192 49.408 4505400
19.167 49.408 4505400
19.167 49.400 4505400
19.108 49.400 4505400
19.108 49.408 4505400
19.100 49.408 4505400
19.100 49.417 4505400
19.050 49.417 4505400
19.050 49.408 4505400
19.042 49.408 4505400
19.042 49.400 4505400
18.975 49.400 4505400
18.975 49.408 4505400
18.983 49.408 4505400
18.983 49.425 4505400
18.992 49.425 4505400
18.992 49.433 4505400
18.983 49.433 4505400
18.983 49.450 4505400
18.975 49.450 4505400
18.975 49.500 4505400
18.967 49.500 4505400
18.967 49.517 4505400
18.958 49.517 4505400
18.958 49.542 4505400
18.958 49.550 4505400
18.975 49.550 4505400
18.975 49.567 4505400
18.983 49.567 4505400
18.983 49.575 4505400
18.967 49.575 4505400
18.967 49.583 4505400
18.925 49.583 4505400
18.925 49.592 4505400
18.917 49.592 4505400
18.917 49.600 4505400
18.908 49.600 4505400
18.908 49.608 4505400
18.900 49.608 4505400
18.900 49.600 4505400
18.875 49.600 4505400
18.875 49.608 4505400
18.867 49.608 4505400
18.867 49.600 4505400
18.858 49.600 4505400
18.858 49.592 4505400
18.833 49.592 4505400
18.833 49.600 4505400
18.825 49.600 4505400
18.825 49.625 4505400
18.817 49.625 4505400
18.817 49.633 4505400
18.808 49.633 4505400
18.808 49.675 4505400
18.792 49.675 4505400
18.792 49.683 4505400
18.783 49.683 4505400
18.783 49.692 4505400
18.750 49.692 4505400
18.750 49.717 4505400
18.742 49.717 4505400
18.742 49.750 4505400
18.733 49.750 4505400
18.733 49.758 4505400
18.717 49.758 4505400
18.717 49.767 4505400
18.692 49.767 4505400
18.692 49.783 4505400
18.700 49.783 4505400
18.700 49.808 4505400
18.692 49.808 4505400
18.692 49.825 4505400
18.683 49.825 4505400
18.683 49.833 4505400
18.675 49.833 4505400
18.675 49.842 4505400
18.667 49.842 4505400
18.667 49.850 4505400
18.675 49.850 4505400
18.675 49.858 4505400
18.700 49.858 4505400
18.700 49.867 4505400
18.708 49.867 4505400
18.708 49.883 4505400
18.717 49.883 4505400
18.717 49.917 4505400
18.708 49.917 4505400
18.708 49.925 4505400
18.700 49.925 4505400
18.700 49.933 4505400
18.692 49.933 4505400
18.692 49.942 4505400
18.675 49.942 4505400
18.675 49.950 4505400
18.667 49.950 4505400
18.667 49.958 4505400
18.658 49.958 4505400
18.658 49.967 4505400
18.650 49.967 4505400
18.650 49.975 4505400
18.617 49.975 4505400
18.617 50.008 4505400
18.608 50.008 4505400
18.608 50.017 4505400
18.633 50.017 4505400
18.633 50.025 4505400
18.658 50.025 4505400
18.658 50.033 4505400
18.667 50.033 4505400
18.667 50.025 4505400
18.683 50.025 4505400
18.683 50.017 4505400
18.708 50.017 4505400
18.708 50.008 4505400
18.717 50.008 4505400
18.717 50.017 4505400
18.767 50.017 4505400
18.767 50.042 4505400
18.775 50.042 4505400
18.775 50.058 4505400
18.783 50.058 4505400
18.783 50.067 4505400
18.800 50.067 4505400
18.800 50.092 4505400
18.767 50.092 4505400
18.767 50.100 4505400
18.750 50.100 4505400
18.750 50.108 4505400
18.758 50.108 4505400
18.758 50.117 4505400
18.767 50.117 4505400
18.767 50.125 4505400
18.775 50.125 4505400
18.775 50.133 4505400
18.783 50.133 4505400
18.783 50.150 4505400
18.792 50.150 4505400
18.792 50.158 4505400
18.867 50.158 4505400
18.867 50.167 4505400
18.875 50.167 4505400
18.875 50.158 4505400
18.925 50.158 4505400
18.925 50.192 4505400
18.933 50.192 4505400
18.933 50.200 4505400
18.942 50.200 4505400
18.942 50.208 4505400
18.967 50.208 4505400
18.967 50.200 4505400
19.025 50.200 4505400
19.025 50.208 4505400
19.017 50.208 4505400
19.017 50.217 4505400
19.008 50.217 4505400
19.008 50.242 4505400
18.983 50.242 4505400
18.983 50.250 4505400
18.950 50.250 4505400
18.950 50.267 4505400
18.925 50.267 4505400
18.925 50.275 4505400
18.908 50.275 4505400
18.908 50.283 4505400
18.875 50.283 4505400
18.875 50.300 4505400
18.892 50.300 4505400
18.892 50.308 4505400
18.917 50.308 4505400
18.917 50.317 4505400
18.958 50.317 4505400
18.958 50.333 4505400
18.950 50.333 4505400
18.950 50.342 4505400
18.942 50.342 4505400
18.942 50.350 4505400
18.933 50.350 4505400
18.933 50.358 4505400
18.900 50.358 4505400
18.900 50.350 4505400
18.858 50.350 4505400
18.858 50.358 4505400
18.850 50.358 4505400
18.850 50.392 4505400
18.842 50.392 4505400
18.842 50.408 4505400
18.883 50.408 4505400
18.883 50.417 4505400
18.892 50.417 4505400
18.892 50.425 4505400
18.908 50.425 4505400
18.908 50.442 4505400
18.917 50.442 4505400
18.917 50.467 4505400
18.925 50.467 4505400
18.925 50.475 4505400
18.933 50.475 4505400
18.933 50.492 4505400
18.958 50.492 4505400
18.958 50.500 4505400
18.983 50.500 4505400
18.983 50.508 4505400
19.000 50.508 4505400
19.000 50.517 4505400
19.025 50.517 4505400
19.025 50.508 4505400
19.042 50.508 4505400
19.042 50.517 4505400
19.083 50.517 4505400
19.083 50.525 4505400
19.125 50.525 4505400
19.125 50.542 4505400
19.133 50.542 4505400
19.133 50.550 4505400
19.142 50.550 4505400
19.142 50.558 4505400
19.150 50.558 4505400
19.150 50.567 4505400
19.158 50.567 4505400
19.158 50.558 4505400
19.192 50.558 4505400
19.192 50.567 4505400
19.200 50.567 4505400
19.200 50.558 4505400
19.217 50.558 4505400
19.217 50.550 4505400
19.225 50.550 4505400
19.225 50.542 4505400
19.300 50.542 4505400
19.300 50.533 4505400
19.325 50.533 4505400
19.325 50.517 4505400
19.342 50.517 4505400
19.342 50.508 4505400
19.350 50.508 4505400
19.350 50.500 4505400
19.383 50.500 4505400
19.383 50.492 4505400
19.425 50.492 4505400
19.425 50.500 4505400
19.433 50.500 4505400
19.433 50.508 4505400
19.458 50.508 4505400
19.458 50.517 4505400
19.475 50.517 4505400
19.475 50.508 4505400
19.492 50.508 4505400
19.492 50.517 4505400
19.483 50.517 4505400
19.483 50.533 4505400
19.475 50.533 4505400
19.475 50.550 4505400
19.467 50.550 4505400
19.467 50.558 4505400
19.458 50.558 4505400
19.458 50.567 4505400
19.475 50.567 4505400
19.475 50.600 4505400
19.450 50.600 4505400
19.450 50.608 4505400
19.442 50.608 4505400
19.442 50.617 4505400
19.433 50.617 4505400
19.433 50.625 4505400
19.425 50.625 4505400
19.425 50.633 4505400
19.417 50.633 4505400
19.417 50.642 4505400
19.450 50.642 4505400
19.450 50.650 4505400
19.475 50.650 4505400
19.475 50.642 4505400
19.483 50.642 4505400
19.483 50.633 4505400
19.517 50.633 4505400
19.517 50.642 4505400
19.525 50.642 4505400
19.525 50.650 4505400
19.517 50.650 4505400
19.517 50.667 4505400
19.525 50.667 4505400
19.525 50.675 4505400
19.533 50.675 4505400
19.533 50.683 4505400
19.542 50.683 4505400
19.542 50.692 4505400
19.550 50.692 4505400
19.550 50.700 4505400
19.558 50.700 4505400
19.558 50.708 4505400
19.608 50.708 4505400
19.608 50.725 4505400
19.600 50.725 4505400
19.600 50.733 4505400
19.592 50.733 4505400
19.592 50.742 4505400
19.583 50.742 4505400
19.583 50.750 4505400
19.567 50.750 4505400
19.567 50.758 4505400
19.558 50.758 4505400
19.558 50.775 4505400
19.567 50.775 4505400
19.567 50.792 4505400
19.583 50.792 4505400
19.583 50.825 4505400
19.625 50.825 4505400
19.625 50.833 4505400
19.633 50.833 4505400
19.633 50.850 4505400
19.650 50.850 4505400
19.650 50.867 4505400
19.658 50.867 4505400
19.658 50.875 4505400
19.667 50.875 4505400
19.667 50.883 4505400
19.650 50.883 4505400
19.650 50.892 4505400
19.642 50.892 4505400
19.642 50.900 4505400
19.625 50.900 4505400
19.625 50.908 4505400
19.617 50.908 4505400
19.617 50.917 4505400
19.600 50.917 4505400
19.600 50.925 4505400
19.592 50.925 4505400
19.592 50.933 4505400
19.583 50.933 4505400
19.583 50.950 4505400
19.575 50.950 4505400
19.575 50.958 4505400
19.592 50.958 4505400
19.592 50.967 4505400
19.600 50.967 4505400
19.600 50.975 4505400
19.608 50.975 4505400
19.608 51.025 4505400
19.600 51.025 4505400
19.600 51.042 4505400
19.592 51.042 4505400
19.592 51.050 4505400
19.600 51.050 4505400
19.600 51.058 4505400
19.608 51.058 4505400
19.608 51.075 4505400
19.617 51.075 4505400
19.617 51.083 4505400
19.625 51.083 4505400
19.625 51.075 4505400
19.642 51.075 4505400
19.642 51.067 4505400
19.683 51.067 4505400
19.683 51.075 4505400
19.692 51.075 4505400
19.692 51.083 4505400
19.700 51.083 4505400
19.700 51.100 4505400
19.683 51.100 4505400
19.683 51.108 4505400
19.675 51.108 4505400
19.675 51.117 4505400
19.650 51.117 4505400
19.650 51.125 4505400
19.608 51.125 4505400
19.608 51.133 4505400
19.600 51.133 4505400
19.600 51.150 4505400
19.583 51.150 4505400
19.583 51.167 4505400
19.575 51.167 4505400
19.575 51.192 4505400
19.550 51.192 4505400
19.550 51.200 4505400
19.542 51.200 4505400
19.542 51.208 4505400
19.550 51.208 4505400
19.550 51.217 4505400
19.558 51.217 4505400
19.558 51.275 4505400
19.550 51.275 4505400
19.550 51.283 4505400
19.542 51.283 4505400
19.542 51.275 4505400
19.500 51.275 4505400
19.500 51.283 4505400
19.483 51.283 4505400
19.483 51.292 4505400
19.475 51.292 4505400
19.475 51.300 4505400
19.467 51.300 4505400
19.467 51.317 4505400
19.458 51.317 4505400
19.458 51.333 4505400
19.450 51.333 4505400
19.450 51.350 4505400
19.458 51.350 4505400
19.458 51.375 4505400
19.450 51.375 4505400
19.450 51.408 4505400
19.483 51.408 4505400
19.483 51.400 4505400
19.492 51.400 4505400
19.492 51.392 4505400
19.508 51.392 4505400
19.508 51.400 4505400
19.517 51.400 4505400
19.517 51.408 4505400
19.550 51.408 4505400
19.550 51.417 4505400
19.567 51.417 4505400
19.567 51.425 4505400
19.583 51.425 4505400
19.583 51.442 4505400
19.592 51.442 4505400
19.592 51.450 4505400
19.583 51.450 4505400
19.583 51.483 4505400
19.592 51.483 4505400
19.592 51.508 4505400
19.583 51.508 4505400
19.583 51.517 4505400
19.575 51.517 4505400
19.575 51.525 4505400
19.567 51.525 4505400
19.567 51.533 4505400
19.558 51.533 4505400
19.558 51.542 4505400
19.542 51.542 4505400
19.542 51.567 4505400
19.533 51.567 4505400
19.533 51.575 4505400
19.517 51.575 4505400
19.517 51.583 4505400
19.508 51.583 4505400
19.508 51.600 4505400
19.500 51.600 4505400
19.500 51.625 4505400
19.517 51.625 4505400
19.517 51.633 4505400
19.525 51.633 4505400
19.525 51.642 4505400
19.542 51.642 4505400
19.542 51.650 4505400
19.558 51.650 4505400
19.558 51.658 4505400
19.592 51.658 4505400
19.592 51.667 4505400
19.608 51.667 4505400
19.608 51.675 4505400
19.625 51.675 4505400
19.625 51.692 4505400
19.633 51.692 4505400
19.633 51.700 4505400
19.642 51.700 4505400
19.642 51.708 4505400
19.633 51.708 4505400
19.633 51.725 4505400
19.625 51.725 4505400
19.625 51.733 4505400
19.617 51.733 4505400
19.617 51.742 4505400
19.608 51.742 4505400
19.608 51.758 4505400
19.592 51.758 4505400
19.592 51.767 4505400
19.558 51.767 4505400
19.558 51.783 4505400
19.542 51.783 4505400
19.542 51.808 4505400
19.533 51.808 4505400
19.533 51.817 4505400
19.508 51.817 4505400
19.508 51.825 4505400
19.500 51.825 4505400
19.500 51.842 4505400
19.492 51.842 4505400
19.492 51.850 4505400
19.483 51.850 4505400
19.483 51.858 4505400
19.458 51.858 4505400
19.458 51.867 4505400
19.450 51.867 4505400
19.450 51.875 4505400
19.400 51.875 4505400
19.400 51.867 4505400
19.383 51.867 4505400
19.383 51.892 4505400
19.375 51.892 4505400
19.375 51.900 4505400
19.383 51.900 4505400
19.383 51.933 4505400
19.375 51.933 4505400
19.375 51.942 4505400
19.367 51.942 4505400
19.367 51.958 4505400
19.342 51.958 4505400
19.342 51.992 4505400
19.325 51.992 4505400
19.325 52.025 4505400
19.375 52.025 4505400
19.375 52.042 4505400
19.383 52.042 4505400
19.383 52.067 4505400
19.333 52.067 4505400
19.333 52.075 4505400
19.283 52.075 4505400
19.283 52.067 4505400
19.233 52.067 4505400
19.233 52.117 4505400
19.192 52.117 4505400
19.192 52.125 4505400
19.158 52.125 4505400
19.158 52.142 4505400
19.150 52.142 4505400
19.150 52.158 4505400
19.125 52.158 4505400
19.125 52.150 4505400
19.117 52.150 4505400
19.117 52.183 4505400
19.100 52.183 4505400
19.100 52.200 4505400
19.092 52.200 4505400
19.092 52.217 4505400
19.083 52.217 4505400
19.083 52.225 4505400
19.075 52.225 4505400
19.075 52.233 4505400
19.058 52.233 4505400
19.058 52.242 4505400
19.050 52.242 4505400
19.050 52.267 4505400
19.067 52.267 4505400
19.067 52.275 4505400
19.083 52.275 4505400
19.083 52.283 4505400
19.100 52.283 4505400
19.100 52.317 4505400
19.092 52.317 4505400
19.092 52.308 4505400
19.075 52.308 4505400
19.075 52.317 4505400
19.058 52.317 4505400
19.058 52.325 4505400
19.050 52.325 4505400
19.050 52.342 4505400
19.000 52.342 4505400
19.000 52.350 4505400
18.992 52.350 4505400
18.992 52.358 4505400
18.975 52.358 4505400
18.975 52.392 4505400
18.983 52.392 4505400
18.983 52.400 4505400
18.958 52.400 4505400
18.958 52.408 4505400
18.925 52.408 4505400
18.925 52.400 4505400
18.900 52.400 4505400
18.900 52.392 4505400
18.892 52.392 4505400
18.892 52.383 4505400
18.867 52.383 4505400
18.867 52.375 4505400
18.850 52.375 4505400
18.850 52.367 4505400
18.842 52.367 4505400
18.842 52.358 4505400
18.800 52.358 4505400
18.800 52.383 4505400
18.792 52.383 4505400
18.792 52.417 4505400
18.775 52.417 4505400
18.775 52.425 4505400
18.733 52.425 4505400
18.733 52.433 4505400
18.717 52.433 4505400
18.717 52.442 4505400
18.675 52.442 4505400
18.675 52.450 4505400
18.650 52.450 4505400
18.650 52.458 4505400
18.625 52.458 4505400
18.625 52.467 4505400
18.617 52.467 4505400
18.617 52.458 4505400
18.600 52.458 4505400
18.600 52.467 4505400
18.567 52.467 4505400
18.567 52.475 4505400
18.550 52.475 4505400
18.550 52.483 4505400
18.500 52.483 4505400
18.500 52.508 4505400
18.508 52.508 4505400
18.508 52.525 4505400
18.517 52.525 4505400
18.517 52.533 4505400
18.533 52.533 4505400
18.533 52.550 4505400
18.542 52.550 4505400
18.542 52.558 4505400
18.550 52.558 4505400
18.550 52.567 4505400
18.542 52.567 4505400
18.542 52.600 4505400
18.558 52.600 4505400
18.558 52.642 4505400
18.550 52.642 4505400
18.550 52.650 4505400
18.592 52.650 4505400
18.592 52.658 4505400
18.600 52.658 4505400
18.600 52.667 4505400
18.608 52.667 4505400
18.608 52.692 4505400
18.642 52.692 4505400
18.642 52.700 4505400
18.675 52.700 4505400
18.675 52.692 4505400
18.692 52.692 4505400
18.692 52.683 4505400
18.717 52.683 4505400
18.717 52.725 4505400
18.725 52.725 4505400
18.725 52.733 4505400
18.733 52.733 4505400
18.733 52.742 4505400
18.717 52.742 4505400
18.717 52.750 4505400
18.650 52.750 4505400
18.650 52.758 4505400
18.617 52.758 4505400
18.617 52.750 4505400
18.575 52.750 4505400
18.575 52.742 4505400
18.567 52.742 4505400
18.567 52.750 4505400
18.550 52.750 4505400
18.550 52.758 4505400
18.525 52.758 4505400
18.525 52.767 4505400
18.483 52.767 4505400
18.483 52.775 4505400
18.450 52.775 4505400
18.450 52.767 4505400
18.425 52.767 4505400
18.425 52.775 4505400
18.408 52.775 4505400
18.408 52.783 4505400
18.417 52.783 4505400
18.417 52.800 4505400
18.425 52.800 4505400
18.425 52.808 4505400
18.442 52.808 4505400
18.442 52.817 4505400
18.433 52.817 4505400
18.433 52.825 4505400
18.442 52.825 4505400
18.442 52.842 4505400
18.467 52.842 4505400
18.467 52.833 4505400
18.517 52.833 4505400
18.517 52.842 4505400
18.525 52.842 4505400
18.525 52.875 4505400
18.500 52.875 4505400
18.500 52.883 4505400
18.492 52.883 4505400
18.492 52.908 4505400
18.483 52.908 4505400
18.483 52.925 4505400
18.442 52.925 4505400
18.442 52.933 4505400
18.417 52.933 4505400
18.417 52.925 4505400
18.408 52.925 4505400
18.408 52.917 4505400
18.392 52.917 4505400
18.392 52.925 4505400
18.358 52.925 4505400
18.358 52.917 4505400
18.350 52.917 4505400
18.350 52.908 4505400
18.333 52.908 4505400
18.333 52.900 4505400
18.342 52.900 4505400
18.342 52.883 4505400
18.333 52.883 4505400
18.333 52.867 4505400
18.317 52.867 4505400
18.317 52.858 4505400
18.292 52.858 4505400
18.292 52.850 4505400
18.283 52.850 4505400
18.283 52.858 4505400
18.275 52.858 4505400
18.275 52.875 4505400
18.267 52.875 4505400
18.267 52.883 4505400
18.233 52.883 4505400
18.233 52.892 4505400
18.208 52.892 4505400
18.208 52.883 4505400
18.200 52.883 4505400
18.200 52.875 4505400
18.192 52.875 4505400
18.192 52.883 4505400
18.183 52.883 4505400
18.183 52.900 4505400
18.175 52.900 4505400
18.175 52.917 4505400
18.158 52.917 4505400
18.158 52.925 4505400
18.117 52.925 4505400
18.117 52.933 4505400
18.108 52.933 4505400
18.108 52.950 4505400
18.100 52.950 4505400
18.100 52.967 4505400
18.117 52.967 4505400
18.117 52.975 4505400
18.125 52.975 4505400
18.125 53.000 4505400
18.108 53.000 4505400
18.108 53.008 4505400
18.092 53.008 4505400
18.092 53.017 4505400
18.083 53.017 4505400
18.083 53.033 4505400
18.075 53.033 4505400
18.075 53.042 4505400
18.058 53.042 4505400
18.058 53.050 4505400
18.050 53.050 4505400
18.050 53.058 4505400
18.042 53.058 4505400
18.042 53.067 4505400
18.008 53.067 4505400
18.008 53.075 4505400
17.975 53.075 4505400
17.975 53.083 4505400
17.942 53.083 4505400
17.942 53.108 4505400
17.908 53.108 4505400
17.908 53.117 4505400
17.892 53.117 4505400
17.892 53.108 4505400
17.825 53.108 4505400
17.825 53.142 4505400
17.833 53.142 4505400
17.833 53.158 4505400
17.850 53.158 4505400
17.850 53.217 4505400
17.817 53.217 4505400
17.817 53.225 4505400
17.808 53.225 4505400
17.808 53.242 4505400
17.792 53.242 4505400
17.792 53.250 4505400
17.783 53.250 4505400
17.783 53.242 4505400
17.775 53.242 4505400
17.775 53.233 4505400
17.758 53.233 4505400
17.758 53.225 4505400
17.675 53.225 4505400
17.675 53.233 4505400
17.667 53.233 4505400
17.667 53.250 4505400
17.658 53.250 4505400
17.658 53.258 4505400
17.650 53.258 4505400
17.650 53.267 4505400
17.642 53.267 4505400
17.642 53.275 4505400
17.633 53.275 4505400
17.633 53.283 4505400
17.625 53.283 4505400
17.625 53.292 4505400
17.617 53.292 4505400
17.617 53.300 4505400
17.625 53.300 4505400
17.625 53.317 4505400
17.633 53.317 4505400
17.633 53.333 4505400
17.658 53.333 4505400
17.658 53.358 4505400
17.675 53.358 4505400
17.675 53.375 4505400
17.700 53.375 4505400
17.700 53.383 4505400
17.708 53.383 4505400
17.708 53.392 4505400
17.700 53.392 4505400
17.700 53.408 4505400
17.683 53.408 4505400
17.683 53.417 4505400
17.667 53.417 4505400
17.667 53.408 4505400
17.658 53.408 4505400
17.658 53.425 4505400
17.600 53.425 4505400
17.600 53.417 4505400
17.558 53.417 4505400
17.558 53.425 4505400
17.542 53.425 4505400
17.542 53.433 4505400
17.517 53.433 4505400
17.517 53.442 4505400
17.442 53.442 4505400
17.442 53.433 4505400
17.417 53.433 4505400
17.417 53.442 4505400
17.400 53.442 4505400
17.400 53.450 4505400
17.392 53.450 4505400
17.392 53.458 4505400
17.383 53.458 4505400
17.383 53.475 4505400
17.392 53.475 4505400
17.392 53.483 4505400
17.417 53.483 4505400
17.417 53.492 4505400
17.408 53.492 4505400
17.408 53.517 4505400
17.383 53.517 4505400
17.383 53.525 4505400
17.392 53.525 4505400
17.392 53.550 4505400
17.400 53.550 4505400
17.400 53.558 4505400
17.375 53.558 4505400
17.375 53.567 4505400
17.367 53.567 4505400
17.367 53.575 4505400
17.350 53.575 4505400
17.350 53.592 4505400
17.342 53.592 4505400
17.342 53.617 4505400
17.333 53.617 4505400
17.333 53.625 4505400
17.342 53.625 4505400
17.342 53.633 4505400
17.367 53.633 4505400
17.367 53.642 4505400
17.375 53.642 4505400
17.375 53.650 4505400
17.433 53.650 4505400
17.433 53.658 4505400
17.442 53.658 4505400
17.442 53.667 4505400
17.475 53.667 4505400
17.475 53.675 4505400
17.483 53.675 4505400
17.483 53.700 4505400
17.475 53.700 4505400
17.475 53.717 4505400
17.467 53.717 4505400
17.467 53.725 4505400
17.458 53.725 4505400
17.458 53.717 4505400
17.433 53.717 4505400
17.433 53.708 4505400
17.417 53.708 4505400
17.417 53.700 4505400
17.408 53.700 4505400
17.408 53.692 4505400
17.383 53.692 4505400
17.383 53.683 4505400
17.367 53.683 4505400
17.367 53.675 4505400
17.342 53.675 4505400
17.342 53.667 4505400
17.333 53.667 4505400
17.333 53.658 4505400
17.317 53.658 4505400
17.317 53.650 4505400
17.292 53.650 4505400
17.292 53.658 4505400
17.233 53.658 4505400
17.233 53.675 4505400
17.225 53.675 4505400
17.225 53.683 4505400
17.200 53.683 4505400
17.200 53.675 4505400
17.175 53.675 4505400
17.175 53.667 4505400
17.142 53.667 4505400
17.142 53.675 4505400
17.117 53.675 4505400
17.117 53.683 4505400
17.108 53.683 4505400
17.108 53.692 4505400
17.100 53.692 4505400
17.100 53.700 4505400
17.108 53.700 4505400
17.108 53.708 4505400
17.125 53.708 4505400
17.125 53.717 4505400
17.133 53.717 4505400
17.133 53.725 4505400
17.125 53.725 4505400
17.125 53.742 4505400
17.117 53.742 4505400
17.117 53.783 4505400
17.108 53.783 4505400
17.108 53.800 4505400
17.083 53.800 4505400
17.083 53.817 4505400
17.075 53.817 4505400
17.075 53.833 4505400
17.042 53.833 4505400
17.042 53.842 4505400
17.033 53.842 4505400
17.033 53.850 4505400
17.017 53.850 4505400
17.017 53.883 4505400
17.008 53.883 4505400
17.008 53.892 4505400
17.000 53.892 4505400
17.000 53.917 4505400
17.017 53.917 4505400
17.017 53.925 4505400
17.025 53.925 4505400
17.025 53.933 4505400
17.017 53.933 4505400
17.017 53.950 4505400
17.025 53.950 4505400
17.025 53.958 4505400
17.050 53.958 4505400
17.050 53.983 4505400
17.058 53.983 4505400
17.058 54.008 4505400
17.050 54.008 4505400
17.050 54.025 4505400
17.083 54.025 4505400
17.083 54.017 4505400
17.092 54.017 4505400
17.092 54.008 4505400
17.100 54.008 4505400
17.100 54.025 4505400
17.125 54.025 4505400
17.125 54.017 4505400
17.167 54.017 4505400
17.167 54.025 4505400
17.183 54.025 4505400
17.183 54.017 4505400
17.200 54.017 4505400
17.200 54.008 4505400
17.208 54.008 4505400
17.208 54.000 4505400
17.217 54.000 4505400
17.217 53.983 4505400
17.225 53.983 4505400
17.225 53.992 4505400
17.242 53.992 4505400
17.242 54.042 4505400
17.267 54.042 4505400
17.267 54.050 4505400
17.275 54.050 4505400
17.275 54.067 4505400
17.292 54.067 4505400
17.292 54.075 4505400
17.308 54.075 4505400
17.308 54.067 4505400
17.325 54.067 4505400
17.325 54.025 4505400
17.342 54.025 4505400
17.342 54.017 4505400
17.367 54.017 4505400
17.367 54.008 4505400
17.392 54.008 4505400
17.392 54.025 4505400
17.400 54.025 4505400
17.400 54.033 4505400
17.408 54.033 4505400
17.408 54.042 4505400
17.417 54.042 4505400
17.417 54.050 4505400
17.408 54.050 4505400
17.408 54.058 4505400
17.400 54.058 4505400
17.400 54.067 4505400
17.425 54.067 4505400
17.425 54.075 4505400
17.442 54.075 4505400
17.442 54.083 4505400
17.458 54.083 4505400
17.458 54.075 4505400
17.467 54.075 4505400
17.467 54.083 4505400
17.508 54.083 4505400
17.508 54.092 4505400
17.542 54.092 4505400
17.542 54.100 4505400
17.550 54.100 4505400
17.550 54.108 4505400
17.558 54.108 4505400
17.558 54.117 4505400
17.567 54.117 4505400
17.567 54.125 4505400
17.575 54.125 4505400
17.575 54.133 4505400
17.583 54.133 4505400
17.583 54.150 4505400
17.592 54.150 4505400
17.592 54.158 4505400
17.608 54.158 4505400
17.608 54.167 4505400
17.617 54.167 4505400
17.617 54.150 4505400
17.625 54.150 4505400
17.625 54.133 4505400
17.658 54.133 4505400
17.658 54.142 4505400
17.683 54.142 4505400
17.683 54.150 4505400
17.733 54.150 4505400
17.733 54.158 4505400
17.742 54.158 4505400
17.742 54.183 4505400
17.758 54.183 4505400
17.758 54.192 4505400
17.767 54.192 4505400
17.767 54.200 4505400
17.800 54.200 4505400
17.800 54.208 4505400
17.808 54.208 4505400
17.808 54.200 4505400
17.833 54.200 4505400
17.833 54.225 4505400
17.842 54.225 4505400
17.842 54.233 4505400
17.892 54.233 4505400
17.892 54.225 4505400
17.908 54.225 4505400
17.908 54.200 4505400
17.917 54.200 4505400
17.917 54.175 4505400
17.933 54.175 4505400
17.933 54.183 4505400
17.975 54.183 4505400
17.975 54.192 4505400
18.000 54.192 4505400
18.000 54.200 4505400
18.067 54.200 4505400
18.067 54.192 4505400
18.083 54.192 4505400
18.083 54.200 4505400
18.092 54.200 4505400
18.092 54.208 4505400
18.100 54.208 4505400
18.100 54.217 4505400
18.125 54.217 4505400
18.125 54.208 4505400
18.133 54.208 4505400
18.133 54.217 4505400
18.150 54.217 4505400
18.150 54.208 4505400
18.167 54.208 4505400
18.167 54.217 4505400
18.183 54.217 4505400
18.183 54.225 4505400
18.192 54.225 4505400
18.192 54.233 4505400
18.233 54.233 4505400
18.233 54.242 4505400
18.292 54.242 4505400
18.292 54.233 4505400
18.283 54.233 4505400
18.283 54.208 4505400
18.292 54.208 4505400
18.292 54.200 4505400
18.308 54.200 4505400
18.308 54.192 4505400
18.317 54.192 4505400
18.317 54.183 4505400
18.342 54.183 4505400
18.342 54.175 4505400
18.367 54.175 4505400
18.367 54.183 4505400
18.375 54.183 4505400
18.375 54.192 4505400
18.400 54.192 4505400
18.400 54.183 4505400
18.417 54.183 4505400
18.417 54.175 4505400
18.433 54.175 4505400
18.433 54.167 4505400
18.442 54.167 4505400
18.442 54.158 4505400
18.450 54.158 4505400
18.450 54.150 4505400
18.467 54.150 4505400
18.467 54.142 4505400
18.475 54.142 4505400
18.475 54.117 4505400
18.467 54.117 4505400
18.467 54.083 4505400
18.475 54.083 4505400
18.475 54.075 4505400
18.467 54.075 4505400
18.467 54.067 4505400
18.475 54.067 4505400
18.475 54.058 4505400
18.483 54.058 4505400
18.483 54.050 4505400
18.492 54.050 4505400
18.492 54.042 4505400
18.500 54.042 4505400
18.500 54.033 4505400
18.508 54.033 4505400
18.508 54.025 4505400
18.517 54.025 4505400
18.517 54.033 4505400
18.558 54.033 4505400
18.558 54.042 4505400
18.575 54.042 4505400
18.575 54.050 4505400
18.608 54.050 4505400
18.608 54.042 4505400
18.617 54.042 4505400
18.617 54.033 4505400
18.625 54.033 4505400
18.625 54.008 4505400
18.633 54.008 4505400
18.633 54.000 4505400
18.667 54.000 4505400
18.667 53.992 4505400
18.683 53.992 4505400
18.683 54.000 4505400
18.700 54.000 4505400
18.700 54.042 4505400
18.717 54.042 4505400
18.717 54.050 4505400
18.725 54.050 4505400
18.725 54.058 4505400
18.750 54.058 4505400
18.750 54.067 4505400
18.758 54.067 4505400
18.758 54.075 4505400
18.767 54.075 4505400
18.767 54.083 4505400
18.783 54.083 4505400
18.783 54.092 4505400
18.792 54.092 4505400
18.792 54.108 4505400
18.800 54.108 4505400
18.800 54.117 4505400
18.808 54.117 4505400
18.808 54.133 4505400
18.817 54.133 4505400
18.817 54.183 4505400
18.825 54.183 4505400
18.825 54.200 4505400
18.817 54.200 4505400
18.817 54.208 4505400
18.825 54.208 4505400
18.825 54.217 4505400
18.833 54.217 4505400
18.833 54.225 4505400
18.850 54.225 4505400
18.850 54.233 4505400
18.900 54.233 4505400
18.900 54.242 4505400
18.908 54.242 4505400
18.908 54.267 4505400
18.917 54.267 4505400
18.917 54.275 4505400
18.925 54.275 4505400
18.925 54.300 4505400
18.933 54.300 4505400
18.933 54.317 4505400
18.942 54.317 4505400
18.942 54.300 4505400
18.958 54.300 4505400
18.958 54.292 4505400
18.958 54.283 4505400
18.967 54.283 4505400
18.967 54.275 4505400
18.992 54.275 4505400
18.992 54.267 4505400
19.000 54.267 4505400
19.000 54.258 4505400
19.008 54.258 4505400
19.008 54.233 4505400
19.000 54.233 4505400
19.000 54.225 4505400
18.992 54.225 4505400
18.992 54.183 4505400
19.008 54.183 4505400
19.008 54.192 4505400
19.025 54.192 4505400
19.025 54.183 4505400
19.033 54.183 4505400
19.033 54.167 4505400
19.025 54.167 4505400
19.025 54.158 4505400
19.017 54.158 4505400
19.017 54.150 4505400
19.008 54.150 4505400
19.008 54.125 4505400
19.000 54.125 4505400
19.000 54.117 4505400
19.008 54.117 4505400
19.008 54.092 4505400
19.000 54.092 4505400
19.000 54.075 4505400
18.983 54.075 4505400
18.983 54.067 4505400
18.958 54.067 4505400
18.958 54.050 4505400
18.942 54.050 4505400
18.942 54.033 4505400
18.925 54.033 4505400
18.925 54.025 4505400
18.908 54.025 4505400
18.908 54.008 4505400
18.892 54.008 4505400
18.892 53.958 4505400
18.883 53.958 4505400
18.883 53.950 4505400
18.900 53.950 4505400
18.900 53.942 4505400
18.917 53.942 4505400
18.917 53.933 4505400
18.925 53.933 4505400
18.925 53.925 4505400
18.958 53.925 4505400
18.958 53.900 4505400
18.967 53.900 4505400
18.967 53.892 4505400
19.000 53.892 4505400
19.000 53.900 4505400
19.067 53.900 4505400
19.067 53.892 4505400
19.083 53.892 4505400
19.083 53.875 4505400
19.092 53.875 4505400
19.092 53.867 4505400
19.125 53.867 4505400
19.125 53.858 4505400
19.142 53.858 4505400
19.142 53.867 4505400
19.167 53.867 4505400
19.167 53.858 4505400
19.175 53.858 4505400
19.175 53.850 4505400
19.192 53.850 4505400
19.192 53.842 4505400
19.208 53.842 4505400
19.208 53.825 4505400
19.217 53.825 4505400
19.217 53.817 4505400
19.208 53.817 4505400
19.208 53.808 4505400
19.192 53.808 4505400
19.192 53.800 4505400
19.175 53.800 4505400
19.175 53.792 4505400
19.167 53.792 4505400
19.167 53.783 4505400
19.158 53.783 4505400
19.158 53.775 4505400
19.150 53.775 4505400
19.150 53.742 4505400
19.142 53.742 4505400
19.142 53.725 4505400
19.150 53.725 4505400
19.150 53.717 4505400
19.175 53.717 4505400
19.175 53.700 4505400
19.183 53.700 4505400
19.183 53.692 4505400
19.208 53.692 4505400
19.208 53.675 4505400
19.242 53.675 4505400
19.242 53.683 4505400
19.250 53.683 4505400
19.250 53.667 4505400
19.258 53.667 4505400
19.258 53.658 4505400
19.267 53.658 4505400
19.267 53.650 4505400
19.308 53.650 4505400
19.308 53.658 4505400
19.325 53.658 4505400
19.325 53.667 4505400
19.350 53.667 4505400
19.350 53.675 4505400
19.367 53.675 4505400
19.367 53.683 4505400
19.358 53.683 4505400
19.358 53.692 4505400
19.367 53.692 4505400
19.367 53.700 4505400
19.375 53.700 4505400
19.375 53.708 4505400
19.442 53.708 4505400
19.442 53.717 4505400
19.450 53.717 4505400
19.450 53.733 4505400
19.458 53.733 4505400
19.458 53.750 4505400
19.500 53.750 4505400
19.500 53.792 4505400
19.492 53.792 4505400
19.492 53.800 4505400
19.483 53.800 4505400
19.483 53.808 4505400
19.475 53.808 4505400
19.475 53.817 4505400
19.483 53.817 4505400
19.483 53.825 4505400
19.492 53.825 4505400
19.492 53.833 4505400
19.508 53.833 4505400
19.508 53.842 4505400
19.542 53.842 4505400
19.542 53.850 4505400
19.550 53.850 4505400
19.550 53.858 4505400
19.558 53.858 4505400
19.558 53.883 4505400
19.667 53.883 4505400
19.667 53.892 4505400
19.692 53.892 4505400
19.692 53.900 4505400
19.700 53.900 4505400
19.700 53.908 4505400
19.708 53.908 4505400
19.708 53.900 4505400
19.717 53.900 4505400
19.717 53.892 4505400
19.725 53.892 4505400
19.725 53.875 4505400
19.733 53.875 4505400
19.733 53.867 4505400
19.758 53.867 4505400
19.758 53.858 4505400
19.767 53.858 4505400
19.767 53.808 4505400
19.800 53.808 4505400
19.800 53.800 4505400
19.850 53.800 4505400
19.850 53.792 4505400
19.858 53.792 4505400
19.858 53.783 4505400
19.900 53.783 4505400
19.900 53.775 4505400
19.908 53.775 4505400
19.908 53.767 4505400
19.933 53.767 4505400
19.933 53.758 4505400
19.942 53.758 4505400
19.942 53.750 4505400
19.958 53.750 4505400
19.958 53.742 4505400
19.975 53.742 4505400
19.975 53.733 4505400
19.983 53.733 4505400
19.983 53.725 4505400
20.000 53.725 4505400
20.000 53.717 4505400
20.017 53.717 4505400
20.017 53.708 4505400
20.042 53.708 4505400
20.042 53.700 4505400
20.050 53.700 4505400
20.050 53.692 4505400
20.058 53.692 4505400
20.058 53.683 4505400
20.117 53.683 4505400
20.117 53.692 4505400
20.133 53.692 4505400
20.133 53.683 4505400
20.142 53.683 4505400
20.142 53.667 4505400
20.150 53.667 4505400
20.150 53.658 4505400
20.175 53.658 4505400
20.175 53.650 4505400
20.208 53.650 4505400
20.208 53.642 4505400
20.217 53.642 4505400
20.217 53.633 4505400
20.225 53.633 4505400
20.225 53.625 4505400
20.242 53.625 4505400
20.242 53.608 4505400
20.250 53.608 4505400
20.250 53.600 4505400
20.258 53.600 4505400
20.258 53.592 4505400
20.267 53.592 4505400
20.267 53.583 4505400
20.258 53.583 4505400
20.258 53.567 4505400
20.250 53.567 4505400
20.250 53.550 4505400
20.242 53.550 4505400
20.242 53.542 4505400
20.208 53.542 4505400
20.208 53.550 4505400
20.200 53.550 4505400
20.200 53.542 4505400
20.192 53.542 4505400
20.192 53.533 4505400
20.158 53.533 4505400
20.158 53.542 4505400
20.108 53.542 4505400
20.108 53.517 4505400
20.100 53.517 4505400
20.100 53.508 4505400
20.092 53.508 4505400
20.092 53.500 4505400
20.083 53.500 4505400
20.083 53.492 4505400
20.075 53.492 4505400
20.075 53.483 4505400
20.083 53.483 4505400
20.083 53.467 4505400
20.125 53.467 4505400
20.125 53.458 4505400
20.158 53.458 4505400
20.158 53.433 4505400
20.175 53.433 4505400
20.175 53.425 4505400
20.183 53.425 4505400
20.183 53.417 4505400
20.200 53.417 4505400
20.200 53.408 4505400
20.208 53.408 4505400
20.208 53.417 4505400
20.217 53.417 4505400
20.217 53.425 4505400
20.225 53.425 4505400
20.225 53.442 4505400
20.242 53.442 4505400
20.242 53.450 4505400
20.250 53.450 4505400
20.250 53.458 4505400
20.283 53.458 4505400
20.283 53.450 4505400
20.317 53.450 4505400
20.317 53.458 4505400
20.342 53.458 4505400
20.342 53.450 4505400
20.350 53.450 4505400
20.350 53.442 4505400
20.392 53.442 4505400
20.392 53.450 4505400
20.400 53.450 4505400
20.400 53.442 4505400
20.425 53.442 4505400
20.425 53.433 4505400
20.467 53.433 4505400
20.467 53.425 4505400
20.483 53.425 4505400
20.483 53.458 4505400
20.500 53.458 4505400
20.500 53.475 4505400
20.508 53.475 4505400
20.508 53.508 4505400
20.525 53.508 4505400
20.525 53.517 4505400
20.533 53.517 4505400
20.533 53.525 4505400
20.525 53.525 4505400
20.525 53.533 4505400
20.533 53.533 4505400
20.533 53.575 4505400
20.525 53.575 4505400
20.525 53.583 4505400
20.533 53.583 4505400
20.533 53.592 4505400
20.583 53.592 4505400
20.583 53.583 4505400
20.600 53.583 4505400
20.600 53.575 4505400
20.617 53.575 4505400
20.617 53.567 4505400
20.642 53.567 4505400
20.642 53.533 4505400
20.650 53.533 4505400
20.650 53.525 4505400
20.683 53.525 4505400
20.683 53.542 4505400
20.692 53.542 4505400
20.692 53.550 4505400
20.725 53.550 4505400
20.725 53.542 4505400
20.733 53.542 4505400
20.733 53.533 4505400
20.767 53.533 4505400
20.767 53.558 4505400
20.775 53.558 4505400
20.775 53.575 4505400
20.783 53.575 4505400
20.783 53.592 4505400
20.792 53.592 4505400
20.792 53.608 4505400
20.808 53.608 4505400
20.808 53.617 4505400
20.825 53.617 4505400
20.825 53.608 4505400
20.842 53.608 4505400
20.842 53.617 4505400
20.858 53.617 4505400
20.858 53.625 4505400
20.867 53.625 4505400
20.867 53.633 4505400
20.875 53.633 4505400
20.875 53.642 4505400
20.883 53.642 4505400
20.883 53.650 4505400
20.900 53.650 4505400
20.900 53.675 4505400
20.892 53.675 4505400
20.892 53.692 4505400
20.883 53.692 4505400
20.883 53.708 4505400
20.892 53.708 4505400
20.892 53.717 4505400
20.900 53.717 4505400
20.900 53.767 4505400
20.925 53.767 4505400
20.925 53.775 4505400
20.933 53.775 4505400
20.933 53.792 4505400
20.942 53.792 4505400
20.942 53.800 4505400
20.950 53.800 4505400
20.950 53.808 4505400
20.967 53.808 4505400
20.967 53.817 4505400
20.975 53.817 4505400
20.975 53.808 4505400
21.008 53.808 4505400
21.008 53.800 4505400
21.017 53.800 4505400
21.017 53.808 4505400
21.025 53.808 4505400
21.025 53.817 4505400
21.033 53.817 4505400
21.033 53.808 4505400
21.067 53.808 4505400
21.067 53.817 4505400
21.083 53.817 4505400
21.083 53.833 4505400
21.100 53.833 4505400
21.100 53.850 4505400
21.108 53.850 4505400
21.108 53.858 4505400
21.100 53.858 4505400
21.100 53.867 4505400
21.117 53.867 4505400
21.117 53.933 4505400
21.125 53.933 4505400
21.125 53.942 4505400
21.158 53.942 4505400
21.158 53.950 4505400
21.200 53.950 4505400
21.200 53.933 4505400
21.217 53.933 4505400
21.217 53.892 4505400
21.208 53.892 4505400
21.208 53.858 4505400
21.217 53.858 4505400
21.217 53.850 4505400
21.242 53.850 4505400
21.242 53.858 4505400
21.283 53.858 4505400
21.283 53.833 4505400
21.292 53.833 4505400
21.292 53.800 4505400
21.308 53.800 4505400
21.308 53.767 4505400
21.317 53.767 4505400
21.317 53.758 4505400
21.300 53.758 4505400
21.300 53.733 4505400
21.308 53.733 4505400
21.308 53.725 4505400
21.367 53.725 4505400
21.367 53.775 4505400
21.375 53.775 4505400
21.375 53.792 4505400
21.400 53.792 4505400
21.400 53.800 4505400
21.425 53.800 4505400
21.425 53.858 4505400
21.417 53.858 4505400
21.417 53.892 4505400
21.408 53.892 4505400
21.408 53.900 4505400
21.400 53.900 4505400
21.400 53.908 4505400
21.383 53.908 4505400
21.383 53.950 4505400
21.392 53.950 4505400
21.392 53.958 4505400
21.408 53.958 4505400
21.408 53.967 4505400
21.425 53.967 4505400
21.425 53.958 4505400
21.475 53.958 4505400
21.475 53.967 4505400
21.483 53.967 4505400
21.483 53.958 4505400
21.492 53.958 4505400
21.492 53.950 4505400
21.542 53.950 4505400
21.542 53.958 4505400
21.550 53.958 4505400
21.550 53.983 4505400
21.575 53.983 4505400
21.575 53.975 4505400
21.658 53.975 4505400
21.658 53.983 4505400
21.675 53.983 4505400
21.675 53.992 4505400
21.725 53.992 4505400
21.725 54.000 4505400
21.733 54.000 4505400
21.733 54.008 4505400
21.742 54.008 4505400
21.742 54.025 4505400
21.750 54.025 4505400
21.750 54.033 4505400
21.758 54.033 4505400
21.758 54.042 4505400
21.767 54.042 4505400
21.767 54.050 4505400
21.783 54.050 4505400
21.783 54.058 4505400
21.800 54.058 4505400
21.800 54.067 4505400
21.842 54.067 4505400
21.842 54.042 4505400
21.850 54.042 4505400
21.850 54.033 4505400
21.858 54.033 4505400
21.858 54.017 4505400
21.867 54.017 4505400
21.867 54.008 4505400
21.883 54.008 4505400
21.883 54.000 4505400
21.908 54.000 4505400
21.908 54.008 4505400
21.933 54.008 4505400
21.933 54.017 4505400
21.950 54.017 4505400
21.950 54.042 4505400
22.000 54.042 4505400
22.000 54.033 4505400
22.042 54.033 4505400
22.042 54.025 4505400
22.058 54.025 4505400
22.058 54.033 4505400
22.067 54.033 4505400
22.067 54.050 4505400
22.075 54.050 4505400
22.075 54.067 4505400
22.067 54.067 4505400
22.067 54.092 4505400
22.075 54.092 4505400
22.075 54.108 4505400
22.083 54.108 4505400
22.083 54.125 4505400
22.075 54.125 4505400
22.075 54.142 4505400
22.067 54.142 4505400
22.067 54.158 4505400
22.075 54.158 4505400
22.075 54.167 4505400
22.125 54.167 4505400
22.125 54.175 4505400
22.133 54.175 4505400
22.133 54.183 4505400
22.200 54.183 4505400
22.200 54.175 4505400
22.225 54.175 4505400
22.225 54.192 4505400
22.283 54.192 4505400
22.283 54.200 4505400
22.292 54.200 4505400
22.292 54.208 4505400
22.300 54.208 4505400
22.300 54.225 4505400
22.308 54.225 4505400
22.308 54.217 4505400
22.317 54.217 4505400
22.317 54.200 4505400
22.325 54.200 4505400
22.325 54.192 4505400
22.358 54.192 4505400
22.358 54.167 4505400
22.367 54.167 4505400
22.367 54.150 4505400
22.400 54.150 4505400
22.400 54.142 4505400
22.450 54.142 4505400
22.450 54.150 4505400
22.475 54.150 4505400
22.475 54.158 4505400
22.483 54.158 4505400
22.483 54.167 4505400
22.500 54.167 4505400
22.500 54.175 4505400
22.508 54.175 4505400
22.508 54.200 4505400
22.517 54.200 4505400
22.517 54.242 4505400
22.508 54.242 4505400
22.508 54.258 4505400
22.517 54.258 4505400
22.517 54.267 4505400
22.525 54.267 4505400
22.525 54.275 4505400
22.533 54.275 4505400
22.533 54.267 4505400
22.542 54.267 4505400
22.542 54.258 4505400
22.558 54.258 4505400
22.558 54.250 4505400
22.583 54.250 4505400
22.583 54.242 4505400
22.608 54.242 4505400
22.608 54.233 4505400
22.617 54.233 4505400
22.617 54.225 4505400
22.633 54.225 4505400
22.633 54.217 4505400
22.642 54.217 4505400
22.642 54.192 4505400
22.658 54.192 4505400
22.658 54.175 4505400
22.683 54.175 4505400
22.683 54.183 4505400
22.675 54.183 4505400
22.675 54.208 4505400
22.683 54.208 4505400
22.683 54.217 4505400
22.692 54.217 4505400
22.692 54.233 4505400
22.683 54.233 4505400
22.683 54.242 4505400
22.742 54.242 4505400
22.742 54.250 4505400
22.758 54.250 4505400
22.758 54.217 4505400
22.750 54.217 4505400
22.750 54.200 4505400
22.742 54.200 4505400
22.742 54.192 4505400
22.725 54.192 4505400
22.725 54.167 4505400
22.742 54.167 4505400
22.742 54.158 4505400
22.758 54.158 4505400
22.758 54.150 4505400
22.775 54.150 4505400
22.775 54.142 4505400
22.783 54.142 4505400
22.783 54.133 4505400
22.800 54.133 4505400
22.800 54.125 4505400
22.808 54.125 4505400
22.808 54.133 4505400
22.817 54.133 4505400
22.817 54.142 4505400
22.842 54.142 4505400
22.842 54.133 4505400
22.850 54.133 4505400
22.850 54.117 4505400
22.858 54.117 4505400
22.858 54.100 4505400
22.867 54.100 4505400
22.867 54.092 4505400
22.875 54.092 4505400
22.875 54.083 4505400
22.883 54.083 4505400
22.883 54.075 4505400
22.900 54.075 4505400
22.900 54.067 4505400
22.942 54.067 4505400
22.942 54.058 4505400
22.950 54.058 4505400
22.950 54.050 4505400
22.942 54.050 4505400
22.942 54.025 4505400
22.958 54.025 4505400
22.958 54.017 4505400
22.967 54.017 4505400
22.967 54.008 4505400
22.983 54.008 4505400
22.983 54.000 4505400
23.025 54.000 4505400
23.025 53.992 4505400
23.108 53.992 4505400
23.108 53.983 4505400
23.125 53.983 4505400
23.125 53.992 4505400
23.167 53.992 4505400
23.167 54.008 4505400
23.175 54.008 4505400
23.175 54.000 4505400
23.183 54.000 4505400
23.183 53.992 4505400
23.192 53.992 4505400
23.192 53.967 4505400
23.167 53.967 4505400
23.167 53.958 4505400
23.158 53.958 4505400
23.158 53.933 4505400
23.117 53.933 4505400
23.117 53.925 4505400
23.108 53.925 4505400
23.108 53.908 4505400
23.117 53.908 4505400
23.117 53.892 4505400
23.150 53.892 4505400
23.150 53.883 4505400
23.167 53.883 4505400
23.167 53.875 4505400
23.175 53.875 4505400
23.175 53.867 4505400
23.183 53.867 4505400
23.183 53.858 4505400
23.250 53.858 4505400
23.250 53.867 4505400
23.267 53.867 4505400
23.267 53.858 4505400
23.292 53.858 4505400
23.292 53.850 4505400
23.300 53.850 4505400
23.300 53.842 4505400
23.325 53.842 4505400
23.325 53.833 4505400
23.308 53.833 4505400
23.308 53.825 4505400
23.292 53.825 4505400
23.292 53.817 4505400
23.283 53.817 4505400
23.283 53.783 4505400
23.317 53.783 4505400
23.317 53.775 4505400
23.325 53.775 4505400
23.325 53.767 4505400
23.333 53.767 4505400
23.333 53.775 4505400
23.383 53.775 4505400
23.383 53.767 4505400
23.400 53.767 4505400
23.400 53.758 4505400
23.442 53.758 4505400
23.442 53.750 4505400
23.450 53.750 4505400
23.450 53.758 4505400
23.458 53.758 4505400
23.458 53.767 4505400
23.483 53.767 4505400
23.483 53.758 4505400
23.508 53.758 4505400
23.508 53.750 4505400
23.517 53.750 4505400
23.517 53.758 4505400
23.533 53.758 4505400
23.533 53.767 4505400
23.558 53.767 4505400
23.558 53.758 4505400
23.575 53.758 4505400
23.575 53.750 4505400
23.583 53.750 4505400
23.583 53.742 4505400
23.592 53.742 4505400
23.592 53.733 4505400
23.600 53.733 4505400
23.600 53.725 4505400
23.617 53.725 4505400
23.617 53.733 4505400
23.650 53.733 4505400
23.650 53.742 4505400
23.658 53.742 4505400
23.658 53.700 4505400
23.642 53.700 4505400
23.642 53.692 4505400
23.617 53.692 4505400
23.617 53.683 4505400
23.608 53.683 4505400
23.608 53.658 4505400
23.600 53.658 4505400
23.600 53.650 4505400
23.592 53.650 4505400
23.592 53.600 4505400
23.600 53.600 4505400
23.600 53.583 4505400
23.583 53.583 4505400
23.583 53.575 4505400
23.575 53.575 4505400
23.575 53.567 4505400
23.567 53.567 4505400
23.567 53.533 4505400
23.575 53.533 4505400
23.575 53.525 4505400
23.583 53.525 4505400
23.583 53.508 4505400
23.567 53.508 4505400
23.567 53.492 4505400
23.558 53.492 4505400
23.558 53.475 4505400
23.550 53.475 4505400
23.550 53.467 4505400
23.542 53.467 4505400
23.542 53.458 4505400
23.533 53.458 4505400
23.533 53.450 4505400
23.542 53.450 4505400
23.542 53.433 4505400
23.558 53.433 4505400
23.558 53.425 4505400
23.567 53.425 4505400
23.567 53.400 4505400
23.592 53.400 4505400
23.592 53.408 4505400
23.608 53.408 4505400
23.608 53.400 4505400
23.617 53.400 4505400
23.617 53.392 4505400
23.625 53.392 4505400
23.625 53.383 4505400
23.658 53.383 4505400
23.658 53.392 4505400
23.683 53.392 4505400
23.683 53.375 4505400
23.692 53.375 4505400
23.692 53.308 4505400
23.700 53.308 4505400
23.700 53.300 4505400
23.708 53.300 4505400
23.708 53.258 4505400
23.717 53.258 4505400
23.717 53.242 4505400
23.708 53.242 4505400
23.708 53.233 4505400
23.700 53.233 4505400
23.700 53.217 4505400
23.692 53.217 4505400
23.692 53.208 4505400
23.683 53.208 4505400
23.683 53.192 4505400
23.658 53.192 4505400
23.658 53.183 4505400
23.667 53.183 4505400
23.667 53.158 4505400
23.717 53.158 4505400
23.717 53.150 4505400
23.725 53.150 4505400
23.725 53.142 4505400
23.733 53.142 4505400
23.733 53.133 4505400
23.750 53.133 4505400
23.750 53.125 4505400
23.758 53.125 4505400
23.758 53.100 4505400
23.775 53.100 4505400
23.775 53.075 4505400
23.783 53.075 4505400
23.783 53.067 4505400
23.792 53.067 4505400
23.792 53.050 4505400
23.800 53.050 4505400
23.800 53.042 4505400
23.833 53.042 4505400
23.833 53.033 4505400
23.850 53.033 4505400
23.850 53.008 4505400
23.883 53.008 4505400
23.883 52.992 4505400
23.917 52.992 4505400
23.917 52.983 4505400
23.942 52.983 4505400
23.942 53.000 4505400
23.975 53.000 4505400
23.975 53.008 4505400
24.008 53.008 4505400
24.008 53.000 4505400
24.017 53.000 4505400
24.017 53.008 4505400
24.033 53.008 4505400
24.033 53.000 4505400
24.042 53.000 4505400
24.042 53.017 4505400
24.075 53.017 4505400
24.075 53.008 4505400
24.100 53.008 4505400
24.100 53.000 4505400
24.108 53.000 4505400
24.108 52.992 4505400
24.158 52.992 4505400
24.158 53.000 4505400
24.175 53.000 4505400
24.175 53.017 4505400
24.183 53.017 4505400
24.183 53.025 4505400
24.233 53.025 4505400
24.233 53.017 4505400
24.242 53.017 4505400
24.242 53.008 4505400
24.283 53.008 4505400
24.283 53.000 4505400
24.292 53.000 4505400
24.292 52.983 4505400
24.300 52.983 4505400
24.300 52.975 4505400
24.317 52.975 4505400
24.317 52.967 4505400
24.325 52.967 4505400
24.325 52.883 4505400
24.333 52.883 4505400
24.333 52.875 4505400
24.350 52.875 4505400
24.350 52.883 4505400
24.433 52.883 4505400
24.433 52.875 4505400
24.442 52.875 4505400
24.442 52.850 4505400
24.442 52.842 4505400
24.425 52.842 4505400
24.425 52.833 4505400
24.400 52.833 4505400
24.400 52.825 4505400
24.383 52.825 4505400
24.383 52.783 4505400
24.375 52.783 4505400
24.375 52.767 4505400
24.367 52.767 4505400
24.367 52.758 4505400
24.350 52.758 4505400
24.350 52.750 4505400
24.342 52.750 4505400
24.342 52.742 4505400
24.333 52.742 4505400
24.333 52.733 4505400
24.325 52.733 4505400
24.325 52.725 4505400
24.317 52.725 4505400
24.317 52.717 4505400
24.308 52.717 4505400
24.308 52.708 4505400
24.300 52.708 4505400
24.300 52.683 4505400
24.317 52.683 4505400
24.317 52.667 4505400
24.325 52.667 4505400
24.325 52.650 4505400
24.333 52.650 4505400
24.333 52.642 4505400
24.342 52.642 4505400
24.342 52.633 4505400
24.358 52.633 4505400
24.358 52.608 4505400
24.367 52.608 4505400
24.367 52.600 4505400
24.392 52.600 4505400
24.392 52.608 4505400
24.417 52.608 4505400
24.417 52.617 4505400
24.458 52.617 4505400
24.458 52.608 4505400
24.467 52.608 4505400
24.467 52.592 4505400
24.475 52.592 4505400
24.475 52.583 4505400
24.508 52.583 4505400
24.508 52.575 4505400
24.517 52.575 4505400
24.517 52.567 4505400
24.525 52.567 4505400
24.525 52.558 4505400
24.533 52.558 4505400
24.533 52.542 4505400
24.550 52.542 4505400
24.550 52.525 4505400
24.558 52.525 4505400
24.558 52.517 4505400
24.567 52.517 4505400
24.567 52.483 4505400
24.575 52.483 4505400
24.575 52.475 4505400
24.608 52.475 4505400
24.608 52.467 4505400
24.617 52.467 4505400
24.617 52.450 4505400
24.625 52.450 4505400
24.625 52.442 4505400
24.633 52.442 4505400
24.633 52.433 4505400
24.650 52.433 4505400
24.650 52.425 4505400
24.692 52.425 4505400
24.692 52.417 4505400
24.717 52.417 4505400
24.717 52.408 4505400
24.733 52.408 4505400
24.733 52.392 4505400
24.742 52.392 4505400
24.742 52.383 4505400
24.758 52.383 4505400
24.758 52.375 4505400
24.775 52.375 4505400
24.775 52.367 4505400
24.808 52.367 4505400
24.808 52.350 4505400
24.842 52.350 4505400
24.842 52.342 4505400
24.850 52.342 4505400
24.850 52.333 4505400
24.858 52.333 4505400
24.858 52.300 4505400
24.867 52.300 4505400
24.867 52.283 4505400
24.858 52.283 4505400
24.858 52.258 4505400
24.850 52.258 4505400
24.850 52.250 4505400
24.842 52.250 4505400
24.842 52.242 4505400
24.850 52.242 4505400
24.850 52.233 4505400
24.858 52.233 4505400
24.858 52.200 4505400
24.850 52.200 4505400
24.850 52.175 4505400
24.858 52.175 4505400
24.858 52.167 4505400
24.867 52.167 4505400
24.867 52.158 4505400
24.875 52.158 4505400
24.875 52.150 4505400
24.883 52.150 4505400
24.883 52.133 4505400
24.875 52.133 4505400
24.875 52.125 4505400
24.867 52.125 4505400
24.867 52.108 4505400
24.883 52.108 4505400
24.883 52.100 4505400
24.875 52.100 4505400
24.875 52.092 4505400
24.883 52.092 4505400
24.883 52.075 4505400
24.892 52.075 4505400
24.892 52.067 4505400
24.900 52.067 4505400
24.900 52.050 4505400
24.883 52.050 4505400
24.883 52.042 4505400
24.867 52.042 4505400
24.867 52.017 4505400
24.883 52.017 4505400
24.883 51.967 4505400
24.867 51.967 4505400
24.867 51.958 4505400
24.842 51.958 4505400
24.842 51.950 4505400
24.833 51.950 4505400
24.833 51.942 4505400
24.817 51.942 4505400
24.817 51.933 4505400
24.800 51.933 4505400
24.800 51.925 4505400
24.783 51.925 4505400
24.783 51.908 4505400
24.792 51.908 4505400
24.792 51.892 4505400
24.800 51.892 4505400
24.800 51.883 4505400
24.792 51.883 4505400
24.792 51.867 4505400
24.750 51.867 4505400
24.750 51.850 4505400
24.742 51.850 4505400
24.742 51.842 4505400
24.725 51.842 4505400
24.725 51.825 4505400
24.683 51.825 4505400
24.683 51.817 4505400
24.650 51.817 4505400
24.650 51.808 4505400
24.625 51.808 4505400
24.625 51.800 4505400
24.608 51.800 4505400
24.608 51.792 4505400
24.592 51.792 4505400
24.592 51.783 4505400
24.575 51.783 4505400
24.575 51.775 4505400
24.567 51.775 4505400
24.567 51.767 4505400
24.550 51.767 4505400
24.550 51.758 4505400
24.542 51.758 4505400
24.542 51.742 4505400
24.550 51.742 4505400
24.550 51.733 4505400
24.542 51.733 4505400
24.542 51.725 4505400
24.533 51.725 4505400
24.533 51.717 4505400
24.525 51.717 4505400
24.525 51.708 4505400
24.500 51.708 4505400
24.500 51.700 4505400
24.467 51.700 4505400
24.467 51.692 4505400
24.458 51.692 4505400
24.458 51.683 4505400
24.442 51.683 4505400
24.442 51.675 4505400
24.425 51.675 4505400
24.425 51.667 4505400
24.408 51.667 4505400
24.408 51.658 4505400
24.392 51.658 4505400
24.392 51.650 4505400
24.367 51.650 4505400
24.367 51.633 4505400
24.350 51.633 4505400
24.350 51.625 4505400
24.342 51.625 4505400
24.342 51.617 4505400
24.333 51.617 4505400
24.333 51.608 4505400
24.317 51.608 4505400
24.317 51.625 4505400
24.292 51.625 4505400
24.292 51.617 4505400
24.283 51.617 4505400
24.283 51.592 4505400
24.275 51.592 4505400
24.275 51.583 4505400
24.250 51.583 4505400
24.250 51.592 4505400
24.233 51.592 4505400
24.233 51.583 4505400
24.225 51.583 4505400
24.225 51.575 4505400
24.183 51.575 4505400
24.183 51.567 4505400
24.142 51.567 4505400
24.142 51.558 4505400
24.117 51.558 4505400
24.117 51.550 4505400
24.058 51.550 4505400
24.058 51.558 4505400
24.025 51.558 4505400
24.025 51.550 4505400
24.008 51.550 4505400
24.008 51.533 4505400
24.017 51.533 4505400
24.017 51.508 4505400
24.008 51.508 4505400
24.008 51.492 4505400
24.000 51.492 4505400
24.000 51.483 4505400
23.975 51.483 4505400
23.975 51.467 4505400
23.967 51.467 4505400
23.967 51.458 4505400
23.900 51.458 4505400
23.900 51.467 4505400
23.867 51.467 4505400
23.867 51.458 4505400
23.817 51.458 4505400
23.817 51.450 4505400
23.808 51.450 4505400
23.808 51.442 4505400
23.792 51.442 4505400
23.792 51.433 4505400
23.775 51.433 4505400
23.775 51.425 4505400
23.758 51.425 4505400
23.758 51.417 4505400
23.750 51.417 4505400
23.750 51.400 4505400
23.742 51.400 4505400
23.742 51.383 4505400
23.733 51.383 4505400
23.733 51.350 4505400
23.725 51.350 4505400
23.725 51.342 4505400
23.717 51.342 4505400
23.717 51.325 4505400
23.750 51.325 4505400
23.750 51.317 4505400
23.800 51.317 4505400
23.800 51.308 4505400
23.808 51.308 4505400
23.808 51.292 4505400
23.817 51.292 4505400
23.817 51.308 4505400
23.825 51.308 4505400
23.825 51.325 4505400
23.833 51.325 4505400
23.833 51.333 4505400
23.842 51.333 4505400
23.842 51.342 4505400
23.858 51.342 4505400
23.858 51.333 4505400
23.867 51.333 4505400
23.867 51.317 4505400
23.883 51.317 4505400
23.883 51.300 4505400
23.892 51.300 4505400
23.892 51.292 4505400
23.917 51.292 4505400
23.917 51.283 4505400
23.958 51.283 4505400
23.958 51.292 4505400
23.983 51.292 4505400
23.983 51.300 4505400
23.992 51.300 4505400
23.992 51.308 4505400
24.042 51.308 4505400
24.042 51.275 4505400
24.067 51.275 4505400
24.067 51.283 4505400
24.083 51.283 4505400
24.083 51.275 4505400
24.092 51.275 4505400
24.092 51.258 4505400
24.100 51.258 4505400
24.100 51.250 4505400
24.117 51.250 4505400
24.117 51.242 4505400
24.125 51.242 4505400
24.125 51.233 4505400
24.133 51.233 4505400
24.133 51.225 4505400
24.150 51.225 4505400
24.150 51.200 4505400
24.167 51.200 4505400
24.167 51.183 4505400
24.175 51.183 4505400
24.175 51.158 4505400
24.208 51.158 4505400
24.208 51.150 4505400
24.225 51.150 4505400
24.225 51.142 4505400
24.233 51.142 4505400
24.233 51.133 4505400
24.258 51.133 4505400
24.258 51.142 4505400
24.292 51.142 4505400
24.292 51.150 4505400
24.308 51.150 4505400
24.308 51.117 4505400
24.317 51.117 4505400
24.317 51.100 4505400
24.300 51.100 4505400
24.300 51.092 4505400
24.292 51.092 4505400
24.292 51.067 4505400
24.283 51.067 4505400
24.283 51.042 4505400
24.267 51.042 4505400
24.267 50.942 4505400
24.275 50.942 4505400
24.275 50.933 4505400
24.300 50.933 4505400
24.300 50.917 4505400
24.308 50.917 4505400
24.308 50.908 4505400
24.317 50.908 4505400
24.317 50.900 4505400
24.350 50.900 4505400
24.350 50.892 4505400
24.358 50.892 4505400
24.358 50.883 4505400
24.450 50.883 4505400
24.450 50.875 4505400
24.467 50.875 4505400
24.467 50.867 4505400
24.500 50.867 4505400
24.500 50.858 4505400
24.517 50.858 4505400
24.517 50.850 4505400
24.533 50.850 4505400
24.533 50.858 4505400
24.567 50.858 4505400
24.567 50.850 4505400
24.575 50.850 4505400
24.575 50.842 4505400
24.600 50.842 4505400
24.600 50.833 4505400
24.608 50.833 4505400
24.608 50.825 4505400
24.675 50.825 4505400
24.675 50.817 4505400
24.683 50.817 4505400
24.683 50.808 4505400
24.708 50.808 4505400
24.708 50.792 4505400
24.717 50.792 4505400
24.717 50.783 4505400
24.725 50.783 4505400
24.725 50.775 4505400
24.733 50.775 4505400
24.733 50.758 4505400
24.775 50.758 4505400
24.775 50.750 4505400
24.808 50.750 4505400
24.808 50.733 4505400
24.825 50.733 4505400
24.825 50.725 4505400
24.842 50.725 4505400
24.842 50.700 4505400
24.825 50.700 4505400
24.825 50.692 4505400
24.817 50.692 4505400
24.817 50.683 4505400
24.800 50.683 4505400
24.800 50.675 4505400
24.792 50.675 4505400
24.792 50.650 4505400
24.808 50.650 4505400
24.808 50.642 4505400
24.833 50.642 4505400
24.833 50.633 4505400
24.842 50.633 4505400
24.842 50.617 4505400
24.833 50.617 4505400
24.833 50.608 4505400
24.825 50.608 4505400
24.825 50.550 4505400
24.808 50.550 4505400
24.808 50.542 4505400
24.758 50.542 4505400
24.758 50.550 4505400
24.725 50.550 4505400
24.725 50.558 4505400
24.692 50.558 4505400
24.692 50.550 4505400
24.667 50.550 4505400
24.667 50.542 4505400
24.650 50.542 4505400
24.650 50.525 4505400
24.642 50.525 4505400
24.642 50.517 4505400
24.650 50.517 4505400
24.650 50.500 4505400
24.658 50.500 4505400
24.658 50.492 4505400
24.642 50.492 4505400
24.642 50.483 4505400
24.625 50.483 4505400
24.625 50.475 4505400
24.617 50.475 4505400
24.617 50.467 4505400
24.608 50.467 4505400
24.608 50.458 4505400
24.600 50.458 4505400
24.600 50.442 4505400
24.592 50.442 4505400
24.592 50.425 4505400
24.617 50.425 4505400
24.617 50.392 4505400
24.592 50.392 4505400
24.592 50.358 4505400
24.583 50.358 4505400
24.583 50.350 4505400
24.592 50.350 4505400
24.592 50.342 4505400
24.600 50.342 4505400
24.600 50.333 4505400
24.608 50.333 4505400
24.608 50.325 4505400
24.617 50.325 4505400
24.617 50.317 4505400
24.633 50.317 4505400
24.633 50.292 4505400
24.625 50.292 4505400
24.625 50.283 4505400
24.617 50.283 4505400
24.617 50.250 4505400
24.575 50.250 4505400
24.575 50.242 4505400
24.567 50.242 4505400
24.567 50.233 4505400
24.575 50.233 4505400
24.575 50.225 4505400
24.567 50.225 4505400
24.567 50.192 4505400
24.550 50.192 4505400
24.550 50.167 4505400
24.558 50.167 4505400
24.558 50.158 4505400
24.567 50.158 4505400
24.567 50.150 4505400
24.575 50.150 4505400
24.575 50.133 4505400
24.592 50.133 4505400
24.592 50.108 4505400
24.600 50.108 4505400
24.600 50.067 4505400
24.608 50.067 4505400
24.608 50.058 4505400
24.625 50.058 4505400
24.625 50.050 4505400
24.633 50.050 4505400
24.633 50.042 4505400
24.700 50.042 4505400
24.700 50.050 4505400
24.742 50.050 4505400
24.742 50.033 4505400
24.750 50.033 4505400
24.750 50.025 4505400
24.775 50.025 4505400
24.775 50.017 4505400
24.783 50.017 4505400
24.783 50.008 4505400
24.800 50.008 4505400
24.800 50.000 4505400
24.808 50.000 4505400
24.808 49.983 4505400
24.817 49.983 4505400
24.817 49.975 4505400
24.825 49.975 4505400
24.825 49.967 4505400
24.833 49.967 4505400
24.833 49.958 4505400
24.850 49.958 4505400
24.850 49.950 4505400
24.858 49.950 4505400
24.858 49.933 4505400
24.892 49.933 4505400
24.892 49.925 4505400
24.908 49.925 4505400
24.908 49.933 4505400
25.000 49.933 4505400
25.000 49.925 4505400
25.008 49.925 4505400
25.008 49.917 4505400
25.017 49.917 4505400
25.017 49.908 4505400
25.042 49.908 4505400
25.042 49.900 4505400
25.058 49.900 4505400
25.058 49.892 4505400
25.067 49.892 4505400
25.067 49.883 4505400
25.083 49.883 4505400
25.083 49.875 4505400
25.108 49.875 4505400
25.108 49.867 4505400
25.117 49.867 4505400
25.117 49.850 4505400
25.125 49.850 4505400
25.125 49.842 4505400
25.150 49.842 4505400
25.150 49.833 4505400
25.158 49.833 4505400
25.158 49.825 4505400
25.125 49.825 4505400
25.125 49.817 4505400
25.108 49.817 4505400
25.108 49.808 4505400
25.092 49.808 4505400
25.092 49.800 4505400
25.100 49.800 4505400
25.100 49.783 4505400
25.083 49.783 4505400
25.083 49.775 4505400
25.075 49.775 4505400
25.075 49.742 4505400
25.067 49.742 4505400
25.067 49.733 4505400
25.050 49.733 4505400
25.050 49.742 4505400
25.025 49.742 4505400
25.025 49.750 4505400
25.000 49.750 4505400
25.000 49.742 4505400
24.983 49.742 4505400
24.983 49.733 4505400
24.975 49.733 4505400
24.975 49.742 4505400
24.958 49.742 4505400
24.958 49.750 4505400
24.950 49.750 4505400
24.950 49.758 4505400
24.900 49.758 4505400
24.900 49.767 4505400
24.883 49.767 4505400
24.883 49.783 4505400
24.875 49.783 4505400
24.875 49.792 4505400
24.867 49.792 4505400
24.867 49.800 4505400
24.825 49.800 4505400
24.825 49.792 4505400
24.817 49.792 4505400
24.817 49.783 4505400
24.758 49.783 4505400
24.758 49.775 4505400
24.725 49.775 4505400
24.725 49.767 4505400
24.717 49.767 4505400
24.717 49.758 4505400
24.642 49.758 4505400
24.642 49.750 4505400
24.625 49.750 4505400
24.625 49.742 4505400
24.600 49.742 4505400
24.600 49.733 4505400
24.592 49.733 4505400
24.592 49.725 4505400
24.533 49.725 4505400
24.533 49.717 4505400
24.508 49.717 4505400
24.508 49.708 4505400
24.492 49.708 4505400
24.492 49.700 4505400
24.467 49.700 4505400
24.467 49.692 4505400
24.450 49.692 4505400
24.450 49.683 4505400
24.417 49.683 4505400
24.417 49.692 4505400
24.367 49.692 4505400
24.367 49.683 4505400
24.342 49.683 4505400
24.342 49.675 4505400
24.292 49.675 4505400
24.292 49.667 4505400
24.283 49.667 4505400
24.283 49.675 4505400
24.267 49.675 4505400
24.267 49.683 4505400
24.242 49.683 4505400
24.242 49.692 4505400
24.217 49.692 4505400
24.217 49.700 4505400
24.208 49.700 4505400
24.208 49.717 4505400
24.200 49.717 4505400
24.200 49.725 4505400
24.192 49.725 4505400
24.192 49.733 4505400
24.183 49.733 4505400
24.183 49.742 4505400
24.175 49.742 4505400
24.175 49.750 4505400
24.158 49.750 4505400
24.158 49.758 4505400
24.142 49.758 4505400
24.142 49.767 4505400
24.108 49.767 4505400
24.108 49.775 4505400
24.092 49.775 4505400
24.092 49.792 4505400
24.083 49.792 4505400
24.083 49.800 4505400
24.075 49.800 4505400
24.075 49.808 4505400
24.050 49.808 4505400
24.050 49.817 4505400
24.025 49.817 4505400
24.025 49.800 4505400
24.008 49.800 4505400
24.008 49.808 4505400
23.992 49.808 4505400
23.992 49.833 4505400
24.000 49.833 4505400
24.000 49.842 4505400
23.992 49.842 4505400
23.992 49.850 4505400
23.983 49.850 4505400
23.983 49.858 4505400
23.975 49.858 4505400
23.975 49.883 4505400
23.933 49.883 4505400
23.933 49.900 4505400
23.917 49.900 4505400
23.917 49.908 4505400
23.908 49.908 4505400
23.908 49.917 4505400
23.900 49.917 4505400
23.900 49.925 4505400
23.892 49.925 4505400
23.892 49.933 4505400
23.883 49.933 4505400
23.883 49.942 4505400
23.867 49.942 4505400
23.867 49.967 4505400
23.858 49.967 4505400
23.858 49.992 4505400
23.817 49.992 4505400
23.817 49.983 4505400
23.783 49.983 4505400
23.783 49.992 4505400
23.758 49.992 4505400
23.758 50.000 4505400
23.750 50.000 4505400
23.750 50.008 4505400
23.733 50.008 4505400
23.733 50.017 4505400
23.717 50.017 4505400
23.717 50.025 4505400
23.708 50.025 4505400
23.708 50.042 4505400
23.700 50.042 4505400
23.700 50.050 4505400
23.650 50.050 4505400
23.650 50.058 4505400
23.625 50.058 4505400
23.625 50.067 4505400
23.592 50.067 4505400
23.592 50.058 4505400
23.567 50.058 4505400
23.567 50.050 4505400
23.575 50.050 4505400
23.575 50.042 4505400
23.583 50.042 4505400
23.583 50.033 4505400
23.592 50.033 4505400
23.592 50.008 4505400
23.600 50.008 4505400
23.600 50.000 4505400
23.608 50.000 4505400
23.608 49.983 4505400
23.617 49.983 4505400
23.617 49.975 4505400
23.608 49.975 4505400
23.608 49.933 4505400
23.600 49.933 4505400
23.600 49.925 4505400
23.608 49.925 4505400
23.608 49.908 4505400
23.600 49.908 4505400
23.600 49.883 4505400
23.608 49.883 4505400
23.608 49.875 4505400
23.617 49.875 4505400
23.617 49.858 4505400
23.625 49.858 4505400
23.625 49.842 4505400
23.600 49.842 4505400
23.600 49.825 4505400
23.592 49.825 4505400
23.592 49.817 4505400
23.600 49.817 4505400
23.600 49.808 4505400
23.608 49.808 4505400
23.608 49.792 4505400
23.617 49.792 4505400
23.617 49.783 4505400
23.625 49.783 4505400
23.625 49.775 4505400
23.633 49.775 4505400
23.633 49.758 4505400
23.642 49.758 4505400
23.642 49.750 4505400
23.658 49.750 4505400
23.658 49.742 4505400
23.667 49.742 4505400
23.667 49.717 4505400
23.608 49.717 4505400
23.608 49.708 4505400
23.600 49.708 4505400
23.600 49.700 4505400
23.558 49.700 4505400
23.558 49.683 4505400
23.533 49.683 4505400
23.533 49.675 4505400
23.525 49.675 4505400
23.525 49.667 4505400
23.450 49.667 4505400
23.450 49.675 4505400
23.442 49.675 4505400
23.442 49.683 4505400
23.383 49.683 4505400
23.383 49.692 4505400
23.317 49.692 4505400
23.317 49.700 4505400
23.308 49.700 4505400
23.308 49.708 4505400
23.283 49.708 4505400
23.283 49.700 4505400
23.275 49.700 4505400
23.275 49.692 4505400
23.208 49.692 4505400
23.208 49.650 4505400
23.183 49.650 4505400
23.183 49.642 4505400
23.142 49.642 4505400
23.142 49.650 4505400
23.092 49.650 4505400
23.092 49.642 4505400
23.075 49.642 4505400
23.075 49.650 4505400
23.033 49.650 4505400
23.033 49.642 4505400
23.000 49.642 4505400
23.000 49.633 4505400
22.983 49.633 4505400
22.983 49.625 4505400
22.925 49.625 4505400
22.925 49.617 4505400
22.917 49.617 4505400
22.917 49.608 4505400
22.900 49.608 4505400
22.900 49.583 4505400
22.892 49.583 4505400
22.892 49.575 4505400
22.883 49.575 4505400
22.883 49.567 4505400
22.875 49.567 4505400
22.875 49.542 4505400
22.792 49.542 4505400
22.792 49.533 4505400
22.708 49.533 4505400
22.708 49.525 4505400
22.642 49.525 4505400
22.642 49.517 4505400
22.633 49.517 4505400
22.633 49.525 4505400
22.608 49.525 4505400
22.608 49.517 4505400
22.575 49.517 4505400
22.575 49.508 4505400
22.567 49.508 4505400
22.567 49.483 4505400
22.550 49.483 4505400
22.550 49.475 4505400
22.542 49.475 4505400
22.542 49.458 4505400
22.550 49.458 4505400
22.550 49.442 4505400
22.558 49.442 4505400
22.558 49.425 4505400
22.550 49.425 4505400
22.550 49.400 4505400
22.558 49.400 4505400
22.558 49.392 4505400
22.583 49.392 4505400
22.583 49.383 4505400
22.600 49.383 4505400
22.600 49.375 4505400
22.608 49.375 4505400
22.608 49.367 4505400
22.625 49.367 4505400
22.625 49.358 4505400
22.658 49.358 4505400
22.658 49.350 4505400
22.692 49.350 4505400
22.692 49.358 4505400
22.700 49.358 4505400
22.700 49.350 4505400
22.708 49.350 4505400
22.708 49.342 4505400
22.717 49.342 4505400
22.717 49.333 4505400
22.700 49.333 4505400
22.700 49.317 4505400
22.692 49.317 4505400
22.692 49.275 4505400
22.700 49.275 4505400
22.700 49.267 4505400
22.733 49.267 4505400
22.733 49.258 4505400
22.742 49.258 4505400
22.742 49.250 4505400
22.750 49.250 4505400
22.750 49.242 4505400
22.767 49.242 4505400
22.767 49.233 4505400
22.792 49.233 4505400
22.792 49.225 4505400
22.808 49.225 4505400
22.808 49.217 4505400
22.825 49.217 4505400
22.825 49.208 4505400
22.842 49.208 4505400
22.842 49.200 4505400
22.850 49.200 4505400
22.850 49.192 4505400
22.883 49.192 4505400
22.883 49.167 4505400
22.875 49.167 4505400
22.875 49.158 4505400
22.867 49.158 4505400
22.867 49.150 4505400
22.842 49.150 4505400
22.842 49.142 4505400
22.850 49.142 4505400
22.850 49.133 4505400
22.858 49.133 4505400
22.858 49.125 4505400
22.875 49.125 4505400
22.875 49.117 4505400
22.892 49.117 4505400
22.892 49.108 4505400
22.900 49.108 4505400
22.900 49.100 4505400
22.908 49.100 4505400
22.908 49.092 4505400
22.900 49.092 4505400
22.900 49.075 4505400
22.892 49.075 4505400
22.892 49.058 4505400
22.900 49.058 4505400
22.900 49.042 4505400
22.908 49.042 4505400
22.908 49.008 4505400
